Request Mix Accuracy
===================================
Domain Marker;max-jOPS;11564.0
Domain Marker;critical-jOPS;4091.0
Domain Marker;Validation Start jOPS;1230.2
Range Marker;Main Tx Limit;-5.0
Range Marker;Main Tx Limit;5.0
Range Marker;Minor Tx Limit;-1.0
Range Marker;Minor Tx Limit;1.0
jOPS;In-store Purchase [50%];Online Purchase [35%];Installment Purchase [10%];Associativity of Category [0.1%];Associativity of Product [1%];Business Report [0.25%];Customer Buying Behavior [1%];Product Return [2.65%]
123.0;0.0741339803208021;-0.049198005121979804;0.0417846070899035;-0.00564766140989352;-0.016039897560318095;0.006099204744574704;-0.016039897560318095;-0.03509233050276306
246.0;0.07451564828614465;-0.011516054735132286;-0.06232217856658906;0.0016122476629183008;0.01612247662918298;-0.006130605608996087;-0.017748272591789793;0.00546673892426508
369.0;0.04963898916967935;-0.05415162454873723;-0.013537906137184308;0.0037906137184115507;0.0018050541516245744;0.011732851985559567;-0.0027075812274368616;0.0034296028880866913
492.0;0.025415974787357243;0.0096580704191922;-0.02338269680436511;0.008441492426039504;-0.0036937883357620604;7.709512352163661E-4;-0.007082584974075656;-0.010127418753600459
615.0;-0.028399102047437452;0.017445162686286153;0.010007302626240389;-0.0026316501230627815;7.302626240770493E-4;0.004239580234224993;0.008844291780488511;-0.010235847780812879
738.0;-0.04153290079248961;0.04927822553487715;0.008306580158500054;0.0032709965651168543;-0.007700424309094456;-8.025952450441132E-4;0.0012796623487416614;-0.012099544260602002
861.0;0.034758428919012374;-0.031089483644230143;-0.0069516857838021195;0.002344262928204527;-0.0016606804927973284;-8.979260804078404E-4;-0.0035917043216313616;0.007088788475650087
984.0;0.01691303318337134;-0.0035517369685038602;0.0023678246456722007;0.001478199100226632;-0.003822345499441937;-0.0013784122044447622;0.0012515644555695093;-0.013258126712444529
1107.0;-0.009027715085316856;0.023020673467549102;-0.021365592368571384;8.094851193162916E-4;-0.003942102253919555;0.0012714032078480764;0.0050856128313923055;0.004148235081701035
1230.0;-0.028439099699355097;0.027491129709382278;0.006500365645567996;2.1397036916658008E-4;-0.0032772676796404276;0.0032434116085696685;7.854608488393477E-4;-0.006517970802524253
1353.0;-0.011621790245037289;-0.0025078600002501616;0.0020796887806913134;-9.08946331796015E-4;0.0031440000978675275;-0.0016606926586986148;0.0031440000978675275;0.008331600259349425
1476.0;0.005081128688054548;-0.022639251154544127;0.01208179488047989;-6.357056558608104E-4;0.0026760611090410613;-4.60124431195863E-4;-7.113580163274902E-4;0.004607454580355164
1599.0;0.013534899217063412;-0.006038647342997194;0.005413959686823233;-0.0010911211061136183;-0.0025820423121772906;-0.0022072297184740908;-4.997501249375258E-4;-0.006530068299183789
1722.0;0.026544657766969237;-0.015106323420106094;-0.010521337078543525;3.8706937325648505E-4;-0.002886128244481201;2.413150706093159E-6;0.006766474579870341;-0.0051868261276655225
1845.0;0.004941377296617588;-0.015947172184539227;0.0220115897758415;6.244104038452825E-4;8.535106239611068E-4;-0.0029311351691298504;-0.006333947262027628;-0.003218633484569189
1968.0;-0.03378720816299108;0.038179545224181766;0.0010136162448901587;-3.2773591918100475E-4;1.0136162448892705E-4;-0.0016640200020272555;-0.0015879987836605602;-0.0019275602256985103
2091.0;0.01194096387460064;-0.0034230763107174766;-0.023722714897546737;0.0018962250632870992;0.0030409654667324926;0.002352369883297012;0.0054291582416532425;0.002486108678692478
2214.0;-0.016924546610205482;0.0037234002542447797;0.008048562165740236;0.001547279661208198;0.002685361395485364;-0.0010211143121488242;0.00343756346704982;-0.0014965060213771864
2337.0;-0.02100406553268641;0.020541264088741684;-0.0034888108850914534;-3.1968899742967904E-4;-0.003908892195743641;-0.0015112247150211033;0.0024991277972787884;0.007192290439946181
2460.0;-0.015157945795188255;0.01552847335906904;-0.0011452670156373301;-2.94400991666513E-4;0.0044665413609814575;-6.231599938019694E-5;-2.4926399752078776E-4;-0.0030858209206598985
2583.0;0.007740836784449812;0.004709009043878609;-7.740836784453364E-4;-6.59261266142866E-4;5.031543909896907E-4;-0.0016481531653571857;0.002438363587103698;-0.012309865696481737
2706.0;-0.0049162999926224416;0.009586784985621932;-0.0045475774931791335;7.841498488237592E-4;0.0010815859983777099;7.312996239030589E-4;0.001696123497455737;-0.004416066468375668
2829.0;0.012619666723402645;-0.015349036503117475;0.010037037254429393;-2.1658869864822627E-4;-4.050032576349283E-4;-0.0011284329895696887;-0.005100693201227857;-4.5694932763584717E-4
2952.0;-0.00703658461070944;0.017985510264971083;-0.001857658337227619;-3.6196191237482245E-4;0.0025725753336747204;-0.0011863681653653535;-8.049852794650425E-4;-0.009310527293504123
3075.0;-0.011364005324850268;0.009253547193090128;0.00411268764137418;6.526185915126936E-4;0.0011147548080565617;-0.0010741690747534949;3.2468586642409036E-5;-0.0027279024210744574
3199.0;-0.014841662891157625;0.014346940794780494;0.0011977482333218603;-5.348206241830578E-4;-1.4060522738990056E-4;-3.515130684747514E-5;0.0029839553812744946;-0.0029764043598037304
3322.0;0.009250416268734796;-0.022426009170416705;0.008950402768125088;-9.955447995159683E-4;-4.5502047592138606E-4;-4.887719947397617E-4;0.0025451145301538247;0.003619412873579364
3445.0;0.005321567830641527;-0.030042669298424585;0.008417752750283114;6.260098884405679E-4;-2.902673362170649E-5;1.1368804001815613E-4;4.5475216007262453E-4;0.015137925362592064
3568.0;-0.018358004322266197;0.005693305137917548;0.003950456626311549;3.880742685845734E-4;0.002486463876559819;-8.888527409197655E-4;0.003880742685845595;0.0028478144679664474
3691.0;-0.02321943038003127;0.020762228524283444;0.005094748801832694;5.423878591685055E-4;1.3525881774612003E-5;-6.729126182951073E-4;0.004071290414207507;-0.006591838482937096
3814.0;-0.013509862199406086;0.0031813546469550147;0.0038350576566053007;2.3446147946065699E-4;-0.0015776032632854875;1.503516922192194E-4;0.0027804168010390207;0.004905823186410085
3937.0;0.0023227037961390806;-6.54580160734497E-4;-0.004349790745504123;0.0021989670302753894;0.0021411105902624517;-4.149193599473078E-4;8.741812469117427E-4;-0.0021176723974103417
4060.0;0.018646547520006607;-0.018257224000358008;-0.006270157737496618;-4.151418162147008E-4;3.5653838115190517E-4;8.063094999036791E-4;-4.630900812662153E-4;0.005596218234274364
4183.0;-0.00198608154056501;-0.005243255267089353;-0.0036543900346366343;4.957259525247004E-4;-0.0010009850964440847;2.4627411102989827E-4;0.004957259525246949;0.006185452349931619
4306.0;-0.004831309980716014;0.004193577063261955;-0.0026668831093541456;-2.817619980752112E-4;-0.0028176199807520286;0.0012281189970973494;0.001047428003818629;0.00412845100471948
4429.0;-1.8737328881002213E-4;0.005827309282096849;-0.0066330144239952205;-6.921569288768498E-4;0.004320828040037972;-4.403272287115123E-5;9.48108841396067E-4;-0.0035396687989743825
4552.0;-0.0043804253392991654;0.004343921794806249;-0.0013141276017911707;1.971191402685979E-5;0.001657260920035375;-3.157556598746003E-4;0.003847473589685624;-0.0038580596175887827
4675.0;0.007283321194464065;-0.001332314852646732;-0.007283321194464065;-0.0012310589238448827;0.002256053150480497;1.1990833673813928E-4;-0.001652070417281104;0.0018394827065533192
4798.0;0.008971952296818131;-0.009731117491163843;0.0030366607773846255;-2.732994699646829E-4;7.177561837454771E-4;1.7943904593636928E-4;2.7606007067193516E-5;-0.0029289973498229926
4921.0;0.0077251719690423215;7.389294926909429E-4;-0.006314488392089146;4.272355975924319E-4;-0.002109307824591622;2.2839638865002065E-4;0.0012494625967325312;-0.0019453998280307694
5044.0;-3.2913358873543075E-4;-0.011782982476930215;0.015205971799833407;-2.725226114775464E-4;0.001224376950116568;-0.0021624076780283608;-0.0017378253485523798;-1.4547704622325242E-4
5167.0;0.013012758929811241;-0.01238621868503742;-0.005558536530509528;8.890445421918663E-4;-0.003319056783824381;2.947952177307922E-4;0.0031069970086718968;0.003960216300970654
5290.0;0.018667662275319685;-0.011781020477954485;-0.004800256013654192;8.376917357159896E-5;0.0017789184050600593;-8.886748469722483E-4;-7.310193798570896E-4;-0.0023293791355145643
5413.0;-0.028020297107019587;0.027208780305556957;0.007380209401958382;-4.7435453791008775E-4;-7.625195606172364E-4;-4.203044566052916E-4;-0.0025999160922249853;-0.0023115979531400654
5536.0;-0.00868169897854898;0.00161659222359134;-0.001676466009651989;5.879605790992531E-4;7.903339759787187E-4;0.0020686393083380605;-0.0013052485360858235;0.006599887437282348
5659.0;0.005991646767576242;-5.991646767569137E-4;-0.003010437156392598;-6.26346293801136E-4;-7.102293485472533E-4;0.0010646133341906672;-0.0010025048006243598;-0.0011075778256457447
5782.0;-0.0038717115546234027;0.010597017921725183;0.0030686898988481204;-7.69466822299919E-4;-0.0016720058046993946;-0.0022104605042402303;-0.0013852123562089202;-0.003756850778500631
5905.0;0.013444624950984974;-0.011483950478968552;0.0011203854125820811;-5.601927062920398E-6;-3.361156237745577E-4;-9.943420536664693E-4;-8.963083300654873E-4;-8.486919500305667E-4
6028.0;-0.0038421006410800373;0.004281197857203267;-0.0020308246245726025;-1.0538333186968507E-4;0.001416088521998704;8.342847106349027E-4;0.0011416527619214634;-0.0016949152542373724
6151.0;9.417944143521595E-4;-0.004803151513193882;-2.6908411838277857E-5;9.929203968453426E-5;9.92920396845287E-4;7.863983359838178E-4;-0.0014288366686309173;0.0034384914067988603
6274.0;-0.006451392052412075;0.007096531257651861;-0.0011322851357284947;6.24073435274014E-5;0.0019406840582152363;0.0017359511063478883;-4.2921506307880275E-4;-0.002822681514523584
6397.0;-0.002056597564987328;-0.004421684764722045;0.0032905561039822118;-5.120927936821396E-4;0.0028483876275089415;-8.946199407700028E-4;-0.002036031589338627;0.003782082922013874
6520.0;-0.023789518439407686;0.02120810260874606;0.005264063654676576;-0.0010457264914003478;9.31334338904577E-4;-0.0017285362866080178;-0.0023587054452689493;0.0015189860603546101
6643.0;0.022232544968112222;-0.024108027811792;-0.0067815472360859275;-1.3985388622403394E-4;-0.001398538862240284;6.4399857910441E-4;-6.533138912419023E-4;0.010204738140365599
6766.0;-0.01718401520967916;0.02638538505600252;-0.005484260173302502;4.228973955857779E-4;-0.0013771586657403967;-1.6148099399168614E-4;-8.896688725579249E-4;-0.001711698536311701
6889.0;0.056104370877406495;-0.04039753954221936;-0.010072469142595963;-2.3231276811071233E-4;7.871359496232078E-4;-2.219053475002175E-4;0.0012656380466586903;-0.007232918073263317
7012.0;0.011949950794317488;0.014293078401045989;-0.01851070809316191;-8.857022353437466E-4;-0.0022962650545947927;4.8034115937956035E-4;-0.0020619522939219204;-0.002968742677726066
7135.0;-0.003801133889759001;-0.026343009714778987;0.023935624917930554;9.028268917552207E-4;0.0011956293871420165;0.001105208474915964;0.0034993468960862195;-4.944929632948458E-4
7258.0;0.1591454208285512;-0.04150929708505657;-0.09444441925523606;-2.5073338381249866E-4;-0.0038675511101640137;-0.0013069420955507394;-0.004774362624856643;-0.012992115273879445
7381.0;-0.2212829716100302;0.12014580747598558;0.07279192244473442;8.576252613688301E-4;0.0056690483378618595;0.0018086165062113357;0.0032091062583161634;0.01680084532555126
7504.0;-0.0030904122168351478;-0.021610811144910258;0.02595946262146498;-4.445778717655502E-4;4.105833373804213E-4;3.233895641194251E-4;0.0021765331755752015;-0.0037241674650232426
7627.0;-0.10374935357822324;0.1580487825812682;-0.04370991380327638;-0.001078692865434841;-0.0028474745025502957;-0.0010873833490334106;-0.002632894660609786;-0.0029430698221344365
7750.0;-0.21087511589155383;0.22849908025925458;-0.03427644597816837;-5.286133350791977E-4;-2.1752766085958442E-4;-0.0014271292895715604;-0.0021182547945842733;0.020944006690559736
7873.0;0.10296457892018651;-0.17394374361082043;0.04774099718612668;-9.168800784091491E-5;0.004141768630054665;0.003353989482226205;0.004984876748131972;0.0108492206519335
7996.0;-0.08955559207583974;0.09559877430534414;-0.03051755019169633;-3.5510196439828E-4;0.0039379497282128195;0.001088500895555955;0.004145976655218098;0.015657042647600594
8119.0;-0.08953227036705869;-0.023066286511422618;0.10837687579284072;1.374595677161583E-4;9.667037848288818E-4;4.456218923736266E-4;0.001374595677161805;0.001297300163564774
8242.0;-0.09338403041824961;0.07041825095056709;-0.0011153358681870174;-4.309252217997439E-4;0.018808618504436048;0.0016603295310519406;0.003193916349809811;8.491761723701252E-4
8365.0;-0.10790564327756869;0.13774999457016435;-0.026280404611608077;1.0642477900567326E-4;0.011923919117168058;7.596833714738072E-4;2.7445351172161736E-4;-0.016628427460357198
8488.0;0.008447671585962269;-0.06809216213243019;0.04015590865513019;-3.1433196599067736E-6;0.00684457855941667;-1.0608703852138524E-4;0.010577270655539373;0.0021759630345608016
8611.0;-0.17364330304715736;0.0856047963409381;0.03384016317448513;0.0012114469373879777;-8.26688917732854E-4;0.0016765560294208504;0.00535416280363421;0.04678286667902842
8734.0;-0.37100738970616476;0.34007108121065954;0.05544182223609084;7.686512073910856E-5;-0.0011339507911019009;7.629434013957659E-4;-0.0076027975859785935;-0.01660857388564585
8857.0;0.3601855631289226;-0.39516037343741317;0.04139571206775372;4.605529244458284E-4;0.0031144635238729013;8.718074885048499E-4;-0.006391080444859476;-0.004476645251235034
8980.0;-0.18552276511454124;0.11081127633921284;0.04227191824080023;8.353907102256336E-4;0.006559683068266597;0.0011913647585692355;0.00602141585806959;0.01783171613940393
9103.0;0.18137043428242094;-0.09257262007477607;-0.07837215990796764;-5.967788323267276E-4;-0.00345125107851596;-6.830601092896182E-4;0.0024805867126833636;-0.008175150992234315
9226.0;0.02738370114829536;-0.1491911345949859;0.09194009428726879;8.011324661524599E-4;9.152160583119073E-4;0.0016389281600882044;0.009648888185343152;0.016863174289524885
9350.0;-0.2247581053006229;0.15072273255107405;-0.0015682847018236856;0.002555246793386423;0.0038784209311382156;0.0019828228772209022;0.013922491493377098;0.05326467535625623
9473.0;-0.18298133380071846;0.12032249583734966;0.04066251862238168;-2.716676890719555E-4;0.0021908684602576223;0.0018622381912190011;0.00429410218210502;0.01392077819647719
9596.0;-0.26412791238952593;0.17297619745458093;0.08478988728013803;-3.7929595773922298E-6;0.002720586460513541;1.6292485457447548E-4;0.00444465899569324;-9.625496963905356E-4
9719.0;-0.08064845440809876;0.17837940844188438;-0.052676711993139946;-6.356595478241994E-4;-0.006696884315406937;-0.002099582125307947;-0.01588468291886158;-0.019737433133243165
9842.0;-0.10029036772004929;-0.0931921136533802;0.1689689404797008;0.001137414744716958;0.006969502918924064;0.002250603944528584;0.008833006373181851;0.005323012912384684
9965.0;0.023565905983737423;-0.1328214573423665;0.12230872339643284;-5.552194303402036E-4;-0.007390669238303116;5.339934015463066E-4;0.0014674372662211166;-0.007108714036923036
10088.0;0.32438309143054767;-0.1703535469218309;-0.0941372313072435;-9.591157939562445E-4;-0.01717246340810319;-0.002236485113219555;-0.010075071054575724;-0.02944917783161749
10211.0;-0.24187549529781194;0.18287732172115057;0.03673914558392788;-0.0014671349138566797;-0.004785650503279393;-0.0030195947511802157;-0.006082135570202207;0.037613543731251475
10334.0;-0.13571227052951684;0.11786051307993972;0.03330382361620465;-2.8309871486804916E-4;-0.007533084932857315;-0.001113100044426718;-0.0018581393312644412;-0.0046646431432062485
10457.0;-0.39551272831870676;0.20878277961551817;0.20151173753935048;6.759672083992418E-4;-0.0044265464947184086;5.712961631270663E-4;0.006120459593780492;-0.01772296530674211
10580.0;0.08074782276202797;-0.16403698701040526;0.0854730081556081;8.76490803763369E-4;-0.0019600193359560203;0.0011809077640702048;0.006122534626749276;-0.008403757765857556
10703.0;-0.2155859018573807;0.14606950093565274;0.08938927637988847;5.24272745549878E-4;-0.01702726527582321;-2.358454091337947E-4;-0.012387683456797749;0.00925364593804634
10826.0;0.4093499818798776;-0.5202945343129173;0.051587432324097904;0.0011706695658858374;0.012667611109280719;0.0016225743748558563;0.015687631096322097;0.028208633962595542
10949.0;-0.08170540921612712;-0.00706498116762333;0.15479351021279797;-4.996221408786056E-4;-0.0098425107413459;-0.0013247786230177472;-0.011508422699413434;-0.0428477856243914
11072.0;0.24074359399814682;-0.195143053547298;-0.0031407779647754097;-4.4326451276459344E-4;-8.770474316732724E-4;-0.002145210609903525;-0.007691943015620928;-0.031302296916111416
11195.0;0.10879012461681015;0.03732044490902808;-0.1155142645728855;-6.060534877438545E-4;-0.007822318272042716;-0.001148095512150421;-0.009730916949530877;-0.011288920731492347
11318.0;0.06985355789959158;-0.041298725360348953;-0.030094615267133307;-2.2708665596747613E-4;0.018009198636979473;7.467320302348424E-4;-0.013537569446704811;-0.0034514918366475023
11441.0;-0.0954531390916813;0.08275896875500877;0.05319043888695063;-0.001255373353433356;-0.010907989756890779;-0.0013829733543110623;-0.013650896052628703;-0.013299036033011191
11564.0;0.14149517033622772;-0.2918908433226264;0.13188148638394281;2.732910749639189E-4;-0.002829903406724399;-5.291805261566362E-4;-0.011245442771479541;0.03284542223185838
11687.0;0.09567494143355759;-0.12963363978187203;0.013386617319920191;5.964919188140988E-4;-0.018642833238183387;2.1162667086638276E-4;0.0046853160619722;0.03372147961493788
11810.0;0.18709073900842554;0.09410929549058267;-0.1392565465172595;-0.0018105341374254486;-0.054926391072719905;-0.011824201049565775;-0.01910050487961834;-0.0542818568424126
11933.0;-0.5180261945320979;0.39019520232344007;0.17446731268675464;0.0026278309922086462;0.004984780362478736;0.009711245776201527;0.005333854617554312;-0.06929403222653541
12056.0;0.5880758107828967;-0.6040203470357355;-0.07791520347035785;0.0013478620119810047;0.038976967568684184;0.004337946705226192;0.01832007849617856;0.030876884941128058
