Request Mix Accuracy
===================================
Domain Marker;max-jOPS;12868.0
Domain Marker;critical-jOPS;4659.0
Domain Marker;Validation Start jOPS;1383.7
Range Marker;Main Tx Limit;-5.0
Range Marker;Main Tx Limit;5.0
Range Marker;Minor Tx Limit;-1.0
Range Marker;Minor Tx Limit;1.0
jOPS;In-store Purchase [50%];Online Purchase [35%];Installment Purchase [10%];Associativity of Category [0.1%];Associativity of Product [1%];Business Report [0.25%];Customer Buying Behavior [1%];Product Return [2.65%]
138.0;0.01806140878988316;-0.06923540036122944;-0.018061408789886713;0.020409391932570742;0.011438892233594178;0.01490066225165565;-6.020469596628164E-4;0.023088500903070575
277.0;0.10385140347754174;-0.1118627974600912;0.005340929321700827;0.012752952347041713;0.002907839297371151;0.005177734259094402;-0.014895258441635417;-0.0032728028010207133
415.0;0.0020012007204357474;0.001000600360214321;-0.006003602161296584;0.012067240344206517;0.0046027616569941365;0.002151290774464687;-0.003402041224734864;-0.012417450470282088
553.0;-0.012059816690786818;-0.0024119633381616268;0.006632899179932039;-0.0035214664737096;-0.00506512301013029;0.0032561505065122898;9.647853352630076E-4;0.012204534491075947
692.0;-0.028889209880112787;-0.005537098560353115;0.010111223458038054;0.0011122345803842304;0.0014926091771390038;3.7315229428475094E-4;0.0039000433338147733;0.017437045596802925
830.0;0.01905755381251595;-0.016349375112838516;-0.005817569058557126;-0.0017031434933499207;-9.82968565066522E-4;0.002763345302814524;-9.82968565066522E-4;0.004015125679552423
969.0;-0.004299743735273864;0.010233390089950944;0.01668300569286174;-0.0019658428357669927;-0.002459453416576496;-6.14863354144124E-4;-7.395559224669945E-4;-0.016836936518583645
1107.0;0.05716520744952902;-0.01338869332370507;-0.017149562234859417;7.912868189066252E-4;-0.011643650148930429;-2.7830429942532486E-4;-0.002617564762162572;-0.012878719499353153
1245.0;0.008679744147855217;0.018093928185137997;-0.01829422997315966;1.5089401364722088E-4;-0.0038324408775889385;0.002380252914390979;-0.014515202905711289;0.007337054495439865
1384.0;-0.021028346210691495;-0.0052270460580814415;0.007089556722462476;-2.655579721464463E-4;0.006957378546280424;-6.308503863208803E-5;0.0021508994124079805;0.01038620059840678
1522.0;-0.023293355434930163;0.01370516029078317;0.00855895385748795;7.573049046055713E-4;0.005406225284666499;-8.152674402227555E-4;-0.0021776578801964153;-0.00214136358219319
1660.0;0.02709755118426216;-0.02308309915696327;-0.00903251706142072;-0.0016459253311923022;0.0026093938177438325;9.032517061420831E-4;0.004616619831393054;-0.0014652749899637385
1799.0;-9.264234496342283E-4;0.0104685849808277;-0.020566600581794603;-8.726908895518026E-4;-0.005947638546626943;0.0010607548498267616;0.003316595949676593;0.013467417687276662
1937.0;0.041670604610402506;-0.03105963621991492;-0.00678758301901361;5.249636993186618E-4;0.004390449269260799;-8.355600615178593E-4;9.536983735576321E-4;-0.008856936652088976
2076.0;0.0140387469415586;-0.028278047410850604;0.017247603385342813;-5.254502426697838E-4;0.0011632104608720883;0.001093016726164242;0.0011632104608720883;-0.005902290321286863
2214.0;-0.01818357244112434;0.02675582802051224;-0.002746090531925205;1.9519508375576144E-4;0.0019519508375576144;-0.0013674788662357273;-0.004727728834692746;-0.0018781032678476528
2352.0;-0.030797550355764258;0.02637261495982557;0.010973839781939887;-8.814471308718902E-4;-0.0024425643385606044;-7.964883712699433E-5;3.893943148429724E-4;-0.0035346383942793658
2491.0;-0.008022999264554187;-0.011700207260815887;0.0207260814334429;9.560740790265226E-4;2.0057498161385467E-4;-0.0012870227986895577;-0.003142341378618685;0.002269840208597884
2629.0;0.013614229719550508;-0.005730640881949967;0.001709693964780712;-0.0012176820349157624;-0.001412080570911134;-5.113251394666951E-4;-0.0020453005578667804;-0.004406894499217717
2767.0;-0.0068532743753095815;0.008313319785699491;-0.009117834603671326;-4.785373324672354E-4;0.0011739956973355614;0.0014853727287355012;0.006537427817142616;-0.0010604697174660949
2906.0;-0.04215102108697977;0.04671021316373469;-0.0036129446645993823;-2.1390926347542027E-4;0.002448773606005483;3.8710121406437814E-5;-0.0015656093546593253;-0.0016542125214340508
3044.0;-0.0027361877243663457;0.010616408370545116;-0.0025172927064165407;-4.027668330268963E-4;-0.001838718150774965;-0.0015541546274406848;-0.003480430785395283;0.0019131424568779032
3183.0;-0.01230411585764557;0.0018063489237789554;0.01345599053368396;3.665055787374638E-6;-0.0036284052295110225;2.709523385673873E-4;-0.001010508238521779;0.0014060724738600427
3321.0;-0.04462494985960319;0.026574408343364553;0.011030886482149782;7.821901323706304E-4;-0.005214600882470943;0.001203369434416346;0.004813477737665384;0.0054352186121140456
3459.0;-0.022831050228312222;0.009037290715369295;0.00475646879756475;-0.0020167427701674456;-6.659056316591361E-4;-2.8538812785389167E-4;0.003139269406392531;0.00886605783866079
3598.0;-0.007870151755042798;8.796051961468265E-4;0.0062035313833863626;-2.7777006194329434E-6;-2.7777006194273923E-5;-9.328444580243012E-4;0.003675823819708768;-0.001925409479366369
3736.0;-0.004228819180141841;0.007500589808991265;-0.0070777078909767255;-2.888951208329521E-4;-0.001108395764058634;-7.222378020823594E-4;-2.1811804192317652E-4;0.0061435839910259915
3874.0;0.001288715150991493;0.0032217878774858377;0.003436573735985604;-3.3936165642854677E-4;-0.0016753296962928044;-4.188324240732011E-4;-8.161862622965144E-4;-0.004697366725374685
4013.0;-0.0032998671803454727;-0.013983187176712875;0.006022257604131553;-5.915011920770152E-4;0.0027471394276379346;0.0024398392964682936;0.0027471394276379346;0.0039181797932630325
4151.0;0.006818546446332618;-0.01724691159954972;0.00441200064174474;6.738328252847703E-4;3.208727739452133E-4;0.0014840365794962507;7.219637413764524E-4;0.002815658591368564
4289.0;0.0;-0.006125265557400894;0.002791260254003447;7.955091723913371E-4;0.0017522911594585189;-7.249523159706395E-4;0.002527641230015476;-0.0010164839424997574
4428.0;0.008837676330443855;-0.007314587430940378;0.002745320732437051;3.497463398856315E-5;0.0014779603395171925;-0.002545062747501964;0.0033583170055695444;-0.006594598863512324
4566.0;-0.005036514731806108;-0.009533402885203657;0.011512033672698152;3.705435838399773E-4;0.001906680577040687;0.0011062344857358797;0.0015469295247687587;-0.001872504227074856
4705.0;0.00613335669849846;-0.005169543503022567;-0.002979058967843784;-1.1390519582932246E-4;-0.0011390519582932246;-4.6000175238763985E-4;-7.885744326644462E-4;0.004516779111539471
4843.0;-0.0013717797470462756;-0.0031550934182007495;0.007476199621388346;1.3992153419846443E-4;-0.0013443441521029387;6.927487722571679E-4;-0.0016872890888638414;-7.503635216328242E-4
4981.0;-0.011032435359958015;-0.0017718759820581909;0.008424768820331607;6.291831317406377E-4;0.002614352864086955;7.371672717790267E-4;-0.0010631255892323832;0.001461964843306074
5120.0;0.011268512556341648;-0.00804893754024505;-3.2195750161001513E-4;-8.370895041854565E-4;0.0016097875080489654;-0.0020927237604635995;-6.439150032194751E-4;-9.336767546685998E-4
5258.0;-0.023010816649190247;0.0816336114459233;-0.05870106288057997;-1.2992501917569177E-4;0.0021445454972370825;4.578682904685105E-4;0.0015184008265110016;-0.003912621511199976
5396.0;-0.002467019039222862;0.011625827222317753;-0.005180739982360905;-8.572891161287566E-5;-0.004249440295055473;-8.310770388370303E-4;-0.0014740438759336394;0.0026622219206977604
5535.0;0.0022497727729557937;-1.3498636637621075E-4;8.999091091865807E-5;-1.1008888102302661E-4;-0.0026007373255301225;1.747323520324695E-4;0.002498747626489717;-0.002167431089459715
5673.0;0.007426932094546146;-0.007208492915289355;-0.005096914182528778;-6.829865004587127E-4;0.0013251976874570914;0.0022244389753746097;-0.0010048202245555027;0.003016645065458956
5812.0;-0.010876534163770657;0.01270837149660764;0.0035491848323871977;1.78604139952368E-4;0.0012135922330098747;4.465103498809131E-4;-0.001076204433046346;-0.006143524455028526
5950.0;0.0073461942555539395;0.015565615375443542;-0.02220491169319949;6.290005572018864E-4;4.6849314308983203E-4;0.0014338939542207774;-3.6315148961418853E-4;-0.002875134102696908
6088.0;-0.006014248300971303;-0.005549510932262081;0.008255922667700588;6.01971579943017E-4;-0.0016347820381741318;6.848041815428196E-4;0.0019190919578564447;0.001736750884368199
6227.0;0.001733541358298396;-0.012868210851969764;0.006000720086410283;1.2001440172826339E-5;3.867130722352563E-4;4.300516061927495E-4;3.867130722352563E-4;0.0039184702164263285
6365.0;-0.013984405427521551;0.010677812368491857;-0.004156113014907703;-4.1012209562198143E-4;0.0016493756681801308;-1.1043759426401789E-4;0.0029563294464527434;0.0033775606491901478
6503.0;0.0025573747014249193;-0.005396060620007859;-6.649174223714027E-4;5.048257660615757E-4;7.00720668190824E-4;-1.444916706306032E-4;-6.649174223716248E-5;0.0025090403195697775
6642.0;0.07085415560874253;-0.07390864570919575;0.008462439786486087;-0.001104623796981577;-0.001532252411044266;-0.0011341672258219637;-3.0044164922360395E-5;-0.0016068620872680128
6780.0;0.04024468770121814;-0.035903139573456144;-0.003219575016098375;1.9512575855223924E-6;0.0017268629631796983;-4.829362524146896E-4;-0.0012000234150910671;-0.0011678276649296215
6918.0;0.02010657689742601;-0.036709552670799894;-0.00353972072325881;6.532831511701503E-4;0.0038840609024601846;9.108158935868249E-4;-4.502910035709684E-4;0.015144827552993512
7057.0;-0.019539245971195385;0.030378875283787465;-0.016608359075513945;2.549406379098451E-4;-9.304402843524073E-6;0.0012188767724887195;-0.003265845398042422;0.007570062153411161
7195.0;8.027835947785888E-4;-0.004369436422983597;-0.0069498122633220305;-2.254675067605988E-4;0.0032501267251245913;0.0013859485346905953;0.001415192794214315;0.004690664544259704
7334.0;-0.04889178617992229;0.08257279443719767;-0.03014993481095196;4.708097928436683E-5;0.0022816166883963263;3.440533101549681E-4;0.0025079675503403287;-0.008711791974503669
7472.0;-0.21050177287804672;0.18854975936370266;0.027319038862541944;-3.5809496995345413E-4;-6.158881547113637E-5;-0.0029848579497963323;-0.001381349146994948;-5.811344659809592E-4
7610.0;0.043614680571288034;-0.0373003163691763;-0.0020396915292053563;6.826456969018235E-4;-0.0014191045320209872;-6.802588238357388E-4;-0.002721035295342955;-1.3691971860918528E-4
7749.0;-0.0431830619783824;-0.1363045560268148;0.14331645915994073;4.7886167738403485E-5;0.006678410179231209;5.47270488438889E-4;0.007319742782870398;0.021577849226980472
7887.0;-0.23429171003451188;0.18800224178399105;0.005857292750862442;7.117242774249688E-4;0.0018498931781500971;0.001357922725874483;0.003324751065058029;0.03318788425315322
8025.0;0.026528362727027854;-0.11273525927875738;0.06350355356672921;9.722953408791701E-4;0.0012914582784944173;0.0019166227954725001;-7.650039484075055E-4;0.019287970518557795
8164.0;-0.16205741405115504;0.08114957023058622;0.060048869022558904;-4.892945416162253E-4;0.005380427009703315;-2.160429789556939E-4;0.001754530859397807;0.01442935444947846
8302.0;0.4338887900531745;-0.42173199707445974;-0.017790428749332676;2.1941528790844766E-4;-0.0045266757595524565;-0.0013293403704362494;0.0033801814623732884;0.007890055150328923
8441.0;-0.05838133359367248;0.07038953431612072;-0.014448891926193141;-2.9288294444984597E-5;0.00517426535194776;-4.637313287122746E-4;-0.004197988870448088;0.001957434345406739
8579.0;0.02307756185076215;-0.028127588983799967;-0.007126042111238462;-3.512810460798155E-4;-0.006988928563841701;-0.0016506733047648159;0.013481544709637916;0.007685407449321335
8717.0;-0.20167840511614799;0.10515206152759049;0.08221031172280746;5.067134304708315E-4;-0.006712480501887552;-0.0011081387638624263;0.0012672585606450237;0.02036267914039236
8856.0;0.022378516624044664;-0.34451632315330016;0.29298931848954446;6.092974274108515E-4;0.007597412366481038;0.00236948999548664;0.009101850458853589;0.009470437791485153
8994.0;0.26243180651333375;-0.2729401596383241;0.015624018881792878;2.818233193098846E-4;0.002079508896087434;7.96898835401183E-4;0.01002079508896081;-0.01829469189656363
9132.0;-0.20730653654083397;0.09811060333537824;0.10829932564243272;7.098596039349231E-4;0.008728791608477726;6.878519637516511E-4;0.002208009331963856;-0.011437904945107658
9271.0;-0.3677879497551615;0.33904619970194005;0.025015967638918113;-1.1354765453125415E-4;0.005428997232276078;1.5967638918462645E-4;4.6128734653327896E-4;-0.002210630899155408
9409.0;0.04114136384504263;-0.07186495744605992;-0.010064625489988543;4.6968252286612444E-4;0.007875128014973365;7.327753646219626E-4;0.007345410883921266;0.02436522230462268
9548.0;0.10326908475379071;-0.038625772341305264;-0.06997220616201183;3.0858822627945204E-4;-0.0054473136106215625;-0.0016665853981345513;0.011096637572532098;0.0010375669594657744
9686.0;0.23211029499480418;-0.05189249987218858;-0.1682032754477749;-9.867243818061089E-4;-0.0030504950663781116;-0.0011886705635746897;8.691354658396655E-4;-0.007657765128922023
9824.0;-0.15515188111172762;0.008638185813246935;0.11774769788154771;3.035944916888744E-4;0.001023163756520562;-5.828678776899909E-4;-0.007531156175044962;0.035553263221456355
9963.0;0.37721478728835933;-0.40035654204434223;-0.004770632987671775;6.017693189712126E-4;-3.4315079385005554E-4;0.0014207279818548857;0.004845958771687586;0.02138708246499421
10101.0;0.0797004111206121;-0.19265681605405405;0.07660683030081117;-3.541335938454099E-4;0.0086701672975944;-3.9687385517159224E-4;0.015834249196076122;0.012596165587984043
10239.0;0.08364231852661419;-0.13541402947670633;0.08434734956400192;-0.0012956547655291056;0.00739321183298447;-5.15153360274051E-4;0.0022657133792458595;-0.040423755700336184
10378.0;-0.0968979852894094;0.2799808122801437;-0.18180364566677376;4.157339302846008E-4;-0.021106491845219066;3.9974416373522725E-4;0.012951710905020786;0.006060121522225792
10516.0;-0.596243889728818;0.6755584471914986;-0.011530138283648128;-0.001549157550992386;0.005259552930199751;-5.0317585879255944E-5;-0.011590987457269053;-0.059853509515094494
10654.0;0.09696585720136142;0.09205961661785977;-0.17299327033771839;1.3366608203851937E-4;0.006745115006915103;-4.3847110726508154E-4;-3.6313906680984775E-4;-0.022109374396377834
10793.0;-0.03515584733284527;0.1321536764400406;-0.10282123751659711;0.0012365319256634616;-0.008712803651900192;-4.4733315588732503E-4;-0.011020627328017119;0.024767640619542952
10931.0;0.3150427455896221;-0.15869516472965728;-0.1634730998490621;-5.286578291169713E-4;-0.010102134946946117;-0.002149318373003972;0.005397938038834482;0.014507692099326785
11070.0;0.1371757410835741;-0.4943159428694628;0.3402999278805048;-7.360649521558071E-5;0.011308634264938888;-3.5316247704447745E-5;-7.360649521557239E-4;0.006376627335519469
11208.0;0.15557201511688135;-0.12299958008678402;-0.0846533383100816;-4.1641394111884E-4;0.03199505435543304;1.9829235291368708E-4;0.0010847758129985952;0.019219194699762188
11346.0;0.4651820880352062;-0.31606971667494577;-0.06528719435428876;-5.24376580926092E-4;0.0011088139156145704;-0.003260028413356597;-0.02126959193337885;-0.05987999399392452
11485.0;-0.13183778276869873;0.15722104633936596;-0.050019326628644833;-4.211624428283878E-4;0.0025419186672241967;-4.0629027877764345E-4;0.0013923794169248271;0.02152921769543248
11623.0;-0.03956261721928911;0.23210304681694538;-0.16001981669556642;-4.91878693513581E-4;-1.061608691036442E-4;-5.927315191620319E-4;0.0020170565129693507;-0.03334689833327431
11761.0;-0.07116521365126971;0.10340885617836193;-0.06898639796492922;-6.799602719841091E-4;-0.0017062673491735625;7.052854672993658E-4;0.013715220300902997;0.024708477290798392
11900.0;-0.19354065886004435;0.1418021358420063;0.08291813905676904;-4.090888197711001E-4;-0.007573087889327312;3.005138333864732E-4;-0.011194575568608367;-0.012303377594412801
12038.0;-0.05547189653321283;-0.023799233028768185;0.11212756058549722;-6.799780865363036E-5;-0.010315295102230615;1.0530025024291234E-4;-0.026282391871096045;0.003703953508218838
12177.0;-0.40051809391402315;0.16440249488830005;0.20330026909385168;-3.4566748037460904E-4;-0.004271287876113639;-0.003172239072644467;-0.003999750185324391;0.044604274546328426
12315.0;-0.0999736171432346;0.035496325818904495;0.050395274120560885;1.7450183943421016E-4;-0.013656141647816922;3.448520618137829E-5;0.013128484512459515;0.014400687293507186
12453.0;0.4518537099809663;-0.41457462973737336;0.02036986206018021;2.0763863260570004E-4;0.004834394728789437;-8.599076198518851E-4;-0.019593679695410704;-0.042237388349909644
12592.0;-0.031056675031564396;0.06695320416476847;-0.025253383930776252;7.64175558623445E-4;-0.0025593420518714716;-7.310786640643552E-5;0.010362048289729309;-0.019136919132498598
12730.0;0.13058990069944088;-0.19452671608188865;0.10413238681773151;2.9304373716954046E-4;0.010635241512962468;-3.121098626716612E-4;-0.010912092102445148;-0.039899654720302546
12868.0;0.052274151756584786;-0.24977222943764588;0.20605966619497273;2.8366319680021845E-4;-6.461576236849176E-6;6.300036830980682E-5;2.520014732392273E-4;-0.009153791976014514
13007.0;-0.15814137079470925;0.128048122208277;-0.0052123395813925555;0.0010417931797632868;0.006453854769712608;0.00100198372535526;0.005188723803354778;0.02161923268963495
13145.0;0.6038053089880506;-0.4190366669384602;-0.15916842161496447;-1.8585113352322102E-4;0.014730319039759632;-4.287790902010591E-5;-0.023789507424204492;-0.016312303007639528
13284.0;0.4499053288014707;-0.42793118822486775;-0.02449291558339972;0.006541287644105762;0.003456801561061429;0.015484676004470121;0.0214066924141445;-0.04437068261697785
13422.0;0.1364227464420651;-0.1772584193191591;0.04363097191332166;5.699979339093969E-4;0.005396142487329891;-0.0017652921087493167;-0.006453494731468945;-5.426526172502832E-4
