IR/PR Accuracy
===================================
Domain Marker;HIGH_BOUND_IR;1.0
Domain Marker;WARMUP;69.0
Domain Marker;RT_CURVE;70.0
Domain Marker;max-jOPS;149.0
Domain Marker;VALIDATION;156.0
Domain Marker;PROFILE;170.0
Iteration;Actual IR;Actual PR;Low Bound;High Bound
1.0;0.0;0.0;-0.05000000074505806;0.05000000074505806
2.0;0.0;0.0;-0.05000000074505806;0.05000000074505806
3.0;0.0;0.0;-0.05000000074505806;0.05000000074505806
4.0;0.0;0.0;-0.05000000074505806;0.05000000074505806
5.0;0.0;0.0;-0.05000000074505806;0.05000000074505806
6.0;0.0;0.0;-0.05000000074505806;0.05000000074505806
7.0;0.0;0.0;-0.05000000074505806;0.05000000074505806
8.0;0.0;0.0;-0.05000000074505806;0.05000000074505806
9.0;0.0;0.0;-0.05000000074505806;0.05000000074505806
10.0;0.0;0.0;-0.05000000074505806;0.05000000074505806
11.0;0.0;0.0;-0.05000000074505806;0.05000000074505806
12.0;0.0;0.0;-0.05000000074505806;0.05000000074505806
15.0;0.0;0.0;-0.05000000074505806;0.05000000074505806
16.0;0.0;0.0;-0.05000000074505806;0.05000000074505806
17.0;0.0;0.0;-0.05000000074505806;0.05000000074505806
18.0;0.0;0.0;-0.05000000074505806;0.05000000074505806
19.0;0.0;0.0;-0.05000000074505806;0.05000000074505806
20.0;0.0;0.0;-0.05000000074505806;0.05000000074505806
21.0;0.0;0.0;-0.05000000074505806;0.05000000074505806
22.0;0.0;0.0;-0.05000000074505806;0.05000000074505806
23.0;0.0;0.0;-0.05000000074505806;0.05000000074505806
24.0;0.0;0.0;-0.05000000074505806;0.05000000074505806
25.0;0.0;0.0;-0.05000000074505806;0.05000000074505806
26.0;0.0;0.0;-0.05000000074505806;0.05000000074505806
27.0;0.0;0.0;-0.05000000074505806;0.05000000074505806
28.0;0.0;0.0;-0.05000000074505806;0.05000000074505806
29.0;0.0;0.0;-0.05000000074505806;0.05000000074505806
30.0;0.0;0.0;-0.05000000074505806;0.05000000074505806
31.0;0.0;0.0;-0.05000000074505806;0.05000000074505806
32.0;0.0;0.0;-0.05000000074505806;0.05000000074505806
33.0;0.0;0.0;-0.05000000074505806;0.05000000074505806
34.0;0.0;0.0;-0.05000000074505806;0.05000000074505806
35.0;0.0;-0.03470201150531614;-0.05000000074505806;0.05000000074505806
36.0;0.0;0.0;-0.05000000074505806;0.05000000074505806
37.0;0.0;0.0;-0.05000000074505806;0.05000000074505806
38.0;0.0;-0.021663440795883337;-0.05000000074505806;0.05000000074505806
39.0;0.0;0.0;-0.05000000074505806;0.05000000074505806
40.0;0.014869000285542427;0.0;-0.05000000074505806;0.05000000074505806
41.0;0.0;0.0;-0.05000000074505806;0.05000000074505806
42.0;0.0;0.0;-0.05000000074505806;0.05000000074505806
43.0;-0.010448045897212564;-0.01045065140548786;-0.05000000074505806;0.05000000074505806
44.0;0.0;0.0;-0.05000000074505806;0.05000000074505806
45.0;0.008289400974167338;0.00878127497627414;-0.05000000074505806;0.05000000074505806
46.0;0.00670381546241405;0.006610178941572826;-0.05000000074505806;0.05000000074505806
47.0;0.0;-0.005717691515153672;-0.05000000074505806;0.05000000074505806
48.0;0.0;0.0;-0.05000000074505806;0.05000000074505806
49.0;-0.004985465245905654;-0.005000275711832337;-0.05000000074505806;0.05000000074505806
50.0;-0.005125059317879766;-0.00512769750540046;-0.05000000074505806;0.05000000074505806
51.0;0.0058168102448938825;0.005806633101525048;-0.05000000074505806;0.05000000074505806
52.0;-0.023319409978491256;-0.02311955692590236;-0.05000000074505806;0.05000000074505806
53.0;-0.18397572345670593;-0.27988898759071573;-0.05000000074505806;0.05000000074505806
55.0;0.0;0.0;-0.05000000074505806;0.05000000074505806
56.0;0.0;-0.02147685751917983;-0.05000000074505806;0.05000000074505806
57.0;-0.023487776141248473;-0.04535988473558412;-0.05000000074505806;0.05000000074505806
58.0;0.02843911638667478;0.014298729774675346;-0.05000000074505806;0.05000000074505806
59.0;-0.02962502054914549;-0.028820166286204166;-0.05000000074505806;0.05000000074505806
60.0;0.006423443504567061;0.006942663074460709;-0.05000000074505806;0.05000000074505806
61.0;0.0;0.0;-0.05000000074505806;0.05000000074505806
62.0;0.004534096990786897;-0.028534978776174537;-0.05000000074505806;0.05000000074505806
63.0;-0.012537687529820816;-0.012534639514478038;-0.05000000074505806;0.05000000074505806
64.0;-0.02353094329084849;-0.02192477182383241;-0.05000000074505806;0.05000000074505806
65.0;0.019997828930951932;0.02871570217746242;-0.05000000074505806;0.05000000074505806
66.0;-0.02847618477334422;-0.05096059407483339;-0.05000000074505806;0.05000000074505806
69.0;0.0;0.0;-0.009999999776482582;0.009999999776482582
70.0;0.0;0.0;-0.009999999776482582;0.009999999776482582
71.0;0.0;0.0;-0.009999999776482582;0.009999999776482582
72.0;0.0;0.0;-0.009999999776482582;0.009999999776482582
73.0;0.0;0.0;-0.009999999776482582;0.009999999776482582
74.0;0.0;0.0;-0.009999999776482582;0.009999999776482582
75.0;0.0;0.0;-0.009999999776482582;0.009999999776482582
76.0;0.0;0.0;-0.009999999776482582;0.009999999776482582
77.0;0.0;0.0;-0.009999999776482582;0.009999999776482582
78.0;0.0;0.0;-0.009999999776482582;0.009999999776482582
79.0;0.0;0.0;-0.009999999776482582;0.009999999776482582
80.0;0.0;0.0;-0.009999999776482582;0.009999999776482582
81.0;0.0;0.0;-0.009999999776482582;0.009999999776482582
82.0;0.0;0.0;-0.009999999776482582;0.009999999776482582
83.0;0.0;0.0;-0.009999999776482582;0.009999999776482582
84.0;0.0;0.0;-0.009999999776482582;0.009999999776482582
85.0;0.0;0.0;-0.009999999776482582;0.009999999776482582
86.0;0.0;0.0;-0.009999999776482582;0.009999999776482582
87.0;0.0;0.0;-0.009999999776482582;0.009999999776482582
88.0;0.0;0.0;-0.009999999776482582;0.009999999776482582
89.0;0.0;0.0;-0.009999999776482582;0.009999999776482582
90.0;0.0;0.0;-0.009999999776482582;0.009999999776482582
91.0;0.0;0.0;-0.009999999776482582;0.009999999776482582
92.0;0.0;0.0;-0.009999999776482582;0.009999999776482582
93.0;0.0;0.0;-0.009999999776482582;0.009999999776482582
94.0;0.0;0.0;-0.009999999776482582;0.009999999776482582
95.0;0.0;0.0;-0.009999999776482582;0.009999999776482582
96.0;0.0;0.0;-0.009999999776482582;0.009999999776482582
97.0;0.0;0.0;-0.009999999776482582;0.009999999776482582
98.0;0.0;0.0;-0.009999999776482582;0.009999999776482582
99.0;0.0;0.0;-0.009999999776482582;0.009999999776482582
100.0;0.0;0.0;-0.009999999776482582;0.009999999776482582
101.0;0.0;0.0;-0.009999999776482582;0.009999999776482582
102.0;0.0;0.0;-0.009999999776482582;0.009999999776482582
103.0;0.0;0.0;-0.009999999776482582;0.009999999776482582
104.0;0.0;0.0;-0.009999999776482582;0.009999999776482582
105.0;0.0;0.0;-0.009999999776482582;0.009999999776482582
106.0;0.0;0.0;-0.009999999776482582;0.009999999776482582
107.0;0.0;0.0;-0.009999999776482582;0.009999999776482582
108.0;0.0;0.0;-0.009999999776482582;0.009999999776482582
109.0;0.0;0.0;-0.009999999776482582;0.009999999776482582
110.0;0.0;0.0;-0.009999999776482582;0.009999999776482582
111.0;0.0;0.0;-0.009999999776482582;0.009999999776482582
112.0;0.0;0.0;-0.009999999776482582;0.009999999776482582
113.0;0.0;0.0;-0.009999999776482582;0.009999999776482582
114.0;0.0;0.0;-0.009999999776482582;0.009999999776482582
115.0;0.0;0.0;-0.009999999776482582;0.009999999776482582
116.0;0.0;0.0;-0.009999999776482582;0.009999999776482582
117.0;0.0;0.0;-0.009999999776482582;0.009999999776482582
118.0;0.0;0.0;-0.009999999776482582;0.009999999776482582
119.0;0.0;0.0;-0.009999999776482582;0.009999999776482582
120.0;0.0;0.0;-0.009999999776482582;0.009999999776482582
121.0;0.0;0.0;-0.009999999776482582;0.009999999776482582
122.0;0.0;0.0;-0.009999999776482582;0.009999999776482582
123.0;0.0;0.0;-0.009999999776482582;0.009999999776482582
124.0;0.0;0.0;-0.009999999776482582;0.009999999776482582
125.0;0.0;0.0;-0.009999999776482582;0.009999999776482582
126.0;0.004509606288529942;0.004543393194416189;-0.009999999776482582;0.009999999776482582
127.0;0.0;0.0;-0.009999999776482582;0.009999999776482582
128.0;0.002886301283336215;0.0028667461972663177;-0.009999999776482582;0.009999999776482582
129.0;0.0;0.0;-0.009999999776482582;0.009999999776482582
130.0;-0.0028870698014022925;-0.0028851372894654666;-0.009999999776482582;0.009999999776482582
131.0;0.0;0.0;-0.009999999776482582;0.009999999776482582
132.0;0.0045648210132348335;0.004054342124890765;-0.009999999776482582;0.009999999776482582
133.0;0.0;0.0;-0.009999999776482582;0.009999999776482582
134.0;0.0;0.0;-0.009999999776482582;0.009999999776482582
135.0;0.007436606089478364;0.007501045113013827;-0.009999999776482582;0.009999999776482582
136.0;0.0;0.0;-0.009999999776482582;0.009999999776482582
137.0;-0.006211582291585346;-0.006199156056403587;-0.009999999776482582;0.009999999776482582
138.0;0.0;0.0;-0.009999999776482582;0.009999999776482582
139.0;0.0;0.0;-0.009999999776482582;0.009999999776482582
140.0;-0.003931900880537634;-0.004685187071168444;-0.009999999776482582;0.009999999776482582
141.0;0.0;0.0;-0.009999999776482582;0.009999999776482582
142.0;-0.0035095797588951803;-0.003634234747117079;-0.009999999776482582;0.009999999776482582
143.0;-0.002214067303188276;-0.00222975851888529;-0.009999999776482582;0.009999999776482582
144.0;0.0;0.0;-0.009999999776482582;0.009999999776482582
145.0;0.0;0.0;-0.009999999776482582;0.009999999776482582
146.0;-0.00913532826826942;-0.009144700704102657;-0.009999999776482582;0.009999999776482582
147.0;0.005805565889259592;0.017002293349491247;-0.009999999776482582;0.009999999776482582
148.0;-0.007567999490791459;-0.008273787885332317;-0.009999999776482582;0.009999999776482582
149.0;0.0;-0.002092117748095708;-0.009999999776482582;0.009999999776482582
150.0;-0.012042258525439446;-0.015864893160483392;-0.009999999776482582;0.009999999776482582
151.0;0.04569480103664304;-0.010471953813362505;-0.009999999776482582;0.009999999776482582
152.0;-0.09684607061930399;-0.007356510076465962;-0.009999999776482582;0.009999999776482582
153.0;-0.011509573741477567;-0.039438255522851726;-0.009999999776482582;0.009999999776482582
154.0;0.0035012158175442613;-0.04155641750446607;-0.009999999776482582;0.009999999776482582
156.0;0.0;0.0;-0.05000000074505806;0.05000000074505806
157.0;0.0;0.0;-0.05000000074505806;0.05000000074505806
158.0;0.0;-0.019098622678114924;-0.05000000074505806;0.05000000074505806
159.0;0.0;0.0;-0.05000000074505806;0.05000000074505806
160.0;0.0;0.0;-0.05000000074505806;0.05000000074505806
161.0;0.0;0.0;-0.05000000074505806;0.05000000074505806
162.0;0.0;0.0;-0.05000000074505806;0.05000000074505806
163.0;0.002940224321157435;0.002790868993208427;-0.05000000074505806;0.05000000074505806
164.0;0.01284300105696688;0.012408182345166144;-0.05000000074505806;0.05000000074505806
165.0;-0.004120740001055618;-0.004598280286239682;-0.05000000074505806;0.05000000074505806
166.0;0.004432115162534563;0.0030115114827306117;-0.05000000074505806;0.05000000074505806
170.0;0.0;0.0;-0.05000000074505806;0.05000000074505806
