5.362
3.013
0.747
0.012
62.918
65.665
75.617
71.253
73.401
70.655
82.311
77.406
81.786
52.947
65.213
55.460
67.387
72.267
93.655
87.667
45.433
32.809
29.752
69.110
37.607
234.870
180.009
157.750
123.311
46.561
41.860
52.989
61.597
65.650
75.242
78.349
81.655
85.859
5.332
0.241
85.852
97.746
105.320
109.326
91.585
85.556
114.161
105.670
100.799
77.306
81.477
7.240
143.785
0.342
81.499
115.107
121.633
165.062
105.150
82.645
83.706
80.086
78.989
5.625
79.368
0.341
133.867
81.884
94.797
125.031
112.343
93.273
7.432
0.246
78.270
148.994
114.398
96.651
4.647
0.247
88.187
109.393
109.873
119.791
5.052
96.354
0.192
100.084
115.829
108.858
91.161
5.811
101.249
0.263
88.965
106.275
42.591
13.840
1.868
0.067
515.869
172.416
55.632
5.324
0.110
72.314
93.019
90.663
69.939
10.924
0.162
81.508
135.588
150.405
121.057
110.003
10.133
0.209
115.979
141.453
149.452
120.670
8.246
0.215
156.734
139.072
112.854
7.324
0.170
115.834
117.162
96.728
8.794
0.168
112.790
132.327
114.638
7.267
0.161
114.313
134.298
112.695
8.111
0.139
98.807
107.573
93.250
6.559
93.765
0.203
96.856
124.229
96.659
5.320
0.192
109.955
118.867
102.861
88.630
8.328
0.742
92.615
161.013
117.735
110.170
8.233
0.216
97.642
171.036
97.912
111.708
5.468
88.139
0.195
88.388
107.765
99.074
108.342
8.555
0.209
96.192
96.354
157.880
109.829
2.109
0.176
39.471
18.011
1.813
0.073
499.826
364.042
217.115
3.305
0.114
50.270
49.523
68.189
78.001
85.198
90.168
8.698
0.263
69.542
98.784
111.847
127.569
103.599
5.362
0.237
78.549
107.916
109.071
105.638
4.587
107.276
0.214
108.234
112.892
118.214
112.530
3.937
0.230
92.700
121.328
100.709
94.289
112.379
9.733
0.217
85.417
107.394
165.455
95.154
90.361
6.533
0.223
87.163
97.376
94.885
109.101
5.409
101.801
0.243
82.494
119.703
109.310
120.968
5.528
95.475
0.190
86.809
103.940
102.678
101.969
2.755
0.233
89.136
125.169
101.784
104.820
6.107
93.230
0.201
110.939
115.140
92.379
4.913
0.232
108.948
114.469
95.560
111.702
6.261
91.008
0.182
89.202
113.564
95.283
90.660
6.972
0.244
93.761
101.290
157.601
108.705
96.805
6.439
0.206
81.679
116.152
85.808
5.668
0.197
88.003
115.041
97.956
95.528
7.732
90.126
0.206
89.080
117.059
106.715
87.531
9.306
133.934
0.225
86.457
97.769
103.168
105.470
3.874
0.239
91.009
151.873
102.805
111.717
5.575
86.747
0.207
92.549
111.457
135.588
90.456
6.183
0.228
88.006
103.787
113.177
108.179
5.374
86.457
0.198
90.285
116.743
87.452
93.074
86.971
5.013
0.265
77.550
100.812
98.320
94.028
160.230
6.369
0.221
84.489
101.818
104.317
103.477
89.749
8.787
0.192
105.008
151.394
101.614
86.785
148.418
5.121
0.222
86.926
106.114
103.193
95.716
92.186
6.869
0.210
86.286
40.523
538.161
208.980
37.204
82.000
0.102
169.626
160.387
66.488
58.532
66.596
5.499
0.186
55.524
103.837
120.801
110.552
102.049
6.519
0.224
102.366
89.913
86.031
108.885
4.971
0.177
106.272
114.749
88.189
5.400
0.158
117.317
114.135
95.412
3.849
0.181
105.694
112.138
125.473
4.989
135.572
0.167
92.669
109.294
93.237
6.263
90.077
0.219
89.608
103.112
97.350
108.883
4.058
0.219
106.048
103.951
107.403
118.948
7.275
87.957
0.198
91.627
121.782
83.913
4.588
0.263
93.078
124.069
142.603
102.459
116.746
5.650
0.209
83.554
109.223
99.742
92.656
7.414
86.961
0.207
86.201
101.995
111.442
84.767
94.009
7.766
0.214
81.966
96.263
270.833
152.288
2.096
0.170
38.905
301.948
183.419
37.313
1.865
0.096
150.205
286.150
210.911
79.917
53.821
50.959
53.531
3.569
0.225
48.787
85.162
90.437
103.022
131.838
106.572
82.444
2.821
92.093
0.272
70.367
86.837
92.622
100.767
4.833
102.646
0.220
85.718
103.213
106.359
101.074
2.923
81.947
0.211
102.024
92.879
90.967
103.955
2.629
108.985
0.193
91.203
103.281
99.630
106.122
101.370
4.181
0.215
128.933
170.386
93.703
83.698
3.496
0.216
89.316
116.653
100.876
95.310
5.759
0.190
89.694
107.573
101.309
125.414
3.253
0.228
100.246
111.751
93.768
111.389
4.353
93.835
0.214
88.558
98.315
145.739
105.927
8.605
131.039
0.221
83.740
95.905
104.846
116.927
81.491
6.297
0.224
88.774
116.083
91.307
102.901
117.706
6.408
105.679
0.215
80.251
105.157
94.588
150.804
82.645
7.549
84.367
0.275
80.287
95.549
147.857
92.651
84.372
6.057
0.250
90.591
95.903
94.344
107.717
151.430
4.288
0.224
80.897
99.399
105.546
158.244
4.010
88.023
0.219
100.354
150.782
102.553
89.103
135.778
7.314
0.232
87.006
99.507
117.737
104.868
4.184
0.215
88.185
101.335
103.058
112.865
86.935
2.262
0.197
90.046
103.310
93.432
106.556
91.847
10.692
0.198
102.983
93.972
100.890
114.522
82.726
6.465
86.373
0.218
95.993
155.153
99.801
80.913
142.995
94.641
6.063
87.989
0.233
84.600
130.303
144.091
99.990
84.950
7.018
0.244
78.848
93.858
100.913
102.486
90.713
7.155
0.204
82.805
105.648
95.989
115.911
116.471
4.700
0.230
81.833
104.980
111.105
90.011
92.126
3.788
0.235
86.832
111.164
156.006
92.570
79.745
10.608
89.221
0.242
86.612
95.450
117.967
106.440
47.816
526.692
272.316
1.965
0.096
112.619
228.999
75.097
2.912
0.114
51.645
74.237
91.197
84.764
2.701
0.241
73.555
118.996
131.633
131.884
77.273
3.364
0.216
98.441
102.764
113.260
109.977
2.858
0.187
87.681
109.601
88.174
3.620
0.182
111.859
140.887
83.894
5.573
0.770
94.653
126.436
92.741
4.463
155.570
0.171
93.277
121.940
90.364
2.600
0.223
89.350
117.550
102.871
89.140
92.291
6.791
89.944
0.216
81.548
106.226
118.647
79.520
114.309
7.019
103.331
0.238
83.873
104.409
92.419
90.831
3.730
105.753
0.221
91.868
110.813
124.788
84.923
94.131
3.938
0.194
147.871
121.123
104.064
84.787
109.897
3.623
0.200
78.313
108.744
108.465
145.585
90.636
3.888
0.216
136.841
154.500
143.969
100.674
2.633
0.242
77.393
109.848
138.853
94.583
93.102
7.039
0.204
86.107
156.509
102.835
117.385
93.077
7.562
0.218
81.094
108.199
122.654
85.655
81.226
6.242
0.203
103.282
99.063
116.773
117.837
92.905
5.404
0.215
86.246
101.816
44.120
669.597
197.142
1.982
0.102
130.899
39.047
18.397
1.821
0.094
247.547
427.480
101.235
1.912
204.374
0.093
139.959
139.652
50.116
47.628
62.024
68.388
64.560
3.126
0.233
67.334
102.002
104.630
112.204
143.158
94.874
3.294
0.198
95.271
107.751
105.003
102.184
3.330
0.182
103.431
132.634
106.566
2.691
0.148
105.399
121.564
108.990
2.453
0.158
111.105
124.437
106.525
2.439
0.144
105.876
121.057
105.416
2.653
0.157
105.728
123.969
105.261
2.740
0.157
105.715
128.331
105.373
3.031
0.154
105.517
127.795
105.377
3.424
0.153
105.520
125.137
106.566
2.991
0.143
107.548
121.131
105.255
2.836
0.149
104.685
129.312
105.864
3.081
0.154
106.435
131.513
105.985
2.959
0.152
107.663
123.924
104.156
3.102
0.155
106.333
123.524
106.026
2.998
0.154
105.274
122.544
105.527
2.982
0.150
105.254
128.616
104.610
3.167
0.157
108.190
127.323
106.007
3.236
0.144
108.146
123.842
108.934
3.313
0.151
110.803
124.919
106.203
3.162
0.151
106.163
126.370
105.426
3.448
0.147
105.667
124.629
106.231
3.753
0.166
105.225
124.617
87.292
3.696
0.135
97.847
109.900
107.750
3.484
0.170
104.299
133.744
103.513
3.295
0.163
105.480
126.150
106.335
3.583
0.159
104.940
121.325
106.165
3.519
0.164
105.974
126.493
104.636
4.490
0.182
109.979
124.087
85.003
5.424
0.160
105.954
136.747
105.976
3.775
0.160
103.630
117.571
110.551
6.169
0.150
105.254
106.743
107.916
5.133
0.170
115.021
132.561
87.683
5.659
0.162
104.371
109.867
107.956
4.167
0.168
105.665
127.402
108.810
3.618
0.154
107.443
121.218
108.237
3.758
0.152
104.922
123.365
105.702
3.976
0.159
105.751
125.887
106.601
3.786
0.146
104.840
122.457
105.377
4.005
0.155
109.087
122.694
105.887
5.251
0.150
103.210
129.358
105.849
5.600
0.159
108.300
123.146
107.640
3.677
0.160
106.434
127.847
104.998
3.772
0.149
106.922
123.750
104.654
3.778
0.154
103.633
126.457
104.331
4.303
0.160
103.030
124.467
104.321
4.173
0.160
104.846
130.477
105.424
3.894
0.148
104.586
123.701
103.364
4.804
0.157
104.471
134.875
105.789
3.985
0.161
107.908
125.045
104.375
4.340
0.156
105.896
127.637
105.335
4.390
0.151
104.638
126.009
104.751
4.445
0.161
104.986
124.877
106.218
4.011
0.136
105.755
125.654
106.255
4.216
0.118
105.070
125.605
104.193
4.133
0.123
102.742
126.947
104.480
4.316
0.118
105.065
125.974
105.057
5.370
0.141
105.903
126.014
106.142
4.582
0.145
107.538
124.310
105.182
4.881
0.137
105.375
131.983
103.428
4.562
0.126
104.853
125.567
104.739
4.328
0.129
104.855
121.685
104.805
4.290
0.134
104.351
126.216
105.177
4.666
0.132
107.218
127.008
105.096
5.807
0.160
103.542
123.270
106.814
4.516
0.129
104.906
128.588
108.009
4.851
0.135
103.981
126.598
108.407
4.789
0.128
104.059
124.680
105.999
5.054
0.141
105.766
130.365
107.337
6.033
0.136
104.673
124.239
109.849
4.746
0.131
103.332
107.130
107.336
5.161
0.146
106.078
136.933
103.821
5.001
0.121
104.798
119.077
105.133
4.558
0.134
104.557
121.554
104.369
4.969
0.130
105.762
123.565
109.026
4.299
0.116
104.455
124.896
104.646
4.760
0.125
106.694
123.731
105.327
4.861
0.126
104.043
124.683
106.306
4.993
0.131
105.628
125.287
104.645
5.124
0.137
106.340
125.229
108.714
4.598
0.127
102.444
122.489
105.686
5.483
0.126
104.313
123.601
105.807
5.334
0.141
103.938
123.266
105.635
4.881
0.134
105.244
124.857
105.410
4.619
0.124
103.393
123.044
105.640
5.115
0.133
104.747
126.454
104.884
4.403
0.131
104.745
126.131
104.368
5.136
0.132
103.760
121.971
106.125
4.684
0.137
104.129
123.953
106.770
5.889
0.129
105.347
126.966
104.395
5.801
0.126
113.262
122.278
93.370
5.939
0.130
105.017
117.107
107.443
4.203
0.127
107.699
123.636
85.206
5.582
0.145
102.742
106.132
104.696
7.433
0.137
113.630
124.522
86.762
6.757
0.154
104.295
132.748
108.599
6.613
0.135
104.189
118.584
106.207
5.060
0.123
107.282
129.911
106.323
4.586
0.135
103.276
125.501
112.911
5.011
0.128
103.471
104.291
104.566
6.599
0.143
105.324
128.939
107.180
5.378
0.118
108.347
118.680
105.844
5.774
0.126
104.754
127.062
102.913
5.834
0.127
106.044
122.487
103.042
6.811
0.129
104.976
126.815
103.581
5.691
0.136
114.985
121.037
84.214
8.758
0.141
107.039
131.133
103.927
6.105
0.118
103.568
123.172
109.929
6.589
0.135
107.939
123.100
105.585
5.690
0.138
105.639
129.239
107.398
4.886
0.137
110.126
120.704
83.636
8.414
0.148
109.696
129.720
89.382
7.245
0.136
107.767
106.928
105.447
7.098
0.139
108.154
123.229
105.559
5.959
0.131
108.010
118.014
84.334
6.338
0.137
105.024
131.955
104.636
5.318
0.119
104.769
117.865
109.466
5.401
0.137
104.090
129.297
107.591
5.092
0.131
106.114
124.507
104.892
6.406
0.133
104.801
125.685
111.748
6.997
0.118
104.143
123.526
105.856
6.664
0.131
104.782
124.616
104.762
6.204
0.111
115.270
123.666
88.200
6.852
0.137
108.063
112.541
86.256
7.106
0.149
103.895
135.665
104.950
5.875
0.121
102.821
116.733
105.023
5.700
0.135
107.712
122.026
88.998
6.132
0.148
102.828
108.894
104.606
5.758
0.135
104.443
122.262
103.241
5.415
0.119
108.241
120.492
106.296
5.727
0.132
102.342
120.615
103.582
5.461
0.126
107.118
126.605
106.470
5.814
0.129
103.301
126.609
102.773
6.028
0.140
104.120
128.312
103.687
5.371
0.128
105.008
124.073
112.981
6.886
0.141
103.712
103.747
105.168
6.741
0.137
106.916
128.730
105.203
5.790
0.127
103.280
123.641
107.766
7.681
0.125
109.663
119.524
85.131
9.273
0.143
108.018
105.500
86.246
9.654
0.142
107.990
133.612
108.362
6.707
0.121
102.916
98.050
105.936
6.680
0.150
112.660
128.919
84.921
7.326
0.122
106.274
125.418
107.963
6.935
0.125
107.960
126.838
104.778
6.747
0.135
105.807
124.390
107.312
6.957
0.144
106.037
124.369
105.680
5.541
0.134
104.751
131.051
105.726
6.235
0.157
105.414
125.163
106.310
6.057
0.125
105.990
125.095
105.351
6.905
0.128
106.658
125.756
102.960
7.748
0.125
105.089
127.249
103.418
6.671
0.125
104.344
126.123
106.414
6.807
0.122
104.592
129.439
106.345
6.140
0.135
111.180
123.813
85.062
8.892
0.132
107.369
140.833
102.715
6.129
0.119
105.871
128.409
107.244
6.443
0.118
85.719
125.729
106.862
6.353
0.122
104.872
124.286
103.691
7.399
0.124
107.773
124.225
105.195
6.263
0.130
105.880
123.875
104.668
5.710
0.133
104.496
122.224
106.765
6.551
0.130
105.252
125.223
107.528
6.447
0.141
107.678
122.438
85.885
7.936
0.139
103.153
139.232
106.558
8.211
0.129
109.755
118.659
88.824
9.419
0.144
105.258
108.967
108.848
7.862
0.139
104.929
125.380
107.627
6.968
0.139
110.824
123.054
105.732
6.946
0.140
107.089
125.530
109.053
6.085
0.140
105.417
124.010
107.915
6.500
0.127
104.138
109.306
106.173
6.689
0.128
107.125
130.335
105.641
7.193
0.113
105.416
123.488
108.970
5.865
0.135
107.634
104.362
84.853
7.823
0.157
108.734
135.301
82.378
8.195
0.133
105.622
124.184
103.977
7.486
0.125
110.534
122.792
85.616
10.146
0.135
102.882
135.531
107.438
7.251
0.130
106.105
115.498
85.614
8.733
0.147
106.393
110.001
105.970
7.406
0.135
110.588
119.038
84.000
9.323
0.146
101.319
120.287
110.570
7.908
0.129
85.744
99.415
86.213
10.927
0.157
107.090
109.066
106.592
8.826
0.132
103.507
125.101
106.350
6.939
0.124
105.797
123.486
108.130
7.680
0.134
104.724
122.590
107.559
7.337
0.127
102.910
100.742
104.672
7.617
0.139
106.960
126.480
106.627
8.605
0.137
104.799
116.917
109.324
7.267
0.138
104.893
112.139
104.489
55.066
0.143
89.211
128.433
83.166
7.172
0.152
108.928
124.529
88.367
9.285
0.130
106.963
107.782
88.860
11.047
0.143
103.244
111.649
110.937
8.450
0.130
109.568
97.164
85.296
8.237
0.158
106.450
133.419
106.124
7.071
0.130
103.491
119.056
104.867
6.733
0.138
104.029
124.661
106.034
9.047
0.135
105.776
121.376
109.227
6.601
0.129
102.958
106.718
105.314
7.828
0.134
114.233
125.794
84.372
9.983
0.153
105.891
129.066
107.750
4.730
0.127
107.746
119.058
104.994
6.827
0.124
108.795
130.425
83.938
10.172
0.138
102.265
132.236
104.172
7.900
0.129
106.413
124.680
105.677
8.740
0.123
104.007
134.931
109.202
5.608
0.131
84.616
123.626
106.293
7.243
0.147
106.430
126.122
83.162
8.352
0.138
104.427
129.504
103.900
8.262
0.128
110.648
121.387
92.972
9.452
0.152
107.194
115.333
109.114
6.389
0.133
105.233
102.909
108.504
7.145
0.152
102.914
129.987
108.810
7.500
0.127
108.269
123.982
85.866
9.177
0.163
105.474
109.274
105.316
6.919
0.150
116.395
124.833
87.293
9.675
0.145
114.238
104.212
86.473
11.565
0.140
109.070
118.487
103.653
7.924
0.121
105.409
121.297
104.176
7.963
0.136
103.133
124.234
102.947
8.383
0.138
106.158
123.750
105.277
7.571
0.133
106.653
125.254
108.904
7.495
0.139
101.647
126.806
105.842
8.895
0.142
104.325
125.854
103.771
6.850
0.120
107.859
121.903
84.181
8.515
0.129
104.602
130.875
111.122
47.037
0.131
108.206
122.480
83.598
11.049
0.140
107.581
131.627
105.796
7.480
0.116
113.742
117.668
86.508
10.206
0.145
109.106
129.725
110.020
7.035
0.131
104.571
101.181
109.192
7.948
0.143
106.899
108.800
88.081
11.416
0.139
111.658
140.119
82.033
9.064
0.129
104.916
125.412
108.966
7.783
0.122
105.463
97.757
107.436
7.526
0.134
105.641
130.555
108.566
8.261
0.133
112.334
103.436
88.067
8.120
0.141
103.267
119.883
107.018
7.818
0.135
105.245
119.531
109.098
6.262
0.129
105.547
103.643
103.161
6.840
0.121
105.117
128.711
105.341
7.454
0.120
108.205
126.758
87.253
10.039
0.151
107.554
115.189
102.495
9.823
0.132
106.944
123.887
108.719
7.897
0.146
102.772
102.940
113.242
10.090
0.146
104.055
110.744
106.745
9.043
0.555
104.312
124.164
105.214
10.180
0.127
105.710
123.632
109.385
6.440
0.139
99.580
107.003
110.393
6.610
0.138
100.817
112.171
108.073
8.939
0.128
107.409
125.615
105.469
8.648
0.127
104.982
123.152
105.597
7.442
0.130
108.019
128.128
88.502
9.620
0.141
107.762
117.884
86.592
8.757
0.153
86.017
135.477
105.198
6.349
0.131
103.226
121.117
110.119
5.733
0.129
103.195
102.723
108.233
7.663
0.142
107.026
134.613
106.188
7.675
0.119
106.616
121.168
102.626
6.557
0.133
103.851
130.220
109.974
7.905
0.147
102.429
103.679
109.202
8.253
0.135
107.437
113.144
106.368
6.980
0.124
88.203
127.062
86.247
8.646
0.129
103.030
109.372
111.489
9.756
0.131
103.351
112.001
107.849
9.069
0.132
112.034
132.784
82.169
11.236
0.132
85.811
129.583
82.902
8.854
0.140
105.402
130.484
84.952
6.430
0.136
104.964
105.291
107.989
10.118
0.123
103.923
110.109
104.130
7.401
0.128
103.908
126.327
107.685
7.387
0.114
106.702
123.958
107.043
8.760
0.127
105.381
122.078
106.780
6.413
0.153
101.439
107.661
104.699
9.288
0.148
108.416
133.694
85.510
11.175
0.157
107.308
129.132
107.210
8.161
0.126
105.619
121.145
107.981
7.909
0.147
105.812
125.920
107.676
6.479
0.146
101.018
106.498
108.165
9.258
0.127
106.440
111.702
104.988
8.995
0.141
105.349
126.300
110.335
6.692
0.124
106.354
107.018
100.915
7.961
0.130
87.447
135.033
86.636
9.758
0.169
104.293
114.303
106.163
9.633
0.145
88.763
129.710
85.246
10.833
0.153
102.449
105.814
103.444
7.082
0.122
103.591
128.234
105.589
6.353
0.129
112.288
122.455
90.898
8.023
0.158
102.804
116.298
104.352
8.560
0.153
107.404
126.725
105.609
9.711
0.115
104.975
121.806
110.431
8.343
0.140
104.553
104.465
111.772
7.512
0.141
104.893
110.992
107.810
9.018
0.133
105.997
129.254
108.746
10.712
0.139
102.426
124.968
109.135
9.294
0.123
109.002
108.241
86.343
10.532
0.132
85.230
121.395
84.641
9.745
0.123
107.782
107.606
84.480
7.864
0.150
106.278
129.734
106.316
8.524
0.128
109.467
116.137
88.381
57.821
0.155
105.354
111.870
84.886
7.471
0.122
107.648
131.273
86.134
12.525
0.136
107.633
123.000
112.313
8.388
0.127
110.846
109.514
85.257
9.385
0.155
81.582
117.602
109.244
8.037
0.136
104.547
104.093
110.676
8.942
0.151
104.645
107.332
106.655
8.368
0.160
103.830
128.637
108.591
8.475
0.143
102.975
121.453
111.068
9.802
0.141
102.431
109.038
109.679
9.298
0.154
111.462
110.360
87.744
7.175
0.136
118.205
110.477
83.997
8.219
0.151
108.301
128.855
107.030
10.382
0.115
105.969
123.193
105.128
8.671
0.121
106.533
125.617
114.654
9.080
0.126
108.101
102.891
85.436
7.827
0.148
113.678
132.974
87.473
7.191
0.133
104.077
105.031
105.575
8.733
0.143
104.611
129.489
105.251
7.009
0.145
108.463
120.147
91.155
9.696
0.145
105.570
110.607
107.802
7.696
0.142
111.524
102.864
87.531
10.010
0.156
108.956
121.153
84.065
10.453
0.139
103.466
124.464
105.821
8.000
0.142
107.233
124.621
102.216
10.060
0.148
106.820
131.274
107.841
7.325
0.136
102.895
124.571
106.391
7.644
0.130
106.099
129.947
110.539
8.499
0.143
104.819
108.381
105.328
8.640
0.147
85.964
110.416
90.716
11.881
0.166
105.484
110.091
106.809
5.883
0.138
103.870
126.917
110.990
7.782
0.133
107.524
102.017
91.717
9.240
0.168
108.111
114.851
92.454
9.225
0.139
105.297
114.086
109.739
8.001
0.149
105.499
99.531
105.764
9.456
0.151
109.216
130.020
84.419
8.237
0.140
110.024
104.418
94.423
10.169
0.154
105.674
118.885
105.591
8.822
0.129
105.628
131.123
110.356
9.973
0.128
108.323
98.388
84.638
8.121
0.167
104.203
134.218
104.721
10.744
0.123
107.492
121.872
87.887
9.179
0.143
111.058
103.942
86.973
9.945
0.148
107.645
109.617
90.967
10.541
0.140
108.645
107.008
84.693
9.812
0.141
105.951
131.247
102.261
9.305
0.123
105.910
119.886
104.960
9.777
0.131
115.509
126.473
103.420
4.246
0.168
108.242
122.810
90.717
8.786
0.145
103.304
110.294
108.975
9.435
0.146
105.688
108.428
87.927
8.268
0.142
113.760
114.831
86.397
8.201
0.139
109.034
128.567
107.902
6.166
0.124
102.367
94.800
107.398
10.780
0.149
104.164
125.934
109.128
6.738
0.156
104.944
102.290
111.434
7.865
0.152
108.137
106.687
89.364
9.856
0.164
104.790
114.642
107.900
6.774
0.133
106.173
124.272
108.620
7.622
0.126
106.920
99.584
88.880
11.276
0.157
104.684
116.501
110.410
7.757
0.127
111.838
102.025
87.444
9.921
105.431
0.175
82.377
128.848
104.192
10.689
0.145
145.456
109.163
84.281
8.662
0.157
89.989
117.474
89.656
9.148
0.149
106.475
104.794
85.968
9.984
0.146
112.212
130.263
85.124
9.761
0.149
111.351
126.644
89.492
7.565
0.122
103.241
108.530
106.689
6.962
0.168
106.075
126.010
108.735
7.376
0.127
104.744
102.755
107.278
7.329
0.155
108.132
127.113
88.285
8.712
0.134
106.563
104.907
91.004
9.571
0.149
113.814
137.867
84.507
8.828
0.136
108.178
120.662
85.193
7.279
0.135
106.233
109.790
108.189
9.510
0.133
112.447
120.225
83.510
6.380
0.122
112.257
130.981
89.292
5.787
0.132
106.005
107.547
89.110
10.119
0.148
107.054
110.669
86.362
8.644
0.152
115.628
127.185
89.393
7.478
0.151
105.491
101.534
106.501
5.782
0.157
106.008
125.687
109.174
7.942
0.135
105.519
99.533
88.611
8.203
104.039
0.156
86.892
129.888
82.019
7.556
0.153
105.391
129.608
83.697
5.582
0.134
110.220
125.872
93.390
8.124
0.151
105.244
109.130
107.792
10.343
0.153
107.142
124.366
87.247
8.904
0.133
105.708
110.356
108.905
8.713
0.156
109.106
108.745
88.316
7.918
0.153
102.640
110.857
109.219
7.500
0.132
106.780
102.347
86.452
9.579
111.445
0.159
101.774
129.577
105.602
5.653
0.146
107.802
118.068
82.522
9.770
0.159
113.923
131.708
88.609
8.918
108.631
0.106
87.875
124.596
88.657
5.936
104.111
0.180
80.239
102.202
104.480
8.719
0.148
105.524
129.174
90.972
6.986
0.127
109.896
108.607
85.585
9.049
0.177
118.324
131.863
84.713
8.689
0.130
112.638
126.967
85.997
7.780
0.146
108.902
103.434
88.043
7.622
0.174
107.547
113.434
89.930
11.339
105.165
0.156
87.429
123.991
84.351
8.128
0.884
101.031
103.403
108.445
5.401
0.149
110.069
129.514
85.719
11.370
0.141
109.244
106.709
88.752
8.321
113.276
0.159
84.085
109.673
85.930
10.626
103.299
0.155
81.322
102.649
85.300
108.057
5.628
0.175
88.883
102.140
93.406
107.627
9.210
0.170
107.614
107.931
93.962
106.629
7.943
0.164
89.778
110.980
89.144
111.272
8.821
0.177
83.138
104.556
94.893
114.335
7.990
128.720
0.172
81.671
98.779
88.209
102.421
7.678
0.195
103.618
125.227
119.286
104.818
9.935
0.169
85.734
111.992
85.182
6.461
0.163
110.921
114.708
87.532
10.421
0.160
104.988
113.718
109.456
6.419
0.143
107.252
117.707
94.171
9.212
0.153
106.487
104.474
89.796
8.447
0.171
152.033
113.195
116.390
5.576
0.130
108.497
103.373
85.733
8.010
0.163
107.830
134.609
85.318
6.395
0.141
106.780
103.639
86.264
7.428
0.159
111.002
108.178
86.192
5.830
0.153
114.407
113.975
87.421
6.589
0.144
106.862
121.490
91.147
6.181
0.153
91.026
105.068
83.674
9.245
105.151
0.145
106.973
97.941
94.069
7.908
0.171
105.413
113.250
82.158
5.302
0.138
107.526
126.720
86.820
12.145
0.145
110.396
110.247
88.475
5.079
0.161
113.003
109.924
95.648
6.916
108.230
0.147
88.950
105.063
95.829
6.713
0.163
104.113
106.482
88.570
108.103
7.004
0.162
112.374
131.199
85.376
10.659
0.133
112.848
106.189
93.796
11.058
113.340
0.154
83.781
108.315
105.362
7.674
0.178
108.406
111.544
81.203
8.701
105.947
0.144
105.773
126.235
106.045
8.131
0.140
105.918
119.827
86.125
8.079
105.981
0.151
96.392
103.302
91.618
10.687
0.153
109.169
104.706
87.551
104.952
6.743
0.152
109.197
126.011
93.324
12.035
0.143
111.585
102.507
86.353
9.634
0.131
155.578
112.528
90.347
8.995
0.137
108.051
113.122
85.123
7.162
92.741
0.158
83.824
113.335
79.563
9.197
0.168
96.325
128.008
89.573
102.927
9.313
105.623
0.184
106.505
126.887
83.151
7.064
0.144
100.748
102.366
108.493
9.250
106.264
0.141
86.161
109.659
81.339
9.296
0.179
88.329
127.058
91.431
100.631
8.673
0.180
88.801
132.246
81.294
112.044
8.752
108.787
0.176
81.009
100.942
86.751
6.750
103.239
0.185
88.703
117.392
91.564
104.611
7.269
0.174
82.066
124.592
96.801
105.170
5.872
0.185
128.162
109.111
89.983
8.544
0.153
107.557
108.536
88.823
8.234
0.140
113.937
118.626
92.735
6.873
0.119
111.012
108.789
88.850
9.389
102.258
0.167
84.990
123.247
86.506
8.685
0.154
158.172
107.334
87.044
4.763
0.165
110.826
137.724
87.112
10.888
0.145
110.452
98.827
87.702
10.773
0.155
148.997
120.668
85.330
8.274
0.161
153.622
116.522
88.034
6.491
0.140
110.317
108.495
90.112
8.644
103.890
0.137
87.903
123.699
85.906
9.944
102.802
0.177
85.866
103.302
82.957
9.350
0.152
102.300
110.496
89.477
109.017
10.876
0.173
111.358
111.578
85.476
8.390
0.158
109.839
138.531
86.953
9.762
0.142
111.129
106.642
86.051
10.241
0.152
104.546
119.090
85.120
7.267
0.152
156.090
126.404
91.729
6.989
156.713
0.147
85.707
95.242
89.247
6.659
106.200
0.205
90.835
100.371
88.397
106.360
6.662
0.183
86.149
102.339
89.879
100.254
5.482
0.170
103.989
122.848
89.182
107.996
5.922
0.174
108.196
121.344
87.249
8.072
0.160
87.479
116.081
87.552
8.879
84.966
0.158
88.812
104.650
81.565
7.840
0.166
105.413
105.848
97.177
105.390
6.655
0.166
91.782
128.963
88.991
7.782
104.225
0.150
86.527
119.411
87.639
7.353
104.119
0.148
83.951
124.100
90.532
6.504
0.152
109.875
113.056
80.516
11.414
0.131
110.516
132.506
89.989
8.779
110.585
0.111
87.994
93.437
88.528
6.095
103.537
0.195
90.262
125.111
92.504
100.395
5.954
130.434
0.188
102.766
102.645
99.652
109.814
9.656
87.398
0.200
94.633
94.872
89.946
101.854
10.675
0.189
80.725
106.408
93.181
102.967
8.172
0.183
107.799
129.683
88.651
104.635
7.738
0.174
139.368
111.026
88.005
10.660
106.010
0.167
82.053
107.951
104.408
89.810
7.893
0.168
103.691
105.099
91.993
6.226
105.977
0.171
77.529
129.227
105.844
106.520
7.822
104.815
0.161
84.932
96.024
88.043
104.658
11.022
76.656
0.176
79.021
115.619
91.013
105.141
8.060
104.387
0.189
83.061
98.044
96.270
107.422
8.147
81.820
0.177
80.182
94.719
92.125
109.293
7.265
0.201
84.806
102.609
92.871
106.735
8.759
107.443
0.181
79.411
102.597
94.052
99.441
5.636
0.165
84.142
115.530
101.323
104.797
8.831
0.154
85.831
111.997
85.601
9.637
107.280
0.146
85.972
107.375
87.265
8.754
84.662
0.172
91.010
101.384
93.260
102.913
9.451
0.195
88.022
118.813
94.205
98.097
7.537
88.247
0.186
101.322
110.666
99.650
6.909
91.024
0.141
107.494
100.488
83.601
10.444
0.165
98.285
116.078
112.729
113.359
5.541
0.153
103.500
111.338
106.016
5.597
85.227
0.158
89.256
100.130
88.427
7.244
106.618
0.194
92.442
117.181
90.675
98.850
7.413
133.745
0.176
100.991
100.861
107.873
106.934
7.790
0.185
100.606
101.595
96.100
107.028
8.156
0.175
97.846
109.066
90.100
109.316
6.245
82.928
0.175
81.925
98.215
88.869
102.112
7.514
0.175
81.783
119.186
94.922
108.292
5.763
0.156
86.088
121.507
83.538
8.805
85.626
0.168
111.306
102.537
86.290
7.328
101.217
0.151
83.158
128.257
83.545
8.614
101.590
0.170
91.432
126.225
82.019
10.388
0.179
101.320
112.363
103.683
4.773
152.479
0.142
112.976
119.928
86.864
9.901
153.141
0.173
86.794
103.578
89.134
13.454
150.920
0.177
85.533
106.225
93.146
108.176
5.278
0.164
80.418
110.353
92.034
93.714
7.115
102.546
0.172
91.636
121.188
96.681
106.637
9.914
85.388
0.205
84.398
98.464
88.474
107.906
7.298
0.184
107.607
102.745
92.687
106.797
7.000
0.161
106.360
131.779
111.865
8.525
112.208
0.142
89.717
95.847
83.383
9.025
0.193
101.740
111.049
120.188
103.313
9.259
87.907
0.176
103.663
100.820
100.536
11.608
105.376
0.178
101.684
106.101
110.588
6.605
103.383
0.147
86.817
128.485
85.733
9.852
101.543
0.160
92.104
122.432
82.784
8.405
104.065
0.159
84.819
109.474
86.729
11.498
101.922
0.198
94.016
120.470
91.245
99.093
7.753
83.197
0.183
101.929
96.615
101.069
106.450
7.151
0.193
85.951
105.327
96.830
89.658
7.120
0.174
89.983
113.539
88.417
88.994
7.971
0.838
101.497
109.732
114.555
113.544
7.614
0.156
109.487
110.181
86.862
7.303
109.696
0.160
90.405
114.651
88.755
6.811
0.171
161.981
104.761
91.279
105.708
6.353
0.186
92.117
137.711
89.713
10.236
110.400
0.141
128.330
98.912
93.074
6.788
0.167
114.557
111.787
92.323
87.670
7.751
0.172
108.402
115.013
94.485
93.520
5.839
0.144
107.579
114.317
94.940
89.728
6.662
0.175
81.689
115.851
96.573
84.942
8.898
0.196
83.572
133.039
97.508
85.960
8.831
0.173
92.078
158.839
91.067
106.815
6.673
85.562
0.176
88.354
95.733
88.090
102.401
8.486
86.209
0.195
122.818
99.474
116.801
99.425
7.457
0.171
80.402
123.199
95.272
108.735
9.908
0.165
81.423
122.981
91.982
9.332
0.146
113.595
102.337
86.379
7.807
0.141
106.767
135.672
89.392
111.671
9.784
0.144
83.572
100.056
85.127
7.142
0.169
104.987
110.545
96.837
101.113
9.170
89.636
0.159
138.937
105.094
101.711
8.995
107.173
0.160
107.225
97.500
84.047
8.572
105.730
0.150
86.086
103.480
90.079
104.477
5.395
87.318
0.203
78.574
99.702
117.042
97.365
6.531
133.599
0.173
97.241
99.384
117.630
107.683
7.118
0.183
132.557
102.995
91.730
103.866
7.607
0.183
89.133
106.046
99.409
100.650
6.935
0.170
85.473
175.310
92.810
106.277
5.857
0.172
85.852
116.046
88.512
8.343
105.210
0.170
92.532
119.833
89.827
7.748
0.148
103.091
111.082
83.129
9.235
0.169
153.994
136.500
91.627
105.242
8.010
0.162
126.946
119.676
107.129
9.221
103.770
0.153
91.668
125.364
82.513
7.541
100.050
0.203
88.934
126.246
86.655
112.258
10.008
82.101
0.250
87.452
98.850
95.445
103.586
8.174
0.181
83.952
110.803
95.519
87.623
5.295
0.187
104.185
112.092
99.476
102.479
6.753
0.184
87.704
132.696
89.951
9.329
0.152
111.079
118.657
87.005
9.949
94.991
0.183
127.838
109.432
107.593
6.152
0.761
100.832
109.211
105.329
10.443
133.587
0.146
106.261
102.330
88.240
9.185
0.166
104.355
112.987
95.345
109.126
8.307
0.193
84.137
114.062
88.196
110.006
7.034
83.324
0.183
84.646
105.481
89.010
107.588
11.081
0.195
83.167
104.183
100.226
91.350
8.345
0.191
101.460
110.562
117.092
105.475
8.072
0.147
91.669
132.312
84.729
6.182
103.856
0.155
85.820
107.153
85.118
7.389
89.723
0.188
89.801
107.596
91.107
100.242
7.449
0.191
78.484
127.381
112.627
88.283
8.372
111.319
0.149
88.893
112.867
93.751
87.463
10.946
79.689
0.192
87.090
101.685
98.891
103.335
6.943
75.598
0.177
84.066
115.380
97.578
99.740
8.171
87.314
0.204
146.198
96.947
122.105
107.477
9.916
86.962
0.176
86.297
94.664
98.061
110.529
7.630
0.209
82.247
101.846
96.162
104.055
9.130
105.957
0.177
105.558
105.287
87.050
103.056
7.591
0.157
80.891
110.235
94.832
90.436
8.451
102.427
0.173
85.959
122.212
96.208
109.145
8.344
0.181
92.534
103.969
138.965
105.423
10.278
115.306
0.166
92.545
105.349
97.463
103.234
8.451
0.185
137.267
102.127
98.204
105.752
59.163
0.170
89.083
113.703
88.040
103.620
10.176
80.665
0.191
89.036
120.067
90.095
101.714
5.288
0.183
90.872
101.288
95.386
107.780
8.115
89.745
0.177
93.860
103.258
94.430
101.856
9.086
0.186
86.491
108.944
97.142
82.227
8.886
85.399
0.165
106.581
99.030
100.279
103.434
54.706
0.157
81.704
107.887
93.429
89.237
9.309
105.531
0.182
89.469
124.027
88.402
105.799
7.645
101.974
0.162
85.078
127.207
103.498
83.837
7.832
130.616
0.186
89.831
95.907
105.003
102.504
6.202
0.170
132.289
99.926
94.349
109.459
7.063
82.146
0.169
90.189
103.576
92.543
107.265
8.003
79.640
0.163
86.174
113.493
100.863
99.257
7.814
0.190
86.654
170.693
96.401
110.754
8.479
0.162
87.054
116.659
137.346
7.153
0.159
86.645
115.737
90.631
134.479
8.952
0.162
88.880
102.574
82.759
7.576
106.473
0.182
87.767
160.781
90.222
86.394
6.897
105.662
0.183
87.448
101.490
95.204
102.614
7.581
88.861
0.164
99.144
98.774
111.791
105.456
6.240
0.178
88.172
105.644
94.618
104.918
9.720
84.614
0.158
95.281
104.998
90.261
103.559
8.262
0.182
87.782
114.317
105.083
103.727
7.512
0.172
88.823
135.575
93.191
109.252
4.644
82.135
0.183
86.726
111.631
86.796
87.726
11.632
0.231
80.077
97.895
101.873
105.088
9.542
86.155
0.142
84.054
113.304
84.410
86.661
7.250
0.203
88.291
106.749
106.515
84.558
6.856
85.668
0.184
139.154
102.106
88.175
107.200
7.329
0.196
80.349
111.181
157.812
89.402
7.643
112.188
0.166
83.805
104.620
86.572
102.754
8.354
129.993
0.194
99.200
99.882
118.457
102.007
8.578
0.163
86.390
131.553
89.930
84.318
9.561
0.173
102.614
120.681
118.390
86.729
7.570
0.175
84.574
110.387
83.619
8.679
0.159
109.046
134.543
90.999
7.756
108.688
0.147
89.483
111.415
87.895
8.056
86.519
0.177
90.708
104.708
98.927
80.547
10.624
0.208
88.080
127.060
108.927
105.815
6.985
89.660
0.173
81.963
109.063
87.363
8.005
0.154
101.278
112.690
100.445
89.369
82.521
5.781
0.175
83.979
108.791
104.644
82.887
10.742
81.495
0.200
84.941
99.141
99.335
84.598
5.897
86.547
0.220
89.447
101.847
98.008
80.513
11.878
0.184
95.012
125.293
101.092
109.379
6.483
80.139
0.166
84.970
138.455
89.075
9.055
83.053
0.166
84.893
146.779
83.542
6.058
121.709
0.184
88.727
106.008
147.582
115.722
86.885
6.528
0.179
111.678
99.600
91.718
106.272
7.044
82.947
0.172
81.880
96.005
111.846
102.918
7.152
0.166
100.518
98.879
147.101
104.000
6.784
82.113
0.182
81.369
124.308
96.366
100.550
7.398
92.667
0.194
83.258
147.473
103.041
100.763
81.703
7.592
0.183
80.376
96.698
97.596
144.255
8.774
90.399
0.185
99.923
143.864
93.514
104.279
78.955
9.267
0.167
94.498
122.193
100.345
107.067
8.407
90.340
0.156
84.608
155.651
95.668
88.836
6.006
84.093
0.206
79.413
98.455
98.426
112.568
8.252
0.179
106.819
109.676
143.792
98.022
8.230
90.448
0.187
81.200
106.390
94.570
103.037
9.703
0.189
84.540
113.116
97.466
96.486
79.743
10.798
0.197
82.683
124.769
100.519
147.426
6.132
0.184
83.912
106.553
94.738
92.270
7.343
108.205
0.195
86.637
103.772
93.693
107.673
78.787
9.328
0.198
87.956
146.387
87.693
107.464
9.327
102.601
0.187
93.504
113.886
98.188
96.679
6.843
91.374
0.183
154.258
97.147
94.773
110.392
9.565
79.244
0.208
84.574
117.517
91.754
145.023
9.164
87.376
0.183
109.524
151.341
97.925
90.607
86.772
7.695
0.179
86.557
95.821
98.543
107.987
7.539
85.301
0.172
85.088
99.148
146.325
104.887
87.286
9.623
0.220
77.346
99.445
121.554
86.916
5.704
0.177
87.736
102.273
102.782
112.905
6.716
81.976
0.156
94.241
150.414
84.045
101.576
10.459
103.433
0.205
79.234
112.348
101.688
109.811
5.133
82.049
0.164
100.068
103.179
142.800
103.089
6.067
77.069
0.198
133.669
168.225
103.583
106.759
7.559
0.217
82.149
105.352
95.755
110.032
7.584
108.855
0.179
88.920
104.058
84.210
109.722
112.117
9.593
0.179
81.066
101.173
99.586
102.967
9.647
83.665
0.194
106.475
109.321
106.528
150.880
6.833
0.187
78.253
120.211
107.228
79.661
156.382
7.335
0.202
112.658
105.473
86.107
110.076
110.014
8.674
0.192
83.639
103.940
157.981
99.635
7.341
85.735
0.176
84.719
155.401
91.250
89.192
10.223
109.701
0.195
84.324
96.450
100.566
119.929
77.724
8.563
0.875
83.684
114.474
134.561
93.058
8.573
0.210
83.784
109.294
97.179
94.678
8.350
154.829
0.191
87.999
109.580
91.897
108.470
84.426
7.545
0.180
80.030
101.881
98.167
158.467
76.668
8.330
128.072
0.194
100.073
92.681
98.995
80.976
85.159
9.329
0.201
78.733
93.616
105.315
104.757
6.034
82.926
0.163
89.362
102.473
95.753
83.266
94.298
6.533
76.790
0.195
83.854
95.544
98.739
151.246
86.605
7.418
0.209
89.468
104.287
146.458
103.783
90.565
6.876
0.178
83.295
91.642
92.570
104.966
6.241
85.253
0.199
85.738
124.606
92.193
117.238
6.060
87.313
0.180
85.229
102.278
96.846
97.858
104.805
9.217
0.172
148.815
154.773
96.365
89.237
84.792
6.963
0.184
81.289
114.627
98.463
88.490
90.195
6.700
0.193
89.917
96.932
108.623
155.980
9.274
84.092
0.188
86.389
149.615
97.723
115.377
83.936
8.510
89.765
0.192
79.642
104.554
98.094
97.021
9.534
86.823
0.216
75.474
95.388
114.014
99.428
97.000
9.275
0.191
77.938
104.524
92.953
87.501
89.115
6.586
87.784
0.202
82.220
88.594
140.961
158.953
109.781
6.533
0.195
81.046
141.046
108.913
101.662
88.923
8.952
0.181
138.056
111.616
99.306
86.618
140.803
9.477
0.193
79.175
111.546
109.138
92.625
84.654
9.857
0.188
78.118
100.947
95.980
88.425
92.982
7.558
0.192
86.214
93.263
163.501
144.429
7.485
0.210
85.358
170.548
98.287
106.509
7.904
135.513
0.172
84.774
122.338
90.256
88.194
8.438
0.182
92.667
108.117
105.268
97.097
81.221
6.869
0.174
79.109
97.605
110.121
157.407
84.290
6.609
0.203
128.507
87.420
93.741
105.217
101.755
6.605
88.253
0.167
81.700
83.043
101.248
101.880
89.077
6.926
0.209
86.058
103.044
94.591
80.183
163.942
8.321
0.173
86.398
102.429
96.424
113.196
157.241
9.409
88.770
0.181
77.979
115.476
113.691
84.871
135.700
7.856
81.742
0.196
72.414
90.492
118.563
87.778
110.405
9.677
80.676
0.231
80.476
100.951
109.396
100.401
84.788
5.324
83.937
0.212
93.697
90.731
91.321
103.814
100.963
8.854
0.230
89.595
96.306
93.281
145.803
104.603
8.658
79.386
0.172
98.561
97.371
115.787
116.521
8.403
81.529
0.218
82.065
113.440
87.155
108.732
6.465
103.976
0.191
74.961
120.826
101.971
100.936
103.275
9.021
0.160
85.630
99.174
101.115
105.631
81.414
9.285
0.172
95.440
95.841
120.457
123.836
54.888
78.427
0.193
83.445
106.311
109.105
113.573
6.788
93.680
0.198
98.639
85.467
91.528
96.573
81.858
5.954
95.781
0.171
98.616
91.588
98.414
109.696
91.951
10.459
0.192
74.560
98.604
95.582
87.776
110.305
76.445
9.279
0.222
90.243
96.187
149.214
104.681
8.453
114.417
0.212
79.147
93.157
141.590
87.118
89.896
7.647
101.690
0.181
87.949
110.632
91.899
98.511
76.046
9.252
0.233
77.009
83.214
112.672
99.267
9.699
88.990
0.165
87.632
96.678
95.332
109.482
84.748
8.298
0.187
100.943
106.046
99.369
83.283
89.529
7.965
0.204
80.954
93.449
158.284
105.642
9.285
91.752
0.179
88.913
102.235
101.040
98.674
86.414
7.182
0.172
79.351
105.946
94.831
93.275
88.681
7.414
80.021
0.227
90.346
97.732
98.362
138.058
85.198
9.359
0.197
96.714
93.698
109.698
107.905
83.612
7.069
0.173
89.525
108.225
89.466
87.143
160.827
7.945
0.191
82.300
104.345
97.377
85.260
9.779
81.407
0.225
90.508
130.852
102.599
105.533
6.965
88.779
0.172
83.559
103.769
98.684
148.559
6.944
77.700
0.192
92.137
168.238
94.976
114.412
107.485
7.881
0.214
86.377
166.940
107.018
78.286
8.477
96.910
0.190
117.266
102.307
108.050
88.487
148.552
88.688
7.431
0.184
87.380
103.966
104.712
41.437
535.344
216.809
28.756
2.045
0.080
186.386
188.640
75.560
58.497
67.435
2.837
0.139
54.648
110.978
117.290
94.069
4.692
0.182
97.340
115.381
101.614
99.366
2.242
0.131
109.655
126.373
86.937
2.334
0.138
107.718
97.901
83.768
2.349
0.125
104.774
125.431
105.142
3.282
0.117
115.187
120.842
87.035
2.551
0.123
106.373
105.311
87.255
3.595
0.151
107.655
105.455
88.035
3.225
0.130
106.546
110.726
107.832
3.961
0.143
112.380
118.746
89.909
2.138
0.145
110.520
110.596
92.207
3.154
0.155
111.819
108.053
86.318
2.885
0.147
114.463
132.727
93.955
4.756
111.530
0.146
84.580
98.755
84.843
3.071
99.753
0.176
90.063
127.182
90.530
106.909
3.070
116.938
0.163
84.722
95.765
97.322
113.914
2.115
0.164
131.384
110.278
100.140
82.314
92.492
4.432
0.174
95.571
102.026
162.607
88.605
1.439
0.179
46.553
12.672
1.385
0.073
674.769
379.317
71.753
1.539
0.069
36.796
15.416
1.251
0.064
269.157
268.961
68.397
216.280
1.352
0.793
109.181
208.583
54.331
29.519
36.909
3.761
0.143
44.852
71.904
76.380
67.051
3.325
0.170
73.453
125.368
