5.515
3.265
0.868
0.013
60.429
64.610
66.650
73.085
72.903
70.293
71.083
80.283
54.345
50.339
64.803
55.374
65.640
70.129
93.739
96.094
47.904
33.802
29.246
67.593
37.280
227.948
168.200
139.123
141.451
48.449
42.140
54.993
63.605
68.477
74.421
81.906
64.138
5.939
0.228
73.293
90.256
107.062
115.143
89.570
79.990
122.343
134.826
103.193
101.711
101.884
100.872
5.596
78.405
0.322
77.420
87.829
110.253
146.495
108.038
88.474
87.512
79.002
5.374
85.775
0.336
125.105
102.465
164.121
122.860
117.703
104.787
2.282
0.259
87.001
95.980
106.203
125.102
115.239
4.004
0.222
90.035
152.215
112.459
131.595
89.088
2.778
88.658
0.162
122.109
103.410
107.708
126.463
89.307
3.209
0.238
94.335
102.373
132.657
106.032
43.855
9.480
1.935
0.069
511.323
178.523
54.443
6.951
0.098
69.956
86.706
106.764
108.095
104.476
6.942
0.202
101.763
127.967
118.298
113.039
9.682
0.185
118.365
138.680
90.978
12.474
0.160
117.891
153.661
100.127
11.400
0.133
117.927
115.715
94.239
7.176
160.449
0.191
99.199
153.053
105.555
8.134
109.167
0.201
91.191
127.295
109.092
110.888
5.550
0.193
163.082
142.809
110.113
109.522
3.846
0.204
117.704
139.440
97.528
11.370
0.169
162.563
124.504
88.913
9.687
91.234
0.162
96.675
117.342
91.940
8.888
0.216
275.702
962.995
3.828
1.936
0.112
38.846
15.555
1.935
0.092
413.393
390.403
162.291
1.962
200.552
0.094
90.877
47.036
45.448
62.464
66.995
70.522
67.786
5.248
0.313
56.264
105.268
106.947
105.955
150.515
118.002
82.392
7.702
102.197
0.252
82.081
89.814
109.824
102.457
4.731
91.735
0.203
84.375
102.167
106.188
82.157
9.358
83.568
0.249
86.124
97.641
112.838
110.471
8.181
80.851
0.195
129.941
100.677
95.836
103.487
55.434
91.905
0.192
84.222
92.054
106.766
98.977
9.968
0.210
92.894
127.495
100.040
108.872
5.026
83.862
0.188
88.543
133.391
85.867
5.057
0.211
108.968
105.208
94.012
106.237
4.225
0.180
92.168
128.254
90.428
110.259
8.142
87.100
0.205
93.995
116.911
102.637
110.975
7.984
89.600
0.243
91.482
90.723
105.565
105.227
83.408
9.653
0.231
84.871
107.077
98.434
135.156
5.602
0.226
110.188
100.064
118.536
112.160
4.516
0.177
85.359
111.980
92.699
90.799
3.197
0.196
95.201
112.970
83.342
97.475
10.003
0.179
87.097
100.500
98.329
101.830
6.582
132.472
0.230
110.185
107.590
106.119
85.187
8.372
84.487
0.224
87.236
98.643
150.811
104.646
9.889
81.287
0.210
90.009
97.863
105.527
101.976
4.151
84.714
0.227
94.512
105.643
165.494
83.926
4.545
0.215
80.685
112.017
122.042
90.486
5.411
90.111
0.197
90.122
148.911
107.672
112.486
85.683
5.605
0.204
78.646
109.056
103.111
85.504
4.365
84.322
0.231
83.929
102.690
160.852
94.200
84.328
6.693
85.615
0.225
79.092
104.613
112.115
90.058
77.519
6.307
0.233
91.701
123.131
118.781
92.875
85.252
3.746
88.025
0.212
83.509
146.463
153.512
102.741
86.394
2.550
73.394
0.250
126.142
40.464
538.956
225.318
55.012
74.918
0.099
156.795
208.731
62.804
51.860
66.359
72.919
74.381
4.193
0.276
59.854
112.478
120.779
146.752
127.832
81.157
2.867
83.982
0.221
85.143
93.368
89.214
84.793
5.859
0.227
87.407
128.904
105.309
94.228
3.540
0.189
88.556
115.196
93.121
95.240
5.920
88.822
0.192
91.505
98.528
102.266
109.460
95.017
6.153
114.394
0.206
83.468
109.871
107.277
94.306
4.524
0.221
75.849
158.716
130.489
101.957
160.413
2.385
0.208
79.423
132.955
117.309
97.424
84.446
5.651
0.278
134.135
126.404
162.583
41.149
529.714
222.933
1.916
0.098
188.158
38.132
247.833
159.594
1.854
0.767
165.949
292.288
108.694
1.920
205.263
0.094
88.332
45.647
41.696
54.718
59.835
61.151
4.767
0.254
69.152
79.282
99.354
102.597
107.955
125.839
143.751
63.330
3.127
0.226
84.306
100.254
105.740
96.643
2.765
0.171
101.531
123.012
102.815
2.658
0.158
104.060
124.562
107.465
2.430
0.154
105.118
123.791
105.877
2.458
0.156
105.207
125.869
104.649
2.793
0.148
104.810
130.152
105.361
2.546
0.153
107.195
125.442
106.924
2.526
0.147
106.332
128.743
104.888
2.577
0.148
103.651
123.708
107.944
2.667
0.143
104.776
121.790
104.190
2.674
0.159
105.914
123.730
106.979
2.754
0.148
103.881
124.468
104.059
2.860
0.152
104.727
124.738
104.462
2.753
0.151
103.655
121.619
105.158
2.861
0.159
104.921
123.910
105.511
2.596
0.146
104.679
125.787
107.396
2.827
0.157
104.406
125.652
110.353
2.863
0.160
102.540
107.597
105.168
2.740
0.149
105.013
138.904
103.249
2.855
0.150
107.302
117.388
106.598
3.242
0.154
106.072
124.907
105.065
3.184
0.160
105.979
126.012
108.133
2.852
0.162
105.221
128.011
105.595
2.677
0.153
109.743
123.775
104.669
3.130
0.146
103.200
125.826
104.259
2.833
0.145
103.396
123.953
106.644
2.845
0.162
104.463
123.945
106.056
3.246
0.142
103.945
128.468
103.490
2.802
0.155
106.667
126.928
107.252
2.758
0.151
109.027
124.587
104.533
2.946
0.151
104.257
127.720
104.421
2.954
0.175
104.084
126.872
106.420
2.886
0.142
104.198
124.583
106.587
2.821
0.144
109.077
125.395
104.264
2.956
0.143
110.226
125.247
103.792
3.000
0.148
104.002
127.251
105.002
3.222
0.145
105.306
126.786
104.175
3.245
0.155
104.709
124.572
104.147
3.065
0.824
106.613
125.398
103.308
2.767
0.148
105.319
130.393
103.893
2.827
0.159
104.726
126.166
104.153
2.968
0.155
104.637
127.327
103.813
3.040
0.159
106.951
130.473
104.831
3.243
0.159
104.721
128.144
105.275
3.076
0.167
108.454
124.914
107.457
3.428
0.150
104.952
130.175
105.426
3.088
0.171
107.821
123.261
102.853
3.007
0.152
105.579
126.710
104.382
3.461
0.140
105.727
128.375
104.872
3.231
0.180
106.228
126.478
105.928
3.400
0.156
104.718
128.692
104.524
3.048
0.147
104.110
129.254
111.336
4.406
0.155
103.223
106.330
108.395
2.954
0.177
108.919
136.988
103.326
3.472
0.154
104.453
120.800
104.116
3.338
0.148
106.428
123.569
103.888
3.285
0.155
103.503
126.756
105.275
3.151
0.144
103.490
127.273
103.897
3.427
0.151
104.236
125.078
103.956
3.615
0.143
105.914
123.948
105.579
3.450
0.141
108.529
122.856
83.806
5.021
0.171
104.264
139.059
108.821
2.987
0.150
102.833
98.438
104.554
3.573
0.170
102.515
135.114
104.364
2.969
0.157
103.660
119.402
106.948
3.247
0.145
102.612
121.074
103.472
3.391
0.146
104.117
121.936
104.317
3.212
0.145
104.500
124.665
103.838
3.987
0.166
105.277
124.570
104.250
3.182
0.153
106.508
124.318
103.240
3.369
0.141
108.939
124.121
87.112
4.153
0.159
102.784
111.471
106.037
3.164
0.148
106.535
124.425
102.857
3.409
0.140
104.466
119.464
104.206
3.248
0.157
108.333
121.679
83.672
3.848
0.166
105.315
130.423
107.242
4.354
0.150
108.734
118.873
104.743
3.149
0.148
104.699
123.171
107.160
3.186
0.150
110.013
123.625
83.683
4.307
0.167
103.158
129.189
106.542
3.668
0.119
105.908
120.473
107.721
3.129
0.125
105.653
124.664
109.167
3.539
0.123
103.208
122.066
107.317
4.285
0.131
107.548
122.821
106.843
3.481
0.130
105.388
125.522
106.320
3.431
0.136
106.981
126.320
109.806
3.710
0.121
103.435
105.110
107.934
3.543
0.135
104.246
130.389
104.278
3.589
0.121
104.687
122.545
105.402
3.548
0.141
104.538
128.736
111.626
4.206
0.131
106.027
105.800
104.359
3.558
0.140
106.105
129.497
104.480
4.351
0.121
106.516
125.133
109.288
4.309
0.120
104.811
102.152
104.800
3.549
0.147
104.964
134.147
106.231
4.195
0.121
104.904
118.724
105.348
3.817
0.124
108.367
125.241
103.305
3.219
0.125
107.872
125.366
90.185
5.523
0.134
103.632
112.024
105.906
3.719
0.133
104.350
125.969
107.379
3.847
0.132
105.950
121.552
105.370
3.759
0.129
103.594
123.249
104.172
3.493
0.119
106.385
123.447
107.889
4.473
0.126
106.521
128.630
108.702
3.712
0.131
105.121
125.939
107.421
3.945
0.124
104.382
124.471
106.674
3.698
0.126
111.639
138.059
103.989
3.309
0.119
109.186
130.861
83.610
3.867
0.133
104.802
134.382
108.780
3.199
0.114
102.969
120.632
106.645
3.688
0.121
109.143
129.421
86.171
3.843
0.132
106.930
134.566
102.733
3.980
0.121
104.116
119.466
104.681
3.981
0.138
104.580
126.497
103.687
3.843
0.126
104.409
126.461
108.273
3.667
0.116
109.122
126.335
105.654
3.833
0.130
105.479
122.846
105.658
3.652
0.128
104.598
125.809
103.195
4.585
0.135
104.125
123.201
106.987
4.127
0.126
107.981
127.976
106.945
3.395
0.114
107.782
127.663
104.141
3.827
0.126
105.412
127.388
105.141
4.305
0.118
111.404
122.778
85.188
4.283
0.132
104.942
115.065
109.168
4.022
0.135
107.747
125.228
106.300
4.877
0.125
104.856
127.162
107.733
3.496
0.125
107.095
122.674
104.151
4.550
0.125
105.726
125.083
105.290
4.001
0.127
112.045
124.749
85.498
4.945
0.131
107.622
109.273
90.170
4.083
0.142
105.471
113.249
105.294
4.462
0.117
105.219
122.788
108.798
4.256
0.122
102.860
104.491
105.068
3.558
0.137
109.091
127.297
85.128
4.124
0.135
103.320
127.529
105.126
3.928
0.138
106.968
119.740
106.133
4.126
0.129
110.732
124.784
84.355
3.439
0.126
104.968
130.063
112.467
4.438
0.111
109.891
100.311
88.145
5.496
0.150
106.036
137.470
109.496
3.254
0.113
105.698
115.822
109.392
4.790
0.118
105.592
102.058
88.749
3.713
0.154
107.980
134.108
103.180
4.049
0.141
105.776
117.135
105.251
4.111
0.135
105.133
124.033
105.490
3.818
0.118
110.034
123.404
88.151
4.539
0.139
104.577
108.836
107.461
4.346
0.126
106.339
128.768
103.636
3.394
0.129
104.450
121.340
104.568
3.790
0.120
107.433
124.359
104.565
4.591
0.116
103.110
125.835
106.007
3.964
0.133
103.379
127.965
107.620
2.898
0.153
109.811
122.747
84.530
4.260
0.126
115.620
133.356
85.180
2.900
0.137
105.228
129.659
104.146
4.124
0.115
105.835
120.264
108.134
4.946
0.136
106.760
133.614
106.145
3.999
0.119
112.402
122.854
85.735
4.544
0.126
108.354
131.478
106.025
4.479
0.115
105.455
121.404
104.588
4.286
0.124
105.630
126.597
105.343
3.360
0.115
108.163
125.497
113.588
3.674
0.140
103.560
107.752
107.214
2.819
0.810
107.475
127.592
107.261
4.104
0.116
104.046
128.737
110.394
3.917
0.127
106.329
105.014
108.935
3.557
0.124
107.654
129.408
109.400
4.741
0.127
105.809
99.127
106.747
2.889
0.141
107.167
126.866
108.151
3.495
0.127
103.939
100.555
109.508
5.107
0.139
108.258
132.371
106.425
4.542
0.122
105.187
119.087
105.826
4.312
0.138
107.247
128.312
109.780
4.092
0.132
103.025
101.695
106.273
4.112
0.121
107.575
131.324
105.645
4.730
0.126
109.384
122.946
105.365
3.588
0.128
105.577
123.090
102.475
3.679
0.141
107.509
123.054
87.359
4.804
0.136
102.175
116.461
113.362
5.113
0.134
104.656
101.554
107.655
4.394
0.146
108.127
133.108
107.714
4.731
0.120
108.280
122.797
104.723
4.655
0.125
104.569
126.415
104.677
4.153
0.117
105.469
124.269
107.892
4.365
0.129
105.403
125.373
107.790
4.355
0.129
105.585
127.804
109.155
4.578
0.123
109.119
124.895
83.288
5.775
0.140
105.480
131.121
106.641
2.627
0.123
106.675
118.485
104.439
4.783
0.122
105.945
128.758
111.433
3.861
0.114
108.146
102.063
87.521
4.058
0.137
109.620
116.412
86.075
4.513
0.124
108.137
136.832
82.600
5.221
0.127
106.012
126.740
105.259
4.453
0.111
106.326
119.085
104.119
5.498
0.136
105.678
126.547
108.585
3.404
0.121
104.751
126.601
110.103
3.875
0.126
103.863
105.772
105.987
4.211
0.139
107.836
127.166
85.063
4.445
0.123
102.923
132.204
106.130
5.573
0.117
109.408
119.330
90.580
5.794
0.122
106.214
112.886
109.649
4.032
0.125
102.588
108.221
107.324
4.543
0.122
107.084
132.229
106.366
4.192
0.124
104.933
119.428
106.903
4.650
0.113
105.771
120.512
105.507
4.662
0.151
106.961
123.368
105.059
4.045
0.127
106.645
120.304
84.671
5.112
0.129
105.373
109.149
104.966
5.337
0.143
103.363
124.414
105.366
5.705
0.121
109.090
124.992
85.182
5.104
0.136
103.874
114.047
107.433
3.902
0.130
105.331
122.417
107.411
4.208
0.127
103.059
103.231
105.623
4.226
0.142
104.712
130.686
103.209
4.761
0.110
105.603
119.778
105.857
6.208
0.123
110.073
128.014
85.688
6.219
0.132
108.746
127.342
85.620
6.193
0.137
105.725
126.851
106.920
7.227
0.119
108.785
118.907
107.958
5.557
0.136
108.169
121.166
109.376
4.319
0.134
102.441
108.536
103.901
5.662
0.136
106.974
138.065
107.611
4.295
0.128
85.169
112.499
106.257
4.498
0.131
82.849
129.581
103.145
6.432
0.130
103.552
136.906
103.094
3.935
0.113
92.047
123.464
85.476
5.709
0.144
105.418
112.349
106.043
5.568
0.133
108.517
124.823
84.738
7.385
0.142
109.296
128.103
84.984
5.271
0.129
105.938
126.082
108.707
4.694
0.125
106.469
101.894
105.103
5.728
0.144
105.518
130.295
104.302
4.916
0.122
108.574
122.939
103.707
5.303
0.119
110.545
119.817
87.161
5.269
0.137
102.977
110.132
107.705
3.576
0.138
104.461
107.499
104.603
4.812
0.136
108.724
125.562
89.057
5.008
0.127
105.241
106.298
106.078
4.608
0.126
108.862
123.639
91.365
5.601
0.142
104.641
112.087
105.572
4.914
0.133
104.042
122.858
106.508
5.005
0.126
103.403
103.875
107.809
5.384
0.144
101.885
114.485
107.996
5.492
0.122
104.163
127.032
106.011
5.680
0.112
111.724
124.842
88.055
7.660
0.156
102.520
111.495
112.309
5.460
0.119
106.831
101.901
112.301
6.216
0.135
110.964
104.627
90.102
6.891
0.146
103.838
119.146
110.609
4.286
0.138
105.216
98.070
104.497
5.291
0.137
110.154
127.017
84.892
5.202
0.132
105.226
126.326
109.506
3.203
0.117
104.940
102.526
105.503
5.115
0.151
109.822
133.912
84.957
5.303
0.124
107.663
111.415
84.934
3.532
0.133
110.155
132.804
85.865
6.881
0.134
104.377
133.240
102.874
4.660
0.144
116.666
134.511
84.395
5.541
0.168
105.367
133.567
107.553
5.620
0.771
108.439
117.501
109.927
6.256
0.123
104.185
106.540
105.036
5.454
0.141
108.455
128.503
83.454
6.120
0.133
110.614
125.386
84.756
3.959
0.141
108.490
130.852
110.442
5.623
0.118
101.749
96.967
108.964
3.976
0.136
112.946
107.619
88.374
5.013
0.129
105.081
115.716
103.719
6.020
0.138
105.175
121.223
106.656
3.949
0.132
104.321
123.825
107.974
3.445
0.126
105.966
128.236
106.475
3.541
0.126
108.795
123.383
111.457
5.262
0.154
102.247
109.494
115.255
3.754
0.149
104.590
108.885
104.255
4.714
0.138
104.753
129.311
107.701
5.121
0.135
108.558
126.469
105.108
5.418
0.133
112.122
128.907
83.473
5.923
0.117
105.091
134.297
108.219
4.607
0.115
106.050
124.175
103.319
5.254
0.137
110.470
130.226
86.938
5.810
0.148
101.712
114.586
110.326
4.173
0.136
103.976
112.165
105.705
2.913
0.121
106.457
128.458
106.697
3.977
0.112
106.416
129.338
109.023
6.662
0.119
108.434
122.140
86.157
5.624
0.148
106.950
110.104
107.795
4.449
0.157
103.626
109.210
110.926
6.277
0.138
104.750
109.632
104.173
5.750
0.124
105.549
136.039
108.941
5.684
0.123
108.162
101.685
85.113
7.353
0.149
106.496
143.084
109.373
4.655
0.117
109.006
92.765
94.703
3.847
0.133
107.383
113.715
88.360
5.594
0.154
105.602
110.936
110.328
6.471
0.133
106.876
99.837
111.351
6.306
0.148
108.489
105.614
86.047
4.984
0.155
114.043
136.782
83.600
5.977
0.131
110.890
120.603
89.436
45.686
0.181
100.713
107.794
107.314
5.967
0.200
108.148
131.099
107.451
4.583
0.137
106.607
122.519
111.522
5.118
0.122
102.909
102.928
110.664
3.513
0.125
108.211
107.815
90.325
5.412
0.142
105.243
114.346
103.276
4.209
0.125
103.992
124.621
110.615
5.580
0.132
107.788
100.303
87.262
6.316
0.139
109.816
136.059
84.689
7.255
0.117
105.810
125.977
105.699
7.178
0.867
107.077
120.095
105.690
5.253
0.138
111.118
126.405
87.430
6.601
0.124
105.881
110.890
106.239
4.314
0.132
107.613
127.038
104.860
4.986
0.126
106.346
119.291
110.251
2.538
0.148
105.721
108.739
104.809
4.864
0.126
85.909
127.371
83.789
5.477
0.144
105.691
104.586
107.697
3.785
0.126
109.841
127.266
88.891
4.012
0.156
108.357
104.521
93.144
6.903
0.120
109.379
113.910
86.723
6.019
0.136
110.848
134.433
84.418
6.293
0.133
111.144
128.099
84.323
5.102
0.124
108.313
128.742
110.242
5.545
0.110
108.621
98.257
91.356
6.864
0.143
106.138
119.841
108.989
5.046
0.128
107.151
105.313
110.434
4.986
0.135
82.887
103.715
107.760
2.469
0.137
105.668
130.376
104.918
4.842
0.127
104.918
122.846
107.064
4.874
0.131
108.433
123.715
89.577
5.979
0.138
104.711
107.704
108.182
3.782
0.126
107.240
130.713
104.797
5.042
0.146
106.461
124.048
104.449
4.098
0.119
108.105
122.302
85.704
5.273
0.149
112.101
129.108
89.055
8.108
0.158
105.631
107.323
107.049
5.886
0.125
103.218
136.162
103.387
5.420
0.133
105.035
133.123
102.076
6.491
0.160
83.750
125.988
106.647
3.821
0.151
108.560
132.747
105.759
6.289
0.133
106.814
129.048
104.020
6.761
0.122
107.855
125.154
89.261
7.513
0.140
104.786
113.700
108.977
2.137
0.164
111.581
131.631
89.800
4.141
0.138
107.432
112.149
89.754
7.730
0.141
107.593
114.353
91.749
7.448
0.138
106.547
112.288
105.355
7.373
0.149
106.117
126.469
109.102
5.199
0.146
106.382
129.770
104.328
4.923
0.154
106.856
129.250
85.887
6.060
0.143
107.158
108.428
106.783
5.518
0.123
112.027
123.898
94.734
6.162
0.139
103.882
110.822
109.094
5.002
0.138
103.280
123.649
105.370
5.455
0.121
107.089
125.329
110.296
5.763
0.116
107.127
108.640
91.865
4.170
0.153
109.061
115.395
87.480
5.469
0.136
103.934
108.954
108.905
5.904
0.125
110.452
128.121
86.862
5.267
0.127
107.755
109.965
108.438
4.690
0.148
107.378
126.924
104.599
5.786
0.149
104.824
125.324
106.181
3.684
0.139
106.960
123.466
112.115
4.987
0.150
107.096
109.960
109.167
6.577
0.124
109.576
124.943
84.451
4.314
0.127
110.069
128.960
85.778
5.471
129.045
0.128
90.877
121.963
83.382
4.217
101.743
0.167
89.054
130.665
86.506
101.839
6.281
0.168
84.955
119.943
98.089
104.277
4.993
0.170
85.454
137.420
83.521
4.794
0.125
108.240
125.207
84.835
5.450
0.120
107.246
128.987
91.428
6.077
108.856
0.129
85.723
97.124
87.707
6.366
105.054
0.173
80.108
103.416
87.435
104.130
4.786
0.158
105.176
122.778
92.304
104.413
7.128
0.150
83.597
138.694
107.148
4.200
0.142
108.093
106.276
87.209
5.519
0.166
90.092
112.095
86.842
5.330
104.471
0.150
85.540
123.014
82.917
7.037
0.138
104.752
130.493
105.345
5.715
0.117
110.663
123.455
89.852
5.207
0.156
107.095
111.085
94.889
3.840
0.173
115.767
108.946
85.312
7.309
0.146
110.877
131.709
105.851
4.452
0.127
108.634
119.588
87.028
5.115
0.148
107.232
138.917
113.069
5.384
0.130
103.501
98.321
110.332
6.003
0.150
112.254
112.408
84.140
5.352
0.181
115.524
136.206
105.000
5.576
106.778
0.138
103.910
111.435
111.007
6.045
103.751
0.154
88.196
116.845
83.795
4.153
111.481
0.176
103.946
106.392
98.755
6.298
0.166
107.554
127.930
88.559
3.222
108.152
0.125
89.836
101.172
80.945
6.550
109.816
0.163
102.179
98.587
113.128
101.830
5.966
0.152
83.569
127.463
85.612
109.916
9.084
108.575
0.155
80.810
109.262
88.248
105.059
3.437
0.186
84.587
124.094
94.149
113.658
5.831
0.159
111.868
114.703
93.690
7.959
108.793
0.136
83.775
112.560
105.003
5.507
0.166
110.664
131.132
83.631
6.987
0.143
105.064
135.893
107.150
5.960
0.140
107.112
127.187
104.348
5.350
0.132
110.981
127.711
89.007
5.275
109.567
0.164
83.147
106.917
106.167
5.137
0.179
107.159
105.205
82.431
6.288
110.178
0.153
107.984
109.939
85.389
5.778
103.281
0.156
88.191
125.684
83.488
5.097
0.169
104.038
107.730
96.586
4.094
0.151
102.383
123.173
106.480
3.827
0.138
83.804
98.983
110.981
4.432
0.147
105.799
106.716
109.330
2.810
0.148
109.675
119.599
87.831
5.796
0.155
93.013
110.717
84.504
4.294
0.769
114.117
130.768
85.273
5.780
102.578
0.151
82.512
137.446
102.509
5.432
90.621
0.149
101.565
95.652
106.766
4.188
0.141
103.139
111.462
87.876
4.960
0.132
109.338
118.160
84.683
5.539
0.152
111.226
127.299
88.840
3.998
105.664
0.171
88.526
119.701
89.309
4.175
0.179
145.457
110.060
108.103
4.223
104.869
0.092
88.403
119.465
82.140
5.867
103.312
0.161
112.909
117.803
79.884
5.171
0.145
109.137
136.722
82.807
6.580
0.137
104.322
130.922
103.676
7.518
0.152
112.065
126.300
85.301
6.555
107.205
0.152
86.462
106.712
83.496
8.194
107.417
0.162
100.785
107.306
110.200
87.050
6.678
0.194
80.851
104.691
92.428
106.675
5.935
105.968
0.153
104.210
101.925
93.469
106.037
6.076
88.053
0.198
83.658
97.837
91.159
102.523
4.515
100.782
0.172
102.482
117.558
92.786
104.695
5.259
102.418
0.149
79.543
123.793
114.725
103.643
7.456
130.727
0.168
102.733
94.755
85.866
101.438
4.245
82.897
0.192
101.708
99.591
93.157
103.851
6.810
99.552
0.197
106.231
117.563
99.088
100.750
4.151
0.147
83.678
133.732
94.884
83.067
7.990
84.330
0.187
109.603
99.526
96.646
106.865
3.454
0.155
84.016
105.152
90.996
105.019
4.622
105.738
0.174
80.832
109.971
91.047
102.127
7.138
85.096
0.183
107.051
94.598
90.044
101.588
4.957
105.972
0.174
98.726
105.573
114.519
111.622
6.942
81.327
0.172
82.226
98.796
91.640
100.319
4.265
81.330
0.253
100.505
97.174
95.936
100.922
4.655
103.880
0.159
102.008
109.966
93.479
88.673
5.124
0.181
105.868
104.816
93.734
102.546
5.721
106.598
0.180
105.906
112.471
84.750
5.202
102.375
0.153
85.146
111.668
81.702
5.757
107.431
0.147
103.364
104.685
106.187
104.067
5.764
87.528
0.155
105.377
99.792
91.701
104.338
2.455
82.481
0.196
81.075
107.699
98.496
82.749
4.185
85.227
0.170
84.652
97.747
95.109
102.423
6.494
101.959
0.193
99.803
120.899
114.593
100.870
5.220
0.161
113.051
124.696
83.958
3.930
0.140
110.675
111.021
89.342
5.176
0.157
105.194
122.835
102.865
4.632
0.103
87.238
125.956
90.777
5.914
101.702
0.150
87.242
120.607
84.366
3.467
102.717
0.169
84.572
133.778
82.631
7.458
0.146
85.060
113.278
94.588
5.106
0.186
108.763
123.745
83.366
5.401
0.140
93.411
120.467
82.396
6.228
0.149
83.370
131.540
112.512
4.368
0.132
108.240
104.452
114.476
5.869
103.299
0.163
95.748
130.637
86.763
4.862
0.171
106.525
112.143
93.483
6.793
107.947
0.142
86.036
111.904
83.096
4.857
0.184
100.531
109.535
113.550
103.000
6.594
0.138
145.781
127.066
82.559
5.900
155.918
0.158
105.182
106.356
93.474
6.822
104.878
0.153
85.118
134.225
85.457
7.022
106.642
0.166
85.447
97.000
85.312
7.465
101.033
0.186
81.995
127.413
94.386
105.619
6.216
0.149
86.131
107.688
91.672
112.070
5.227
104.204
0.161
99.896
98.119
85.962
108.038
5.345
102.739
0.190
82.112
117.929
96.637
101.637
5.657
0.719
132.980
126.060
94.827
109.293
4.144
0.168
116.242
118.710
90.799
8.132
83.287
0.146
91.272
117.170
86.650
5.325
107.242
0.186
84.700
103.562
85.097
8.965
145.671
0.160
86.934
131.213
87.184
108.317
5.281
90.657
0.173
81.603
96.447
112.554
109.129
4.821
106.752
0.203
81.992
94.963
93.834
103.330
5.207
0.150
81.985
103.994
100.590
107.668
4.476
0.175
87.881
107.718
95.365
101.277
4.230
0.181
80.837
123.713
87.382
113.111
4.573
0.169
110.845
115.361
90.279
3.616
109.574
0.133
90.640
104.671
88.183
7.758
0.181
104.024
114.071
110.975
94.968
4.605
0.146
158.639
112.435
85.077
108.944
6.214
103.505
0.181
85.745
123.133
86.080
104.693
4.743
0.187
83.653
123.400
101.183
111.785
6.559
85.760
0.177
80.512
104.301
104.986
5.716
0.169
104.380
123.772
89.343
4.910
0.146
106.977
105.580
114.303
6.235
106.569
0.137
82.880
107.617
105.472
6.527
150.518
0.155
103.136
132.496
101.262
4.460
0.158
157.484
126.824
88.303
3.760
0.150
112.105
111.666
89.643
6.405
109.441
0.142
91.431
105.995
81.455
8.363
151.548
0.159
102.409
104.967
108.549
104.889
6.754
101.855
0.156
94.702
116.524
88.798
100.729
4.022
0.186
84.656
122.576
97.796
105.712
3.847
0.146
105.769
116.420
108.004
3.737
102.218
0.136
88.606
114.323
86.989
5.467
109.816
0.168
88.440
104.067
95.462
4.546
100.859
0.170
89.146
130.086
93.038
109.721
3.262
78.651
0.180
83.812
119.911
98.686
104.584
3.788
0.184
83.211
99.767
95.573
109.013
4.077
0.174
88.744
121.882
105.336
104.982
5.475
82.037
0.175
98.179
99.282
106.469
108.795
4.376
0.181
102.729
106.041
95.446
114.004
4.327
0.158
105.316
111.256
104.793
109.806
4.639
0.161
112.992
114.101
93.513
2.914
0.156
104.417
116.995
108.937
5.899
0.154
106.112
113.973
107.870
5.250
0.153
98.217
125.136
89.338
3.350
107.216
0.160
87.652
102.646
92.228
7.219
103.911
0.167
88.973
122.721
101.338
99.666
7.237
82.777
0.172
103.225
101.560
97.133
102.055
5.399
80.719
0.191
103.034
100.440
92.066
103.195
3.953
0.162
104.534
158.658
92.764
103.094
4.559
0.162
94.476
131.307
90.050
4.728
0.158
113.177
109.964
86.159
5.814
0.142
84.782
117.777
106.546
4.981
0.163
109.802
127.175
87.491
5.742
0.157
107.554
111.336
106.541
5.468
0.138
113.648
125.478
86.855
7.332
105.668
0.131
91.811
128.497
84.904
6.043
103.005
0.164
85.633
127.429
84.711
8.481
111.487
0.180
90.068
107.116
82.418
6.844
105.700
0.182
109.094
125.903
92.491
112.013
5.843
90.564
0.192
89.850
98.207
92.219
104.492
6.804
81.181
0.186
79.561
96.493
93.673
106.414
3.167
0.184
83.842
103.635
106.469
104.093
7.207
81.881
0.174
84.372
105.910
87.311
107.867
3.365
84.067
0.195
89.161
92.845
91.268
105.294
5.491
105.400
0.174
128.941
101.603
102.093
106.286
3.655
0.160
85.647
104.222
100.781
110.755
3.917
0.150
85.066
108.147
94.020
104.734
4.501
0.184
90.431
104.739
97.449
103.305
6.343
85.236
0.174
105.090
104.398
84.484
104.660
6.574
105.975
0.186
83.992
101.649
95.977
108.234
4.955
105.080
0.187
90.108
97.639
95.612
101.066
5.026
82.253
0.194
78.723
98.119
95.628
106.024
4.060
0.161
126.745
101.925
117.179
115.317
6.667
0.144
101.416
103.349
111.923
4.091
104.482
0.135
90.871
129.335
89.664
6.764
108.958
0.146
87.754
108.899
88.211
5.165
0.167
95.333
114.007
88.878
108.534
5.303
128.706
0.179
86.459
100.400
87.396
103.039
5.007
102.070
0.179
104.891
112.639
93.526
106.682
4.411
102.372
0.156
91.968
120.896
93.867
102.441
6.754
83.278
0.168
88.371
95.900
91.835
106.136
3.911
0.219
99.913
105.534
112.842
91.071
5.765
0.151
110.199
118.269
88.975
104.404
6.225
83.117
0.192
104.656
100.973
84.917
102.242
5.453
89.873
0.192
102.603
99.265
100.345
102.449
4.778
0.185
129.927
124.776
104.737
99.733
92.259
4.673
0.152
157.223
110.154
90.871
103.140
6.494
0.141
88.058
99.293
80.437
6.964
0.169
105.877
129.963
96.160
109.896
4.300
0.141
94.635
115.315
82.962
4.304
0.166
114.115
130.947
86.325
6.740
104.514
0.151
92.267
131.713
88.139
6.771
103.066
0.171
95.406
128.478
80.542
3.537
111.478
0.144
104.099
106.893
88.739
8.751
106.466
0.153
88.333
113.917
83.017
4.945
0.192
103.581
113.241
111.279
103.779
5.275
84.427
0.155
107.036
112.348
85.694
3.847
86.370
0.173
81.055
107.099
95.247
102.609
6.234
81.599
0.227
83.615
99.509
97.848
99.165
5.970
0.178
79.230
130.614
121.918
110.383
5.396
0.145
135.545
103.065
90.584
5.066
0.187
103.487
115.041
104.645
4.884
0.131
159.114
131.994
82.761
4.921
0.152
109.307
169.275
88.466
5.011
0.141
114.086
121.462
94.428
4.950
87.892
0.153
96.244
105.195
85.903
4.122
0.154
102.412
107.370
92.508
110.403
102.622
5.368
0.148
87.237
133.298
92.487
8.543
0.176
103.717
181.680
91.793
3.651
104.021
0.147
93.613
130.675
86.407
4.128
109.031
0.155
126.243
107.718
94.717
105.409
4.343
0.175
81.005
112.968
97.703
86.891
7.145
0.173
80.433
158.043
98.343
89.312
6.428
105.288
0.168
83.152
106.008
94.332
104.274
6.581
87.450
0.195
82.954
100.864
93.271
106.298
7.540
81.957
0.178
82.597
102.584
94.090
107.908
5.287
0.201
85.531
108.574
100.019
87.539
9.512
0.194
83.934
108.782
95.785
102.742
85.631
4.310
0.171
111.562
109.321
85.114
86.847
4.477
83.600
0.168
79.444
102.784
94.647
90.860
8.475
101.332
0.198
87.147
113.103
96.609
109.042
5.849
81.875
0.179
90.053
122.169
98.467
96.192
4.820
126.068
0.172
97.078
97.589
113.094
108.511
3.597
0.180
108.199
158.503
88.043
95.776
104.528
3.030
0.179
83.158
181.117
101.079
85.891
4.975
0.195
91.152
114.821
103.500
89.631
8.871
86.486
0.175
87.973
102.902
86.387
104.578
106.310
6.547
0.190
82.218
96.616
93.356
102.242
6.473
0.200
79.460
103.227
120.151
101.126
6.835
134.641
0.124
100.829
105.005
108.151
4.388
105.014
0.162
85.649
130.840
83.537
6.920
91.090
0.145
86.885
111.612
93.272
4.660
103.931
0.164
87.067
159.177
89.799
89.937
3.277
0.199
111.896
102.571
103.227
107.854
5.635
0.177
88.416
111.402
89.841
7.897
105.459
0.177
92.359
182.146
96.048
5.501
0.188
107.216
108.586
88.538
5.920
0.162
109.335
122.978
91.112
7.455
0.155
131.907
114.372
90.612
4.850
104.819
0.168
90.096
120.855
86.108
4.293
104.605
0.176
90.212
108.283
81.132
3.142
0.176
105.534
131.373
93.979
105.724
5.634
0.170
91.470
172.112
84.355
5.291
0.133
95.125
109.024
90.338
6.608
101.380
0.144
88.708
137.221
86.980
7.646
151.259
0.155
82.027
111.914
88.971
6.360
89.077
0.180
144.012
99.757
94.125
108.912
3.625
83.093
0.203
86.519
99.073
91.019
102.249
6.143
0.186
106.155
126.310
100.661
107.441
5.489
137.229
0.156
93.101
112.952
84.347
7.350
0.161
104.748
105.201
146.394
104.056
5.325
0.173
142.164
133.542
83.045
6.706
0.138
107.131
129.393
101.969
6.966
107.097
0.138
109.144
128.595
109.957
3.761
105.353
0.142
88.117
101.025
90.864
4.039
0.156
107.494
109.851
104.312
109.018
3.987
0.172
86.447
167.378
87.846
4.036
0.172
85.428
112.427
92.251
4.507
0.155
103.441
119.540
109.751
4.298
0.122
92.215
114.419
88.526
6.386
85.037
0.133
88.436
112.402
87.379
5.344
93.768
0.159
132.933
104.577
96.499
100.796
4.156
0.170
83.843
131.380
95.352
87.713
8.609
92.122
0.154
87.657
111.037
90.506
100.915
6.431
103.141
0.191
98.777
112.757
118.322
102.637
6.951
88.789
0.165
112.941
100.904
86.022
3.787
0.175
108.908
111.692
105.721
109.031
5.617
0.175
84.722
189.127
86.744
100.672
7.976
0.156
85.097
113.335
95.130
91.854
5.892
0.150
83.741
150.733
88.392
94.928
5.762
0.183
101.288
104.728
121.153
94.281
5.129
86.874
0.140
89.813
98.252
86.001
5.580
0.169
99.376
107.283
114.533
109.075
84.506
4.506
0.161
129.849
105.955
89.698
105.660
6.716
0.163
87.059
112.259
96.849
83.503
5.686
0.200
132.580
101.620
100.314
107.618
6.720
107.317
0.178
88.243
112.083
83.477
87.588
7.132
105.968
0.187
86.033
105.004
104.641
117.589
4.501
81.538
0.181
153.733
106.281
86.749
87.980
101.818
6.194
0.192
87.060
115.966
154.037
104.603
3.955
0.164
132.024
105.018
100.184
105.955
3.687
86.344
0.148
82.311
104.138
92.619
89.135
4.851
76.895
0.196
93.816
112.455
100.221
108.994
5.881
84.828
0.179
94.941
104.901
91.930
81.894
9.075
116.180
0.204
83.280
95.935
96.010
109.980
7.431
112.556
0.187
88.296
105.730
93.318
87.859
4.208
0.202
80.618
111.536
105.915
85.809
5.907
0.172
87.361
115.886
91.292
92.338
3.475
107.002
0.179
92.467
104.616
90.304
103.097
5.870
102.387
0.191
94.659
118.682
92.479
111.832
4.174
87.824
0.188
147.958
102.487
95.849
103.153
5.263
0.176
84.574
121.614
100.097
112.867
5.036
0.173
81.257
116.576
105.322
4.574
0.140
113.702
177.570
92.345
140.588
5.653
0.153
88.100
105.690
131.551
3.941
84.026
0.182
137.893
97.217
96.775
108.663
3.533
0.179
97.043
99.489
98.851
111.838
5.473
0.163
83.195
111.670
170.707
108.109
5.329
139.863
0.160
99.140
97.099
92.611
106.454
4.823
0.181
83.329
103.764
148.717
115.056
84.837
5.194
0.189
90.625
105.369
90.582
89.689
7.809
115.108
0.239
81.528
104.057
100.833
96.227
6.975
90.346
0.206
81.132
99.613
146.809
107.568
7.441
130.945
0.193
80.318
111.831
98.858
88.273
6.489
0.177
82.137
99.054
112.135
109.553
7.325
82.903
0.174
85.989
110.373
79.976
4.556
0.176
99.127
113.142
119.125
94.547
6.029
0.185
83.028
116.261
156.435
113.423
5.696
0.163
89.582
109.753
84.829
5.152
82.460
0.157
84.400
124.365
95.762
103.777
3.619
85.955
0.193
85.489
104.637
98.190
95.790
4.099
83.719
0.182
82.558
96.073
100.071
109.522
5.729
81.322
0.179
88.726
106.076
91.612
89.642
5.544
0.212
84.393
105.677
105.849
93.403
6.858
104.096
0.159
83.524
128.467
97.811
103.392
4.041
86.446
0.187
99.134
99.929
94.147
110.016
4.776
79.294
0.194
82.245
120.671
153.090
95.143
5.495
0.773
84.839
103.946
97.724
110.948
114.054
2.302
0.175
81.007
102.689
141.934
107.678
86.436
7.226
0.211
85.082
101.694
97.417
109.280
4.355
90.589
0.179
82.825
101.841
108.971
100.678
5.208
127.176
0.161
102.386
94.393
96.325
104.211
4.578
0.202
81.414
102.480
102.525
130.662
5.254
0.162
84.481
168.426
97.775
89.724
7.818
85.739
0.191
86.673
112.312
102.872
127.370
5.248
0.193
87.305
133.508
94.652
102.985
4.572
104.977
0.144
87.748
126.033
90.229
4.900
100.000
0.169
92.886
125.121
80.799
8.649
0.148
157.037
134.784
88.386
5.609
0.146
106.859
109.296
88.671
3.387
108.721
0.139
94.306
119.111
87.098
5.851
131.336
0.169
83.209
106.309
88.434
153.013
5.141
84.133
0.188
81.098
100.269
144.035
104.928
5.744
84.477
0.798
89.104
95.659
93.954
110.096
4.117
159.189
0.178
87.806
101.925
100.540
106.173
6.053
0.201
81.153
108.159
155.843
102.398
5.354
0.166
134.590
121.121
102.264
105.559
3.804
0.148
94.223
114.147
92.501
105.046
4.590
0.149
84.968
183.809
86.756
5.093
137.852
0.173
86.179
110.121
85.054
5.489
0.162
100.785
113.675
116.237
147.552
6.508
105.208
0.160
136.193
127.148
89.162
102.288
3.010
85.496
0.187
87.050
99.020
97.886
108.193
5.079
80.259
0.183
93.718
114.821
93.041
104.952
3.347
152.832
0.152
85.052
95.717
94.410
104.080
83.412
3.813
0.189
80.034
94.727
106.803
110.486
83.225
6.773
0.213
136.566
96.534
97.600
101.046
2.572
0.185
86.327
118.741
101.081
86.274
7.222
101.828
0.202
85.012
126.564
98.315
112.735
4.484
0.157
85.376
110.176
98.153
87.890
4.337
0.195
83.233
112.686
117.087
86.937
6.767
0.172
90.473
148.601
86.680
115.751
5.319
0.176
109.758
112.327
111.861
114.647
8.800
86.942
0.167
83.578
105.686
83.674
104.170
7.228
0.169
85.820
102.257
97.192
108.770
3.704
87.607
0.160
81.906
103.385
105.756
161.533
4.668
0.170
81.664
105.988
101.357
105.880
4.782
0.176
88.520
111.819
90.503
110.123
4.248
90.622
0.160
84.439
105.711
99.300
103.699
4.343
84.177
0.169
85.649
149.013
95.660
91.640
83.793
5.485
0.184
89.315
97.365
94.700
108.241
2.375
95.317
0.189
84.731
95.282
147.677
107.163
84.378
5.361
0.160
81.464
93.621
103.689
106.169
5.240
88.102
0.215
86.437
102.400
96.268
88.916
6.723
86.288
0.194
82.756
95.550
99.638
103.901
3.837
0.162
80.485
108.741
107.320
100.471
82.108
4.248
0.182
138.945
172.830
91.828
107.575
3.714
113.719
0.154
85.666
92.705
94.692
104.208
2.836
86.815
0.178
81.034
103.175
137.769
83.684
4.031
134.948
0.185
80.617
109.875
97.076
89.511
4.266
98.409
0.184
91.524
123.854
95.842
117.329
87.506
3.199
0.179
82.123
156.048
101.363
82.368
4.563
129.263
0.223
86.765
101.220
92.734
91.641
4.828
104.711
0.176
96.096
118.500
95.620
151.338
85.628
6.220
0.162
126.526
163.215
93.413
86.581
133.787
4.303
0.177
81.241
95.359
98.869
106.479
88.004
3.516
0.198
86.516
95.322
142.823
106.500
91.350
4.340
0.183
128.692
102.350
100.601
107.337
130.600
4.376
87.877
0.206
85.400
77.681
529.455
221.284
44.504
78.792
0.082
93.786
228.141
69.256
50.164
63.587
62.402
2.392
0.149
53.380
79.390
93.949
105.028
125.960
130.014
93.753
3.947
0.199
92.931
103.082
103.658
107.861
4.426
0.132
103.063
107.572
107.763
4.194
0.128
114.299
128.875
90.186
5.446
0.138
108.186
128.395
113.760
3.065
0.115
110.626
106.175
91.742
5.381
0.160
93.373
118.660
86.722
4.376
0.167
109.367
131.323
107.084
5.449
0.119
113.104
127.345
93.024
3.544
0.141
93.969
106.475
88.046
3.476
0.149
116.346
111.997
97.004
4.940
0.165
109.554
112.890
110.572
5.777
119.154
0.125
105.368
98.105
114.323
4.186
109.471
0.175
89.144
104.454
88.427
4.086
0.178
109.586
111.062
109.521
116.061
85.929
5.344
0.182
94.546
116.529
90.708
2.501
84.507
0.167
131.514
103.151
130.045
94.206
2.178
0.927
48.921
274.286
203.053
33.075
3.678
0.068
198.339
311.709
37.315
17.544
1.197
0.060
139.036
312.108
118.545
194.020
1.246
0.076
157.759
163.369
137.081
2.669
31.774
0.108
24.687
34.434
45.030
67.047
53.511
62.666
58.995
62.722
3.471
0.216
60.210
