5.341
3.400
0.826
0.016
63.237
67.191
68.901
74.709
81.625
72.679
72.992
86.309
50.972
51.880
64.849
54.030
67.731
79.456
92.614
105.822
40.004
27.232
30.354
73.666
75.696
229.856
202.447
134.992
143.700
48.755
47.760
45.898
63.802
69.504
74.631
78.385
65.273
6.222
0.226
72.751
92.699
107.539
110.553
93.262
85.724
116.478
110.051
99.848
101.193
98.103
99.036
98.760
8.277
91.812
0.275
83.549
100.698
98.359
132.093
107.549
86.074
79.136
80.977
101.894
80.940
88.956
6.097
85.363
0.341
76.433
80.219
97.762
139.569
103.992
2.480
0.300
79.019
130.171
136.362
98.946
6.131
83.574
0.225
98.364
151.054
134.149
109.637
98.249
5.377
0.233
84.053
98.684
130.044
111.946
4.635
0.234
95.355
128.732
163.700
124.895
45.536
15.627
1.843
0.089
505.321
178.656
53.734
5.548
0.105
71.077
84.091
98.108
105.484
104.541
9.512
0.236
102.243
131.093
119.958
111.879
7.159
0.173
114.608
159.806
133.825
111.166
4.619
0.192
94.195
145.289
94.649
9.087
0.175
115.612
117.993
92.954
8.316
158.168
0.154
95.409
167.873
106.806
110.482
90.917
7.994
0.217
88.489
100.604
113.537
111.713
93.411
3.187
0.200
135.090
104.069
107.676
94.411
8.954
0.228
106.329
105.458
130.552
113.991
6.437
0.190
115.506
118.948
92.752
5.068
94.849
0.169
97.658
42.141
17.708
1.853
0.081
523.607
339.638
214.875
3.455
0.128
53.842
52.490
71.776
77.731
85.499
85.591
6.829
0.296
87.793
115.867
111.271
112.746
103.922
5.373
0.218
109.693
136.057
110.621
109.550
5.224
0.201
83.780
131.083
117.557
110.942
5.630
0.189
89.560
111.875
88.471
113.945
7.673
0.215
84.542
123.526
108.615
89.548
5.399
93.070
0.216
97.823
112.111
121.144
86.467
6.881
84.564
0.218
90.555
102.957
90.095
89.649
6.360
0.201
104.845
106.663
136.068
107.409
5.762
0.184
85.751
143.288
110.014
5.310
0.161
88.182
117.053
92.113
9.226
90.737
0.195
89.879
113.477
82.696
8.803
110.439
0.186
107.058
101.986
101.023
106.486
6.524
91.787
0.216
93.229
107.736
147.664
96.123
8.392
84.950
0.198
91.965
94.679
114.250
109.091
5.281
156.416
0.218
87.597
104.640
100.796
89.102
6.292
0.242
88.879
106.990
104.051
102.918
7.346
89.405
0.210
105.222
114.726
123.172
93.119
6.624
0.211
82.359
108.378
155.969
92.080
7.410
140.879
0.210
93.080
113.819
103.708
86.097
7.012
0.239
87.406
101.366
114.023
105.260
6.059
0.205
87.852
109.088
96.610
110.759
4.703
0.219
127.444
192.215
114.829
93.098
5.768
90.695
0.215
93.619
111.119
117.905
151.758
89.331
5.338
0.223
81.370
101.793
106.788
119.535
90.728
5.502
0.219
96.883
103.190
111.736
38.568
519.584
240.594
35.915
2.043
191.122
0.109
136.987
54.434
56.517
63.806
5.701
0.192
51.291
88.878
93.338
114.251
134.099
88.554
5.561
0.258
76.977
91.612
88.758
99.588
9.426
0.183
102.186
136.062
107.070
9.490
0.168
155.324
131.667
95.952
6.752
0.810
86.736
121.481
85.024
5.663
90.128
0.205
84.880
106.341
90.530
107.269
5.639
0.183
82.445
102.339
143.238
113.352
5.761
0.218
80.766
150.567
117.384
113.335
6.707
103.709
0.202
76.235
138.704
149.751
5.125
0.195
91.357
185.627
97.874
91.950
9.755
0.194
94.565
114.657
106.817
159.582
92.168
4.154
0.210
124.903
106.993
109.889
93.745
88.460
7.796
0.818
83.992
110.372
105.649
89.842
7.230
0.239
83.686
116.731
137.000
90.211
5.779
0.202
81.430
127.334
120.863
94.507
10.507
89.098
0.200
129.149
155.230
106.300
90.018
91.742
4.814
81.785
0.249
86.181
86.773
88.717
115.153
8.974
154.876
0.232
82.675
98.177
129.986
113.799
3.980
0.215
189.917
872.264
5.344
5.328
0.114
39.901
18.084
1.916
0.076
285.109
348.921
90.747
1.953
0.089
171.321
162.784
55.080
55.037
71.196
77.991
83.406
6.172
0.270
81.364
105.594
120.809
150.491
152.404
82.527
6.166
0.234
79.098
94.916
99.754
105.668
7.857
0.177
110.566
131.038
98.855
109.053
7.282
0.197
91.315
182.583
89.073
8.317
0.212
105.603
127.457
114.697
5.577
94.692
0.141
90.107
155.866
88.918
5.963
91.682
0.211
86.344
101.716
98.761
109.551
5.618
89.172
0.251
85.053
100.541
119.414
105.364
11.492
87.525
0.231
135.965
99.394
109.076
110.835
92.821
10.541
0.222
83.643
94.499
97.406
108.321
8.332
0.239
84.181
102.841
100.481
115.541
109.963
7.371
0.195
87.554
109.445
141.344
91.071
90.483
8.857
0.239
83.776
99.078
104.849
98.666
88.775
6.315
0.213
86.651
97.626
106.019
103.353
93.912
6.992
160.308
0.219
89.574
96.434
40.448
507.565
229.751
2.023
0.105
137.569
235.775
83.187
60.944
67.668
3.079
0.231
55.790
103.194
120.918
129.396
103.889
79.630
2.525
0.248
74.233
90.539
94.310
103.465
4.122
107.890
0.210
108.265
110.694
94.617
118.796
6.451
0.235
109.226
156.682
116.432
110.202
7.333
84.659
0.199
90.785
107.486
93.625
103.674
9.445
85.533
0.221
112.259
105.024
98.999
94.345
110.005
8.397
0.216
83.475
151.558
112.877
91.504
8.765
0.212
85.307
113.237
111.613
141.531
90.567
7.369
0.205
86.724
114.313
114.414
94.099
4.759
93.461
0.223
77.661
107.565
142.169
87.338
2.734
85.899
0.200
97.262
114.881
102.452
85.106
92.673
10.304
88.874
0.251
82.109
101.481
114.921
95.925
7.383
83.882
0.231
87.309
94.697
100.370
113.582
113.239
6.672
88.775
0.196
97.773
99.005
158.848
113.677
6.478
79.276
0.256
136.046
108.054
109.527
100.393
84.711
5.219
0.205
82.719
111.179
131.618
41.029
522.821
221.217
57.526
0.099
130.085
37.768
213.468
230.920
1.850
155.037
0.083
198.059
252.654
113.311
2.215
0.127
38.762
46.203
66.462
73.790
76.544
71.487
3.505
0.294
58.433
111.498
106.023
127.906
102.558
97.559
3.233
0.163
94.997
112.548
119.037
101.296
3.024
0.145
102.710
139.223
105.408
3.120
0.121
104.009
121.740
105.234
2.674
0.127
105.245
128.171
104.608
2.942
0.129
104.503
129.826
104.691
3.023
0.121
105.590
125.473
111.449
3.077
0.139
104.116
104.616
107.569
2.626
0.136
105.233
150.339
104.588
3.151
0.126
104.310
127.015
112.573
2.947
0.185
104.004
126.281
104.325
2.813
0.137
105.955
125.403
104.295
3.573
0.124
104.341
125.490
106.232
3.226
0.139
106.391
124.789
108.511
3.729
0.126
105.141
125.948
107.918
2.976
0.136
103.728
126.427
104.764
3.207
0.124
104.941
125.322
109.700
3.323
0.122
104.041
124.980
111.838
2.973
0.122
102.398
107.261
107.000
3.124
0.136
104.641
137.340
103.217
3.462
0.125
105.130
120.411
108.062
3.108
0.123
104.477
122.608
71.405
3.927
0.110
88.298
123.518
109.034
4.117
0.143
103.997
129.283
104.164
3.267
0.125
105.410
128.902
106.389
3.549
0.119
106.783
122.904
108.058
4.470
0.123
104.512
124.656
108.243
3.465
0.121
105.061
129.678
107.589
4.592
0.120
104.851
123.800
103.143
4.323
0.133
103.933
125.684
105.607
5.031
0.124
103.336
130.759
105.809
4.770
0.126
106.389
126.668
104.973
4.668
0.122
110.530
128.203
84.563
3.645
0.139
108.269
144.162
104.030
3.536
0.118
104.089
118.369
106.112
3.773
0.138
104.455
125.567
105.502
3.504
0.143
105.711
125.084
105.112
4.044
0.127
104.190
126.347
107.866
3.789
0.144
103.922
128.284
104.186
3.836
0.133
104.851
124.927
105.136
3.738
0.119
108.723
125.156
104.633
3.583
0.119
104.173
130.376
106.613
3.802
0.138
105.105
125.431
106.404
3.817
0.144
107.755
126.203
105.772
4.089
0.117
106.428
127.150
103.620
3.842
0.802
106.503
130.224
106.922
3.784
0.124
105.995
129.554
107.835
3.942
0.135
105.522
124.591
103.002
5.200
0.128
107.293
135.199
103.958
3.930
0.126
105.064
123.367
105.114
4.221
0.138
104.569
127.266
105.832
4.257
0.122
108.711
124.240
83.126
4.559
0.140
104.216
137.973
105.426
4.362
0.115
105.530
120.410
107.793
3.964
0.128
104.854
127.386
105.418
4.437
0.153
105.465
123.499
105.046
4.302
0.132
105.327
124.149
104.286
4.385
0.139
105.501
127.791
104.321
3.985
0.146
107.092
134.523
110.461
5.474
0.117
102.775
104.717
105.022
5.717
0.130
105.686
131.213
104.911
5.209
0.115
102.890
121.949
106.381
5.528
0.132
106.382
128.742
104.028
4.023
0.116
104.025
125.976
105.466
4.533
0.121
103.557
122.878
107.155
4.356
0.128
105.486
128.173
104.336
4.504
0.141
105.152
125.174
104.446
4.116
0.127
114.279
126.338
83.244
4.849
0.128
107.973
138.028
105.814
4.242
0.122
104.876
119.395
103.978
5.759
0.120
103.678
134.237
104.704
4.724
0.126
105.933
122.901
105.176
4.530
0.135
105.281
128.090
104.916
4.920
0.143
108.773
122.964
85.276
5.755
0.128
110.154
129.783
84.944
5.944
0.117
110.588
126.050
86.881
5.479
0.121
104.407
102.969
104.332
4.731
0.129
106.025
129.462
106.555
6.303
0.139
109.916
121.339
104.827
4.899
0.139
105.080
125.256
103.763
4.861
0.140
108.775
127.317
106.501
4.387
0.127
105.677
123.115
103.381
4.337
0.120
104.687
124.514
109.200
4.369
0.125
105.744
124.709
104.655
4.560
0.122
107.632
123.102
105.087
4.890
0.129
108.049
127.505
105.799
5.097
0.118
109.638
124.865
88.093
5.776
0.130
105.722
113.552
105.701
4.656
0.148
105.821
129.010
104.049
5.325
0.115
111.267
117.873
84.679
6.137
0.139
103.588
135.465
107.710
5.205
0.132
105.219
121.421
104.923
5.069
0.136
103.902
127.351
106.124
5.632
0.139
105.128
125.598
110.594
7.048
0.132
105.603
102.899
106.063
5.662
0.151
104.513
130.281
103.902
7.000
0.118
105.513
122.755
103.577
5.039
0.122
110.302
121.025
85.513
7.646
0.168
106.890
135.358
108.687
5.545
0.127
104.462
95.655
109.498
6.570
0.152
109.860
128.206
87.260
5.549
0.146
108.961
106.273
85.198
6.285
0.170
105.153
130.584
105.333
5.025
0.130
105.201
116.890
103.396
6.450
0.127
104.775
123.487
104.805
5.461
0.114
105.827
124.551
104.492
5.619
0.138
104.686
126.178
107.344
5.462
0.117
101.823
129.262
104.610
5.300
0.123
104.719
125.516
105.130
5.268
0.123
108.260
121.652
82.851
8.157
0.134
103.302
129.576
103.939
5.901
0.113
104.685
120.027
107.849
5.370
0.128
110.430
123.732
86.754
7.158
0.164
112.054
113.973
85.448
6.330
0.151
88.560
115.352
86.044
6.315
0.130
100.266
102.350
105.056
6.848
0.148
103.809
125.703
104.759
5.412
0.116
105.570
118.833
106.286
6.686
0.120
104.595
124.959
108.613
5.098
0.150
104.535
123.296
104.434
5.467
0.121
102.564
124.743
104.179
4.820
0.131
102.569
121.228
106.623
4.964
0.797
104.755
126.054
102.885
6.024
0.119
102.943
122.258
104.723
5.052
0.133
109.942
125.104
85.520
6.578
0.126
106.016
112.013
110.490
5.853
0.125
102.829
104.279
104.174
6.700
0.142
106.883
126.555
103.019
7.121
0.116
104.517
120.881
106.847
5.100
0.133
107.779
125.750
104.892
5.213
0.148
104.166
122.586
108.747
5.945
0.159
107.793
124.919
105.998
5.304
0.119
102.555
121.650
111.002
5.484
0.123
103.985
106.569
103.050
6.441
0.141
103.087
133.649
104.048
5.436
0.119
105.447
120.109
106.568
5.839
0.126
103.979
122.616
109.325
7.517
0.119
104.214
100.618
104.588
6.233
0.126
102.203
128.321
107.903
5.564
0.126
104.894
122.726
109.605
4.992
0.117
103.923
103.617
103.699
6.145
0.140
104.530
130.970
107.637
5.720
0.122
105.676
100.459
105.064
5.571
0.125
108.620
131.452
82.218
7.467
0.137
104.266
133.487
103.459
6.084
0.122
103.220
122.012
113.301
5.184
0.126
101.785
102.360
104.516
6.522
0.155
105.476
127.533
102.749
5.781
0.136
103.974
117.765
103.282
5.833
0.119
104.902
123.627
108.990
6.090
0.129
103.635
123.877
103.949
6.713
0.115
108.757
123.192
88.612
5.217
0.135
102.997
109.506
105.066
6.888
0.133
107.049
125.908
105.439
5.347
0.132
110.195
118.555
82.908
7.384
0.137
102.425
127.871
106.522
6.373
0.126
102.893
121.693
105.098
7.964
0.126
108.072
125.807
117.154
7.837
0.124
103.146
102.320
105.858
7.399
0.126
110.297
132.166
84.181
8.080
0.101
108.814
133.399
109.749
5.815
0.099
105.026
102.036
109.018
4.722
0.117
105.788
127.989
108.287
8.083
0.109
108.174
121.819
106.295
5.937
0.110
105.084
129.598
105.638
5.649
0.125
104.862
123.246
106.038
4.618
0.116
104.300
128.773
108.557
8.044
0.130
109.516
123.015
85.590
6.533
0.126
109.857
130.424
87.184
8.285
0.125
108.974
125.575
111.405
6.520
0.126
104.442
105.304
109.596
6.975
0.158
101.942
130.334
111.597
6.902
0.113
105.309
103.265
110.223
6.494
0.117
106.693
130.444
106.312
6.873
0.118
105.178
121.281
104.439
6.911
0.121
107.700
123.802
109.092
7.434
0.123
105.297
130.583
112.367
5.474
0.139
106.110
104.687
109.318
6.827
0.122
107.895
128.473
109.939
6.769
0.110
104.278
101.200
103.608
6.334
0.121
107.597
128.163
105.893
6.567
0.133
104.961
122.582
105.820
8.222
0.110
106.761
127.320
106.343
8.123
0.103
107.836
128.146
106.549
6.012
0.103
106.924
127.136
109.661
5.644
0.114
110.076
123.061
108.371
6.182
0.117
105.110
102.756
103.386
6.013
0.117
107.854
125.792
112.452
6.700
0.129
104.136
102.226
107.549
6.132
0.118
106.388
135.208
105.013
7.094
0.095
109.954
120.904
117.006
5.817
0.135
104.157
108.341
106.188
6.915
0.103
111.264
132.758
87.489
7.720
0.131
103.449
107.872
107.515
6.609
0.124
109.314
125.555
85.409
7.702
0.130
102.733
108.376
107.041
7.047
0.109
103.326
131.843
111.765
7.322
0.118
106.399
99.337
105.536
6.659
0.128
106.799
129.206
107.169
7.010
0.117
104.998
124.109
107.368
8.322
0.118
108.352
125.726
110.327
6.444
0.117
105.307
131.190
108.945
5.651
0.114
105.880
125.556
112.260
7.865
0.112
104.946
104.519
107.839
7.230
0.128
103.949
134.821
104.307
7.718
0.107
108.650
124.837
83.913
9.132
0.128
108.963
138.255
89.365
8.729
0.130
105.086
108.333
106.741
5.776
0.144
104.627
128.943
107.119
7.690
0.106
105.249
124.334
105.024
6.186
0.142
106.800
123.259
107.682
5.717
0.117
108.211
138.254
106.929
8.120
0.143
84.677
128.486
104.636
6.923
0.127
105.773
125.340
108.353
6.677
0.130
108.284
123.208
102.986
7.994
0.108
104.985
125.635
104.730
7.484
0.099
107.545
128.491
113.252
4.991
0.119
102.684
110.727
109.356
7.273
0.136
107.032
127.259
85.867
8.219
0.109
101.924
109.250
106.886
7.457
0.119
108.095
128.925
105.060
8.475
0.111
109.563
120.400
85.821
9.263
0.115
107.161
131.083
108.959
8.195
0.114
111.847
100.600
88.677
11.402
0.169
104.235
124.380
107.119
9.482
0.109
110.453
122.656
84.218
9.639
0.136
108.366
132.081
111.431
6.179
0.098
105.909
103.756
118.499
3.944
0.137
106.382
115.238
105.687
6.649
0.119
108.322
123.780
106.710
6.406
0.123
105.748
123.641
108.494
7.787
0.108
106.741
123.601
105.981
8.147
0.110
108.139
128.530
108.110
9.711
0.118
104.555
124.493
105.632
8.716
0.112
111.035
125.706
90.233
11.464
0.142
107.439
108.181
92.404
9.445
0.115
107.070
112.563
111.252
5.806
0.109
104.752
101.971
112.705
7.703
0.110
105.031
104.256
108.597
7.290
0.104
106.026
129.276
107.695
8.106
0.114
104.852
123.756
106.124
7.210
0.113
107.622
126.108
103.341
7.086
0.122
110.574
125.753
86.449
7.727
0.126
105.946
134.384
104.953
6.285
0.106
108.312
125.348
84.514
8.513
0.119
112.862
130.627
86.894
9.770
0.134
105.913
114.867
107.178
6.855
0.122
85.065
129.373
90.454
10.111
0.126
103.575
109.274
108.546
7.798
0.126
110.760
127.370
87.327
9.617
0.130
105.461
127.429
110.431
7.319
0.104
112.808
104.514
88.712
6.903
0.132
103.463
121.182
111.638
8.905
0.121
105.363
125.570
106.518
5.829
0.108
107.675
129.429
108.058
5.128
0.122
103.949
123.170
108.770
7.163
0.132
107.250
119.865
110.882
7.503
0.112
108.657
104.898
89.448
9.107
0.155
104.672
119.104
104.624
5.313
0.107
104.430
121.550
110.113
7.769
0.148
105.670
101.654
110.677
6.397
0.133
105.358
107.013
107.298
6.893
0.110
109.490
133.275
84.270
7.835
0.101
87.274
129.808
107.428
5.539
0.113
104.636
126.572
105.962
9.259
0.157
107.400
119.523
84.426
9.772
0.123
108.849
132.890
107.566
6.856
0.128
114.151
125.025
88.760
6.366
0.111
104.216
107.710
107.233
7.424
0.789
109.160
125.418
89.108
9.531
0.120
111.645
111.857
94.478
6.092
0.149
104.103
118.210
109.351
7.563
0.131
110.843
118.782
90.811
7.640
0.127
107.225
114.822
113.194
9.822
0.131
85.555
109.697
84.798
8.112
0.143
107.598
132.084
105.671
9.069
0.108
107.630
122.340
106.491
7.822
0.143
107.568
131.731
108.154
9.369
0.106
105.147
123.977
109.747
4.400
0.108
105.176
103.203
106.178
9.381
0.131
105.653
131.463
107.876
8.277
0.102
103.679
102.633
113.167
6.189
0.116
106.033
110.095
105.743
7.391
0.131
103.230
136.603
109.225
7.137
0.130
106.633
121.800
105.806
7.680
0.113
106.942
129.820
111.243
9.745
0.107
114.550
127.004
91.105
55.342
0.125
107.093
110.061
106.833
7.440
0.102
108.845
125.497
88.274
11.074
0.121
109.387
109.180
85.709
9.897
0.129
108.899
138.488
114.995
5.678
0.137
116.249
98.757
85.831
8.265
0.127
106.423
133.150
108.495
7.789
0.117
108.314
129.170
109.280
7.967
0.116
84.550
113.320
107.666
7.002
0.143
105.022
132.063
107.100
8.943
0.107
112.328
121.617
86.834
10.026
0.121
110.741
109.247
91.072
7.593
0.140
103.955
110.953
107.680
8.156
0.127
105.598
104.700
106.326
8.620
0.119
104.560
131.451
105.968
6.800
0.117
105.276
134.127
114.764
7.192
0.105
85.106
107.951
112.063
7.386
0.125
106.958
106.195
109.851
9.516
0.166
109.057
136.062
88.262
7.545
0.131
113.146
129.498
92.035
11.819
0.126
107.403
109.413
103.892
9.951
0.131
102.465
125.567
104.970
8.765
0.133
107.934
121.540
108.844
7.431
0.139
110.466
126.314
108.435
8.451
0.112
107.124
129.100
81.867
7.591
0.126
105.779
126.814
106.216
9.250
0.123
108.876
121.175
110.822
9.210
0.112
110.030
107.184
87.905
11.255
0.131
111.785
114.741
84.779
11.899
0.126
106.024
134.566
105.929
6.653
0.108
104.440
121.495
104.006
6.845
0.123
107.270
131.586
107.854
6.776
0.106
105.035
132.046
107.239
9.184
0.120
106.314
129.672
106.143
8.580
0.145
112.548
127.444
84.879
11.277
0.120
109.151
117.782
100.366
9.228
0.135
84.397
113.579
82.815
8.193
0.129
103.085
123.471
103.143
7.802
0.128
107.774
120.710
84.338
7.741
0.163
105.485
136.995
104.315
9.029
0.110
112.698
122.356
89.643
9.715
0.131
113.524
117.547
89.386
9.010
0.114
104.614
111.288
107.538
7.373
0.805
104.950
123.609
106.780
4.623
0.109
109.578
122.568
83.063
9.168
0.144
106.851
132.568
109.099
8.551
0.095
105.750
101.102
91.089
7.916
0.137
106.940
126.798
111.459
7.379
0.150
84.242
106.963
86.377
10.181
0.159
108.231
110.916
89.497
10.377
0.125
106.372
120.635
110.304
8.705
0.101
110.017
123.477
88.182
9.548
0.157
103.789
108.158
111.576
9.264
0.118
103.645
110.292
109.103
8.384
0.109
114.442
128.305
87.847
10.078
0.126
104.806
106.821
104.416
10.717
0.115
105.783
125.866
105.589
8.743
0.104
107.704
123.529
108.261
6.723
0.117
112.964
126.740
83.101
8.154
0.125
115.079
136.382
85.593
6.826
0.154
107.918
114.349
92.557
8.186
0.157
86.158
115.096
86.909
8.998
0.137
109.041
107.955
89.462
7.797
0.158
106.723
115.914
86.389
9.091
0.121
108.205
132.129
106.332
8.907
0.137
110.498
122.719
86.967
7.319
109.620
0.141
88.250
110.197
84.954
8.385
0.179
103.118
119.607
107.440
90.021
9.000
0.140
104.592
112.717
108.493
110.627
10.971
0.112
109.564
108.622
111.019
8.739
0.104
113.858
108.859
87.454
10.958
0.135
105.063
113.017
110.726
8.963
0.157
105.066
104.121
106.498
7.860
0.134
108.417
129.234
108.072
6.843
0.132
104.612
125.036
109.231
9.610
0.138
110.567
111.806
89.705
8.878
0.156
110.645
115.344
90.658
7.345
0.128
108.342
108.988
108.106
8.328
0.149
110.781
132.078
94.389
10.457
0.105
109.282
108.348
88.917
9.685
0.114
106.836
117.056
110.960
8.368
0.118
104.271
113.296
108.398
9.608
0.116
105.812
127.386
111.515
6.545
0.116
112.276
101.688
86.769
9.849
0.130
108.057
135.607
106.280
9.750
0.096
106.690
124.500
114.691
7.416
0.157
109.607
111.128
86.419
8.652
0.128
108.577
118.057
88.318
11.274
0.152
104.192
128.595
109.866
9.101
105.700
0.802
90.174
112.581
83.399
10.292
0.157
103.673
115.295
113.491
111.426
9.830
0.134
111.839
106.610
83.418
10.799
0.130
106.897
146.931
107.320
9.180
0.128
107.638
118.570
105.433
9.089
0.147
106.841
127.571
104.915
9.677
0.108
107.115
126.596
109.543
8.623
0.150
112.796
100.900
88.615
6.708
0.166
105.563
115.287
107.303
7.509
0.139
104.020
129.413
108.902
9.559
0.133
108.337
103.529
86.721
10.960
0.155
108.205
141.774
108.324
10.400
0.105
111.286
100.746
85.614
8.203
0.170
103.063
122.508
111.682
7.130
0.141
122.263
102.335
86.552
8.156
0.162
104.615
111.443
110.449
7.267
0.124
105.155
108.822
112.551
7.039
0.123
105.601
106.351
105.373
8.594
0.123
108.358
127.245
90.041
7.614
0.169
108.385
110.663
90.875
8.812
0.150
104.706
110.650
109.751
3.329
0.141
104.017
129.429
106.747
7.090
0.112
109.921
120.924
86.380
9.950
0.123
103.373
135.669
111.530
7.371
0.144
108.067
119.229
86.450
7.883
0.801
109.912
113.198
88.449
11.434
107.223
0.166
85.509
130.489
89.904
9.551
106.799
0.155
89.729
98.963
85.976
55.743
0.178
107.310
106.765
93.136
108.924
7.516
0.152
106.279
132.152
88.017
103.971
9.810
0.127
83.281
131.103
94.642
9.724
0.159
103.309
106.944
111.627
6.199
0.134
103.614
125.955
106.828
8.508
0.113
84.703
133.321
105.874
8.482
0.125
111.315
128.151
108.252
6.274
0.121
113.769
125.377
88.270
7.540
0.154
107.067
108.528
86.514
6.973
0.138
105.013
138.729
104.494
8.200
0.325
104.694
119.596
106.829
6.701
0.145
111.290
131.397
84.233
8.245
0.142
111.052
131.207
90.909
7.240
106.019
0.139
91.693
123.063
85.912
9.241
106.757
0.176
78.246
105.852
107.579
8.337
0.152
107.543
116.250
91.099
10.715
109.772
0.165
83.960
108.168
83.169
8.217
0.178
111.247
136.912
91.720
109.701
10.419
0.158
161.632
117.991
92.902
7.294
0.151
107.810
112.694
109.807
6.002
0.149
114.362
126.119
88.799
8.167
0.151
107.392
108.689
84.771
9.211
0.159
104.529
133.717
112.401
8.355
0.113
107.281
98.327
91.082
9.625
0.147
107.838
122.449
85.173
10.622
0.157
105.767
131.571
104.491
10.561
0.133
112.076
123.651
88.143
9.726
109.009
0.195
85.699
112.061
88.190
10.892
108.818
0.150
82.649
108.855
90.128
103.153
7.011
0.174
83.219
108.506
95.327
106.380
6.921
0.183
84.213
128.665
91.365
101.720
9.895
0.166
142.750
136.258
86.488
106.595
9.680
0.184
115.483
127.871
82.889
6.867
0.157
111.598
131.275
88.552
7.335
104.293
0.131
87.624
124.882
79.416
9.872
122.262
0.161
103.185
104.330
108.139
4.715
0.138
102.848
109.860
104.590
10.342
0.151
164.029
125.933
86.033
8.037
110.590
0.122
91.665
101.591
86.285
8.867
104.937
0.172
83.872
131.183
91.999
84.768
10.332
0.179
138.237
108.588
96.854
110.069
7.305
0.168
104.591
111.845
113.352
107.684
2.940
0.111
88.732
116.578
93.448
7.116
90.277
0.156
90.034
103.889
84.092
10.142
0.158
106.218
109.431
93.756
103.881
9.193
93.476
0.165
102.360
109.819
101.123
105.161
5.329
102.731
0.182
83.191
120.053
87.996
105.697
4.093
0.181
104.451
125.572
113.518
111.048
9.782
0.157
112.713
105.224
88.227
6.210
0.161
111.971
114.110
86.039
11.027
0.167
118.490
131.089
86.876
8.716
112.110
0.157
86.752
108.836
89.192
10.347
109.669
0.180
83.386
99.605
92.785
101.250
6.059
0.176
83.452
123.990
97.580
117.216
7.798
0.141
105.809
106.122
94.979
9.313
105.557
0.152
87.694
136.440
83.067
6.810
0.148
92.700
110.663
84.385
7.040
0.170
107.335
115.188
94.158
8.849
108.435
0.139
91.052
133.212
80.967
11.183
0.150
111.403
126.602
92.746
8.928
0.149
109.701
113.946
92.783
8.580
0.152
111.032
115.394
85.406
8.638
104.357
0.151
111.661
120.440
93.466
10.559
102.051
0.138
86.116
125.635
86.415
9.472
103.099
0.172
88.368
122.765
89.794
10.830
106.641
0.176
84.065
110.623
82.598
11.535
113.626
0.173
106.248
108.262
92.830
105.394
8.762
0.190
84.220
121.004
98.173
102.786
8.468
87.777
0.175
105.969
106.031
81.930
9.727
109.191
0.165
99.630
106.212
108.881
106.037
6.466
86.145
0.135
83.430
102.398
89.615
104.709
7.394
0.207
85.923
104.943
98.754
106.523
8.410
111.023
0.165
105.502
109.687
84.184
90.528
8.878
153.126
0.195
80.068
102.242
99.682
106.865
6.547
0.176
81.784
104.437
91.724
107.693
8.496
86.345
0.156
86.608
100.722
90.197
99.670
10.483
154.812
0.200
100.710
103.269
96.536
106.061
10.603
0.187
106.436
110.808
96.907
103.573
9.769
0.169
81.794
133.643
108.613
108.978
8.241
0.123
84.519
109.299
89.718
8.095
0.155
108.114
110.616
92.423
4.954
0.148
106.651
120.387
107.559
5.396
0.130
110.247
127.299
89.758
7.930
0.152
107.388
111.227
90.430
8.092
0.162
90.055
112.024
92.575
5.957
0.154
104.997
109.752
108.900
6.672
0.139
103.280
113.643
109.671
7.477
0.133
89.330
104.557
84.115
6.157
0.165
114.278
136.408
89.629
7.944
104.038
0.113
92.766
122.518
89.163
8.981
102.600
0.158
85.844
127.266
84.098
8.258
102.781
0.159
90.293
120.768
85.316
8.417
0.151
115.721
134.014
92.960
3.785
0.154
108.154
117.141
92.643
5.416
0.136
91.726
120.245
89.511
8.845
86.635
0.165
83.588
99.612
85.589
8.454
104.863
0.167
85.490
103.307
87.370
109.674
6.608
0.171
103.899
102.018
119.105
113.271
7.628
0.158
82.974
106.841
92.130
5.932
0.167
108.126
114.921
90.738
6.833
0.163
109.511
122.349
88.165
8.687
85.354
0.129
89.392
126.496
91.056
8.867
104.863
0.160
90.439
100.059
87.294
109.276
9.629
0.194
81.632
107.838
96.764
106.937
6.086
0.171
112.615
106.948
92.535
110.713
5.902
0.171
86.097
114.023
88.154
8.441
0.164
104.679
115.395
89.860
5.336
105.049
0.158
86.308
132.424
90.007
6.460
0.166
105.872
111.643
99.930
9.367
106.748
0.158
83.914
108.646
88.524
9.342
0.174
105.808
112.154
87.009
104.482
9.644
0.185
110.440
131.946
93.857
102.595
7.719
0.172
89.892
132.086
85.170
7.574
0.168
113.148
127.688
88.788
11.473
0.133
108.531
114.548
87.012
9.009
0.160
89.922
119.346
85.129
6.211
0.152
115.352
130.521
90.204
7.547
107.648
0.158
90.577
98.565
92.591
9.298
103.801
0.186
88.399
124.056
87.006
106.272
10.807
108.413
0.183
105.077
102.354
96.547
105.654
8.922
0.190
85.156
105.084
92.466
106.106
6.223
0.127
111.301
129.861
90.188
109.882
6.289
104.074
0.173
90.328
128.128
91.565
7.925
0.148
100.552
109.117
109.579
7.044
0.146
108.026
110.908
83.742
9.920
0.161
145.458
137.627
93.490
5.194
0.143
107.032
104.502
88.983
7.810
0.162
107.267
120.915
85.546
6.455
0.167
88.017
115.475
86.016
9.008
0.166
91.395
113.186
88.203
6.973
0.166
113.651
135.108
89.142
11.665
0.110
112.935
108.781
89.494
114.107
7.362
0.156
85.649
108.544
87.624
9.156
109.970
0.153
81.355
110.596
87.482
85.859
7.743
91.347
0.190
77.087
96.602
123.146
100.774
9.504
96.928
0.162
99.717
97.039
108.788
109.671
9.785
85.705
0.178
88.068
102.403
91.936
102.054
6.341
126.899
0.182
110.697
115.171
93.002
99.795
8.795
157.323
0.127
104.002
105.287
97.575
113.257
9.626
84.420
0.163
80.410
103.228
87.083
106.442
7.113
112.407
0.187
83.663
97.788
95.344
109.599
9.556
0.169
84.476
111.158
99.644
87.694
8.809
93.711
0.166
87.523
104.512
94.773
101.735
8.358
108.024
0.228
101.344
100.046
112.766
106.652
10.450
80.723
0.144
80.839
123.930
87.652
107.271
6.820
79.595
0.202
86.498
115.097
96.105
114.345
5.693
0.198
83.100
102.969
104.745
108.686
7.497
84.221
0.170
116.919
104.541
84.378
104.643
6.136
0.190
82.943
103.697
100.236
98.799
8.782
0.165
88.652
138.573
87.873
104.376
8.183
0.170
88.336
139.895
85.697
103.134
6.786
111.776
0.167
151.631
105.951
91.485
7.333
104.482
0.161
136.581
126.254
85.483
8.364
100.437
0.148
90.426
118.765
89.464
7.075
100.743
0.173
88.297
123.167
88.621
6.931
108.206
0.162
88.844
110.956
86.564
8.514
101.178
0.179
84.271
129.275
86.193
105.891
6.556
0.185
104.543
129.073
117.716
106.973
6.086
0.153
85.553
109.201
97.717
9.653
106.459
0.155
90.214
126.080
87.115
4.606
0.149
105.377
114.637
90.469
10.296
107.802
0.160
87.433
137.438
89.737
10.439
0.145
132.411
111.667
90.605
6.746
0.189
106.151
113.953
86.577
9.738
0.157
106.601
122.997
110.843
8.543
84.194
0.136
89.100
96.048
83.758
8.836
0.167
102.360
107.211
97.461
106.739
3.809
0.182
91.930
123.472
86.361
7.682
86.314
0.178
90.416
111.425
80.304
8.321
93.152
0.172
105.671
104.616
101.125
102.611
6.302
0.183
81.145
125.068
101.387
104.940
8.687
0.175
88.386
131.551
81.904
8.486
0.144
104.486
127.540
106.651
6.305
0.147
165.790
122.723
89.245
8.744
108.782
0.154
92.222
111.556
88.477
6.157
0.166
91.792
111.800
98.454
101.029
7.566
0.194
130.832
128.437
92.369
106.555
11.581
0.169
88.914
111.699
94.177
105.735
7.914
87.843
0.165
111.044
93.931
91.246
106.524
9.787
84.168
0.183
87.710
95.309
95.729
101.029
8.265
0.202
84.205
175.455
93.108
91.515
8.519
0.166
103.820
124.180
117.548
83.699
7.065
86.307
0.181
84.473
102.806
83.244
8.754
105.883
0.224
108.919
103.655
99.221
107.629
55.925
77.686
0.173
87.941
128.598
96.567
100.132
8.889
87.369
0.190
104.789
94.595
105.537
102.890
8.009
0.181
79.921
125.849
102.251
109.437
7.216
130.631
0.142
93.388
104.721
85.508
9.557
0.185
101.701
109.660
91.294
106.208
6.710
0.182
111.965
134.727
84.372
6.944
106.593
0.133
83.441
127.728
105.445
7.242
110.448
0.159
101.522
101.592
102.863
9.101
105.599
0.143
85.498
113.876
83.226
5.678
0.192
103.466
112.503
92.956
106.273
7.701
89.624
0.178
104.684
103.117
104.248
7.335
112.715
0.164
133.765
101.903
83.093
8.963
0.171
104.036
132.212
158.206
108.577
6.463
0.168
95.143
118.900
85.719
5.550
0.165
84.933
112.147
87.799
6.590
105.644
0.156
95.841
104.677
84.067
6.054
0.182
102.120
133.716
117.091
108.351
7.860
137.238
0.152
100.108
103.989
110.436
100.515
7.716
0.168
87.193
174.911
85.736
11.653
152.554
0.180
93.290
103.978
86.414
4.728
0.164
103.459
114.814
113.610
107.422
5.705
110.089
0.138
108.443
104.934
88.133
11.216
0.138
105.402
172.484
88.474
87.386
7.112
87.003
0.181
86.394
118.707
91.746
105.611
7.794
81.115
0.161
84.700
100.569
95.655
114.150
7.853
105.298
0.185
82.542
103.885
100.151
83.911
7.341
0.194
79.942
111.643
101.864
86.015
6.439
0.189
88.840
113.206
93.877
117.184
7.865
82.011
0.150
95.484
171.715
84.684
106.238
4.221
85.823
0.182
89.725
102.852
99.582
102.513
6.458
0.144
86.290
102.440
102.057
105.039
6.338
86.825
0.175
91.422
99.907
89.212
106.252
7.429
90.232
0.182
86.759
100.164
96.328
100.995
6.904
0.199
109.717
121.437
102.981
100.331
7.055
138.801
0.167
112.416
103.749
90.632
6.160
100.776
0.179
84.935
128.366
86.474
103.051
7.044
84.838
0.199
85.802
100.322
90.782
105.050
5.158
84.464
0.201
78.719
97.441
117.712
101.882
8.638
93.768
0.175
99.884
99.658
92.583
105.116
5.903
0.168
86.289
109.013
90.932
108.124
5.707
106.734
0.171
82.097
105.926
108.067
99.492
10.203
82.478
0.170
109.055
99.629
92.768
107.397
6.060
101.801
0.198
84.601
104.988
91.241
104.724
9.956
108.505
0.149
79.057
105.794
97.980
98.319
8.108
0.187
134.552
174.753
100.742
103.067
8.967
85.573
0.155
108.886
116.818
84.411
11.043
169.392
0.202
106.582
103.750
91.999
109.929
7.162
82.536
0.183
88.940
103.066
92.690
103.758
8.897
85.179
0.176
85.866
101.765
99.301
102.930
9.211
90.417
0.173
85.686
100.271
95.491
108.410
86.556
7.402
0.185
81.922
99.051
99.126
99.771
8.874
85.743
0.193
105.348
98.639
100.587
107.340
7.565
0.188
82.157
103.445
94.215
107.839
5.611
0.157
105.834
110.260
95.718
107.235
9.501
0.180
85.287
137.263
93.536
106.619
7.015
0.170
85.157
136.550
100.158
105.369
10.953
90.547
0.161
108.954
109.192
91.547
100.552
7.984
87.716
0.200
159.331
101.578
94.980
84.607
103.433
7.822
0.180
84.461
104.435
103.866
109.049
8.425
0.171
84.492
102.484
92.386
109.089
7.816
108.404
0.181
84.336
109.728
95.851
88.750
7.838
0.178
84.090
101.943
106.080
117.474
6.281
87.927
0.188
86.076
151.134
86.419
4.245
0.137
154.372
109.798
99.806
110.668
4.913
0.151
81.399
113.692
109.426
8.272
104.357
0.140
90.067
129.164
87.103
7.874
110.682
0.184
93.853
108.221
88.297
8.130
0.139
108.797
120.131
96.551
83.462
6.706
84.807
0.185
112.303
106.030
89.884
105.229
5.250
101.467
0.204
88.065
121.422
87.615
101.302
7.193
0.178
113.757
129.485
104.243
116.627
5.621
0.168
88.988
114.751
87.045
6.843
104.996
0.163
85.630
105.467
91.506
6.611
102.253
0.154
82.970
130.032
90.400
83.408
6.107
85.215
0.193
85.759
108.852
97.397
105.778
9.423
80.022
0.184
85.325
122.311
99.121
83.792
9.231
83.599
0.182
80.296
99.351
102.409
107.045
9.838
0.171
84.787
107.853
101.758
109.146
7.969
86.535
0.166
88.046
105.858
86.701
107.527
7.855
109.650
0.190
81.349
98.793
102.700
109.673
6.400
0.176
83.162
110.083
92.986
86.926
6.765
112.443
0.186
82.291
106.753
96.380
105.008
8.146
87.159
0.203
91.727
146.663
88.670
104.360
6.556
0.207
107.838
104.758
105.745
108.074
8.385
87.003
0.173
89.460
157.889
85.726
9.299
87.047
0.176
87.425
106.538
101.032
104.610
8.218
0.912
81.435
102.744
119.107
110.707
4.762
0.168
82.629
105.489
116.415
101.042
9.449
0.154
85.288
126.075
137.443
108.732
8.102
0.169
135.499
106.080
86.393
10.025
154.429
0.831
87.689
110.677
99.770
104.671
5.567
0.192
77.668
101.493
120.140
110.143
84.333
6.972
0.164
86.094
159.454
89.322
9.792
0.204
84.113
114.429
92.708
86.313
102.774
9.487
0.185
86.491
120.578
94.130
139.480
112.484
8.396
0.172
132.898
101.368
89.888
112.615
8.597
109.282
0.177
79.665
103.057
94.284
107.558
7.039
80.656
0.185
90.219
105.065
89.922
103.506
4.619
0.196
76.623
100.912
125.032
111.088
6.327
0.832
89.434
118.843
133.017
7.218
88.520
0.178
96.373
114.408
86.397
6.985
0.139
109.917
109.102
95.973
112.458
6.779
108.935
0.170
87.752
160.723
86.620
86.469
7.825
0.208
88.667
108.894
98.510
115.377
7.441
0.174
105.686
113.013
145.591
105.146
7.870
129.498
0.155
116.729
112.000
93.913
110.232
6.687
0.180
86.577
109.636
101.390
113.461
7.079
0.172
88.105
111.237
144.068
86.586
9.492
133.827
0.169
87.203
101.341
106.554
103.265
6.225
0.176
86.533
128.911
95.219
155.338
6.296
0.171
107.265
118.256
95.153
107.417
9.215
0.147
86.073
104.988
86.345
7.363
108.156
0.168
91.072
105.101
97.763
110.452
55.862
0.183
85.056
110.788
100.343
88.064
9.654
81.380
0.195
86.426
108.635
96.177
109.183
10.092
83.476
0.209
85.155
93.041
98.543
106.192
7.994
84.968
0.182
81.808
105.737
144.963
85.980
5.771
88.535
0.219
96.593
99.336
102.226
105.643
6.000
83.456
0.187
84.468
98.065
93.960
106.964
81.188
5.945
0.207
85.201
99.895
96.051
102.577
126.901
7.764
0.170
91.554
115.167
95.854
101.941
9.652
78.214
0.162
109.005
112.563
100.136
104.983
78.594
9.656
0.180
86.001
121.443
89.950
105.933
8.850
110.229
0.173
88.903
92.754
90.525
105.732
102.954
5.641
0.204
87.184
100.473
97.434
105.858
89.103
9.320
0.219
139.612
102.140
97.756
107.674
6.533
0.165
84.416
100.787
100.658
116.448
79.871
6.558
0.153
79.296
99.559
107.840
156.615
7.960
88.117
0.188
88.767
99.722
97.179
101.478
9.455
126.339
0.193
94.541
127.080
103.144
88.126
81.050
8.938
0.214
78.191
103.160
105.815
96.922
8.287
87.871
0.189
82.715
99.565
94.563
154.447
7.147
100.122
0.169
92.931
126.558
138.819
111.315
5.957
83.546
0.173
132.273
144.752
90.864
103.669
10.007
109.528
0.142
82.375
105.842
89.759
94.548
106.203
9.340
0.193
89.654
102.975
99.497
102.850
8.427
90.541
0.163
84.030
105.075
95.849
150.600
6.085
79.375
0.192
88.480
102.825
145.418
102.517
6.905
0.195
86.474
171.594
94.575
106.227
4.911
109.544
0.161
108.286
108.868
88.877
8.860
110.912
0.168
91.377
106.866
139.026
109.441
6.074
0.183
83.269
155.033
98.500
82.825
128.487
7.361
0.186
104.922
110.185
97.473
86.424
8.309
114.236
0.187
78.523
100.583
113.630
105.528
4.876
106.898
0.177
87.276
108.153
143.710
89.464
5.829
0.213
123.782
152.886
124.404
96.300
88.196
7.526
0.168
85.171
110.561
88.541
88.288
9.401
82.149
0.193
81.519
101.826
109.805
91.129
82.903
6.139
0.197
84.997
95.967
152.302
104.632
6.787
0.193
84.053
104.929
113.306
89.794
8.036
79.642
0.167
89.147
132.242
96.255
93.550
135.152
8.511
0.177
76.361
104.042
122.425
85.541
81.983
6.875
0.193
87.380
101.613
90.200
154.783
7.046
82.965
0.171
81.779
95.864
100.456
152.291
8.917
81.794
0.178
133.908
149.768
106.522
89.803
6.512
135.271
0.210
86.055
146.228
99.670
110.400
107.098
92.254
11.265
0.180
84.858
91.496
90.395
102.625
9.362
80.362
0.187
106.700
91.230
107.014
105.174
80.915
10.340
0.182
87.421
100.145
100.814
95.030
93.963
8.621
0.191
83.225
109.662
99.326
85.728
7.540
110.565
0.194
96.774
99.554
103.824
154.031
10.713
92.751
0.176
93.026
105.442
86.296
151.419
6.026
102.087
0.187
89.981
107.752
97.665
139.401
8.307
83.685
0.147
78.604
103.823
150.865
89.324
90.429
8.108
0.208
85.886
103.048
91.621
104.158
118.347
6.671
0.180
129.123
113.670
102.119
91.428
85.860
6.748
0.196
76.561
96.335
120.942
106.102
120.986
5.845
0.187
81.819
139.029
93.399
102.939
135.584
6.120
72.717
0.196
82.121
133.311
97.689
103.458
7.307
99.909
0.178
74.733
105.853
136.311
96.700
95.689
8.380
90.137
0.202
78.537
87.441
102.148
116.222
75.636
6.935
0.221
72.881
99.255
130.629
84.648
135.014
7.695
0.164
82.120
103.544
102.386
91.500
149.346
8.535
0.186
82.316
100.005
114.095
101.557
87.327
8.976
0.183
106.868
96.688
110.680
113.822
79.559
7.454
0.181
78.165
114.456
115.546
70.085
8.509
92.006
0.220
115.965
93.971
100.085
105.769
8.808
0.223
69.213
105.270
135.021
85.383
79.000
54.458
0.159
85.751
135.315
104.095
98.954
84.247
6.405
82.951
0.194
79.564
100.025
106.091
95.534
102.670
6.780
86.631
0.217
75.778
95.741
150.810
82.381
88.893
9.130
87.914
0.183
85.202
92.504
142.588
142.708
97.947
7.088
0.209
99.584
100.334
91.961
150.723
100.463
9.921
93.120
0.198
101.479
95.748
100.238
111.357
6.547
0.216
78.798
98.515
177.773
107.956
100.442
96.872
9.499
0.160
85.968
108.228
81.290
76.188
7.140
0.229
93.466
99.364
108.223
103.804
133.200
8.348
0.166
92.179
97.171
112.737
103.336
137.842
6.408
0.197
84.720
95.868
103.482
103.094
94.162
8.760
96.880
0.194
90.291
118.481
96.167
88.540
9.049
88.137
0.204
82.123
99.782
107.615
97.254
132.013
5.110
0.169
87.464
112.424
97.666
91.950
90.511
4.916
0.159
75.048
97.709
145.792
109.725
139.788
9.166
95.450
0.207
89.254
99.861
80.812
86.757
5.652
99.479
0.231
88.692
126.593
107.288
93.201
109.169
6.867
0.178
101.000
120.640
94.737
83.506
6.553
0.214
79.878
104.277
107.323
108.450
164.271
6.792
0.173
87.064
122.592
88.808
97.302
10.112
87.340
0.209
79.468
92.745
90.121
164.151
130.900
7.595
0.174
79.112
106.248
96.543
148.215
103.521
7.407
0.191
83.604
113.359
108.662
90.468
86.257
6.348
0.210
78.876
112.569
106.818
96.594
87.782
7.412
87.678
0.178
87.295
93.482
94.518
117.691
4.435
80.996
0.204
75.925
121.908
105.298
88.338
143.480
9.284
95.047
0.192
78.146
91.721
89.703
108.080
131.318
7.867
86.346
0.207
78.787
95.697
98.462
104.824
115.382
8.255
85.750
0.239
75.297
86.481
113.153
108.946
113.398
10.010
121.755
0.161
125.757
123.568
101.067
90.985
81.860
7.782
0.227
78.964
96.071
117.342
103.213
9.184
79.368
0.201
91.608
110.261
104.456
119.631
69.503
4.545
90.534
0.174
103.504
114.493
112.842
94.793
70.230
78.271
9.149
0.262
75.481
86.587
92.515
78.578
112.043
8.294
0.237
82.554
87.704
96.681
112.135
100.544
6.074
0.186
76.444
119.209
119.514
132.026
92.615
8.828
79.213
0.194
76.852
114.419
107.483
109.480
6.084
68.105
0.262
83.134
128.448
121.363
92.021
80.828
7.628
83.634
0.226
107.127
100.982
107.294
88.998
6.488
0.174
84.492
119.180
109.038
125.663
7.131
98.411
0.168
90.414
108.560
99.244
91.680
142.820
7.337
0.181
80.537
93.999
111.022
89.740
83.997
6.181
95.642
0.190
79.864
102.264
96.797
89.082
46.233
519.159
289.218
125.933
219.140
2.601
0.100
59.794
58.109
71.689
67.898
81.678
2.965
0.244
63.196
113.662
111.748
131.435
111.428
109.395
5.124
0.170
100.026
92.815
115.674
104.839
4.734
0.140
104.891
137.837
108.478
5.144
0.113
111.880
130.943
91.843
9.974
0.160
105.685
114.819
120.024
6.781
0.122
111.388
107.538
92.519
7.383
0.138
112.663
121.647
92.616
9.316
0.129
115.726
115.465
90.254
5.896
116.834
0.102
89.739
118.759
86.343
5.157
0.160
87.188
114.044
100.852
108.930
5.285
0.158
89.849
127.170
104.292
108.761
5.937
0.157
85.526
123.627
89.247
6.640
0.162
107.549
112.107
110.842
6.237
0.118
120.070
145.492
89.088
91.213
7.752
0.152
137.752
108.687
92.551
153.218
4.982
0.199
87.335
106.659
107.471
103.672
6.383
95.027
0.178
106.270
100.328
193.477
146.479
2.050
0.151
44.381
517.958
217.956
29.524
2.119
0.081
138.348
38.400
13.495
1.921
0.055
221.180
346.510
86.484
135.553
3.428
0.071
165.019
167.245
116.010
39.919
29.539
35.179
3.976
0.133
42.947
55.596
71.487
80.323
63.317
3.540
0.175
64.752
