5.269
3.287
0.779
0.011
64.112
73.036
71.121
71.087
68.207
78.913
72.024
67.666
49.801
51.733
64.522
56.073
67.293
68.886
92.440
103.045
40.840
31.763
29.667
64.934
38.871
210.552
193.068
161.024
125.407
46.143
42.416
54.256
62.466
65.335
72.560
76.393
80.974
82.031
90.141
5.498
0.265
88.029
102.431
120.483
108.021
98.641
81.144
105.671
105.131
103.741
82.156
79.486
9.517
0.355
87.016
83.994
117.388
125.488
109.362
116.564
85.560
88.677
86.528
9.886
78.053
0.334
85.790
84.172
102.268
120.939
165.028
88.425
7.765
0.222
85.465
105.317
104.252
79.343
6.562
95.758
0.232
102.987
104.818
117.229
101.967
95.250
7.729
117.049
0.192
125.772
104.401
125.288
90.690
6.382
85.953
0.234
90.803
93.933
155.152
126.473
43.872
12.955
1.894
0.068
508.717
176.100
52.166
5.237
0.114
70.145
82.410
98.298
100.134
101.206
8.101
0.231
102.372
127.841
133.090
110.902
6.910
0.179
116.825
154.417
123.804
116.977
5.564
112.950
0.209
116.252
142.397
117.196
111.770
6.726
0.206
92.253
157.140
123.871
118.735
89.607
6.731
0.165
91.908
108.523
114.921
104.134
149.505
6.497
0.229
108.346
100.213
114.072
106.558
6.511
0.865
87.550
125.164
101.004
117.485
4.867
133.570
0.208
92.102
149.611
91.161
108.739
4.837
0.218
105.249
102.613
139.518
110.684
8.374
92.822
0.177
100.263
103.696
93.524
8.448
0.187
272.973
193.152
896.124
5.499
1.876
40.713
12.965
1.870
0.095
286.827
343.516
69.031
1.907
0.097
207.532
148.731
56.458
58.860
72.640
68.724
79.248
7.000
0.276
64.541
106.233
110.783
116.501
126.527
104.963
10.800
105.407
0.231
80.637
89.292
100.878
102.824
4.126
0.235
89.394
106.539
104.060
91.913
5.752
85.329
0.235
83.832
100.692
90.866
110.767
3.434
0.214
147.604
103.832
130.436
108.930
5.434
0.194
79.540
115.812
117.359
5.580
88.718
0.161
91.208
110.243
90.340
3.640
0.202
88.057
116.160
97.333
88.578
83.624
4.188
0.181
87.532
126.566
107.279
102.928
4.857
88.558
0.186
101.393
96.449
115.507
102.439
88.314
3.970
0.210
100.466
99.314
112.735
108.377
3.771
0.201
85.635
103.109
103.479
106.323
4.160
91.136
0.196
83.156
102.701
95.544
109.158
4.169
82.945
0.226
87.286
97.142
101.518
113.311
4.320
0.209
87.433
109.199
100.274
155.966
3.897
91.732
0.177
130.519
105.804
117.112
106.710
3.539
0.188
88.604
105.772
89.690
114.888
3.845
0.183
113.815
118.519
100.803
93.987
6.457
98.072
0.210
91.908
107.729
107.278
118.277
85.032
5.324
0.223
90.032
103.679
141.574
91.921
88.366
3.074
0.234
93.322
98.310
103.337
90.198
81.390
6.471
0.223
86.561
114.599
106.893
154.903
88.359
4.771
0.199
90.313
106.110
103.523
88.199
85.727
4.782
0.214
78.251
100.773
118.028
81.563
90.090
4.536
0.183
83.312
97.465
102.756
114.682
2.887
86.742
0.203
83.278
102.915
100.211
94.037
97.494
9.142
0.226
77.137
105.316
167.487
96.944
87.178
4.466
0.194
79.698
94.715
107.392
108.541
3.149
0.248
85.847
108.173
101.428
137.666
108.915
7.793
0.216
89.304
129.922
107.026
93.614
90.604
2.907
82.757
0.258
80.877
94.377
93.253
86.516
90.666
5.184
0.242
102.269
40.941
17.565
1.848
0.072
506.232
374.904
171.112
3.768
0.109
48.323
49.639
66.870
76.216
79.144
87.689
85.796
3.385
0.264
93.745
114.662
121.018
125.514
104.894
5.790
83.512
0.224
82.303
115.433
130.307
108.714
2.696
0.233
84.392
105.667
123.546
109.921
3.082
88.373
0.215
84.888
109.660
101.527
94.435
3.899
101.732
0.255
91.149
103.293
167.441
105.473
3.677
136.241
0.231
96.794
110.933
90.569
94.032
110.952
2.603
0.234
80.709
102.309
121.447
106.718
2.261
0.222
133.369
178.013
105.203
102.302
111.644
2.928
0.231
91.872
115.881
112.920
89.856
2.504
0.211
87.069
101.046
109.419
111.253
91.277
2.339
0.194
88.735
118.292
89.438
99.763
3.637
0.213
92.808
153.301
105.939
114.835
89.067
4.089
87.962
0.240
91.043
95.964
114.219
113.073
90.678
5.677
84.659
0.235
86.139
98.199
96.139
85.423
88.572
2.650
0.307
96.136
110.368
109.754
40.454
17.837
1.797
0.092
516.328
405.399
190.009
2.273
0.111
37.549
17.268
1.764
0.094
174.184
267.159
69.939
180.123
1.852
0.082
171.109
124.351
187.210
2.994
0.126
42.598
38.969
52.663
59.243
63.339
68.704
78.384
78.494
78.503
3.348
0.277
78.602
105.176
106.338
112.533
93.370
2.907
0.187
96.857
138.795
130.008
102.580
3.124
0.159
104.183
121.687
104.857
2.495
0.133
102.927
131.116
104.059
2.470
0.144
105.005
122.629
105.079
2.606
0.149
104.260
125.868
106.669
2.810
0.140
104.181
126.986
104.599
2.716
0.142
104.767
124.888
107.381
2.660
0.137
103.993
123.978
104.791
2.705
0.144
107.176
124.534
104.949
2.933
0.132
105.489
126.889
105.219
2.829
0.155
104.973
124.683
106.687
2.848
0.141
105.427
125.546
106.372
3.019
0.153
104.875
130.206
106.140
3.034
0.130
103.151
122.745
107.611
3.155
0.144
104.973
126.257
105.762
3.221
0.151
103.433
130.612
107.525
3.440
0.142
105.198
128.086
107.500
3.190
0.142
104.630
129.209
104.698
3.348
0.136
104.683
125.054
104.194
3.516
0.143
104.320
131.217
104.248
3.344
0.837
106.379
130.487
104.156
3.262
0.136
106.066
131.641
108.210
3.394
0.144
104.463
125.147
104.923
4.215
0.147
104.392
123.589
106.648
3.612
0.150
104.331
124.219
104.388
3.657
0.141
105.203
123.569
104.349
3.464
0.144
103.767
128.358
104.295
3.640
0.152
103.769
123.983
107.253
3.607
0.149
104.816
125.605
106.413
4.707
0.147
110.701
124.888
83.788
4.348
0.161
107.722
140.663
103.882
3.879
0.146
104.018
122.093
102.928
3.966
0.154
104.629
127.634
105.444
3.694
0.155
102.590
122.170
103.817
3.979
0.145
105.017
123.146
105.572
3.919
0.140
104.613
128.838
108.055
3.854
0.146
109.507
123.789
87.594
5.803
0.162
102.729
119.213
108.828
4.913
0.158
106.847
125.087
108.121
5.343
0.142
107.386
99.766
84.523
4.774
0.172
106.879
151.020
106.599
5.131
0.135
103.262
116.303
104.687
3.914
0.137
104.076
127.705
104.133
4.018
0.141
102.894
121.861
102.685
4.170
0.142
103.535
120.147
108.146
4.255
0.148
104.623
130.938
104.136
4.099
0.138
106.732
121.015
102.472
4.050
0.139
103.519
129.222
104.132
4.331
0.147
105.546
119.707
103.776
4.243
0.142
105.794
122.684
104.760
4.130
0.147
107.284
125.886
107.235
4.349
0.150
102.982
127.263
104.663
4.016
0.136
105.810
132.298
104.758
4.084
0.161
103.917
121.516
104.043
4.386
0.141
107.886
123.441
84.289
6.226
0.163
103.961
131.537
103.438
4.352
0.131
103.637
117.457
104.575
4.202
0.156
103.747
127.546
102.380
4.374
0.146
106.682
121.833
104.469
4.617
0.141
104.704
121.658
107.257
4.822
0.134
104.495
122.911
103.486
4.100
0.135
104.908
126.439
104.257
4.310
0.148
105.849
122.688
107.440
4.725
0.146
102.988
123.739
104.847
4.489
0.135
104.883
130.356
103.637
6.156
0.145
104.344
123.515
104.629
4.539
0.154
103.492
123.471
109.872
4.546
0.144
106.432
126.666
103.251
5.068
0.144
103.964
123.781
104.825
4.748
0.155
106.229
125.194
105.328
5.319
0.145
103.027
124.664
104.675
4.815
0.163
104.489
125.663
106.701
5.270
0.150
106.033
134.676
101.803
4.638
0.140
104.496
127.488
104.240
5.205
0.145
103.752
127.325
104.409
4.452
0.139
104.245
123.172
105.341
5.295
0.146
107.415
127.982
102.673
4.729
0.148
105.350
133.545
107.497
4.845
0.145
105.704
124.413
105.813
4.957
0.136
105.179
125.939
106.340
4.719
0.149
107.503
131.828
85.021
5.150
0.170
106.688
135.532
104.874
4.816
0.142
108.009
117.497
104.979
5.162
0.145
105.035
123.055
104.286
4.807
0.132
107.651
127.218
106.360
5.437
0.170
102.932
122.801
108.137
5.298
0.139
105.236
125.023
108.616
4.385
0.145
104.013
114.271
103.311
5.380
0.155
105.261
131.775
110.595
5.083
0.135
107.497
102.349
85.186
6.225
0.174
103.865
144.810
104.000
5.151
0.143
107.018
117.837
109.408
5.185
0.146
110.361
125.120
82.917
6.028
0.152
104.592
126.337
105.011
6.839
0.146
102.578
121.043
108.000
5.638
0.145
105.477
125.112
107.246
5.862
0.148
105.205
124.496
104.608
5.265
0.155
104.772
122.385
103.529
5.733
0.143
102.960
123.434
103.960
5.020
0.148
102.266
128.323
104.998
7.257
0.144
105.849
125.657
104.650
4.939
0.132
103.513
125.247
104.092
5.779
0.161
106.429
129.061
103.877
5.678
0.148
104.226
126.046
101.842
9.357
0.164
104.013
124.931
105.082
4.891
0.135
102.903
126.841
105.002
5.768
0.139
103.549
125.638
106.214
5.385
0.147
107.002
125.372
81.544
6.901
0.149
107.562
135.497
103.461
5.791
0.128
105.197
119.554
106.052
6.483
0.168
103.471
129.893
103.618
5.467
0.137
107.321
126.646
102.956
5.344
0.149
105.131
128.296
102.170
5.779
0.148
102.935
123.712
105.438
6.239
0.139
106.535
126.903
104.319
5.975
0.142
105.907
123.287
108.965
4.745
0.149
103.062
126.740
102.973
4.782
0.138
105.461
127.977
103.821
6.730
0.143
103.971
129.951
103.603
5.371
0.149
104.220
125.271
107.222
6.378
0.147
108.323
123.282
111.821
5.469
0.129
110.970
112.288
89.061
7.809
0.145
106.450
127.346
105.635
5.985
0.119
106.679
124.253
104.120
6.030
0.111
104.569
120.482
109.351
5.209
0.110
105.516
110.065
110.683
5.303
0.127
107.710
125.673
108.612
6.269
0.128
107.794
100.770
107.277
5.487
0.125
105.209
131.953
104.113
6.961
0.126
105.078
123.797
106.990
4.461
0.130
108.478
127.671
104.059
5.400
0.115
104.182
123.582
105.733
6.504
0.116
104.367
128.149
109.002
6.080
0.113
101.540
106.933
103.605
5.592
0.114
105.508
136.478
104.617
5.672
0.124
107.108
119.710
107.748
5.373
0.118
108.137
119.677
83.059
6.531
0.126
103.507
134.104
108.853
6.211
0.122
106.084
122.598
104.975
7.473
0.118
107.624
122.559
103.590
5.249
0.129
104.026
129.264
108.812
5.480
0.115
112.008
122.478
91.615
8.255
0.128
103.427
121.064
103.245
5.708
0.122
103.406
123.001
104.770
5.965
0.118
104.168
119.719
108.806
4.965
0.119
107.470
136.268
104.427
5.760
0.116
109.380
121.972
84.576
8.621
0.121
104.837
128.700
105.099
6.392
0.127
104.785
123.744
104.991
6.757
0.128
106.177
127.444
109.046
6.820
0.132
102.947
102.871
107.873
6.699
0.142
104.640
142.226
107.471
4.738
0.108
103.162
121.133
107.667
7.134
0.117
104.052
130.311
104.500
6.778
0.135
103.185
127.379
105.152
6.920
0.127
103.472
128.047
104.676
7.533
0.119
109.913
125.519
86.343
10.213
0.126
103.239
114.753
106.235
8.244
0.125
104.801
130.727
106.841
5.966
0.114
104.270
124.739
111.058
7.070
0.119
102.329
106.516
105.833
6.311
0.132
106.269
133.963
105.812
6.664
0.138
102.376
124.291
104.684
6.498
0.126
106.514
127.325
107.734
6.475
0.131
104.019
121.500
105.057
7.171
0.124
105.403
123.910
104.263
6.948
0.113
105.763
120.812
108.599
4.770
0.123
105.860
111.173
105.680
6.346
0.131
104.528
129.909
103.767
6.262
0.130
107.186
123.793
110.372
8.230
0.122
102.827
104.978
106.321
6.540
0.129
109.359
132.031
84.303
8.436
0.126
103.569
130.646
103.725
6.678
0.128
106.095
124.739
111.400
6.227
0.116
98.815
98.423
98.577
6.347
0.142
100.324
126.797
99.026
4.744
0.109
98.870
118.724
99.807
5.463
0.127
102.921
116.194
81.915
6.762
0.126
100.741
126.501
101.629
6.354
0.116
103.402
113.981
105.559
6.166
0.118
96.555
103.294
103.258
6.264
0.136
107.109
134.591
107.338
5.194
0.810
104.076
120.145
105.652
4.951
0.121
109.053
122.205
107.168
5.978
0.122
107.436
123.706
102.852
6.171
0.121
109.542
127.117
86.515
8.285
0.135
107.611
114.161
86.529
10.270
0.130
101.971
139.154
110.334
6.367
0.116
102.345
95.539
107.045
7.805
0.132
103.460
135.082
112.724
7.954
0.126
117.779
133.219
87.463
7.585
0.133
106.874
131.453
103.647
6.572
0.155
109.702
119.147
87.664
8.791
0.127
103.738
122.610
102.104
7.287
0.125
105.656
123.026
107.228
6.784
0.125
108.661
118.992
83.204
10.461
0.147
110.156
128.892
87.753
9.036
0.120
106.066
110.042
111.128
6.704
0.120
104.623
102.195
109.529
8.276
0.122
105.558
107.373
110.083
6.021
0.121
103.764
106.683
106.627
7.452
0.131
104.322
130.563
104.684
7.947
0.116
105.670
120.445
104.697
7.542
0.124
110.826
121.689
84.190
8.924
0.137
109.401
135.365
92.313
9.408
0.115
104.155
114.444
109.380
6.238
0.133
105.677
127.817
106.189
5.050
0.129
105.577
130.377
110.331
6.481
0.117
100.912
112.726
107.468
6.541
0.127
106.849
132.198
108.919
6.869
0.110
105.385
107.324
111.479
6.265
0.124
104.262
111.626
106.756
8.533
0.118
109.052
133.293
90.855
7.430
0.121
109.524
107.473
103.623
6.542
0.141
110.339
129.180
85.588
5.846
0.118
108.454
134.759
104.126
7.231
0.125
103.219
124.738
104.767
5.675
0.137
105.911
128.728
110.010
6.939
0.129
107.878
136.734
105.465
6.255
0.128
105.249
125.092
105.312
5.756
0.114
106.200
127.278
106.977
7.592
0.126
106.641
125.886
107.530
8.480
0.149
107.359
127.383
105.974
6.707
0.111
104.515
131.135
104.492
6.764
0.125
104.664
126.367
104.708
6.784
0.118
113.104
129.277
89.442
7.612
0.135
100.989
121.977
108.605
7.445
0.119
101.534
103.701
107.465
7.328
0.119
105.726
130.385
104.575
6.238
0.124
109.443
120.744
86.036
8.199
0.133
105.040
112.679
105.211
8.377
0.129
109.800
126.199
102.912
8.712
0.131
107.069
122.027
105.901
7.668
0.135
110.396
124.794
85.060
9.256
0.130
103.683
132.538
112.238
6.826
0.827
103.539
97.214
106.903
7.219
0.180
104.437
137.393
102.491
5.424
0.114
106.220
122.102
105.665
7.196
0.139
104.197
131.496
101.942
7.434
0.137
105.857
130.599
104.935
7.596
0.126
107.500
129.923
85.832
7.284
0.127
108.896
133.059
84.200
7.620
0.121
107.696
128.443
105.458
7.067
0.114
109.386
122.966
90.345
6.391
0.133
109.180
117.124
87.958
8.822
0.154
107.527
113.870
90.598
7.832
0.143
112.579
116.698
91.924
5.995
0.145
104.651
109.489
107.383
7.594
0.124
106.247
125.798
110.516
7.041
0.143
102.203
105.749
115.686
7.940
0.138
107.042
106.842
108.413
7.133
0.125
110.114
126.297
87.281
8.436
0.121
106.072
111.376
105.670
6.009
0.151
105.021
131.826
104.176
7.809
0.130
106.610
124.331
106.792
4.764
0.121
107.393
127.673
107.121
9.581
0.128
102.370
129.989
108.546
8.567
0.116
106.019
129.039
107.650
7.806
0.140
109.123
122.888
83.975
7.462
0.129
106.549
140.754
101.667
7.531
0.106
103.965
121.102
110.228
5.726
0.133
107.840
107.454
89.363
9.330
0.135
104.121
121.516
106.025
7.206
0.127
106.596
124.897
108.971
8.697
0.127
102.321
109.048
104.724
9.556
0.143
105.022
134.672
106.764
4.816
0.112
105.950
124.361
108.870
9.254
0.122
106.215
128.302
104.264
8.057
0.119
108.536
123.082
111.400
9.163
0.128
103.669
111.220
104.169
7.192
0.124
88.677
131.555
88.314
9.272
0.141
107.894
112.253
86.631
9.088
0.137
109.482
142.259
87.080
9.411
0.122
115.362
104.739
85.585
8.873
0.130
102.788
124.524
108.166
8.511
0.135
83.248
112.083
105.335
7.441
0.146
107.417
124.334
88.128
7.732
0.130
106.340
115.204
91.028
8.107
0.153
102.326
112.993
108.459
7.246
0.122
106.602
135.027
112.283
7.259
0.121
108.826
103.580
90.719
8.872
0.133
105.237
123.613
107.988
6.453
0.130
103.608
104.855
106.377
7.917
0.124
107.800
124.994
82.839
6.971
0.134
106.758
132.401
108.140
6.511
0.122
107.133
103.517
95.576
8.039
0.160
102.646
117.665
107.899
7.880
0.140
110.195
103.980
83.133
8.826
0.136
105.372
139.423
107.876
8.150
0.121
105.339
118.620
104.750
10.263
0.130
108.459
123.970
110.634
5.203
0.133
111.222
100.411
87.334
7.751
0.152
106.219
144.392
105.262
5.855
0.111
109.912
116.024
91.362
9.537
0.128
103.732
114.866
104.865
5.349
0.127
105.856
129.858
107.020
3.925
0.114
109.057
125.299
85.823
8.763
0.138
104.984
111.122
111.993
6.112
0.118
104.014
105.183
104.301
6.932
0.122
112.629
128.328
84.250
9.084
0.126
102.954
129.308
108.511
4.698
0.132
105.953
120.874
101.778
6.921
0.114
109.077
130.754
84.993
7.606
0.138
109.290
135.613
89.189
7.533
0.127
108.429
106.865
84.889
7.816
0.153
104.009
141.022
108.309
7.408
0.153
107.249
98.840
86.123
9.756
0.131
108.487
138.412
94.674
5.965
0.127
101.247
101.159
110.798
7.014
0.126
108.050
116.991
109.224
6.559
0.117
114.671
128.721
84.526
10.630
0.121
104.902
127.073
104.251
6.371
0.121
103.856
123.104
106.855
8.455
0.134
108.058
129.336
112.204
9.242
0.132
112.418
106.702
89.307
9.658
0.134
110.737
118.349
89.581
6.511
0.136
109.080
125.064
84.050
6.935
0.137
106.978
135.025
104.983
7.219
0.107
104.085
120.971
107.130
7.388
0.141
102.975
106.286
107.000
6.833
0.126
105.724
130.135
105.745
7.542
0.128
108.376
122.027
89.770
8.236
0.135
112.049
125.586
86.100
9.919
0.132
84.636
133.620
109.815
7.393
0.150
104.964
98.475
109.285
6.430
0.151
104.433
108.282
103.507
7.539
0.127
108.544
130.170
88.709
8.665
0.134
106.784
109.189
107.426
5.953
0.132
108.153
127.089
110.071
6.648
0.142
108.179
104.812
104.797
5.442
0.130
106.751
135.901
106.017
7.607
0.150
105.824
120.406
106.915
5.955
0.125
103.544
105.160
106.656
8.611
0.133
107.418
137.140
107.999
10.602
0.117
106.838
126.510
106.313
7.300
0.132
111.271
128.228
93.383
6.389
0.137
107.785
118.789
89.754
7.849
0.130
84.285
121.497
106.231
5.596
0.154
108.560
125.231
84.347
5.163
0.127
107.413
142.455
103.469
8.131
0.125
107.073
120.907
85.887
5.730
0.150
108.103
143.325
87.124
9.564
0.138
108.345
105.425
90.469
8.190
0.145
104.001
118.814
108.376
6.551
0.149
105.364
129.748
108.277
8.845
0.130
111.304
120.838
82.723
4.821
0.144
107.052
130.081
105.245
7.716
0.129
106.608
124.954
105.779
7.972
0.141
108.479
133.702
105.476
8.241
0.113
106.350
126.986
107.595
6.414
0.117
107.768
130.941
91.783
7.165
0.149
108.492
113.306
91.193
7.945
0.173
109.241
113.306
86.381
9.469
0.140
105.066
140.842
108.283
5.968
0.118
108.455
121.203
106.651
5.667
0.124
109.592
138.796
84.955
6.455
0.135
116.254
137.097
85.706
7.878
0.141
104.345
111.043
108.062
9.513
0.138
109.088
135.133
110.330
6.424
0.143
107.110
100.417
89.131
5.771
0.150
108.590
115.885
86.188
9.636
0.177
104.078
137.666
109.595
6.333
0.139
107.939
97.966
87.976
10.740
0.170
108.041
122.702
88.946
6.274
0.158
106.592
113.669
88.858
8.442
0.151
108.781
110.715
103.172
8.555
0.125
108.921
127.925
90.284
7.984
0.157
149.999
113.156
104.972
55.595
0.127
108.047
124.791
87.796
6.649
0.145
101.679
114.668
105.136
8.117
0.150
107.766
126.715
107.930
6.795
0.185
110.563
124.563
84.980
8.161
0.140
112.594
115.156
90.248
7.197
0.143
110.522
122.945
92.098
9.033
0.169
106.162
109.870
109.114
8.932
0.140
103.671
109.882
115.425
5.915
0.142
104.080
103.400
109.197
6.589
0.123
108.239
111.451
87.507
8.875
0.140
110.170
118.379
87.326
9.962
0.124
103.788
110.675
109.973
4.962
0.148
105.684
106.726
113.307
10.396
0.138
106.814
111.784
88.927
8.109
111.512
0.152
85.818
124.044
84.520
7.553
0.180
88.405
111.559
91.765
105.706
7.206
148.194
0.166
101.175
100.412
115.016
109.990
7.148
103.437
0.180
90.758
117.948
88.798
104.321
7.625
0.179
81.310
110.850
98.630
105.600
7.381
0.163
108.029
106.924
89.684
102.459
6.819
0.170
86.723
128.142
95.765
102.700
8.669
0.141
87.006
134.748
96.746
105.078
6.512
0.171
112.431
138.733
85.401
9.487
0.137
107.826
108.243
90.714
9.307
0.136
106.863
113.308
109.390
8.690
0.139
106.529
108.979
90.230
9.643
0.131
109.386
116.369
86.328
9.805
0.168
113.579
136.657
87.620
7.608
0.143
105.630
133.436
114.962
6.413
0.142
106.983
100.339
88.449
7.613
0.176
109.341
124.822
90.695
5.559
0.147
106.539
120.231
84.717
8.677
0.134
83.601
115.680
89.051
5.554
0.151
114.995
112.436
88.357
8.730
0.138
106.378
115.918
93.147
6.228
0.152
106.396
113.460
102.590
7.098
0.136
107.583
126.918
84.349
9.099
0.154
118.038
128.044
85.863
56.505
0.149
107.587
109.820
85.545
8.736
0.155
156.891
138.631
90.038
7.511
0.146
104.733
108.561
108.310
6.605
0.134
108.790
107.618
85.676
5.255
0.152
106.530
142.441
116.940
5.396
0.124
109.063
93.186
83.301
5.020
0.139
102.090
142.586
107.124
6.927
0.401
106.695
117.335
102.921
8.795
0.139
108.122
137.088
83.816
7.583
0.139
87.686
132.514
90.986
5.753
105.167
0.154
91.117
123.500
90.153
6.078
104.469
0.167
83.086
107.060
87.629
8.799
0.189
110.262
112.094
96.032
103.115
7.223
0.141
111.008
130.028
92.827
104.921
6.058
0.178
112.618
143.003
84.090
9.169
0.151
110.712
125.443
84.769
8.315
112.808
0.153
108.187
105.057
108.235
6.683
0.139
87.075
112.489
84.499
7.225
104.382
0.146
90.174
135.947
91.127
6.223
0.163
111.346
104.139
87.190
5.686
0.162
111.276
115.679
84.601
10.355
0.146
108.390
137.426
110.671
9.747
0.136
111.460
97.911
89.623
8.536
0.165
156.337
121.721
87.366
6.717
101.238
0.114
91.552
126.760
79.888
7.062
0.161
111.405
122.481
84.383
7.152
0.140
107.936
121.848
113.761
8.127
105.012
0.142
94.064
120.606
85.658
7.335
0.187
104.059
111.082
117.554
108.743
6.110
0.150
88.348
112.681
85.403
10.176
103.751
0.156
82.090
130.861
109.374
7.693
0.156
107.588
113.546
89.183
9.936
0.167
98.169
115.309
89.082
7.101
154.355
0.175
82.121
103.588
109.803
8.137
0.166
104.532
106.177
110.220
7.072
127.518
0.149
90.459
128.040
86.632
8.267
0.161
103.819
113.135
103.763
6.905
0.134
155.491
138.619
88.165
6.024
0.142
89.170
118.371
88.404
8.184
105.666
0.155
84.987
107.448
83.770
7.689
100.535
0.167
84.604
129.485
99.799
101.640
6.747
0.154
86.189
127.928
100.095
103.450
6.830
0.175
85.960
129.281
85.200
6.900
0.149
111.932
101.343
85.470
8.278
0.158
104.517
120.629
116.322
6.679
109.605
0.152
88.432
99.609
83.873
6.800
0.173
88.071
104.724
95.604
102.941
6.677
80.717
0.174
108.608
121.456
94.105
104.168
7.757
84.610
0.158
84.469
96.038
92.614
101.753
7.023
102.829
0.185
106.902
97.242
94.315
106.440
3.726
79.582
0.163
85.643
123.077
88.032
105.467
4.437
104.936
0.187
83.266
106.187
104.496
113.075
5.780
102.284
0.179
93.727
117.498
93.313
101.235
8.555
0.176
81.699
133.284
126.495
102.965
8.251
0.156
108.060
126.360
89.573
9.847
0.142
108.268
112.994
85.308
7.114
109.306
0.157
109.339
111.835
81.984
7.417
105.436
0.162
104.231
109.432
88.297
5.308
0.164
106.482
120.236
91.369
6.333
0.162
109.351
112.899
90.986
6.639
0.131
110.752
108.847
95.095
6.570
0.150
107.517
109.402
90.426
5.832
0.140
105.378
118.812
115.378
7.409
0.118
102.549
105.723
108.744
4.402
0.123
107.962
115.863
92.431
56.366
103.755
0.153
88.639
133.746
89.748
6.073
105.252
0.163
82.597
124.054
81.065
7.653
105.146
0.131
80.654
102.808
111.781
6.858
102.251
0.166
87.602
129.757
80.384
6.979
104.481
0.170
113.048
105.494
88.480
9.461
105.882
0.169
85.265
116.295
81.070
8.235
154.043
0.173
105.437
99.897
88.745
100.588
8.145
87.931
0.172
102.175
102.764
109.258
108.372
7.707
0.160
98.901
109.543
115.182
106.435
7.229
0.168
86.289
135.800
91.156
4.378
0.154
102.882
111.395
109.775
6.037
0.156
110.856
119.212
81.977
7.375
0.144
93.441
132.107
82.698
6.430
0.153
158.695
132.087
80.202
5.043
0.157
153.656
131.318
90.741
6.653
0.145
106.745
108.316
84.548
9.215
0.147
112.058
147.935
86.189
6.148
0.138
133.060
128.249
81.039
7.413
106.681
0.156
104.439
111.032
105.313
6.215
0.158
84.479
122.839
86.456
9.245
0.140
105.512
109.298
93.511
6.752
103.869
0.169
89.611
136.036
93.193
6.425
107.869
0.169
87.501
103.856
86.168
9.019
0.179
154.242
109.287
98.790
108.686
5.911
0.167
80.331
115.613
92.800
105.410
5.953
0.182
85.961
133.410
93.933
102.485
6.904
0.154
88.769
139.007
94.445
101.824
7.207
0.171
90.460
136.057
87.080
8.831
0.127
108.021
112.615
87.837
10.469
107.642
0.138
82.666
131.147
102.103
5.405
0.141
94.150
122.678
90.090
6.182
150.551
0.153
89.561
133.632
84.028
7.167
103.567
0.155
86.678
110.170
83.041
10.082
104.977
0.165
86.530
108.014
98.311
107.317
8.912
83.768
0.195
85.849
102.760
104.010
98.598
8.790
0.198
127.020
126.013
93.810
88.913
9.426
107.280
0.171
86.575
131.071
104.734
106.984
8.012
103.442
0.167
86.525
100.176
96.005
100.505
4.637
85.327
0.187
99.550
100.162
115.028
106.276
5.933
0.162
87.564
114.394
91.059
93.602
7.191
106.568
0.176
90.474
116.256
94.358
98.968
5.714
85.546
0.175
106.143
109.260
88.684
82.293
8.825
82.612
0.191
96.757
96.115
113.046
107.221
6.856
99.875
0.158
85.142
125.950
92.244
103.188
8.402
154.466
0.184
101.283
96.559
104.142
109.926
7.961
0.177
84.479
106.160
95.886
103.255
7.185
132.532
0.154
96.961
104.281
113.228
111.978
6.407
0.194
86.463
106.951
90.566
105.056
5.784
0.156
114.512
105.190
91.860
106.656
8.094
109.364
0.153
89.838
114.261
99.262
104.445
6.773
0.190
83.088
108.367
98.297
85.921
7.016
0.188
104.186
115.994
110.060
103.698
6.722
132.672
0.177
104.302
107.149
87.595
6.727
0.155
106.976
113.927
93.252
104.243
5.472
0.176
83.879
112.745
85.346
115.263
4.121
119.679
0.187
90.091
102.425
99.763
101.302
5.157
0.156
79.993
115.448
101.646
101.778
7.384
84.656
0.169
104.485
137.716
91.879
6.967
104.864
0.142
82.522
101.527
86.717
100.122
4.202
0.179
80.983
126.928
91.088
99.459
8.350
91.592
0.152
96.961
99.637
112.588
106.174
5.081
0.177
106.632
98.853
92.444
106.189
9.702
85.519
0.196
106.268
105.382
90.735
106.248
4.168
0.183
82.583
107.312
99.936
107.206
5.061
0.177
89.673
129.495
93.064
107.018
5.169
86.099
0.179
94.180
110.192
88.736
103.659
8.257
90.934
0.167
79.855
97.961
95.415
109.299
6.396
0.198
85.647
107.738
100.447
89.165
5.929
85.823
0.185
82.028
101.620
107.220
101.668
8.172
86.336
0.191
98.975
92.554
111.085
102.871
9.245
82.006
0.187
107.952
98.746
87.851
103.208
7.961
128.837
0.175
98.289
98.217
115.400
103.831
8.349
107.122
0.170
103.381
101.025
93.942
99.093
8.064
131.743
0.183
105.716
103.652
102.162
102.353
7.205
0.173
84.926
121.186
96.629
101.988
4.295
132.513
0.127
100.533
116.542
109.468
6.960
102.369
0.174
89.760
101.540
90.866
7.942
108.158
0.169
138.041
108.057
95.823
104.977
5.806
0.203
85.091
103.832
101.972
105.026
8.118
81.290
0.194
86.096
121.721
93.087
104.048
8.668
81.677
0.185
86.908
102.933
114.907
110.645
7.300
79.591
0.199
89.665
98.471
96.932
102.639
8.509
0.191
87.764
148.906
104.664
115.377
85.319
6.607
0.173
81.532
100.657
96.839
98.576
9.383
82.952
0.174
95.977
94.960
114.955
102.913
7.316
105.548
0.179
101.886
122.029
90.318
109.176
4.340
108.283
0.178
87.984
105.528
103.871
109.449
8.009
0.182
81.999
156.470
93.705
87.441
8.833
87.876
0.182
137.436
107.070
104.356
105.376
6.176
0.188
130.301
106.934
94.908
104.552
8.820
158.202
0.180
103.674
103.565
116.809
105.296
5.186
89.972
0.181
89.202
96.264
93.285
102.246
8.712
77.022
0.193
90.770
115.058
100.729
113.552
102.549
6.958
0.182
86.458
119.078
110.871
107.031
5.970
0.158
81.709
110.337
109.793
90.291
6.496
89.925
0.802
89.696
97.009
90.077
104.473
7.122
79.567
0.183
86.808
114.119
88.327
110.377
6.763
100.404
0.188
83.394
131.842
98.907
86.416
8.891
110.244
0.167
91.972
128.829
101.073
103.474
5.344
0.157
103.101
108.457
111.103
107.265
6.396
0.143
105.260
120.019
111.682
7.766
0.161
89.438
121.695
89.256
6.060
0.182
83.051
125.182
112.189
6.888
0.138
97.254
159.998
86.426
8.471
90.410
0.162
86.469
129.082
85.888
8.954
0.167
82.692
128.027
122.135
104.430
9.951
79.903
0.164
104.961
126.285
82.470
6.938
0.186
152.729
141.041
89.948
8.696
0.133
97.725
120.337
88.356
7.201
109.371
0.147
81.490
106.361
110.037
7.830
0.159
105.483
166.285
87.275
7.693
0.156
87.274
124.906
95.546
6.195
0.160
104.349
108.892
102.218
3.767
119.119
0.137
114.469
114.437
83.103
5.495
160.918
0.155
104.935
113.181
92.797
104.630
3.860
0.209
86.928
122.124
93.177
107.053
6.401
149.581
0.181
101.106
129.803
106.950
5.163
0.196
107.172
106.690
84.341
5.640
0.143
155.717
150.395
98.457
6.815
102.827
0.773
91.323
130.786
80.178
8.909
89.941
0.175
109.804
104.816
90.465
106.625
8.628
0.195
98.661
107.876
132.660
111.044
5.206
0.169
92.216
108.808
86.783
8.539
0.141
106.255
119.159
88.128
8.908
112.588
0.126
110.534
126.281
89.389
9.185
90.920
0.160
87.517
160.429
82.944
7.709
0.181
103.769
112.607
103.332
84.970
6.348
132.106
0.157
79.876
101.334
122.123
103.940
6.135
0.196
135.730
107.879
97.162
92.694
8.273
84.750
0.185
87.774
99.342
109.477
110.522
5.992
0.195
80.253
102.970
98.322
106.889
7.332
0.172
106.776
108.197
113.991
104.698
5.755
87.242
0.170
101.943
105.546
107.319
6.713
101.345
0.156
90.123
121.518
83.134
8.086
0.165
106.982
121.373
85.487
7.485
0.163
162.298
146.531
83.352
6.796
111.324
0.150
89.245
112.017
82.329
10.206
89.699
0.180
84.758
100.367
97.673
104.751
7.475
0.176
83.129
103.758
112.485
106.184
6.757
83.282
0.154
83.763
104.553
91.739
103.517
7.075
128.623
0.198
81.773
98.203
111.708
108.951
8.541
87.980
0.186
131.959
96.140
86.920
107.160
8.033
103.410
0.174
86.176
101.272
98.957
84.500
8.485
87.275
0.188
95.893
99.364
107.091
96.451
6.057
86.081
0.187
100.842
99.368
113.650
99.018
7.801
153.576
0.177
103.463
99.072
92.260
99.438
5.295
0.160
78.799
127.523
116.133
110.920
8.831
103.107
0.139
131.992
183.173
81.297
9.295
82.471
0.167
107.099
132.277
88.112
8.708
107.428
0.169
87.078
118.604
90.055
57.784
105.158
0.174
90.773
122.515
93.597
103.897
5.560
80.450
0.186
88.447
104.504
109.080
108.299
6.932
85.375
0.177
78.472
92.152
115.179
103.021
7.033
80.263
0.180
147.985
111.639
86.713
83.806
5.965
82.452
0.201
85.367
99.297
106.535
102.953
8.132
75.858
0.190
86.260
117.170
91.658
99.477
5.769
111.082
0.162
102.823
108.961
124.196
92.104
5.712
81.508
0.189
87.208
126.499
96.415
99.988
5.182
84.089
0.188
101.631
99.564
97.945
110.133
8.895
0.152
76.775
105.775
160.643
101.647
8.494
94.478
0.168
102.683
102.338
104.472
6.044
0.173
103.731
117.170
87.073
4.467
0.127
162.609
141.136
102.233
110.321
10.415
88.597
0.165
138.503
116.646
87.171
7.753
105.059
0.169
79.950
101.328
125.646
103.573
8.472
89.309
0.190
87.101
97.011
98.401
100.631
6.811
85.106
0.184
146.825
94.375
90.322
108.865
6.225
98.645
0.182
87.931
131.777
99.133
89.149
8.403
100.807
0.161
80.887
123.022
109.597
106.697
6.071
0.172
86.913
106.447
98.767
106.141
5.588
0.200
92.770
106.229
94.039
107.653
6.576
0.174
82.511
106.881
101.838
113.583
7.957
0.185
84.474
158.789
92.149
108.769
114.183
6.638
0.153
99.531
99.858
99.089
102.128
6.676
137.622
0.176
98.686
96.159
109.489
108.650
7.779
0.155
103.474
155.805
96.087
105.844
7.894
0.179
85.631
124.626
109.609
85.018
83.598
7.318
0.184
75.046
102.659
126.820
85.138
7.477
89.911
0.197
133.131
100.240
96.807
103.521
7.471
106.702
0.199
84.205
108.581
151.096
84.027
7.207
0.195
139.512
100.742
107.868
106.886
3.927
85.025
0.160
130.059
108.098
94.592
86.082
8.243
0.191
82.972
103.139
106.792
100.313
7.367
88.697
0.180
101.285
109.828
107.935
6.074
111.889
0.138
84.526
103.943
87.543
7.516
0.173
106.984
106.801
105.433
117.327
83.866
6.186
0.154
89.824
111.413
84.244
109.851
88.262
4.249
0.179
75.356
97.552
121.436
109.700
88.840
6.900
0.194
77.475
94.786
115.487
106.710
5.693
0.196
87.713
112.067
102.212
92.129
7.586
0.178
130.335
113.330
104.235
106.397
6.990
80.096
0.178
86.678
126.277
138.486
111.515
5.805
0.197
132.278
111.841
96.058
86.298
4.980
0.207
103.714
109.878
118.076
109.153
8.922
84.692
0.169
93.089
97.127
92.768
108.727
8.700
0.159
85.735
103.025
137.917
103.103
5.920
89.448
0.171
84.162
94.845
97.161
111.917
6.836
93.421
0.193
84.483
102.206
102.656
100.526
84.004
7.535
0.197
99.199
100.018
118.562
115.404
8.522
82.210
0.181
87.368
144.570
92.095
102.174
7.259
80.144
0.207
91.862
123.883
111.270
104.603
5.781
81.165
0.195
84.142
102.144
94.383
104.267
3.815
0.164
159.990
136.674
93.399
90.016
6.361
109.050
0.183
86.278
115.930
99.596
109.948
7.145
106.164
0.157
82.268
98.063
97.835
149.835
5.567
88.660
0.167
141.281
99.241
93.610
98.912
6.995
99.603
0.185
96.570
100.741
121.815
104.859
7.483
90.364
0.173
83.540
107.191
90.331
88.403
81.504
8.584
0.178
75.286
97.729
124.831
103.597
104.265
4.517
0.157
81.003
100.727
90.810
106.585
6.821
78.521
0.188
79.017
113.829
115.675
111.542
7.596
81.968
0.188
84.319
99.768
91.152
104.763
9.508
79.470
0.193
85.814
95.883
104.868
98.882
10.904
0.181
85.741
130.794
104.050
92.455
6.144
94.521
0.192
83.997
108.642
107.346
107.920
6.692
80.412
0.202
82.784
109.362
96.001
91.434
7.992
105.479
0.175
78.972
100.606
105.130
152.778
8.324
0.203
95.027
153.317
97.351
110.304
5.410
89.161
0.149
81.329
102.945
97.592
124.157
7.046
0.212
88.031
106.793
100.177
102.009
7.501
0.181
84.411
140.935
91.393
143.700
9.753
0.157
86.432
164.783
103.912
87.945
5.543
108.063
0.188
80.585
108.078
96.711
88.875
85.793
4.422
0.200
80.217
112.766
96.954
89.728
90.744
7.089
0.198
84.721
106.235
104.933
95.525
85.799
5.960
0.198
130.858
100.119
94.823
94.460
103.218
6.907
0.187
80.164
126.651
106.545
85.985
89.060
8.056
0.209
135.490
97.419
111.854
100.793
84.144
7.179
0.166
102.963
97.050
94.892
101.853
6.893
84.574
0.189
79.895
102.519
126.015
106.337
6.266
0.209
78.737
110.571
121.146
94.322
7.718
77.493
0.188
81.899
130.250
95.866
92.348
6.737
0.193
81.324
167.232
119.640
89.611
102.125
8.722
0.168
80.551
103.195
95.906
153.695
7.411
86.799
0.186
92.822
103.806
100.554
81.331
9.219
89.589
0.203
81.214
98.444
100.055
106.942
83.865
8.098
0.184
131.051
101.448
101.836
86.607
87.935
9.459
0.181
83.966
95.107
99.589
99.097
83.270
8.596
86.902
0.170
82.037
100.666
145.398
82.114
85.679
8.113
0.193
84.512
102.156
115.114
93.855
130.987
8.373
79.248
0.171
82.563
98.624
97.625
99.659
105.785
8.621
84.850
0.182
76.679
101.653
95.943
86.339
7.460
101.205
0.194
83.358
125.051
118.238
83.911
88.259
8.047
0.160
133.724
154.821
100.684
78.807
99.817
7.115
0.195
106.016
104.450
97.698
94.644
7.187
0.168
86.608
113.832
158.153
95.094
84.342
7.322
0.180
89.849
112.078
110.453
109.509
89.584
8.087
0.180
75.809
101.067
101.443
105.549
7.671
85.760
0.187
83.908
101.358
111.684
103.269
83.133
8.096
0.179
86.604
101.639
106.678
103.159
8.784
86.904
0.179
85.019
95.927
96.080
103.201
4.835
0.196
84.835
111.134
158.036
107.142
9.136
0.147
132.816
113.816
102.660
109.581
6.095
80.211
0.194
87.760
123.362
150.051
115.522
6.610
132.504
0.176
87.242
100.831
105.479
98.521
6.851
86.989
0.160
105.530
105.212
99.368
85.808
92.569
6.211
83.150
0.200
85.004
97.689
100.900
107.851
85.901
7.718
0.198
88.356
100.108
100.821
87.694
5.717
0.172
75.626
114.664
128.508
91.014
106.726
9.493
0.876
81.206
155.454
113.625
108.832
54.678
89.493
0.186
86.595
102.661
98.712
105.374
7.005
83.833
0.203
99.616
105.191
101.731
152.396
6.289
103.115
0.196
100.740
168.795
107.899
101.759
89.274
9.659
104.073
0.169
79.679
102.773
96.509
79.395
88.357
5.234
88.985
0.202
86.579
94.869
110.874
104.767
5.028
89.781
0.194
82.855
108.238
106.522
85.403
108.567
8.454
83.638
0.199
84.303
94.102
143.775
104.837
106.091
4.895
0.196
75.920
110.143
110.551
87.554
90.515
7.782
87.797
0.190
82.866
103.758
120.297
107.704
86.546
7.629
0.193
85.036
98.907
110.583
87.250
9.037
90.357
0.206
81.859
103.202
164.339
167.929
6.520
0.174
92.114
109.746
100.392
110.684
106.445
4.173
89.121
0.191
83.500
91.039
97.326
105.627
6.099
82.012
0.174
96.958
94.228
92.217
113.511
106.343
6.583
0.191
80.573
117.515
105.167
116.460
106.291
4.832
0.171
81.565
156.937
98.409
116.023
8.380
87.188
0.167
90.397
105.278
110.586
115.163
10.842
94.197
0.177
80.581
87.624
117.402
108.391
95.145
7.344
0.195
86.461
92.270
163.022
100.400
90.600
6.573
0.211
133.767
155.335
159.594
110.864
74.900
87.719
7.739
0.182
94.598
96.297
137.208
92.984
136.218
105.826
7.774
0.184
89.163
100.706
107.035
86.793
80.685
7.796
0.209
83.828
101.076
128.156
101.265
8.029
87.756
0.156
79.833
91.763
145.261
117.675
6.324
127.925
0.183
128.604
166.801
98.071
95.184
95.766
7.754
87.621
0.209
86.131
103.198
117.950
86.171
83.762
7.027
0.215
84.961
92.158
108.978
84.636
78.354
9.886
0.174
110.173
121.664
106.457
76.621
82.997
9.112
112.423
0.209
88.996
93.345
110.405
98.687
75.243
8.044
84.798
0.224
100.861
80.142
114.689
161.777
114.791
5.078
0.204
84.238
93.061
99.720
147.915
6.871
77.027
0.173
89.346
102.990
108.386
160.205
5.960
138.024
0.176
84.129
100.752
119.615
103.526
7.122
141.283
0.200
85.085
110.936
101.245
92.319
134.997
6.393
0.234
79.836
86.229
108.495
117.092
90.383
5.775
0.163
87.979
98.765
157.020
118.098
47.211
670.262
207.688
2.008
0.080
308.735
110.182
45.915
5.639
0.088
58.206
78.885
94.187
83.263
95.959
5.161
0.195
95.102
117.754
115.057
103.599
4.524
0.135
108.125
158.355
118.691
107.829
5.580
0.146
109.987
132.905
103.149
6.029
0.133
112.403
137.594
85.551
8.898
0.143
110.468
165.896
93.422
10.974
0.138
112.956
127.496
85.692
10.190
0.165
106.835
135.994
109.972
5.385
0.111
119.193
129.919
89.343
7.647
0.146
109.059
128.489
90.591
9.364
0.136
109.068
115.011
111.350
7.944
0.143
112.205
114.662
99.725
9.666
0.165
120.732
128.694
91.024
7.790
0.156
133.963
116.232
86.230
9.499
86.340
0.162
88.096
99.901
86.761
8.605
107.067
0.156
92.739
102.316
98.006
105.948
9.029
82.602
0.169
133.396
94.640
99.497
110.007
4.373
0.178
92.971
110.337
104.603
143.458
9.025
89.338
0.183
138.889
101.052
108.660
83.375
2.060
0.268
45.162
10.987
3.618
0.059
523.048
448.318
76.557
1.485
0.824
36.659
18.318
1.295
0.064
208.877
268.429
92.577
1.358
0.064
190.654
142.469
205.577
3.177
42.165
0.098
25.134
33.737
44.309
54.842
52.542
67.457
57.445
3.467
0.219
59.634
102.210
