5.362
3.383
0.758
0.010
62.412
66.613
65.406
68.788
69.861
73.391
70.695
80.183
109.741
48.960
50.442
59.704
68.195
72.380
74.010
102.916
98.037
29.762
25.238
37.110
60.875
38.786
249.212
185.888
163.525
117.019
45.254
42.871
56.233
64.904
69.731
76.951
81.776
61.728
5.937
0.240
70.660
84.602
106.702
108.346
96.728
84.698
121.340
126.244
103.201
100.487
100.849
103.760
100.719
10.129
75.729
0.311
77.626
83.543
105.033
144.038
90.460
110.463
100.366
81.331
103.983
79.007
8.406
84.853
0.383
78.982
86.825
101.181
156.709
116.410
97.248
6.133
0.227
133.525
84.726
101.538
118.842
3.758
96.348
0.233
90.777
112.030
152.306
101.020
94.519
6.711
0.828
86.164
112.170
122.707
39.777
12.114
1.826
0.065
512.335
176.504
57.118
8.540
0.107
73.891
90.934
92.076
8.719
0.190
100.979
130.593
129.169
115.337
11.107
0.167
113.695
130.383
113.443
6.238
0.181
115.866
132.393
89.533
7.644
0.166
119.468
161.215
119.421
113.190
9.223
0.190
114.363
165.061
119.650
119.280
9.375
93.651
0.188
96.450
140.353
94.477
163.782
8.811
0.188
92.558
111.455
114.199
108.692
8.822
88.065
0.225
99.670
104.200
120.029
110.656
4.743
0.229
89.543
103.544
107.763
107.219
6.931
0.200
96.471
183.307
98.699
114.172
8.793
0.199
89.995
171.086
112.042
109.066
7.713
0.210
86.321
156.943
119.014
86.872
8.550
0.220
91.900
171.809
101.578
112.005
4.638
0.215
147.110
120.222
40.511
17.966
1.892
0.079
547.202
347.191
68.828
1.980
219.674
0.100
77.199
48.836
45.518
65.300
64.583
70.190
69.694
4.098
78.280
0.299
82.988
110.494
92.154
114.991
126.164
81.958
2.683
91.036
0.244
81.811
114.288
115.938
105.773
3.038
88.242
0.203
133.746
100.523
107.011
105.481
3.750
131.529
0.242
81.224
101.048
99.996
89.933
4.557
134.750
0.247
93.102
108.412
109.185
87.256
3.413
108.887
0.261
137.109
98.557
102.327
107.396
4.293
84.411
0.221
80.595
122.930
97.748
114.149
2.483
0.222
108.043
105.432
130.620
134.692
4.304
109.128
0.202
158.306
106.262
86.019
2.330
0.205
106.331
151.890
109.859
2.916
0.162
154.887
100.963
88.702
6.385
0.188
95.380
126.634
89.587
105.222
8.963
0.222
89.803
131.142
86.504
5.565
109.234
0.192
87.838
106.368
95.674
5.979
112.763
0.194
95.481
109.192
94.360
109.208
8.450
90.786
0.201
87.070
102.114
101.821
86.652
5.827
0.253
86.088
104.273
104.987
108.209
8.803
113.986
0.189
104.687
105.732
108.127
8.669
156.141
0.178
87.832
114.292
91.346
5.635
0.227
104.317
160.000
122.582
105.753
9.481
97.224
0.190
106.702
101.317
112.914
6.471
107.295
0.182
90.806
126.359
87.882
91.765
9.309
0.198
84.584
104.709
97.805
91.477
90.465
7.424
88.805
0.224
87.178
101.538
106.455
89.671
89.354
8.537
82.709
0.249
71.610
92.297
172.177
103.071
82.483
7.778
0.248
137.942
102.440
98.050
85.982
83.859
8.840
0.224
83.100
98.122
121.461
113.557
87.543
7.641
0.238
94.033
143.674
147.812
111.278
97.322
8.329
85.721
0.247
90.624
104.198
95.692
91.517
128.674
6.404
96.968
0.276
89.376
86.180
101.202
107.989
106.412
6.497
80.952
0.228
100.941
96.848
100.615
100.896
54.741
81.459
0.221
85.984
101.749
162.892
102.531
88.835
8.700
0.234
91.085
99.173
101.864
110.733
94.846
8.958
0.234
98.628
105.342
121.531
40.399
531.384
237.489
37.328
2.073
0.106
194.212
142.800
63.246
56.989
69.490
5.335
0.207
60.753
108.059
125.653
137.453
100.577
96.892
4.041
0.262
100.095
111.118
88.962
102.874
4.406
0.205
113.622
149.597
101.521
109.314
8.829
110.488
0.199
96.021
140.118
82.082
10.284
86.285
0.199
113.329
114.971
113.166
93.205
88.052
55.619
0.215
88.974
103.702
103.387
91.203
8.544
0.236
87.014
104.494
132.464
115.036
5.041
0.210
81.225
117.238
124.503
93.748
94.973
10.091
0.235
84.659
111.389
104.496
90.145
5.117
138.639
0.235
86.635
116.182
112.088
83.720
7.007
93.885
0.240
99.745
100.695
125.398
141.204
6.532
0.207
315.044
117.767
826.867
37.259
528.709
199.440
34.066
2.148
0.115
117.498
241.485
83.793
57.672
65.807
3.272
0.203
55.312
103.240
104.057
124.423
112.942
96.001
6.870
73.542
0.263
73.208
89.182
84.978
103.115
6.013
102.575
0.220
88.982
98.603
104.640
105.334
3.308
157.959
0.245
110.861
103.497
114.588
108.480
3.107
82.729
0.221
94.142
123.257
149.398
105.707
87.536
3.164
0.212
88.797
101.343
99.209
87.869
3.962
0.224
79.868
112.297
127.038
146.535
3.633
0.214
88.852
112.254
98.880
95.373
4.189
0.222
87.437
118.028
98.531
92.441
4.660
0.220
111.920
111.896
105.470
114.681
4.408
95.152
0.190
86.393
113.678
95.516
83.172
85.753
7.593
0.230
105.637
96.821
100.846
158.046
5.065
90.422
0.227
131.086
101.895
102.571
83.276
86.926
6.138
0.231
108.402
98.017
113.000
87.790
4.399
88.864
0.219
87.468
115.865
144.571
90.870
135.218
5.990
0.235
88.314
106.082
109.882
103.731
3.729
85.825
0.238
98.015
107.502
112.278
83.116
91.173
4.060
86.115
0.240
78.304
99.942
148.231
78.440
81.954
4.173
0.257
104.068
102.851
119.369
94.093
113.658
3.608
88.670
0.211
84.366
97.618
104.513
164.823
87.336
4.070
0.250
83.279
100.474
151.996
112.699
85.110
4.273
0.205
92.508
111.854
141.611
109.200
81.982
6.525
0.198
85.168
106.344
126.240
99.538
45.100
339.787
258.732
4.689
0.085
380.694
267.022
70.536
3.279
0.140
44.264
49.996
68.974
79.185
90.463
84.987
9.679
0.280
71.964
98.428
129.502
114.325
110.279
5.410
0.231
99.962
110.860
143.529
105.725
6.531
0.211
80.008
116.011
127.535
116.220
7.385
0.183
106.132
119.794
108.147
6.296
0.182
156.507
152.103
92.483
8.192
0.168
116.280
108.979
90.840
115.443
5.742
0.189
100.182
140.033
90.655
89.434
9.179
0.208
90.765
106.033
95.332
108.508
89.605
10.446
0.214
81.378
102.944
98.706
112.971
4.983
111.574
0.215
95.990
98.797
96.139
156.127
83.412
8.570
98.045
43.341
396.879
1.982
0.088
221.263
354.584
143.728
2.390
0.113
37.546
17.780
1.848
0.075
177.420
231.050
84.200
21.697
149.547
0.092
176.512
126.083
205.395
3.150
0.129
46.581
41.757
58.164
63.071
67.888
75.684
82.423
77.991
3.740
0.302
65.992
107.093
109.246
128.843
138.905
96.417
3.791
0.235
98.209
122.931
140.148
102.563
2.683
0.192
105.850
149.839
108.916
2.242
0.157
104.753
130.582
108.440
2.428
0.160
105.428
133.920
105.768
2.358
0.178
105.211
133.922
106.233
2.326
0.162
105.145
124.895
107.012
2.418
0.167
106.561
132.679
105.696
2.461
0.174
104.236
129.994
105.407
2.440
0.157
105.501
130.100
105.684
2.286
0.164
108.967
131.748
104.928
2.328
0.164
106.304
124.678
105.745
2.576
0.163
106.600
139.754
105.002
2.556
0.164
104.378
126.539
106.121
2.427
0.167
105.400
128.335
108.227
2.519
0.160
105.935
123.711
107.191
2.725
0.173
104.197
129.020
107.456
2.476
0.164
104.090
129.620
107.846
2.348
0.152
105.959
127.438
111.782
2.475
0.162
103.612
111.078
108.534
2.728
0.174
107.496
134.216
105.578
2.648
0.147
104.365
122.884
105.313
2.386
0.175
105.062
131.400
81.302
2.681
0.142
95.042
111.438
107.118
2.800
0.202
104.770
132.706
107.586
2.810
0.157
103.398
128.323
105.236
2.568
0.159
104.216
121.802
109.112
2.836
0.172
107.365
129.323
104.120
2.511
0.159
104.939
124.875
107.228
2.783
0.168
106.631
125.541
106.192
2.702
0.150
109.314
126.853
104.068
2.423
0.161
103.976
126.333
106.044
2.603
0.181
104.241
132.682
106.375
2.643
0.241
105.354
126.304
106.722
2.883
0.159
105.759
135.106
105.088
2.776
0.194
105.639
127.295
108.839
2.518
0.170
106.245
125.895
105.345
2.522
0.169
113.808
130.919
85.555
3.097
0.170
104.277
144.020
103.845
2.617
0.166
106.339
122.324
106.307
3.876
0.151
109.425
128.579
85.121
3.280
0.163
104.586
132.665
103.387
3.110
0.154
105.832
120.673
105.129
2.739
0.158
106.237
128.534
106.921
2.582
0.175
105.670
130.972
106.394
2.881
0.171
104.676
125.240
105.566
2.769
0.161
105.681
132.023
107.163
2.585
0.171
107.611
127.181
105.626
2.815
0.161
105.737
128.641
105.049
2.707
0.163
106.421
129.453
107.550
2.567
0.158
109.257
126.229
87.958
2.599
0.170
106.030
123.081
105.102
2.762
0.162
108.650
126.564
104.864
2.865
0.156
109.947
121.183
105.416
2.577
0.165
109.161
127.257
107.658
3.081
0.159
106.542
132.181
108.465
2.692
0.163
104.752
129.587
108.015
2.561
0.166
106.058
128.035
105.944
2.664
0.169
107.796
127.904
105.386
2.708
0.163
106.900
132.171
105.452
3.033
0.173
104.962
132.787
104.213
2.898
0.173
108.007
125.707
107.100
2.656
0.166
105.598
124.746
108.634
2.815
0.171
104.243
126.703
104.822
2.997
0.165
104.732
128.414
103.568
2.885
0.188
109.242
126.470
84.564
2.754
0.170
107.676
140.500
105.449
2.904
0.151
105.998
120.823
105.503
2.614
0.163
104.118
131.197
107.858
3.898
0.166
105.523
127.683
106.775
2.922
0.158
104.751
127.499
108.059
2.618
0.163
104.853
129.477
106.281
2.707
0.155
105.518
129.522
105.978
2.362
0.166
104.716
125.731
111.517
2.711
0.170
104.437
103.977
106.089
2.600
0.169
108.932
133.998
89.152
2.920
0.164
106.448
114.735
107.072
2.713
0.167
105.796
122.531
108.767
2.859
0.169
102.372
107.782
105.193
2.820
0.166
105.715
138.898
104.106
2.850
0.148
106.713
125.071
112.471
2.758
0.165
106.209
105.055
104.325
2.757
0.160
103.530
135.821
103.584
2.907
0.153
105.551
121.465
107.142
2.557
0.164
103.683
128.464
112.694
2.570
0.163
104.830
129.967
107.008
2.884
0.160
109.233
130.189
106.397
3.227
0.167
107.679
134.364
110.644
2.635
0.175
105.842
108.233
105.802
2.923
0.168
104.634
137.915
112.159
2.989
0.157
106.981
102.610
104.333
2.874
0.178
106.052
137.643
111.228
2.951
0.151
107.140
109.347
104.673
2.827
0.178
108.417
134.079
112.491
2.904
0.152
104.082
103.256
105.300
3.001
0.164
104.723
135.660
103.488
3.096
0.151
106.077
129.305
103.978
3.020
0.166
105.623
128.644
108.492
3.165
0.160
103.391
127.798
104.830
3.382
0.155
111.759
128.235
84.152
3.978
0.173
110.154
139.454
84.328
3.382
0.172
106.251
131.203
106.325
3.224
0.157
106.314
121.418
107.254
3.780
0.159
110.273
124.883
107.367
3.226
0.157
106.173
131.500
105.851
3.067
0.161
110.213
125.250
85.127
2.974
0.202
110.381
150.547
84.722
3.293
0.161
109.235
134.592
87.010
4.851
0.170
108.209
114.190
110.597
3.290
0.184
104.823
112.624
103.460
2.789
0.156
115.787
124.996
85.350
3.796
0.172
107.596
128.295
104.805
3.562
0.153
104.733
121.591
106.084
3.460
0.170
108.832
127.065
85.003
4.456
0.168
106.234
132.374
112.284
3.870
0.156
107.375
98.424
84.938
3.344
0.173
109.536
138.117
85.350
3.603
0.163
113.410
126.389
88.823
5.963
0.163
108.445
104.994
107.476
3.422
0.161
104.531
126.380
104.998
3.074
0.153
106.103
124.329
102.776
3.300
0.175
105.015
125.127
104.210
2.717
0.165
104.577
125.931
104.565
3.063
0.161
107.765
127.244
107.667
3.063
0.165
112.597
125.562
87.328
3.610
0.171
107.820
117.942
85.272
3.502
0.171
103.452
132.139
108.407
3.612
0.150
101.892
98.084
105.965
3.111
0.179
104.094
131.274
114.586
3.325
0.158
103.005
108.140
110.948
3.859
0.167
105.392
133.522
103.165
3.471
0.151
105.772
121.754
105.368
3.442
0.165
109.376
129.994
84.325
3.890
0.163
112.266
135.268
86.213
4.179
0.132
105.158
125.920
113.535
2.906
0.122
103.502
105.133
104.755
3.438
0.140
107.813
135.338
111.146
3.338
0.128
112.038
127.943
87.502
4.308
0.137
102.984
139.505
106.514
2.814
0.136
105.482
132.228
107.051
3.630
0.137
108.244
129.621
107.321
3.463
0.135
105.681
125.539
105.376
3.375
0.134
106.392
130.290
107.448
3.174
0.134
106.593
128.564
104.034
3.149
0.130
105.353
136.874
106.607
3.493
0.128
104.147
136.078
106.284
4.481
0.128
87.300
129.588
85.882
3.951
0.157
104.127
139.040
105.400
3.562
0.124
105.405
126.245
107.456
3.409
0.137
105.252
125.042
111.528
3.175
0.149
107.787
109.931
85.458
3.739
0.141
108.113
142.892
107.014
2.995
0.116
108.058
117.718
107.218
3.231
0.131
104.411
126.884
106.234
2.981
0.134
103.930
127.051
104.869
2.982
0.145
109.515
125.842
87.006
3.752
0.147
103.156
118.369
109.278
3.389
0.141
105.029
133.594
105.330
4.150
0.124
103.828
124.943
107.628
3.885
0.137
111.766
126.234
87.851
3.655
0.147
105.487
119.917
108.814
3.056
0.136
105.138
129.506
106.910
3.812
0.139
105.770
126.881
106.885
2.962
0.143
109.961
127.974
109.012
2.603
0.144
104.335
132.092
106.724
2.614
0.129
107.595
126.051
112.264
3.528
0.155
103.878
114.639
110.654
4.271
0.138
106.233
133.381
106.472
3.184
0.132
106.072
124.120
107.407
3.421
0.158
108.838
131.468
107.086
3.643
0.132
106.834
130.025
106.197
3.845
0.149
108.948
128.437
108.650
2.882
0.135
103.253
112.241
112.862
3.541
0.139
110.434
116.076
89.787
4.345
0.142
104.207
119.790
107.338
3.549
0.137
105.187
132.284
104.687
3.397
0.141
106.502
127.316
112.255
3.834
0.131
106.449
107.013
105.998
2.946
0.136
106.736
133.308
105.724
4.870
0.118
107.111
123.604
109.096
4.324
0.129
108.913
109.166
85.117
3.432
0.132
106.139
145.945
113.946
3.461
0.117
107.641
102.374
109.894
4.031
0.139
104.489
111.940
107.210
3.455
0.138
110.734
127.555
92.341
4.192
0.140
106.889
120.663
113.086
5.410
0.132
111.432
123.767
85.065
5.517
0.127
106.170
133.950
105.658
4.186
0.129
109.309
120.666
87.361
5.797
0.136
105.180
114.932
106.172
51.345
0.146
104.651
125.522
106.374
4.415
0.136
108.122
121.330
110.971
5.454
0.131
103.943
107.923
105.252
4.834
0.134
106.939
135.370
106.849
4.810
0.125
113.888
120.949
88.144
5.653
0.141
109.480
127.257
85.022
7.984
0.149
107.999
144.427
112.341
5.385
0.130
105.888
102.494
108.715
5.402
0.140
109.944
132.847
107.644
5.566
0.123
107.128
124.052
107.095
7.310
0.142
107.228
136.288
104.843
6.221
0.131
105.843
125.969
111.982
5.852
0.130
109.892
105.982
110.449
4.536
0.144
103.603
119.149
107.736
3.583
0.132
106.803
136.251
107.859
3.898
0.125
106.924
124.121
110.082
3.895
0.144
110.197
128.213
85.180
4.221
0.136
103.656
145.506
104.652
3.772
0.129
108.921
122.909
107.797
6.334
0.140
104.483
127.495
103.784
6.076
0.143
110.786
126.852
85.107
5.552
0.148
105.056
150.133
112.433
6.611
0.119
102.210
99.325
107.966
7.408
0.151
106.896
134.877
108.831
6.286
0.123
104.629
117.910
105.943
7.199
0.155
86.215
135.649
89.799
6.889
0.145
109.885
114.169
86.064
8.357
0.154
107.023
154.703
106.980
3.591
0.121
113.167
125.494
87.660
3.279
0.151
112.038
116.683
90.358
8.081
0.151
102.789
114.865
103.686
7.664
0.115
107.730
126.059
109.432
7.647
0.130
105.363
127.186
107.684
5.146
0.138
108.678
130.011
105.804
7.398
0.134
110.182
125.412
91.056
6.915
0.147
104.463
120.199
108.052
4.704
0.137
106.294
129.333
112.603
5.400
0.128
105.365
105.087
109.436
4.616
0.124
106.048
119.999
103.005
5.522
0.131
85.646
129.780
91.427
4.894
0.148
108.300
109.050
109.963
5.507
0.130
106.978
122.185
109.067
5.033
0.138
107.790
114.862
86.422
5.844
0.141
109.902
136.790
89.619
8.227
0.132
103.773
106.669
115.735
8.464
0.141
104.478
116.242
112.713
5.498
0.139
103.438
108.980
106.706
6.279
0.140
107.973
132.680
106.444
7.173
0.123
109.955
127.475
86.011
10.559
0.134
109.461
123.692
92.977
7.092
0.143
112.450
113.578
88.805
8.589
0.143
101.661
114.058
108.111
7.647
0.130
103.855
105.934
107.602
6.201
0.136
108.139
131.667
107.808
8.042
0.138
108.811
132.578
102.654
6.357
0.134
107.263
127.169
108.739
2.785
0.147
110.277
131.314
107.306
6.294
0.119
105.270
138.510
111.958
5.693
0.157
105.468
109.739
104.149
5.089
0.141
114.601
133.933
85.886
7.753
0.141
107.455
140.860
109.840
3.496
0.124
106.900
120.956
109.122
4.596
0.139
104.768
135.146
108.537
4.086
0.144
115.058
129.460
88.008
5.113
0.140
105.642
114.745
106.753
3.342
0.137
107.070
132.970
105.325
6.451
0.127
106.607
120.904
109.040
6.497
0.148
111.220
127.478
86.603
7.831
0.133
107.167
137.077
110.375
4.477
0.122
113.511
121.801
82.466
4.819
0.144
105.591
152.704
111.319
3.054
0.124
104.923
103.355
108.797
4.633
0.149
109.648
135.924
87.192
2.966
0.134
109.255
116.987
91.552
3.399
0.142
110.680
118.862
88.055
4.857
0.142
106.833
148.762
109.422
3.087
0.127
105.919
102.262
108.607
2.922
0.183
106.952
146.236
107.084
2.589
0.133
106.220
123.742
108.995
4.492
0.132
104.798
126.387
108.205
4.591
0.141
103.334
107.080
107.420
3.571
0.141
107.088
139.425
108.285
4.354
0.120
105.008
124.502
106.688
3.335
0.135
108.740
128.553
106.084
3.568
0.134
106.657
139.236
106.345
3.473
0.138
112.013
129.361
88.622
5.244
0.142
103.786
124.102
117.188
3.338
0.149
111.512
110.840
85.248
8.327
0.153
106.354
149.253
108.496
5.446
0.121
110.657
122.538
85.837
6.395
0.161
106.033
123.199
106.846
7.682
0.139
108.033
142.454
106.520
6.186
0.125
107.106
131.340
107.380
6.698
0.140
105.143
128.129
105.389
8.267
0.130
107.291
132.273
105.410
5.532
0.146
106.668
135.643
106.214
8.328
0.150
110.449
135.973
83.407
7.212
0.134
108.010
148.810
108.639
6.559
0.121
105.771
105.977
112.570
9.200
0.141
106.183
129.946
105.431
7.880
0.132
106.997
134.964
104.566
8.826
0.129
109.011
124.149
105.727
9.064
0.136
108.848
134.871
84.829
9.139
0.146
105.643
136.470
111.641
8.347
0.127
109.996
103.669
85.915
8.587
0.148
113.794
127.248
92.812
11.079
0.140
103.760
115.592
108.148
7.983
0.133
109.584
135.891
87.920
7.625
0.134
110.522
144.631
92.420
4.928
0.148
104.725
113.468
110.370
4.416
0.143
109.250
112.266
88.722
5.118
0.156
104.666
126.647
109.164
3.760
0.178
112.113
130.765
87.227
3.061
0.143
109.056
123.570
90.546
3.201
0.152
109.961
117.857
89.959
3.387
0.153
107.069
130.974
105.984
3.096
0.152
88.418
142.520
105.551
5.342
0.135
109.760
127.227
91.913
3.836
0.148
115.756
129.767
88.796
5.002
0.148
106.016
120.608
105.077
6.363
0.125
107.611
125.271
110.327
5.245
0.132
110.844
125.175
88.738
5.580
0.140
114.134
165.394
89.521
5.342
0.127
109.144
119.648
103.615
6.888
0.137
110.049
145.583
84.506
7.785
0.137
104.543
130.116
111.929
5.312
0.118
107.293
111.314
110.767
5.128
0.171
106.420
116.966
110.457
9.053
0.137
105.492
118.454
104.495
7.461
0.133
107.584
131.200
107.116
8.047
0.142
103.052
122.682
105.899
5.526
0.131
106.574
130.013
109.073
7.909
0.128
110.985
133.142
109.697
9.817
0.129
104.626
107.918
114.553
7.366
0.134
109.784
129.780
85.818
8.733
0.149
111.534
148.131
104.890
6.786
0.131
105.718
123.630
113.105
6.517
0.154
105.565
115.261
106.413
6.659
0.154
112.454
137.737
87.776
9.251
0.127
121.357
119.895
104.011
7.772
0.138
91.267
133.006
88.104
10.946
0.132
109.532
113.542
87.203
9.229
0.159
106.815
139.067
111.932
6.111
0.136
108.878
110.177
90.224
3.067
0.148
107.597
123.096
93.268
3.160
0.705
109.113
113.950
84.458
4.578
0.151
106.744
139.556
106.746
3.365
0.146
111.591
124.439
87.399
4.943
0.149
104.198
124.136
106.143
3.671
0.126
108.579
125.766
107.076
4.005
0.128
104.912
126.423
107.644
3.867
0.133
107.031
131.945
103.970
5.004
0.139
110.819
133.211
82.405
5.699
0.126
107.994
145.898
112.173
3.009
0.128
108.274
108.667
87.949
3.707
0.150
111.846
131.936
88.590
4.250
0.136
87.305
116.791
86.810
4.655
0.182
114.380
117.319
94.014
2.482
0.138
110.562
124.889
89.155
5.082
0.131
110.745
115.169
88.364
3.590
0.154
110.612
125.310
90.899
4.417
0.161
111.971
120.988
86.732
3.688
112.286
0.145
89.020
108.821
88.310
4.686
103.984
0.119
94.418
124.973
100.097
104.049
3.421
0.179
89.806
104.033
116.327
101.897
3.614
0.158
88.101
131.918
96.711
112.235
4.184
86.499
0.199
82.973
113.740
97.646
104.313
3.841
0.209
100.988
125.197
116.082
108.209
4.988
0.151
107.722
131.847
89.904
3.743
0.155
111.690
121.394
86.366
4.087
0.152
104.645
140.145
114.125
4.286
0.141
107.562
108.580
110.545
3.366
0.150
106.512
137.377
103.991
6.808
0.128
105.570
123.765
108.168
9.488
0.138
107.944
140.799
110.689
8.390
0.148
104.807
112.270
91.008
8.624
0.164
115.370
139.821
86.015
9.672
0.163
112.487
139.857
83.145
9.694
0.146
104.764
137.507
108.972
4.788
0.127
112.332
122.726
93.845
4.372
107.339
0.158
86.322
142.105
102.899
4.121
0.147
106.058
128.515
94.149
3.126
108.995
0.141
92.465
117.995
85.138
5.030
108.420
0.177
83.334
100.518
91.692
107.721
4.563
0.191
87.166
102.919
103.152
111.373
3.139
0.174
132.411
111.182
108.156
109.097
5.158
0.194
86.061
107.440
105.601
105.775
4.307
0.177
86.429
137.118
97.291
108.171
2.795
0.173
94.238
113.543
94.954
111.142
4.214
108.508
0.163
85.615
108.221
102.788
107.844
4.477
88.357
0.193
82.207
102.015
98.664
107.520
3.024
0.203
104.338
106.902
123.670
103.679
4.182
0.158
86.669
130.516
82.919
4.008
0.154
107.169
140.610
113.059
3.844
0.123
113.652
116.473
87.319
2.410
105.956
0.154
85.143
138.914
111.972
8.338
103.841
0.161
87.523
105.662
93.100
9.493
106.802
0.188
86.744
103.095
104.860
111.402
7.789
87.805
0.158
83.437
102.989
103.128
104.652
8.141
81.419
0.205
85.652
98.024
103.478
103.984
3.634
0.207
84.345
120.949
102.844
101.675
4.125
110.260
0.166
105.084
111.218
114.741
111.406
8.870
0.170
105.915
109.084
89.048
108.216
7.180
108.137
0.179
87.155
105.210
101.049
101.704
7.997
0.190
88.307
125.056
108.683
104.735
6.813
86.176
0.166
86.044
119.774
101.285
104.745
5.478
127.285
0.200
84.412
116.502
104.217
98.736
5.381
84.496
0.194
104.171
102.812
125.958
107.175
8.794
0.183
83.780
108.807
98.429
107.929
6.910
0.164
90.457
103.617
94.850
106.553
8.240
85.948
0.152
86.854
104.944
100.506
103.898
4.967
77.489
0.192
80.776
113.264
100.312
104.518
3.516
88.009
0.192
103.398
103.511
115.252
101.710
3.943
0.183
106.156
120.563
95.140
109.591
3.204
0.157
117.375
123.718
88.973
7.041
0.139
106.418
121.680
106.907
6.946
0.154
113.394
130.576
83.271
9.214
0.147
110.791
131.467
88.136
5.434
0.144
110.785
115.521
92.367
7.997
0.153
105.472
118.680
105.119
8.367
0.144
103.349
135.783
111.916
7.434
0.143
112.355
104.264
83.670
4.625
0.162
110.167
141.716
90.816
10.666
0.137
109.188
123.541
88.963
7.177
0.165
115.676
114.034
87.736
7.995
111.606
0.164
93.353
116.608
81.627
7.655
0.187
107.497
138.557
99.706
113.087
5.938
0.163
118.135
125.748
85.124
8.134
0.144
139.813
162.560
113.215
7.279
0.135
105.451
106.970
113.930
6.741
0.140
104.446
136.195
107.285
5.414
0.124
95.168
140.019
109.979
4.414
0.136
110.414
105.033
83.646
6.000
112.101
0.173
110.710
123.986
90.105
7.723
106.463
0.180
89.306
126.154
88.557
8.536
0.178
103.704
108.500
119.557
114.085
7.430
0.166
86.591
120.850
92.554
5.443
104.434
0.161
86.027
158.225
111.130
9.062
0.163
148.350
114.209
114.742
9.526
106.798
0.141
86.826
147.469
114.857
7.498
0.168
101.476
121.596
111.711
7.589
86.707
0.153
88.417
135.803
86.284
6.234
0.182
127.713
109.668
119.822
103.413
7.346
0.165
83.139
137.841
92.236
5.463
0.134
88.953
111.293
86.974
9.255
0.156
111.057
123.116
88.271
8.140
114.100
0.165
89.318
124.805
86.131
6.116
0.179
109.300
107.433
99.702
106.271
6.074
0.176
89.147
139.954
100.839
108.373
5.657
82.192
0.166
85.266
130.157
93.100
103.320
6.720
0.179
144.107
109.585
118.610
107.332
6.229
0.168
90.428
129.853
90.234
102.602
5.269
0.183
95.913
140.810
91.178
107.432
6.043
103.576
0.166
82.054
123.654
93.715
99.964
4.452
0.197
88.810
130.017
101.698
112.155
2.793
0.158
104.964
112.127
109.059
108.379
5.225
0.159
114.454
109.954
84.691
5.268
0.165
120.293
160.975
89.595
3.518
114.517
0.139
114.992
108.434
88.467
6.631
0.177
86.481
113.415
98.951
106.422
5.599
82.652
0.165
107.930
100.708
93.963
107.661
4.221
104.164
0.177
85.813
116.323
102.848
107.085
3.801
149.474
0.164
83.821
118.996
97.401
105.344
4.478
149.715
0.178
88.448
116.887
99.583
106.701
4.235
105.995
0.123
89.848
102.024
98.012
108.003
5.175
109.567
0.189
90.246
103.611
94.171
108.755
2.684
0.201
128.084
104.653
101.656
105.936
3.913
0.167
82.931
113.372
101.547
106.729
3.020
0.167
87.840
130.239
95.184
105.621
2.943
0.177
86.132
119.571
104.520
104.633
4.151
87.493
0.166
108.388
103.082
87.197
107.923
3.708
106.327
0.184
84.494
101.047
102.931
101.859
3.902
0.185
90.226
119.211
99.361
107.865
4.356
0.181
93.753
118.498
99.037
108.116
3.910
91.962
0.181
108.617
104.015
96.291
106.674
4.515
81.039
0.187
86.545
101.055
101.272
105.593
4.619
103.431
0.197
92.028
99.617
99.923
104.175
3.721
82.783
0.185
84.655
98.675
99.834
108.730
3.492
0.191
80.422
108.988
100.986
108.374
3.365
0.144
106.154
110.961
107.188
103.618
3.694
82.640
0.163
103.707
124.479
96.490
100.428
4.099
88.929
0.167
100.745
104.333
128.786
108.211
6.128
84.456
0.174
85.021
94.604
89.607
103.614
3.788
0.200
85.495
102.359
99.436
111.535
3.790
0.162
109.429
120.915
99.580
88.492
3.988
0.189
132.556
115.574
108.806
100.918
2.859
83.775
0.172
106.010
104.978
94.651
111.518
4.085
84.325
0.194
82.662
100.520
96.163
104.574
4.678
83.970
0.183
86.717
105.310
102.137
103.400
4.508
103.119
0.192
104.767
128.173
105.126
83.419
5.680
85.818
0.179
100.737
118.300
117.629
87.675
4.667
0.178
104.595
103.677
114.189
103.856
4.073
0.168
115.096
127.240
87.696
5.648
104.534
0.147
93.646
146.275
82.946
5.971
0.184
103.146
132.655
111.466
6.087
0.137
110.918
140.446
107.446
6.220
0.144
115.005
106.824
88.878
4.835
0.159
106.003
122.640
107.997
3.852
0.154
109.604
117.316
89.466
6.535
0.166
111.897
130.707
93.185
5.632
0.179
108.264
128.658
85.556
4.742
0.161
93.978
128.249
84.852
3.009
0.152
128.763
117.306
109.034
6.945
0.147
115.420
131.177
90.572
5.673
0.150
108.545
139.916
83.599
6.737
0.141
110.695
134.544
93.387
9.662
113.749
0.159
89.660
121.789
85.488
7.024
0.168
106.392
102.307
92.121
112.978
7.773
85.298
0.168
91.251
101.864
100.257
101.653
3.700
0.200
88.006
116.244
107.197
108.419
3.744
0.179
83.802
119.717
106.015
111.991
3.197
0.182
88.352
102.795
102.444
102.634
4.900
87.610
0.179
103.943
104.900
93.715
107.745
3.035
0.194
154.691
105.865
100.345
103.613
4.635
0.182
87.422
139.377
100.813
114.202
4.465
85.240
0.175
93.704
110.962
107.994
108.262
5.483
0.182
86.059
101.361
104.974
109.063
4.889
0.177
81.935
116.686
91.905
105.596
4.492
0.187
86.629
112.133
107.245
108.728
6.974
84.450
0.177
83.739
107.954
96.208
103.833
7.996
0.208
85.284
102.506
100.863
102.392
7.445
82.789
0.174
105.698
108.449
90.321
100.807
6.082
0.170
92.724
120.790
98.056
102.636
3.618
108.130
0.180
102.630
118.388
114.160
108.106
3.003
0.189
82.025
114.315
96.955
85.443
8.657
0.186
92.402
105.887
107.101
113.752
5.745
0.192
81.668
114.549
111.178
109.099
6.798
104.288
0.150
91.149
127.099
84.653
9.770
147.898
0.166
92.176
134.816
86.125
8.026
105.501
0.163
88.554
113.322
85.791
7.784
0.162
119.728
121.621
111.959
108.695
2.318
0.156
85.528
116.182
96.739
101.728
4.103
0.185
82.210
134.760
101.123
87.412
5.438
83.514
0.163
84.228
106.653
90.688
104.397
4.654
0.176
101.450
105.262
112.259
105.887
3.408
0.165
150.197
136.216
105.459
5.327
111.190
0.150
105.755
108.821
106.078
7.828
89.700
0.179
101.220
128.982
105.715
9.274
0.166
111.424
117.448
92.069
7.926
111.742
0.159
88.740
115.648
84.318
6.116
0.176
109.024
114.162
103.888
103.731
5.506
0.170
96.634
131.750
92.109
102.467
7.146
0.171
117.023
138.937
110.262
103.573
9.470
86.883
0.171
153.743
114.730
87.723
9.632
0.171
106.215
162.852
101.845
110.274
7.592
89.724
0.180
90.527
106.699
94.587
102.813
9.159
133.385
0.190
105.768
98.358
100.447
110.606
4.757
104.628
0.188
89.006
104.349
91.648
104.053
108.139
4.846
0.178
82.842
103.399
100.406
105.513
5.894
92.278
0.184
78.992
99.283
92.323
110.254
6.651
149.933
0.193
87.474
125.353
106.100
106.409
7.398
103.991
0.175
88.471
120.578
98.435
102.931
5.501
83.997
0.166
102.101
104.819
96.368
101.054
4.614
85.143
0.187
105.141
98.658
98.880
112.703
3.749
82.581
0.171
88.892
119.726
95.883
101.331
2.918
105.477
0.167
150.802
100.678
110.934
104.697
82.005
4.143
0.182
85.468
102.843
94.662
104.114
4.589
0.187
80.276
116.929
111.561
88.765
4.041
0.177
129.765
109.920
100.575
105.835
3.680
0.182
156.753
130.247
93.377
106.347
4.168
88.382
0.166
106.642
107.702
91.155
105.493
7.939
0.200
86.874
123.484
94.497
106.561
8.696
114.642
0.172
101.776
121.747
121.574
105.515
5.757
0.179
84.750
157.928
99.100
92.075
6.745
0.196
86.003
111.231
106.902
103.213
7.675
86.619
0.161
100.750
107.368
115.674
104.783
5.787
95.015
0.168
127.253
98.856
88.550
108.142
7.406
111.216
0.196
80.913
103.595
94.674
103.421
7.654
108.412
0.188
147.045
108.048
115.551
108.951
9.563
152.695
0.143
84.362
105.505
93.058
103.749
6.473
133.715
0.187
100.722
100.246
112.094
107.514
7.819
0.166
105.442
110.918
91.593
94.219
8.275
0.187
112.449
114.318
119.651
112.473
131.226
4.783
0.183
87.891
139.328
91.358
100.183
4.021
78.134
0.192
83.782
120.499
103.637
106.521
4.273
87.614
0.194
80.761
104.401
121.686
106.817
5.022
101.455
0.158
89.189
123.289
90.890
87.593
3.634
0.202
86.484
113.205
103.793
87.748
6.679
0.173
133.723
109.318
105.057
105.426
4.067
0.181
87.147
129.694
102.848
102.097
3.763
87.496
0.169
105.769
108.930
115.077
103.746
4.154
0.179
86.271
118.858
101.018
113.499
3.031
0.169
84.335
122.510
99.046
88.253
4.343
0.187
109.651
117.999
103.557
88.298
4.040
137.072
0.164
89.138
115.393
91.629
87.262
6.157
111.109
0.196
92.909
107.069
95.541
96.005
5.587
154.335
0.182
85.432
104.201
95.665
108.467
5.028
102.220
0.187
83.449
121.095
96.415
111.025
3.700
84.253
0.189
83.259
107.416
108.191
103.059
6.379
83.263
0.188
84.849
98.264
96.818
108.672
7.443
82.376
0.185
86.003
107.172
97.837
105.442
3.977
77.566
0.196
81.685
121.737
102.973
100.966
92.125
4.660
0.169
96.639
111.039
140.387
93.751
2.602
87.436
0.203
80.931
99.624
90.522
108.574
4.694
81.515
0.185
85.756
126.872
94.948
92.824
4.014
0.222
84.208
152.390
111.234
103.931
3.656
0.161
94.838
128.104
97.008
105.316
4.183
89.965
0.168
94.219
116.633
104.999
84.873
5.398
82.917
0.187
87.661
101.674
98.730
107.136
101.279
3.787
0.189
79.826
122.209
125.328
106.950
3.829
0.191
89.989
159.503
106.552
99.693
5.350
85.321
0.165
108.535
98.584
100.216
111.510
3.217
0.189
80.695
103.900
108.817
108.315
4.509
133.880
0.165
85.251
109.039
110.015
104.416
5.669
92.962
0.213
100.275
94.925
123.749
109.040
3.640
0.176
81.364
104.911
105.889
104.618
2.627
0.163
81.835
177.844
116.279
106.062
4.563
91.001
0.166
97.403
117.354
89.894
3.110
0.199
108.310
154.076
104.629
108.950
2.728
0.193
84.284
137.603
98.407
112.439
4.888
0.169
87.336
121.850
99.512
92.750
5.007
89.400
0.186
139.812
106.658
103.985
108.138
6.506
90.178
0.189
81.888
152.573
101.760
104.512
9.921
81.353
0.215
104.318
105.852
106.559
86.080
8.204
0.193
87.637
117.804
110.239
89.577
8.295
109.252
0.174
88.047
113.452
106.105
107.083
53.910
0.172
77.706
104.203
116.703
110.175
7.135
0.171
108.950
117.742
90.578
6.246
0.140
117.497
132.915
100.929
5.165
0.127
104.326
123.036
115.589
6.657
0.165
88.191
120.416
132.105
9.269
88.737
0.182
96.059
117.396
87.307
7.917
107.427
0.196
90.303
107.780
106.304
147.142
2.937
80.968
0.206
130.436
169.450
101.818
107.148
4.114
86.519
0.183
90.815
107.784
100.661
85.047
5.586
83.079
0.186
84.028
95.808
102.518
103.026
3.348
0.183
89.218
101.680
100.300
111.198
2.915
89.316
0.202
86.516
118.093
107.203
86.026
6.181
78.268
0.199
85.106
114.549
101.405
99.041
4.822
81.191
0.179
102.679
154.284
100.700
105.355
6.391
0.181
93.093
103.870
148.243
110.685
5.687
79.007
0.180
87.492
120.497
96.485
102.816
9.027
82.890
0.737
86.499
112.940
111.903
82.397
87.308
7.078
0.190
106.275
91.902
129.710
111.297
6.031
0.191
86.727
113.073
102.553
92.631
85.650
4.219
0.189
90.599
107.770
113.118
110.313
3.665
0.189
85.544
106.079
104.013
101.520
4.343
91.464
0.171
102.107
104.742
97.952
115.584
4.238
87.067
0.180
86.616
99.881
92.358
88.818
84.819
3.864
0.202
129.056
101.126
107.235
112.672
4.961
81.692
0.145
84.383
104.257
93.793
89.367
5.015
0.210
79.429
152.324
116.775
108.087
85.927
5.180
0.158
83.405
103.912
89.576
108.851
3.008
132.039
0.190
90.041
95.918
98.326
103.905
4.017
0.208
78.819
154.465
128.946
115.506
2.912
0.164
87.443
116.574
91.788
3.707
0.152
99.047
125.180
88.098
3.789
165.856
0.168
85.169
118.892
91.093
7.490
85.784
0.173
86.935
122.526
89.583
108.235
5.314
109.141
0.155
91.895
111.409
106.073
85.255
7.211
105.971
0.167
87.889
150.700
101.509
105.244
4.073
86.442
0.170
96.668
101.028
94.504
108.179
4.123
123.357
0.157
81.194
117.724
95.935
103.485
2.729
0.190
98.407
112.459
118.791
85.383
4.536
91.807
0.180
134.153
107.947
101.526
105.273
90.816
3.791
0.179
87.318
98.388
102.794
108.890
4.343
87.225
0.201
136.995
152.339
108.782
90.060
77.806
5.094
0.209
84.996
123.371
101.119
150.395
3.389
108.328
0.178
115.950
155.531
111.019
113.274
86.087
3.600
0.182
84.094
105.873
96.139
129.273
4.857
89.268
0.206
78.483
141.494
133.208
114.749
5.921
109.392
0.179
82.410
111.858
99.894
133.571
5.770
80.358
0.188
141.024
123.501
114.618
102.694
3.047
0.186
87.169
111.250
155.737
108.715
3.908
81.954
0.123
85.039
116.709
115.945
85.291
6.153
84.112
0.206
82.808
94.757
154.463
106.223
80.276
3.769
0.221
80.708
109.286
105.923
87.086
94.566
5.560
0.190
83.153
94.180
110.915
103.278
83.415
6.426
0.175
87.212
103.758
106.372
106.915
3.250
89.921
0.181
79.055
96.288
173.201
106.184
83.835
5.888
0.170
92.967
101.759
104.019
96.896
81.049
5.283
0.205
84.511
115.886
156.712
104.465
2.585
105.525
0.176
81.950
128.731
134.990
101.756
5.111
83.915
0.176
114.954
115.187
139.534
84.418
4.407
82.122
0.214
78.330
100.475
129.121
109.887
3.317
81.711
0.172
85.947
99.592
97.077
149.949
4.671
95.746
0.207
87.673
140.529
107.794
105.218
130.137
3.567
0.196
83.589
99.968
111.310
101.781
3.272
92.578
0.192
113.101
101.580
156.775
102.043
94.234
4.606
0.206
80.435
110.702
123.499
88.958
4.701
80.998
0.200
91.308
105.678
141.004
106.052
107.824
4.824
0.186
78.214
104.682
113.628
88.767
90.814
6.370
0.194
88.484
105.596
148.585
93.812
4.869
148.202
0.188
85.020
164.294
111.683
118.196
104.678
3.682
89.218
0.201
77.547
108.839
120.921
84.883
4.174
0.548
74.831
108.949
127.976
91.999
87.775
4.245
0.168
83.193
109.029
95.927
91.593
3.137
0.201
75.836
112.331
147.943
83.948
3.011
86.328
0.171
104.714
125.823
142.779
82.957
87.270
4.787
0.196
86.650
98.532
123.555
88.513
144.300
4.281
0.180
84.038
106.860
100.413
96.335
3.483
77.172
0.203
79.975
118.983
104.948
143.512
5.655
102.314
0.185
81.719
184.742
115.671
87.768
82.566
3.844
0.205
89.276
116.185
110.376
83.720
5.154
87.027
0.187
82.878
105.480
109.119
84.317
114.811
3.433
0.195
130.447
107.140
118.001
83.845
88.356
3.745
87.706
0.220
93.833
96.769
110.729
108.247
89.178
3.609
0.210
85.749
100.521
105.191
136.217
90.981
5.854
86.235
0.186
94.128
111.040
98.758
81.992
3.884
0.234
100.324
102.302
121.485
110.364
2.655
89.719
0.169
92.142
111.324
99.401
110.274
3.524
0.166
85.975
160.567
105.761
112.125
90.415
8.179
83.692
0.228
82.568
109.551
110.128
90.654
86.667
4.999
75.265
0.226
76.156
80.498
101.342
102.985
87.744
5.698
86.321
0.165
78.448
92.450
94.539
108.869
86.178
2.612
0.194
84.721
96.814
154.703
151.252
3.370
82.181
0.203
81.644
178.012
109.769
88.413
5.144
82.600
0.180
82.161
97.903
135.420
85.443
92.972
2.935
88.354
0.196
76.627
92.656
122.145
98.923
88.523
2.289
81.838
0.215
85.231
98.548
92.977
100.888
91.799
5.438
0.207
145.331
127.252
118.359
95.486
87.875
5.414
86.688
0.193
79.184
108.320
104.509
83.989
97.912
6.152
0.205
78.929
100.207
123.836
89.991
3.734
88.283
0.178
91.149
105.992
108.935
111.038
2.396
87.828
0.191
82.014
106.121
101.673
130.342
88.460
3.458
86.455
0.212
83.454
102.074
157.097
82.399
3.313
149.696
0.198
83.123
99.362
107.718
116.271
2.463
0.156
119.436
112.288
101.246
91.928
5.270
96.241
0.184
96.631
106.423
165.918
103.515
84.481
7.151
85.345
0.192
81.228
88.774
101.082
92.696
85.512
95.892
2.485
0.211
73.633
108.350
110.400
112.001
3.978
77.781
0.194
83.595
115.384
107.298
108.766
93.966
2.110
0.175
87.272
106.569
103.971
93.310
106.212
4.505
140.411
0.210
81.555
144.164
108.251
99.220
83.619
7.537
131.012
77.200
0.200
84.601
85.955
99.906
106.814
107.002
9.012
87.785
0.235
137.731
81.096
104.488
104.110
81.801
2.537
0.184
92.585
106.892
110.534
86.524
4.534
0.195
78.843
109.473
147.498
91.778
89.831
7.998
0.159
82.100
116.361
150.627
140.662
115.555
5.510
0.205
81.060
114.941
123.749
101.734
3.469
130.048
0.196
77.063
177.232
108.868
95.784
120.527
7.296
0.187
83.346
107.030
133.187
92.103
88.624
7.206
0.214
80.509
96.078
111.039
79.660
89.799
5.812
0.266
101.881
112.128
132.370
115.341
89.047
2.563
78.196
0.135
67.905
93.864
115.348
107.544
3.693
73.215
0.207
83.354
110.922
176.277
102.153
78.037
6.568
111.299
0.192
86.919
107.828
104.416
86.952
7.124
91.577
0.231
78.336
77.247
114.053
118.957
93.434
2.733
83.794
0.216
76.375
104.882
132.638
112.999
91.497
83.206
3.854
0.239
79.607
93.856
118.876
80.889
83.163
3.079
0.233
89.313
94.415
118.339
108.313
83.272
108.557
8.015
81.041
0.185
79.846
85.831
104.633
111.329
81.781
5.519
86.966
0.249
78.308
88.597
130.318
114.210
97.059
4.577
0.205
88.259
104.215
94.575
87.248
3.292
97.167
0.211
96.053
117.068
164.549
101.629
92.091
7.303
0.187
151.066
154.968
101.882
118.169
88.362
9.519
87.580
0.212
86.899
95.241
93.263
71.230
122.044
7.928
87.069
0.214
80.052
122.832
140.159
84.776
74.689
5.278
0.225
82.198
132.848
108.799
88.349
4.526
81.619
0.196
98.058
109.704
171.293
164.177
103.609
84.948
6.398
0.193
71.370
94.571
103.052
91.636
2.674
0.193
142.856
94.806
108.841
125.541
2.568
154.537
0.185
93.295
115.473
99.390
2.788
126.635
0.191
94.708
103.253
114.511
116.647
84.108
6.611
0.207
76.545
104.133
106.036
76.196
97.663
5.815
0.181
108.209
118.526
152.279
92.865
5.576
98.256
0.196
81.937
100.678
117.269
100.799
132.025
10.449
0.174
95.552
91.895
118.290
155.432
89.509
7.211
0.193
97.631
119.682
116.694
83.074
79.724
3.133
0.250
91.481
104.867
129.376
71.355
2.979
86.589
0.193
100.686
113.215
125.065
72.985
77.531
2.595
104.877
0.171
44.227
499.472
296.462
144.187
207.973
3.089
0.095
58.198
58.260
77.012
86.839
84.162
4.110
0.195
67.110
120.696
113.700
127.664
99.635
6.289
0.184
100.646
123.434
112.565
103.289
9.001
0.155
107.062
141.282
88.101
7.458
0.144
111.056
110.796
91.675
9.023
0.149
115.616
126.847
87.359
9.552
0.137
94.946
141.868
88.994
11.773
0.148
109.365
105.941
94.040
8.844
0.142
113.174
125.332
91.235
8.671
114.495
0.150
87.486
108.640
88.543
9.023
107.225
0.177
89.128
106.767
90.230
112.205
8.881
0.191
112.686
110.926
102.905
92.882
8.815
90.707
0.195
88.852
104.327
97.710
107.728
8.982
0.193
81.417
104.677
105.658
106.067
6.576
84.511
0.176
108.556
103.734
100.581
111.417
7.612
92.675
0.196
77.808
97.560
126.850
108.746
7.449
0.184
80.142
102.115
43.858
514.072
231.631
2.092
0.083
136.078
39.814
13.133
1.855
0.060
265.603
346.821
103.193
2.003
0.070
151.320
223.748
69.240
35.383
41.723
2.789
0.121
50.646
75.592
67.124
5.394
0.165
73.171
113.585
