5.202
3.535
0.782
0.013
63.967
62.789
68.465
75.778
72.794
65.377
69.326
103.942
59.965
52.814
61.264
55.447
65.317
70.614
78.000
82.125
42.239
35.021
29.953
65.550
37.774
244.155
180.469
160.799
119.505
44.780
41.922
54.886
62.507
68.366
77.274
82.333
85.120
83.319
5.998
0.257
79.965
101.885
102.117
109.229
94.913
91.657
132.834
118.064
104.459
99.828
76.543
100.161
93.345
5.990
82.507
0.329
88.396
83.958
129.939
152.969
151.345
103.790
83.813
107.857
81.190
5.636
79.373
0.302
80.434
87.653
120.659
143.383
88.318
5.552
0.258
90.871
107.072
108.714
96.332
3.629
92.326
0.188
100.221
112.396
121.001
118.334
91.423
2.199
0.234
97.511
102.133
109.014
85.390
102.921
4.775
115.269
0.242
88.531
106.723
42.885
8.964
1.833
0.064
513.228
172.826
58.926
5.457
0.116
71.782
95.626
90.391
7.684
0.266
101.728
125.099
122.098
107.039
10.878
0.173
112.348
131.507
113.826
7.477
0.168
114.310
133.299
111.132
7.628
0.168
167.533
149.334
87.143
7.590
114.719
0.160
113.619
136.919
112.244
8.248
92.474
0.202
99.301
121.645
87.316
8.161
0.184
107.360
135.764
118.885
114.520
4.629
0.159
110.747
133.933
90.868
6.961
100.603
0.180
92.231
174.822
89.724
4.065
0.192
88.708
106.701
151.161
112.910
4.647
0.212
88.309
111.286
97.576
112.244
6.105
0.226
90.738
114.905
97.572
118.225
3.574
0.172
256.873
170.914
922.481
3.519
1.829
0.119
38.180
12.650
1.843
0.091
542.813
360.309
96.730
212.803
2.001
0.106
64.059
41.439
61.342
67.266
80.084
77.836
3.585
0.298
63.806
100.896
117.611
134.762
126.520
88.463
2.696
0.251
97.752
94.516
104.378
116.766
3.466
0.198
85.071
119.424
96.898
109.872
3.461
112.101
0.205
97.273
115.605
122.301
143.122
2.520
0.229
87.073
108.761
115.260
109.653
4.139
0.194
89.554
160.342
104.383
109.498
2.621
0.228
95.100
108.914
104.567
108.386
2.742
0.219
82.677
113.269
140.546
113.596
2.592
0.192
94.550
112.170
96.826
2.490
160.645
0.193
91.805
115.092
87.199
4.263
113.577
0.220
133.551
114.594
87.304
91.070
4.050
106.921
0.229
91.445
103.223
109.715
104.565
3.312
0.212
91.329
132.416
100.347
105.328
2.963
0.207
93.822
144.047
149.288
110.257
2.734
0.199
90.980
118.330
96.728
3.373
108.345
0.169
88.281
121.184
89.329
4.470
0.220
95.050
114.711
100.840
115.639
4.488
0.182
88.905
112.204
104.026
89.698
2.954
94.533
0.215
94.346
110.289
114.564
109.808
79.883
4.355
0.229
94.300
105.221
99.702
94.666
2.702
83.963
0.231
86.473
150.678
113.720
100.986
3.728
80.438
0.223
116.101
118.926
106.222
108.429
3.635
87.840
0.225
88.141
104.930
116.597
155.054
2.572
83.366
0.221
85.568
148.139
91.162
114.029
3.793
83.347
0.228
93.870
111.263
114.326
91.988
3.052
87.071
0.241
87.771
99.988
108.403
111.885
3.021
0.218
86.940
106.660
108.374
159.036
3.921
89.352
0.206
85.812
110.983
101.191
91.322
91.862
4.228
0.222
86.875
95.494
144.931
103.844
2.603
100.424
0.139
144.151
126.389
105.004
103.801
94.169
2.344
0.207
91.327
97.774
166.861
157.088
88.173
3.474
0.220
80.451
150.742
111.171
97.104
78.232
5.092
0.211
87.636
123.053
105.276
41.723
532.479
258.201
1.996
0.106
155.988
170.776
71.042
62.093
76.493
3.999
0.164
62.651
105.390
111.768
134.271
104.383
4.633
0.223
76.925
98.196
86.218
102.516
2.736
0.222
116.602
126.961
100.346
114.939
7.520
93.709
0.189
81.113
106.632
100.814
5.938
0.197
110.219
130.516
92.313
3.639
112.004
0.122
88.349
151.848
97.420
151.909
2.755
0.229
84.159
109.105
95.991
89.504
5.089
79.378
0.219
89.334
116.594
96.294
107.737
168.241
6.644
0.209
92.824
104.815
104.344
116.558
6.441
84.127
0.212
91.307
105.475
104.309
115.157
91.897
3.084
0.199
126.303
101.396
110.453
107.448
3.761
89.600
0.212
91.057
103.058
103.169
108.483
90.767
3.504
84.242
0.200
88.381
110.895
40.036
531.738
246.763
37.965
2.114
0.114
112.464
236.598
80.349
61.355
66.537
5.993
0.226
49.626
98.303
101.725
123.274
128.365
91.137
9.262
0.245
91.534
114.063
108.933
106.650
9.837
102.133
0.194
85.756
128.663
85.455
4.965
87.403
0.190
129.522
105.411
89.718
110.364
8.305
0.230
94.483
104.002
86.886
107.104
106.643
5.876
0.217
83.370
105.059
112.290
90.392
7.277
0.214
89.435
105.268
105.814
116.826
85.909
6.758
0.179
89.544
107.824
88.044
84.701
109.218
6.052
0.238
87.211
97.872
113.341
166.741
87.356
6.430
0.195
88.484
107.979
100.145
84.819
7.686
0.219
79.341
112.621
140.034
84.642
6.451
94.158
0.188
93.017
112.240
100.378
3.840
0.199
87.502
111.064
135.188
103.736
5.017
84.781
0.187
154.390
160.228
102.902
38.552
13.657
1.899
0.076
533.771
353.869
70.799
2.003
202.076
0.098
37.992
13.150
1.826
0.075
166.377
197.161
70.999
18.352
0.075
185.748
177.990
44.086
131.951
1.944
0.093
164.690
43.271
41.082
52.268
47.236
63.426
70.305
3.486
0.280
69.483
83.412
91.852
101.953
110.120
112.251
142.704
90.443
2.542
0.218
91.105
103.337
108.163
100.165
2.453
0.176
101.754
131.897
105.226
2.369
0.148
105.095
123.181
106.541
2.335
0.140
106.333
130.615
106.504
2.322
0.134
106.291
127.273
107.062
2.467
0.138
109.476
126.305
109.216
2.347
0.147
107.997
126.422
106.383
2.267
0.154
106.131
130.141
109.720
2.456
0.146
106.333
125.617
106.218
2.318
0.141
105.421
128.969
107.184
2.610
0.143
105.232
127.521
106.264
2.373
0.164
107.485
125.533
106.404
2.561
0.141
108.938
130.900
106.193
2.361
0.150
107.315
127.247
109.656
2.339
0.135
107.313
128.213
107.348
2.460
0.155
111.646
127.679
86.785
2.562
0.159
107.265
134.933
105.892
2.590
0.139
106.787
121.192
106.266
2.529
0.151
105.599
129.883
106.596
2.551
0.154
105.052
126.619
105.731
2.878
0.148
106.415
129.145
105.154
2.552
0.150
107.793
128.407
99.441
2.965
0.153
105.389
124.706
109.447
2.585
0.145
106.326
133.244
107.836
2.361
0.160
105.322
137.445
106.062
2.712
0.147
105.781
128.752
110.688
2.706
0.143
105.410
129.527
105.536
2.726
0.147
106.721
125.232
106.953
2.868
0.141
104.391
127.877
109.999
2.702
0.135
106.776
129.660
106.473
2.803
0.152
105.855
126.678
105.714
2.558
0.148
109.658
126.777
105.301
2.494
0.140
106.574
126.626
106.477
2.647
0.152
104.728
126.831
104.694
2.629
0.152
105.567
126.383
113.278
2.700
0.159
105.231
106.619
111.787
4.007
0.173
104.613
113.456
106.856
3.958
0.144
105.019
135.098
106.501
2.848
0.146
104.472
120.098
104.941
2.448
0.157
107.469
128.971
103.845
2.603
0.152
104.737
127.765
108.753
3.851
0.157
106.125
127.237
105.521
3.924
0.148
105.756
126.337
103.917
2.570
0.162
105.573
129.790
105.997
3.035
0.154
106.193
125.700
106.196
2.794
0.136
104.417
125.076
107.222
2.724
0.141
105.542
124.235
107.187
2.734
0.149
103.940
133.410
105.059
2.873
0.161
104.328
124.043
108.568
3.165
0.163
108.752
128.264
105.825
4.106
0.163
106.057
125.554
105.482
2.888
0.139
106.856
124.208
112.161
2.903
0.139
106.972
109.314
108.066
2.667
0.153
105.006
137.194
107.996
2.710
0.144
103.827
120.777
105.576
2.901
0.188
104.700
133.143
107.745
2.811
0.152
107.229
125.015
105.993
2.664
0.156
107.131
131.284
107.016
2.889
0.153
109.881
125.898
105.918
2.440
0.149
106.696
126.523
106.122
2.558
0.174
104.996
125.310
105.426
3.032
0.146
108.696
129.719
108.948
2.886
0.145
104.866
125.304
108.346
3.241
0.151
108.636
122.804
110.292
2.928
0.136
106.251
104.509
106.082
3.254
0.160
105.335
130.133
106.331
3.395
0.143
105.934
126.362
105.516
2.969
0.157
106.124
126.178
109.675
2.781
0.147
108.182
127.058
108.049
3.529
0.164
104.466
127.574
107.260
3.049
0.136
107.887
125.687
105.395
2.567
0.119
107.988
134.235
107.315
2.732
0.126
110.900
127.152
106.627
2.882
0.123
106.892
125.019
106.518
2.670
0.111
108.229
131.957
106.769
2.560
0.117
111.476
128.877
109.454
3.566
0.110
106.418
127.553
106.668
2.821
0.116
111.479
131.163
86.493
4.722
0.127
106.161
141.339
107.273
2.516
0.110
109.872
122.344
106.788
3.091
0.125
104.977
129.364
108.140
2.679
0.115
107.491
128.242
109.821
2.797
0.121
106.270
124.565
109.626
2.572
0.122
109.752
129.064
108.149
2.728
0.130
106.896
124.662
106.337
3.128
0.119
106.505
124.439
106.869
2.850
0.124
106.991
127.269
113.555
2.964
0.132
104.737
105.797
106.799
2.689
0.125
105.973
138.027
110.535
2.559
0.131
106.803
124.830
108.978
2.990
0.137
105.978
125.313
106.034
3.081
0.133
109.958
128.755
108.036
2.760
0.129
109.627
124.116
107.648
2.955
0.116
111.953
131.006
86.822
2.836
0.134
104.023
110.352
106.014
2.740
0.118
105.244
130.615
105.700
3.190
0.123
106.752
127.700
108.542
3.241
0.123
111.337
132.190
108.003
3.085
0.124
109.648
122.201
84.932
3.988
0.125
108.137
129.558
107.589
2.563
0.107
107.220
121.540
109.170
3.698
0.112
107.277
139.402
106.285
3.608
0.129
109.354
126.063
108.204
2.701
0.128
106.832
126.222
105.055
3.093
0.112
109.806
123.738
87.127
3.280
0.126
105.645
116.840
115.924
2.584
0.132
112.389
105.772
88.363
3.464
0.142
107.925
144.486
105.370
2.347
0.115
106.134
119.043
108.173
2.697
0.114
106.764
127.919
110.841
3.200
0.158
106.503
123.467
108.454
2.754
0.121
105.864
124.906
106.329
3.937
0.112
105.362
127.415
107.130
3.936
0.127
112.588
126.315
86.837
3.604
0.156
104.639
135.297
106.101
3.052
0.116
110.241
125.335
85.410
2.850
0.123
110.883
130.228
86.326
2.906
0.124
104.334
107.496
107.464
3.724
0.125
105.356
130.970
107.450
2.961
0.123
104.874
123.014
109.811
2.449
0.116
104.859
127.954
104.605
3.407
0.117
105.481
125.749
107.677
3.852
0.119
107.601
127.114
106.088
3.107
0.112
106.370
126.172
111.520
3.985
0.133
103.894
106.610
115.244
3.278
0.116
108.252
113.363
110.919
2.452
0.128
108.139
126.868
107.748
3.472
0.109
106.271
123.558
104.647
2.965
0.112
106.681
128.279
108.059
3.106
0.115
106.645
127.277
108.569
3.458
0.123
108.720
127.083
103.213
3.460
0.127
110.041
126.559
87.725
3.899
0.148
114.162
109.088
86.955
4.639
0.150
111.556
137.342
90.051
3.700
0.117
104.919
107.243
111.104
3.940
0.143
106.294
134.311
106.140
3.637
0.110
105.552
123.545
108.075
3.760
0.121
107.467
126.587
109.205
3.314
0.115
108.469
129.881
110.178
2.828
0.123
104.497
124.191
108.013
3.122
0.138
105.113
127.688
108.443
3.008
0.144
108.231
131.561
108.155
3.646
0.130
104.417
124.456
106.369
3.239
0.137
108.464
133.272
104.820
2.700
0.114
107.301
126.326
106.747
2.728
0.120
106.773
128.592
110.957
3.993
0.118
108.643
112.783
109.363
3.264
0.126
106.344
132.544
109.235
3.418
0.123
106.376
124.728
112.056
3.266
0.115
111.162
124.081
86.955
3.151
0.147
106.996
137.960
109.271
3.488
0.135
107.881
123.840
113.036
3.953
0.121
106.163
108.789
110.869
3.077
0.125
106.338
107.983
108.068
3.322
0.147
105.840
135.233
107.088
3.620
0.110
110.593
123.349
109.503
4.134
0.109
107.739
136.571
108.263
3.099
0.124
112.419
127.448
84.864
4.387
0.119
104.912
134.433
105.148
2.791
0.122
106.344
123.886
108.739
3.151
0.116
111.474
124.898
88.205
3.526
0.142
107.024
110.303
110.756
2.541
0.136
113.947
123.231
87.249
4.567
0.128
108.336
134.395
107.783
4.088
0.119
105.308
119.797
105.487
3.481
0.116
104.955
129.987
111.847
3.080
0.121
105.410
111.310
105.523
3.609
0.131
110.723
127.261
85.654
3.622
0.127
111.982
135.072
83.033
3.724
0.121
106.586
129.081
108.686
3.453
0.109
105.454
127.156
111.585
3.399
0.143
106.700
129.129
108.018
3.349
0.114
105.436
128.548
106.454
3.526
0.116
108.982
128.105
109.111
4.557
0.118
108.574
131.388
110.402
3.840
0.132
108.912
129.322
106.320
3.162
0.115
105.741
130.957
108.990
3.665
0.124
105.551
128.420
117.080
3.367
0.119
107.530
115.434
109.125
3.157
0.167
88.039
136.578
84.708
3.229
0.130
108.939
130.199
104.912
3.067
0.124
113.527
127.636
86.092
3.817
0.124
107.672
114.911
107.603
3.254
0.132
109.867
126.743
85.008
3.390
0.143
107.078
136.506
109.245
3.243
0.132
112.800
119.818
91.739
3.912
0.123
109.371
117.821
108.924
3.507
0.131
108.036
129.457
107.429
2.898
0.110
107.938
123.843
105.434
3.192
0.126
110.857
127.234
84.681
4.055
0.139
110.991
137.754
105.609
3.317
0.122
111.138
122.794
86.665
3.233
0.130
108.403
136.102
109.476
3.362
0.124
109.633
121.364
111.868
3.525
0.133
105.354
113.598
107.365
3.174
0.129
114.286
134.410
112.810
3.054
0.118
106.712
97.367
109.860
3.615
0.142
106.578
137.150
109.215
3.416
0.119
105.602
129.768
110.831
4.404
0.135
112.242
123.706
88.609
3.264
0.123
109.073
133.735
106.980
3.190
0.127
105.392
127.546
110.298
3.828
0.109
106.227
112.089
109.461
3.441
0.131
111.048
132.987
84.338
3.661
0.121
109.479
129.492
105.647
3.900
0.123
109.036
124.628
88.745
4.411
0.131
104.970
112.307
108.311
2.663
0.123
116.319
124.335
85.818
5.281
0.127
110.259
136.723
86.706
3.903
0.128
107.552
129.916
107.590
4.792
0.136
109.248
124.349
106.572
2.958
0.129
110.705
125.431
89.691
3.559
0.125
111.092
132.298
88.522
5.168
0.139
105.426
127.814
108.738
3.946
0.115
111.041
122.787
87.064
2.437
0.121
104.779
129.170
110.693
2.316
0.145
89.698
104.680
88.588
3.668
0.145
108.006
119.623
106.013
2.631
0.114
111.191
132.819
89.654
4.284
0.152
105.318
109.805
106.352
4.346
0.126
108.322
129.651
114.282
3.263
0.122
107.581
103.128
107.428
4.650
0.145
104.557
135.786
112.654
3.508
0.129
111.006
131.060
86.595
5.126
0.136
110.431
134.736
107.922
3.083
0.112
109.864
120.581
116.072
3.884
0.132
107.010
112.168
108.600
3.341
0.138
109.504
134.204
107.150
2.330
0.114
105.929
122.580
107.521
4.593
0.106
105.971
127.385
111.564
2.269
0.122
108.043
131.093
107.827
3.903
0.123
110.023
130.803
87.440
4.524
0.136
111.642
110.351
87.598
4.096
0.131
108.578
143.271
105.345
3.618
0.116
111.013
119.927
88.634
4.929
0.124
105.655
115.713
107.169
4.038
0.132
107.415
132.746
105.578
4.467
0.127
112.910
121.467
87.693
4.501
0.150
104.542
117.555
111.661
4.660
0.125
103.354
106.125
108.666
4.606
0.127
108.566
125.543
104.352
3.723
0.122
108.946
127.492
105.236
4.646
0.125
108.553
127.804
111.687
3.025
0.121
105.593
111.837
105.361
3.219
0.135
88.837
134.458
87.289
4.372
0.167
108.340
108.933
105.727
3.099
0.124
107.636
131.582
110.242
3.569
0.112
107.832
126.847
111.869
4.101
0.129
107.156
108.246
108.392
4.507
0.121
108.337
133.893
106.539
3.656
0.120
106.804
125.432
108.141
3.461
0.113
109.672
127.472
109.004
3.808
0.121
107.729
126.657
108.754
4.238
0.158
108.784
135.541
106.980
3.839
0.118
104.203
126.812
109.894
4.061
0.119
107.550
130.239
113.867
2.786
0.806
107.383
103.702
112.307
4.141
0.130
107.404
112.315
108.980
5.249
0.127
106.189
131.860
108.303
4.832
0.113
105.258
127.029
113.223
3.744
0.137
106.121
110.183
107.223
2.403
0.129
110.615
128.791
85.976
3.597
0.147
105.988
131.927
105.742
4.436
0.110
105.383
125.540
104.983
2.666
0.133
106.407
130.300
108.845
4.542
0.135
104.961
125.558
105.805
3.973
0.140
105.355
128.341
112.676
3.159
0.136
106.632
131.547
108.557
3.510
0.123
114.084
130.347
91.355
3.110
0.139
106.193
112.709
107.236
3.963
0.120
109.551
124.061
83.033
3.263
0.138
110.584
133.448
89.689
4.278
0.134
106.626
104.780
107.463
3.259
0.131
110.981
133.765
86.962
4.633
0.139
107.816
129.284
111.349
2.375
0.118
108.819
97.882
89.480
4.217
0.157
107.510
123.674
109.230
3.326
0.127
106.702
101.506
105.317
3.595
0.117
106.156
132.749
106.384
4.296
0.130
107.299
123.236
107.768
3.328
0.122
108.166
131.031
104.711
4.830
0.144
107.671
127.728
113.772
3.048
0.109
109.874
102.628
85.682
2.209
0.140
106.646
147.158
106.189
4.540
0.136
109.170
123.528
106.953
5.258
0.157
105.031
132.206
107.628
3.318
0.129
112.423
123.661
89.098
3.802
0.130
104.287
112.831
117.675
4.877
0.122
111.176
101.928
87.133
3.226
0.131
111.310
136.236
90.885
3.558
0.144
105.128
104.646
106.946
4.967
0.136
113.569
126.633
90.010
3.781
0.134
112.154
115.257
85.364
4.767
0.135
108.276
130.615
114.278
4.245
0.117
107.459
103.684
112.532
3.388
0.155
109.151
112.907
106.803
3.573
0.121
117.004
127.551
86.752
5.343
0.138
110.995
111.306
85.918
5.228
0.119
107.408
137.335
107.429
2.349
0.119
113.261
117.789
96.928
4.656
0.150
108.302
114.070
112.783
4.271
0.143
105.618
113.895
106.875
4.240
0.143
93.026
124.757
87.876
5.105
0.142
106.498
115.746
109.647
4.528
0.151
105.654
125.205
111.904
2.988
0.118
107.132
103.955
110.393
2.955
0.128
118.652
132.985
89.103
4.385
0.128
103.417
108.949
106.143
3.151
0.133
106.151
135.643
106.789
4.601
0.112
106.818
126.480
114.018
3.158
0.123
108.797
113.959
110.469
4.697
0.119
84.282
106.262
106.267
2.875
0.142
106.107
129.070
112.447
3.739
0.115
106.274
105.509
114.495
3.842
0.142
107.714
109.997
89.469
4.412
0.127
109.972
121.319
87.035
5.787
0.142
108.887
128.851
111.063
5.614
0.144
107.893
106.636
108.149
4.490
0.139
110.371
133.692
85.539
4.950
0.124
112.651
128.493
88.047
4.541
0.140
112.519
105.763
94.667
4.275
0.134
113.898
118.095
91.941
4.374
0.140
105.408
111.368
107.359
5.545
0.127
107.615
122.930
107.267
3.344
0.117
110.656
124.832
90.030
3.372
0.830
112.170
110.739
86.326
2.595
0.148
109.395
136.707
109.969
3.691
0.144
110.071
124.470
110.189
4.706
0.115
107.420
107.497
117.570
2.221
0.138
106.702
111.144
121.114
4.624
0.127
105.285
109.281
111.007
4.525
0.150
105.692
110.283
108.622
3.816
0.129
108.938
129.181
111.077
3.920
0.116
112.715
104.368
92.088
5.432
0.152
109.936
119.010
95.067
4.293
0.141
106.218
109.068
110.327
5.076
0.129
105.371
109.032
109.622
4.500
0.124
109.588
136.653
110.969
3.571
0.110
110.121
103.599
91.629
7.446
0.137
115.070
115.649
90.428
4.942
0.148
108.771
114.662
109.344
3.558
0.114
111.357
132.289
106.535
4.535
0.148
109.304
127.922
110.899
2.660
0.135
113.384
107.324
94.769
4.571
0.163
114.975
119.835
89.021
5.556
0.133
109.227
113.024
95.716
2.815
0.206
105.198
108.844
110.215
3.182
0.158
107.657
131.886
110.895
4.747
0.142
105.540
104.633
108.389
4.611
0.136
109.258
115.956
86.790
3.943
0.129
107.064
133.027
106.651
5.309
0.109
110.758
124.406
113.429
5.973
0.113
106.834
116.497
113.138
4.749
0.136
107.956
116.600
107.443
4.382
0.144
85.328
131.657
108.043
3.053
0.134
105.009
103.897
109.515
3.884
0.142
110.129
132.344
114.778
3.266
0.123
109.083
100.715
85.941
4.410
0.161
104.943
141.536
108.622
2.466
0.115
117.256
126.001
89.000
4.237
0.142
152.144
111.389
88.945
4.697
0.155
107.092
132.763
113.604
3.601
0.125
109.991
119.312
85.704
4.009
0.146
112.304
134.463
91.680
5.107
0.119
108.670
116.912
106.175
4.333
0.129
86.749
132.419
88.349
4.206
0.152
106.751
108.405
113.277
4.231
0.133
104.277
110.084
117.290
3.413
0.129
109.234
108.057
87.098
4.048
0.137
113.772
145.778
88.328
5.445
0.124
104.603
123.645
112.448
5.165
0.119
104.754
107.786
111.009
3.190
0.127
111.141
137.963
89.509
5.791
0.130
106.329
107.070
103.870
5.058
0.146
106.760
130.521
88.864
4.897
0.133
114.680
113.316
93.807
3.653
0.146
110.083
113.814
86.085
5.339
0.137
111.559
132.524
88.453
4.178
0.136
105.680
109.123
119.683
3.115
0.138
111.150
109.120
96.130
5.310
108.745
0.158
88.980
109.651
81.469
3.663
0.178
106.475
125.949
92.802
111.114
4.148
0.153
85.218
117.925
88.860
5.968
0.151
112.405
106.856
88.684
3.764
151.260
0.154
89.488
126.714
84.894
4.894
0.168
109.793
115.184
93.618
3.070
0.153
155.664
109.848
87.472
5.734
0.128
106.169
116.867
115.804
4.201
0.133
111.976
105.462
90.486
5.560
0.151
104.078
112.511
110.071
4.561
0.146
108.648
122.195
89.884
6.417
0.167
115.886
111.995
86.398
5.208
0.161
118.715
137.919
92.740
5.480
0.126
111.274
108.765
92.280
2.987
105.625
0.179
85.270
127.586
88.084
4.193
0.143
112.193
117.124
84.222
6.092
0.131
113.924
136.032
89.640
6.766
0.135
110.896
101.254
86.496
5.501
0.149
108.918
143.548
109.080
4.252
0.135
116.596
124.876
84.986
3.051
106.583
0.164
115.230
133.780
82.611
3.830
0.143
114.862
132.070
91.644
3.083
106.483
0.151
89.680
128.111
87.887
3.842
0.147
147.487
107.982
88.783
3.650
0.148
113.560
116.381
91.593
7.268
123.962
0.129
86.687
129.290
84.328
3.962
139.320
0.117
102.142
106.404
108.213
4.141
0.122
159.489
113.819
83.808
4.674
0.147
109.724
137.441
88.075
4.020
0.140
111.282
107.946
88.382
3.457
0.144
113.012
137.556
85.818
6.290
0.117
109.360
124.828
86.711
2.355
0.154
113.924
113.377
91.899
3.540
0.129
113.640
115.077
89.847
6.692
0.140
110.927
113.492
89.670
4.645
104.752
0.145
87.493
128.021
83.164
2.822
0.139
108.109
113.168
93.359
6.087
0.146
114.167
116.837
92.920
5.145
108.363
0.152
86.340
108.729
88.954
3.433
103.098
0.172
82.590
125.293
88.034
103.269
4.415
0.191
84.729
125.208
103.497
102.560
4.664
0.169
89.801
132.173
86.033
3.883
0.154
110.145
105.937
91.590
5.960
105.928
0.801
86.026
131.451
83.264
4.088
107.810
0.176
105.875
104.577
87.939
3.185
110.303
0.160
87.336
110.883
90.672
4.419
0.195
105.097
112.597
89.207
109.145
4.327
0.180
112.910
131.232
97.383
110.840
3.517
131.033
0.171
84.228
113.798
89.409
4.683
105.760
0.869
89.439
109.614
86.755
106.622
3.966
150.120
0.160
81.755
115.531
98.345
104.521
4.348
86.235
0.152
84.480
100.496
100.243
101.383
5.159
79.874
0.197
103.383
93.012
98.970
101.885
5.001
86.672
0.165
107.632
101.907
92.197
106.522
2.970
107.603
0.182
87.095
99.376
96.292
105.903
4.990
0.164
106.028
102.623
98.078
107.974
2.589
0.183
97.853
134.125
86.226
4.596
0.146
152.605
105.229
90.703
5.275
0.153
113.401
116.128
90.631
3.381
0.147
106.608
111.582
109.448
3.124
0.146
110.299
107.841
89.420
4.053
0.144
88.463
127.243
84.753
4.269
92.891
0.142
106.072
100.269
106.207
3.363
0.167
136.991
113.905
111.524
2.761
107.549
0.145
87.883
101.649
88.291
3.755
153.645
0.150
80.326
106.925
104.997
85.367
3.372
0.167
105.535
106.495
93.305
116.996
3.736
0.175
110.032
123.189
93.225
3.487
0.146
149.943
121.686
90.286
3.613
0.144
88.604
114.375
94.011
6.418
0.171
116.985
119.531
90.568
4.251
0.146
107.137
117.427
108.361
4.569
0.150
110.504
130.939
91.100
3.475
0.125
87.865
117.515
88.231
3.429
82.827
0.137
86.409
129.102
89.536
4.291
105.709
0.154
87.572
106.958
93.110
3.875
145.090
0.193
81.686
110.577
113.180
109.401
4.285
0.137
101.686
103.332
116.723
108.469
5.834
83.426
0.153
87.262
131.402
86.162
5.305
109.426
0.141
81.545
107.461
85.539
106.972
4.338
0.174
87.684
102.272
94.081
108.154
5.288
107.897
0.169
82.234
107.200
96.534
113.836
4.964
127.822
0.159
84.695
96.333
90.855
104.045
3.264
99.409
0.167
106.226
114.469
100.533
108.009
3.970
0.177
79.074
113.288
114.146
106.852
4.758
0.154
90.570
130.013
83.280
2.615
0.161
109.231
135.149
85.101
5.297
112.070
0.149
110.617
101.645
115.469
3.738
0.143
110.946
120.169
87.086
4.141
0.164
93.030
123.601
94.876
4.293
0.171
83.336
112.316
110.599
4.022
157.927
0.162
92.525
101.829
87.504
5.024
0.180
108.793
110.723
93.537
112.318
4.920
107.152
0.187
90.006
105.773
89.664
3.181
0.163
107.018
111.145
91.374
114.138
3.669
0.147
86.035
111.350
95.257
109.542
3.985
0.166
86.200
112.419
92.767
107.763
2.749
0.148
87.610
112.516
91.019
105.914
5.144
87.321
0.188
88.628
101.495
97.495
101.449
4.591
90.890
0.170
102.684
97.101
98.828
99.626
4.693
83.202
0.163
101.444
105.527
97.505
102.935
4.278
0.182
83.769
102.437
100.205
105.562
3.723
0.176
86.812
131.949
88.234
106.077
3.675
86.538
0.159
105.115
109.467
108.976
4.165
0.161
99.370
107.003
112.876
3.585
0.127
110.081
110.016
90.476
4.767
110.360
0.158
83.705
108.582
90.125
4.565
105.090
0.179
90.573
127.062
91.239
100.934
3.257
86.780
0.178
102.444
103.231
100.280
103.133
4.092
83.612
0.153
84.617
98.009
93.037
102.244
4.283
83.874
0.205
104.914
104.781
91.598
87.776
3.884
0.196
104.487
106.526
117.118
112.588
2.581
0.137
114.972
107.931
89.116
5.993
0.130
110.467
130.450
90.379
3.649
0.138
83.751
109.299
106.955
4.401
0.161
113.240
126.962
85.422
3.490
0.120
118.074
138.345
91.212
2.923
109.782
0.125
80.748
100.456
106.709
5.426
0.148
102.808
111.984
108.585
2.420
111.536
0.124
106.028
114.688
104.875
5.557
87.552
0.180
107.690
99.014
85.552
5.481
103.906
0.172
86.206
129.195
99.285
111.385
3.568
0.175
79.419
103.588
114.321
107.198
5.041
0.183
111.859
111.762
88.437
5.917
108.028
0.166
87.289
133.562
90.024
5.554
0.149
152.981
114.973
86.752
3.571
0.155
89.046
114.990
89.817
3.439
111.270
0.142
85.961
105.393
92.413
4.119
109.725
0.152
82.705
106.667
85.301
109.108
5.391
108.635
0.194
126.141
103.769
98.951
83.422
5.962
0.191
91.261
120.363
99.653
106.538
2.910
0.174
88.321
112.675
87.348
3.356
111.044
0.160
104.140
128.813
103.514
6.757
110.796
0.152
106.292
103.599
86.558
5.108
0.168
112.132
111.680
93.244
104.397
3.161
0.170
87.626
134.360
87.566
4.846
0.158
105.725
116.708
105.317
2.739
0.135
92.001
137.684
90.790
3.675
0.154
153.594
107.459
87.516
3.638
0.129
112.962
114.585
85.844
3.189
0.153
118.154
130.846
99.301
3.625
0.114
105.813
106.688
107.225
3.567
0.160
114.368
131.379
86.738
6.297
0.126
113.658
129.719
93.748
4.287
0.132
104.828
105.838
112.425
3.711
0.134
106.163
114.083
110.505
3.501
116.963
0.143
109.926
104.928
91.159
3.922
0.158
106.515
114.315
88.683
111.776
5.994
112.381
0.173
86.855
101.158
94.343
103.826
4.126
82.933
0.190
101.314
98.353
114.487
109.178
4.609
0.183
105.984
112.337
114.922
94.652
5.094
134.931
0.177
86.310
102.991
88.096
103.029
3.553
0.216
92.960
117.080
107.655
106.579
4.358
0.176
82.733
117.108
112.456
3.695
0.142
110.220
105.935
86.198
6.593
112.867
0.177
109.208
108.828
94.333
5.209
105.429
0.179
94.141
125.500
83.226
6.190
109.543
0.180
84.177
105.546
83.923
4.463
0.183
102.559
113.542
108.663
108.861
3.120
0.172
153.074
109.910
106.514
5.451
0.122
105.785
139.603
107.216
4.250
0.142
116.954
122.747
87.264
4.465
0.159
158.299
120.136
84.934
4.391
89.827
0.134
157.231
107.233
85.297
4.305
104.293
0.156
144.484
134.551
87.695
82.183
4.364
89.992
0.182
98.285
91.363
125.599
107.217
3.429
0.147
90.536
104.450
92.947
104.545
4.391
91.141
0.154
100.825
111.691
112.687
88.490
4.511
0.168
80.684
104.671
117.473
106.134
4.017
91.073
0.168
112.346
103.264
88.669
5.562
105.366
0.164
83.197
112.148
91.769
107.850
3.329
0.154
86.008
105.537
94.961
113.894
4.369
0.171
107.346
108.693
89.937
108.802
3.449
112.033
0.146
107.086
110.992
86.208
107.892
2.417
159.868
0.162
86.537
102.177
100.648
101.419
3.989
0.189
91.879
128.471
94.473
101.688
4.219
0.166
109.325
127.910
86.181
2.651
0.153
104.246
118.557
109.111
85.751
3.743
0.144
86.807
106.013
82.934
4.726
0.179
100.404
108.917
115.714
106.622
5.214
0.169
105.064
127.088
110.446
5.271
0.131
110.911
98.372
91.821
2.299
152.755
0.163
92.268
139.693
86.384
4.542
150.225
0.162
92.705
118.984
88.919
4.316
101.482
0.141
133.047
132.395
87.235
3.178
0.150
104.087
113.833
103.373
5.091
0.121
116.065
124.840
92.217
3.608
0.156
106.843
116.613
91.469
3.423
0.153
91.047
115.689
95.353
5.446
0.133
112.962
107.518
95.055
6.028
0.140
110.416
119.806
91.689
4.730
0.136
156.055
119.970
88.050
5.469
0.156
84.435
156.587
105.738
4.744
0.155
107.146
130.351
105.746
4.550
106.522
0.148
113.572
122.630
87.518
3.401
111.185
0.153
134.994
107.634
90.208
2.447
0.198
104.598
113.193
121.304
83.612
6.088
0.145
98.459
142.042
86.887
5.999
0.134
108.429
113.732
88.328
3.868
0.158
84.753
123.858
110.881
4.351
0.150
158.244
114.351
94.061
4.547
0.141
86.865
120.224
95.585
4.560
151.617
0.164
89.858
129.557
81.456
4.814
0.138
103.282
138.846
111.211
4.741
0.134
152.402
106.066
108.452
2.687
87.818
0.141
93.913
108.121
91.352
4.392
0.163
105.044
105.385
99.665
104.797
2.252
0.159
86.582
137.042
86.176
4.706
0.128
112.661
179.994
85.853
5.973
0.145
120.102
127.092
88.558
2.998
151.832
0.126
92.512
121.422
92.080
111.847
3.975
0.140
86.257
111.285
83.100
4.215
105.141
0.161
88.870
173.356
92.131
106.340
4.473
82.262
0.185
88.313
102.006
97.008
110.129
6.389
127.123
0.818
88.852
119.461
96.176
106.774
85.226
3.332
0.176
83.458
104.008
97.677
85.015
3.302
87.037
0.224
78.099
96.803
109.975
106.565
5.201
84.903
0.160
94.135
95.387
91.350
98.538
2.621
0.194
81.860
126.177
103.425
108.830
4.137
0.153
152.153
121.331
90.698
4.562
87.199
0.159
90.049
156.681
84.716
4.466
108.980
0.176
83.648
97.649
95.977
107.936
4.342
90.482
0.178
87.048
98.614
100.528
103.618
5.836
0.194
85.989
129.582
94.948
92.349
4.903
112.717
0.165
90.603
108.883
94.675
113.186
3.230
84.839
0.193
89.173
106.134
86.390
88.668
5.532
107.601
0.210
90.085
122.113
104.494
104.986
4.881
86.644
0.196
82.545
105.814
91.155
108.611
5.877
128.510
0.194
85.853
98.444
92.163
101.094
4.756
89.277
0.187
95.202
102.232
98.611
100.301
3.580
80.929
0.141
91.281
112.421
88.996
109.648
2.882
102.187
0.195
85.400
168.780
104.688
103.375
88.205
4.753
0.839
80.151
106.800
93.534
87.819
6.632
81.568
0.160
80.440
96.951
98.596
101.807
84.936
6.709
0.192
95.165
94.883
97.581
102.940
3.645
0.192
82.273
155.807
106.373
106.365
2.613
0.147
84.740
141.484
101.596
101.709
3.993
89.685
0.160
101.739
108.513
110.025
3.135
0.150
109.728
156.351
82.907
5.462
0.167
110.629
131.523
100.827
88.498
6.594
0.166
105.665
119.616
88.901
108.355
2.399
0.150
87.516
118.402
98.023
90.574
5.958
0.205
95.692
105.994
103.469
104.870
2.821
0.173
131.801
115.073
87.223
86.225
2.469
110.286
0.180
85.139
151.785
96.305
89.593
105.142
3.461
0.177
84.354
96.970
101.076
100.753
4.798
88.994
0.189
109.546
99.300
102.077
105.389
3.147
0.167
82.281
159.070
98.245
86.798
3.547
86.665
0.161
86.647
102.378
93.915
111.851
4.328
86.050
0.173
78.559
94.754
116.390
103.008
4.103
83.989
0.159
96.064
104.616
117.101
105.584
3.018
0.181
90.416
153.035
100.081
102.746
5.547
86.246
0.182
104.975
104.920
98.015
102.604
4.005
90.782
0.160
109.894
97.932
94.875
103.498
4.677
103.992
0.190
131.953
104.916
89.130
108.117
3.560
0.178
108.838
114.077
92.927
90.268
4.104
89.380
0.165
92.411
100.141
101.273
103.645
3.169
78.649
0.195
81.672
100.661
94.719
104.521
88.380
3.899
0.188
104.877
93.961
101.143
103.889
4.101
0.201
127.498
107.305
95.619
109.413
3.414
80.955
0.177
83.344
130.998
92.375
100.142
2.907
83.048
0.811
108.061
99.167
95.369
104.623
4.712
101.997
0.175
84.206
126.777
107.115
92.391
3.212
101.821
0.168
86.898
169.085
93.532
102.888
3.712
0.172
83.658
106.380
103.367
110.499
4.216
83.489
0.147
133.779
107.443
86.830
91.352
53.393
0.197
112.634
98.425
149.929
111.862
3.244
0.179
91.088
121.307
87.069
4.695
0.165
93.093
116.621
91.144
120.122
3.584
0.144
98.890
153.855
94.934
151.855
4.377
0.169
96.227
128.123
85.708
111.027
113.642
3.299
0.183
84.530
99.509
106.680
109.102
4.744
130.363
0.155
89.695
109.130
92.827
82.231
4.504
0.196
80.953
108.712
104.555
106.116
2.347
0.169
84.299
121.114
83.834
87.160
6.833
0.158
77.851
114.471
149.311
2.548
92.484
0.179
155.412
105.436
87.836
6.612
110.060
0.163
88.185
110.275
85.443
110.650
105.254
3.133
0.162
83.037
98.281
94.762
102.401
114.113
4.628
0.156
103.767
98.451
98.831
158.176
4.326
87.818
0.192
82.725
146.752
98.475
105.017
3.429
0.206
87.303
107.720
96.282
107.332
3.529
106.242
0.174
90.260
149.855
96.961
105.420
92.051
4.985
0.186
81.169
103.841
100.538
108.680
4.446
95.014
0.181
81.584
102.505
104.837
81.331
4.387
83.365
0.186
103.201
96.763
101.366
103.469
4.208
79.616
0.169
88.674
141.723
100.823
108.045
83.036
3.788
0.184
79.893
103.971
95.001
91.930
3.259
83.137
0.182
83.926
104.586
96.507
92.624
5.377
112.609
0.179
87.376
102.397
111.279
83.908
4.749
85.102
0.192
89.562
99.273
101.964
101.476
3.264
0.188
85.882
109.503
102.981
84.483
4.681
0.185
84.094
112.529
102.312
91.772
4.159
0.175
82.652
160.626
121.635
85.732
5.308
88.301
0.152
89.399
100.014
89.652
105.960
78.115
3.245
0.183
86.385
120.976
100.872
99.779
4.464
83.581
0.167
113.156
119.030
99.617
104.680
2.531
0.171
82.405
108.795
115.886
86.518
6.231
0.174
88.417
161.396
98.048
85.280
3.021
0.194
94.754
118.687
100.387
93.606
110.262
3.966
0.170
84.119
148.874
87.662
110.872
105.538
3.054
0.183
83.639
100.986
93.598
102.111
3.593
0.193
84.859
123.361
98.018
164.412
98.697
3.578
0.169
88.882
112.210
98.729
4.680
0.170
102.663
112.757
117.594
87.859
4.339
0.175
93.292
114.633
92.452
161.789
86.758
6.316
0.153
78.986
157.594
125.235
95.735
4.146
0.164
78.828
108.413
108.502
91.160
5.763
82.724
0.160
90.955
109.354
107.927
102.183
96.419
5.237
0.191
74.190
98.527
160.145
90.595
111.371
7.182
0.165
78.214
94.874
99.823
111.218
4.179
84.363
0.172
91.828
103.508
98.758
104.125
83.777
3.854
0.158
77.507
101.551
165.792
115.275
83.682
3.135
0.822
81.837
98.997
106.703
107.298
84.419
3.694
0.219
92.974
98.046
95.470
99.813
88.065
2.737
0.195
99.510
101.578
164.362
107.606
5.058
0.155
131.596
121.507
95.810
92.623
6.141
0.165
97.764
109.747
101.570
106.358
2.428
0.180
85.420
113.376
89.802
163.498
3.718
98.244
0.166
81.593
150.782
103.291
103.526
86.324
3.908
0.185
79.638
105.037
100.302
93.890
7.053
90.985
0.200
85.703
109.352
105.481
88.869
85.841
2.899
0.200
127.685
143.267
106.572
110.979
140.492
3.653
0.174
83.579
105.076
96.011
86.988
3.294
86.999
0.198
88.727
99.732
108.515
103.356
91.989
3.644
0.169
83.119
102.736
109.374
130.516
86.303
3.971
0.184
132.419
145.234
103.164
97.542
88.728
2.605
0.197
87.365
95.153
98.293
114.470
3.328
90.212
0.177
85.504
96.806
113.856
112.350
4.398
74.993
0.184
93.078
121.682
91.679
105.625
2.400
110.307
0.186
96.051
104.448
148.526
154.684
115.432
2.671
0.167
84.315
92.019
94.762
107.347
3.625
82.618
0.168
89.690
106.770
98.596
90.610
96.718
7.515
0.182
82.777
99.748
95.894
106.859
4.408
146.223
0.183
86.230
183.923
99.492
89.036
133.473
2.737
87.355
0.186
86.544
95.466
102.453
97.768
2.577
86.928
0.196
85.592
91.707
97.617
105.543
102.747
2.329
87.010
0.178
93.137
107.467
107.387
81.674
3.770
0.224
77.557
113.337
125.122
93.645
89.622
5.933
83.900
0.192
84.722
100.250
145.674
84.814
85.579
6.053
0.183
91.505
96.397
148.813
85.158
3.860
100.907
0.165
83.271
177.369
109.537
91.516
74.591
2.605
0.177
90.060
129.902
104.610
84.839
4.631
0.219
81.426
104.048
128.944
153.495
3.218
88.553
0.137
95.663
114.159
87.680
2.438
85.955
0.160
98.650
110.898
139.304
83.670
91.365
3.835
132.157
0.212
83.869
102.575
95.234
87.252
2.816
83.545
0.207
80.672
109.187
108.742
88.550
4.678
75.716
0.198
88.698
127.933
103.435
101.007
84.305
2.447
0.189
80.258
101.312
115.557
150.817
83.286
2.268
0.180
98.144
100.312
109.221
134.156
88.913
4.605
0.179
86.435
104.690
100.211
85.206
151.850
3.955
85.585
0.182
92.958
146.027
95.909
86.283
79.624
4.769
90.535
0.203
81.359
107.897
105.455
81.142
139.564
7.290
81.709
0.155
91.377
93.455
96.851
83.574
149.381
6.510
0.194
75.861
95.464
99.190
106.831
115.813
5.828
0.182
94.420
103.195
148.554
112.649
94.009
4.827
103.776
0.187
87.394
94.586
132.017
108.892
101.242
2.894
83.187
0.214
89.832
104.984
96.221
79.660
6.783
96.210
0.208
91.753
96.544
121.327
109.944
3.096
146.243
0.136
139.168
160.411
85.518
96.606
105.734
5.812
84.661
0.201
126.129
145.326
91.894
91.059
111.001
6.854
91.118
0.188
87.444
107.726
93.899
91.505
145.238
2.486
0.212
80.134
146.697
109.710
80.450
2.563
0.206
82.085
116.070
138.768
98.883
96.229
2.880
0.178
76.778
111.921
131.552
98.139
86.880
5.886
73.333
0.206
89.491
92.645
146.254
104.385
92.354
2.968
88.430
0.209
132.783
97.195
106.793
84.747
93.365
6.368
83.390
0.216
83.614
90.374
114.642
107.287
2.723
73.467
0.203
72.669
119.892
108.458
81.382
92.447
115.546
4.604
45.541
520.367
279.489
60.664
2.001
0.088
220.558
122.763
72.829
55.405
4.895
0.157
57.747
105.894
112.819
96.999
4.279
0.165
98.328
122.229
109.160
109.402
5.769
0.140
108.067
137.361
109.093
5.828
0.133
118.659
123.716
94.096
7.228
0.165
109.682
111.707
115.461
6.367
0.138
114.392
109.885
90.797
9.755
0.159
110.934
121.274
112.368
5.871
0.133
114.234
105.337
94.837
9.894
0.158
111.045
115.616
112.359
3.759
0.136
116.807
121.798
95.116
6.508
0.151
110.277
109.503
114.011
6.412
0.145
115.982
128.429
93.005
8.346
0.171
137.135
117.230
118.427
90.781
6.138
0.132
89.873
110.347
87.132
6.402
0.190
93.331
155.634
98.845
112.084
5.525
87.279
0.135
91.520
103.551
98.007
105.942
6.340
0.185
94.492
133.371
100.869
99.247
4.788
0.185
138.601
111.948
98.803
110.232
2.193
0.161
47.154
304.055
256.498
8.018
0.069
319.550
38.736
12.585
1.832
0.059
356.263
435.871
100.395
1.959
0.071
164.593
165.719
46.398
31.529
43.596
49.101
3.434
0.196
43.600
88.285
99.857
97.457
88.138
6.036
0.123
