4.914
2.971
0.963
0.009
63.356
63.185
64.222
68.291
73.944
116.113
71.999
80.171
49.372
51.262
61.947
56.459
66.131
69.410
87.398
86.550
43.201
31.631
29.378
67.987
38.364
232.084
188.139
156.057
138.823
48.692
42.305
53.484
60.567
66.274
73.134
79.229
70.398
5.322
0.243
80.844
91.639
107.334
104.932
95.361
87.824
122.042
139.622
96.927
83.105
102.250
76.232
8.365
0.340
73.472
84.112
105.018
146.105
110.241
91.958
84.930
80.230
85.221
10.799
0.344
81.475
91.044
110.350
118.983
155.150
7.147
93.127
0.235
84.436
102.995
128.413
109.013
4.762
92.202
0.209
105.656
106.250
149.393
86.335
10.717
136.230
0.222
96.969
106.645
135.836
94.361
97.210
8.711
0.222
100.881
96.434
99.328
43.665
15.452
1.913
0.068
506.166
176.848
54.189
5.971
0.112
77.662
93.829
99.860
69.285
8.986
0.182
81.890
127.990
132.689
109.938
10.755
0.181
110.350
141.757
113.241
7.414
0.174
111.857
151.210
114.780
7.176
0.170
114.335
148.173
110.239
8.668
0.166
109.163
138.588
114.224
8.433
0.155
115.375
126.173
101.488
8.103
0.187
112.382
184.409
119.497
5.819
0.133
111.312
106.387
87.442
6.763
0.183
123.160
133.022
109.196
109.258
7.071
0.197
98.125
133.612
96.938
7.754
110.969
0.161
86.536
105.569
112.274
7.141
107.792
0.186
132.228
132.334
84.680
7.297
90.838
0.194
156.518
106.975
87.525
7.386
0.189
266.598
211.588
989.203
11.178
4.320
1.874
0.102
40.458
17.751
1.818
0.094
413.834
503.859
128.598
1.988
0.102
201.044
68.627
47.330
60.158
69.909
67.375
9.664
0.274
54.224
113.888
108.880
121.502
141.151
118.003
88.819
8.608
0.255
75.874
112.808
118.576
109.212
5.590
0.186
110.194
102.588
89.102
5.643
0.195
117.282
132.949
86.667
4.815
112.132
0.181
95.188
97.624
86.244
4.341
110.648
0.230
85.933
139.066
99.361
103.244
6.955
88.840
0.197
89.854
101.029
97.575
108.100
3.710
103.643
0.220
87.998
119.998
95.229
105.931
6.322
0.234
131.846
103.392
106.573
108.496
4.851
90.998
0.208
81.861
96.261
90.497
106.984
4.152
0.231
81.431
105.461
103.313
110.235
4.536
89.378
0.172
106.496
107.090
110.425
110.290
3.752
0.210
85.604
103.630
94.562
107.280
3.907
0.208
87.544
115.964
102.916
112.177
5.211
83.969
0.221
86.050
129.859
86.642
84.218
3.892
107.388
0.224
152.782
126.370
112.762
104.165
3.035
0.202
88.181
135.562
145.250
89.882
4.775
87.828
0.199
90.941
112.894
115.716
89.560
2.793
0.221
87.176
98.755
105.769
110.066
4.846
87.010
0.195
85.849
110.349
89.385
104.310
3.858
0.241
86.753
127.198
147.406
116.022
158.590
4.936
0.181
86.289
111.720
96.831
2.350
96.708
0.202
79.709
114.523
121.985
131.303
6.069
84.752
0.251
122.839
160.541
123.732
86.323
90.301
6.763
0.207
84.436
99.739
99.804
116.447
86.660
7.577
0.232
82.105
99.963
100.956
98.747
83.104
7.315
0.273
85.773
107.367
97.255
92.069
9.574
112.423
0.243
121.520
149.408
109.336
101.948
6.650
103.871
0.191
97.066
121.118
116.980
111.163
88.023
5.297
0.229
88.062
121.910
97.609
82.443
3.474
84.564
0.286
88.428
103.066
113.636
91.176
81.761
86.029
2.267
0.219
92.871
103.172
158.956
90.527
43.014
512.567
298.644
2.025
0.102
134.286
190.407
67.365
55.843
76.699
71.907
4.959
0.229
56.494
112.392
114.788
141.259
148.830
101.621
6.316
105.316
0.228
84.109
88.590
88.464
103.461
3.843
0.234
105.407
104.731
114.008
146.144
6.857
0.179
93.702
157.117
87.599
7.064
104.022
0.177
89.628
126.234
85.523
8.087
0.188
105.739
136.926
106.505
8.234
0.149
143.053
120.846
86.920
6.607
114.222
0.196
115.013
115.600
91.403
8.233
93.452
0.198
92.057
114.347
98.878
6.507
153.276
0.180
96.007
113.697
97.726
96.083
7.967
92.310
0.228
88.328
99.894
104.210
108.880
106.141
10.550
0.230
85.280
102.055
93.063
109.378
9.518
0.220
155.749
160.075
110.764
91.812
7.241
0.210
85.324
120.830
103.795
89.954
88.833
7.666
0.205
81.596
104.139
97.853
88.376
8.221
87.248
0.210
88.293
100.860
111.587
97.970
90.163
8.098
86.625
0.227
78.824
101.601
104.914
89.752
5.038
86.288
0.217
82.738
93.760
100.006
114.996
105.668
6.685
0.199
88.874
105.212
104.760
93.697
4.234
0.202
43.292
515.306
253.243
1.962
0.098
122.546
212.744
83.844
60.964
71.403
3.081
0.205
59.250
108.100
118.362
132.051
73.683
4.611
0.245
74.442
90.468
85.988
102.447
7.092
0.189
105.525
103.202
94.714
102.161
5.796
0.209
89.515
140.961
99.912
87.965
6.714
130.188
0.188
88.460
107.609
103.091
102.323
83.997
7.056
0.211
84.180
86.910
101.474
102.736
81.653
4.300
0.287
77.145
96.872
126.266
114.593
90.262
5.735
0.213
86.222
105.137
102.561
80.355
81.440
10.959
0.233
99.840
150.603
145.194
99.424
44.698
143.695
101.276
3.210
0.089
579.111
205.709
38.084
18.181
1.841
0.079
376.674
329.084
72.410
1.899
0.099
139.486
197.310
63.019
52.094
69.954
74.191
74.928
3.568
0.233
55.813
105.561
106.925
132.546
112.905
97.781
3.009
0.219
97.604
109.155
107.222
101.983
3.295
0.169
103.737
125.807
105.643
3.073
0.153
105.169
129.657
106.111
2.771
0.161
107.966
126.382
106.369
2.466
0.137
105.895
121.768
106.467
2.659
0.148
107.725
125.577
104.649
2.775
0.140
109.804
123.143
105.661
2.812
0.141
104.780
121.991
106.606
2.797
0.159
106.520
129.170
106.551
3.070
0.142
105.065
130.309
105.302
2.783
0.157
105.362
126.436
106.074
3.022
0.138
105.373
126.012
106.648
2.986
0.142
113.495
126.128
84.662
3.227
0.159
105.529
136.240
104.685
2.835
0.140
109.614
121.534
104.300
2.987
0.137
106.113
124.419
104.907
3.157
0.149
107.417
124.824
104.230
3.434
0.142
104.836
124.477
106.769
3.123
0.136
104.724
132.216
106.342
3.349
0.133
104.583
124.960
105.985
3.279
0.140
105.597
125.720
105.222
3.302
0.145
105.733
130.879
106.077
3.584
0.143
104.127
126.373
106.411
3.944
0.147
105.813
123.761
109.029
3.464
0.138
105.585
125.968
103.614
3.882
0.141
106.160
123.150
104.893
3.127
0.135
105.591
129.232
106.126
3.554
0.152
104.513
127.529
106.743
3.535
0.140
107.066
127.450
105.007
3.447
0.130
105.877
126.929
108.792
3.499
0.146
105.265
131.030
104.814
3.487
0.161
104.059
126.189
107.155
3.632
0.157
106.975
130.853
107.475
3.783
0.150
103.916
127.468
106.193
3.924
0.137
105.272
125.624
107.215
3.664
0.149
105.724
124.271
105.989
3.613
0.139
105.432
123.942
105.216
3.892
0.150
105.807
131.919
106.519
3.735
0.154
104.676
127.270
106.739
4.043
0.161
106.511
130.795
106.951
4.871
0.138
103.835
123.930
108.327
5.168
0.149
104.430
128.038
105.792
4.106
0.136
104.677
126.943
104.229
3.829
0.144
103.983
125.155
105.411
4.052
0.137
109.119
125.843
109.464
5.238
0.155
105.245
126.458
107.418
3.904
0.133
104.049
134.237
109.254
3.867
0.141
106.257
128.997
105.449
4.197
0.145
105.752
126.921
112.627
3.881
0.151
107.712
104.072
104.863
4.267
0.147
106.539
137.320
105.071
4.173
0.155
104.370
121.240
111.398
4.076
0.141
103.145
102.454
106.189
4.615
0.159
105.872
130.137
105.517
4.769
0.140
107.621
122.538
106.922
4.319
0.140
112.471
125.595
88.249
5.223
0.168
103.957
111.282
109.954
4.501
0.161
107.227
125.530
109.299
4.629
0.146
106.080
124.221
109.678
3.955
0.134
105.852
122.887
106.081
4.387
0.147
106.252
127.227
108.722
4.329
0.145
107.553
122.573
105.096
5.742
0.146
105.008
124.991
106.848
4.574
0.131
105.695
127.821
105.596
4.536
0.151
104.818
129.383
107.199
5.046
0.146
105.928
129.209
107.122
4.925
0.146
109.227
125.048
105.655
4.755
0.140
106.103
123.063
106.518
4.248
0.165
105.209
125.284
107.122
4.473
0.156
104.083
125.965
108.120
4.278
0.167
105.649
125.692
106.620
4.722
0.143
105.416
133.717
105.745
4.254
0.133
110.273
125.974
86.087
5.611
0.151
106.252
130.781
105.292
4.767
0.146
105.969
123.209
104.789
4.397
0.156
105.785
127.273
104.916
4.739
0.155
106.169
124.160
105.925
4.620
0.144
110.790
121.155
110.030
6.002
0.154
105.993
125.631
104.220
4.785
0.166
109.335
124.453
89.597
5.708
0.146
105.815
109.607
106.341
5.439
0.165
108.878
127.063
105.765
4.456
0.156
103.468
119.980
106.156
4.887
0.151
106.245
125.904
109.220
5.338
0.145
104.691
129.932
110.444
5.016
0.134
104.035
123.565
104.449
4.730
0.155
108.745
124.328
107.572
4.748
0.159
106.710
127.159
104.836
5.474
0.143
109.687
124.650
85.393
8.160
0.170
106.603
132.656
109.073
4.788
0.140
107.886
121.257
109.362
4.780
0.149
106.193
109.526
107.230
4.658
0.153
113.197
127.079
89.430
5.841
0.159
110.666
107.572
88.167
6.059
0.164
110.669
135.385
109.101
3.033
0.148
104.744
119.015
110.280
3.269
0.160
106.424
106.844
110.746
5.190
0.162
105.998
107.061
105.241
3.449
0.147
103.471
124.157
110.180
3.314
0.145
103.194
123.106
105.604
3.422
0.128
105.459
124.708
104.763
3.043
0.135
103.273
126.916
106.308
3.618
0.172
103.618
124.983
106.786
3.112
0.138
108.500
126.049
109.713
3.137
0.139
105.327
103.926
107.961
2.809
0.156
105.629
130.979
104.274
3.555
0.145
104.941
120.402
108.036
3.613
0.165
105.320
127.769
106.424
3.025
0.157
104.277
128.351
107.168
3.343
0.146
105.873
124.020
103.861
3.011
0.146
104.239
127.065
106.915
3.022
0.161
105.953
127.058
105.043
3.046
0.147
104.692
128.922
105.541
3.511
0.135
106.072
123.923
108.991
4.073
0.127
109.241
132.168
106.510
3.043
0.112
105.240
124.624
104.799
3.282
0.116
106.938
127.313
103.798
3.043
0.144
105.518
124.050
106.879
3.155
0.129
105.621
131.759
105.947
3.052
0.130
109.762
125.000
87.088
3.628
0.144
108.580
127.642
106.866
3.120
0.128
104.795
124.349
107.768
3.216
0.120
107.169
125.323
107.449
2.738
0.137
117.745
125.114
84.152
4.026
0.128
106.409
129.992
106.010
2.892
0.123
105.170
123.240
109.937
2.942
0.126
104.661
124.543
115.911
3.391
0.124
104.037
105.522
107.564
2.870
0.141
106.951
128.482
104.968
3.449
0.126
106.684
121.844
110.308
3.262
0.119
103.955
109.968
110.237
4.373
0.134
107.917
128.790
103.856
3.180
0.124
105.336
122.585
106.857
4.099
0.141
108.143
134.085
104.233
3.443
0.135
108.858
127.048
108.614
3.400
0.133
106.498
124.628
107.490
3.890
0.113
114.537
127.805
91.170
4.468
0.147
106.398
108.229
109.940
3.250
0.133
107.386
134.621
107.368
3.152
0.121
108.050
121.737
105.712
2.753
0.121
108.633
122.792
106.831
3.629
0.126
106.954
127.062
110.619
2.961
0.127
112.095
124.934
85.420
3.959
0.142
105.767
132.448
107.026
3.665
0.119
106.443
120.846
107.058
3.708
0.121
108.391
124.443
106.287
3.244
0.123
115.655
123.705
86.471
3.915
0.141
107.189
138.231
105.068
3.220
0.124
107.944
122.659
107.530
3.667
0.123
106.756
131.291
110.899
3.048
0.817
107.298
107.896
109.884
3.839
0.131
109.002
109.974
108.963
2.782
0.132
107.363
127.647
109.532
3.441
0.125
110.424
119.425
90.313
3.254
0.136
107.289
109.969
107.471
3.594
0.132
108.070
129.227
104.417
3.834
0.128
111.805
122.053
88.804
3.824
0.146
106.232
107.406
111.871
2.742
0.140
106.684
107.915
109.240
2.571
0.141
106.608
127.819
105.614
3.760
0.120
111.995
127.896
92.609
4.441
0.147
104.649
112.766
106.390
3.237
0.148
111.001
124.998
88.268
3.216
0.137
109.976
135.944
107.385
3.695
0.126
107.105
124.142
110.157
4.432
0.134
106.496
131.126
106.545
3.336
0.137
108.129
125.452
107.588
4.576
0.123
110.022
125.361
107.089
3.662
0.140
108.120
126.815
112.002
4.017
0.143
106.657
104.644
109.459
2.906
0.148
104.693
135.287
107.915
3.564
0.119
106.519
120.161
105.331
4.315
0.138
107.508
126.310
107.323
4.066
0.145
106.666
123.535
108.720
3.340
0.133
108.318
127.674
105.670
3.200
0.126
114.667
132.030
83.213
4.049
0.151
103.842
135.292
105.250
3.278
0.117
109.050
122.185
89.411
5.174
0.142
104.694
110.269
106.074
3.439
0.131
109.491
127.944
107.711
3.942
0.125
104.484
124.383
110.736
3.173
0.128
107.136
124.894
114.417
2.729
0.118
103.763
102.624
106.215
3.520
0.134
109.692
129.106
107.694
51.044
0.123
108.271
121.952
106.137
4.800
0.130
109.445
127.696
105.316
3.791
0.135
109.466
125.525
107.954
3.367
0.129
113.477
128.216
90.890
4.797
0.134
108.394
132.603
108.182
3.943
0.121
108.146
119.481
104.800
3.884
0.121
106.965
129.465
109.247
3.115
0.133
109.552
125.967
89.882
4.115
0.138
113.536
108.777
90.943
3.102
0.134
103.822
111.588
107.418
3.472
0.137
115.598
122.385
94.288
3.599
0.144
104.034
109.654
107.652
2.763
0.145
110.833
125.857
108.878
3.563
0.144
105.370
128.253
109.241
3.163
0.139
114.658
122.619
87.799
3.581
0.145
104.375
105.624
110.006
3.701
0.150
106.381
106.153
106.852
3.654
0.148
113.167
124.850
87.190
3.658
0.130
110.368
107.586
88.864
4.613
0.140
105.740
114.392
108.224
4.755
0.124
104.452
123.624
108.769
2.870
0.134
111.322
123.431
104.720
3.422
0.127
107.060
128.346
106.726
3.291
0.123
109.964
129.778
86.017
5.023
0.152
107.245
130.000
109.778
3.971
0.112
102.985
101.322
109.868
4.520
0.145
107.406
133.674
110.925
3.718
0.119
107.744
103.294
106.451
4.338
0.139
108.516
127.813
108.735
3.450
0.130
109.618
124.994
85.080
3.182
0.140
113.520
135.959
90.024
4.509
0.134
105.504
105.411
108.833
3.999
0.136
110.665
128.236
87.808
4.760
0.141
103.699
109.909
104.625
3.941
0.136
107.707
131.534
105.875
5.126
0.123
107.417
126.184
107.713
4.058
0.137
107.667
128.288
106.798
3.754
0.131
114.248
121.947
87.697
4.669
0.142
114.055
108.236
88.475
4.708
0.142
109.224
119.293
109.060
4.432
0.131
108.875
128.150
109.532
3.548
0.134
105.298
123.991
112.179
3.386
0.127
109.134
106.897
107.398
4.836
0.135
108.897
130.128
107.823
4.443
0.127
106.437
124.055
109.672
3.653
0.130
108.831
124.847
109.401
3.544
0.130
105.341
126.240
107.505
5.184
0.134
108.540
125.224
106.973
3.650
0.135
111.880
127.775
87.413
4.905
0.142
108.442
127.690
109.617
3.933
0.126
106.408
97.813
115.385
4.402
0.145
103.943
114.199
108.802
3.536
0.135
104.594
131.501
110.297
4.317
0.130
106.820
125.412
110.076
4.444
0.140
108.521
130.354
105.752
2.554
0.138
105.784
126.674
112.351
2.906
0.129
105.293
108.537
108.300
3.832
0.136
106.658
138.346
112.032
3.846
0.126
108.116
110.397
102.199
4.034
0.147
86.034
130.575
92.513
4.185
0.144
105.116
107.009
110.729
4.797
0.144
106.340
108.758
104.942
2.488
0.146
108.620
132.018
105.885
4.015
0.129
111.753
124.597
93.705
4.627
0.152
108.140
113.758
110.040
4.699
0.137
105.744
105.675
112.058
2.850
0.135
106.077
109.145
107.544
3.289
0.142
109.569
131.139
90.241
6.430
0.146
103.386
108.122
106.408
4.256
0.138
110.319
136.063
87.414
4.871
0.141
111.764
103.508
88.677
2.730
0.163
106.261
127.134
111.128
3.563
0.135
104.822
123.503
103.265
3.770
0.147
106.193
121.450
117.378
3.179
0.155
112.280
111.555
87.175
4.109
0.162
106.625
138.098
111.201
3.650
0.129
114.485
99.634
92.722
4.135
0.153
105.169
114.902
111.277
4.857
0.144
105.518
127.787
107.821
2.624
0.131
106.558
129.101
109.643
3.912
0.128
109.542
105.638
107.373
3.905
0.125
104.997
133.963
108.432
3.493
0.121
106.244
124.855
111.006
3.346
0.145
105.959
107.127
109.551
3.431
0.127
110.038
130.277
108.493
4.976
0.126
107.433
125.351
108.314
3.731
0.136
106.437
130.281
109.605
3.705
0.153
113.199
132.267
92.626
6.521
0.140
105.493
109.206
111.351
3.506
0.148
114.158
103.695
84.747
4.516
0.141
107.019
137.604
112.009
3.012
0.124
106.329
95.705
110.772
3.548
0.141
104.997
128.946
113.681
3.255
0.127
108.444
101.210
109.471
3.300
0.142
106.343
136.201
109.937
4.278
0.129
103.983
102.292
108.414
4.721
0.145
114.868
128.359
103.136
3.695
0.123
107.394
110.628
109.022
3.546
0.123
115.241
105.972
87.940
6.894
0.156
107.982
145.745
110.891
3.714
0.124
107.445
102.445
113.895
3.941
0.138
106.387
107.467
112.961
4.526
0.143
106.997
102.468
115.419
4.538
0.143
109.103
108.743
109.067
4.986
0.136
109.790
108.575
109.408
2.655
0.130
116.040
106.822
86.229
3.225
0.165
112.240
134.587
90.531
4.721
0.140
109.714
103.752
83.872
50.489
0.152
116.318
132.781
91.871
2.647
0.134
106.606
105.488
109.156
3.990
0.138
106.614
125.932
105.567
3.636
0.135
109.511
126.685
110.214
3.353
0.124
105.698
125.268
111.180
5.646
0.130
107.726
110.497
105.752
4.779
0.128
84.992
129.585
105.284
3.883
0.120
113.254
124.265
86.201
5.948
0.140
109.535
131.325
90.921
4.893
0.123
103.658
104.603
109.714
4.052
0.137
115.232
109.608
87.221
5.238
0.154
113.257
137.180
85.968
4.978
0.132
107.739
121.152
104.725
6.052
0.126
107.298
125.912
112.170
5.660
0.135
105.659
109.285
115.861
3.257
0.136
109.382
113.232
83.384
5.536
0.140
107.108
138.786
105.891
5.528
0.133
109.143
119.148
109.809
4.769
0.130
107.682
108.796
109.257
2.889
0.139
109.895
110.755
93.245
4.359
0.145
106.993
110.298
108.133
3.489
0.146
104.800
127.532
105.318
4.025
0.118
111.795
121.967
86.321
3.161
0.126
112.287
127.294
90.706
2.968
0.146
104.836
112.327
112.367
4.792
0.134
111.291
128.745
92.273
4.545
0.139
105.218
113.499
113.755
4.806
0.128
114.716
115.083
82.181
4.834
0.149
85.981
137.252
105.101
3.397
0.119
104.663
120.187
108.088
4.116
0.127
111.303
127.341
91.805
5.933
0.139
107.418
106.922
90.219
4.498
0.131
107.160
115.271
109.693
4.921
0.133
108.879
135.699
107.434
3.932
0.124
108.650
130.154
113.697
3.244
0.117
105.747
104.461
111.526
3.173
0.130
107.987
113.634
109.332
5.091
0.136
108.755
138.341
86.854
4.724
0.140
88.812
129.515
94.224
3.682
0.159
105.721
113.161
114.554
4.469
0.120
106.041
108.944
111.056
3.230
0.143
106.725
110.531
109.193
5.357
0.131
112.950
125.828
87.824
4.356
0.144
110.392
112.035
96.375
5.463
0.158
105.765
115.371
108.359
3.011
0.131
109.697
100.985
88.385
4.857
0.153
106.335
117.312
106.754
3.421
0.122
113.822
122.116
85.852
4.540
0.130
111.960
126.122
88.998
4.001
0.130
102.390
110.431
107.804
3.410
0.141
106.539
128.685
104.615
2.766
0.128
105.283
128.440
105.873
3.543
0.153
112.033
121.695
87.373
4.869
0.128
104.716
134.182
110.831
5.274
0.116
106.873
122.729
110.417
3.385
0.128
105.633
114.255
107.785
3.025
0.146
91.743
110.664
88.098
4.201
0.172
106.259
112.481
87.982
5.335
0.145
109.388
137.820
107.639
6.007
0.150
105.865
118.268
106.933
4.849
0.133
107.787
133.175
105.526
2.812
0.128
105.406
131.544
107.959
5.963
0.141
108.842
124.700
91.159
4.230
0.140
108.441
111.598
110.542
2.654
0.145
109.791
107.323
89.419
2.412
0.170
107.058
116.661
115.440
3.474
0.141
105.489
102.096
111.060
2.690
0.138
126.953
111.181
87.650
2.288
0.146
111.500
115.367
88.674
5.055
0.145
109.811
107.730
96.771
5.224
103.708
0.144
84.701
125.501
84.403
4.572
0.181
106.427
130.034
87.450
4.084
0.137
106.172
113.647
111.187
4.562
0.142
106.924
129.173
106.261
2.721
0.125
113.229
123.692
86.959
3.195
0.136
108.158
135.599
87.525
5.393
0.134
112.079
108.680
87.433
3.450
0.139
105.955
111.933
106.933
3.961
0.134
113.373
125.068
83.338
5.062
0.143
110.641
140.288
85.954
3.830
0.172
114.316
126.876
89.203
6.439
0.136
106.655
129.028
111.584
4.838
0.133
104.267
103.536
107.341
2.330
0.142
110.107
130.905
87.496
3.070
0.142
105.049
108.147
109.419
4.323
0.163
107.345
109.538
110.929
3.648
0.148
110.912
111.749
89.650
3.502
133.110
0.139
94.678
125.906
83.589
7.228
0.153
108.863
127.271
84.861
7.342
0.141
113.438
133.368
87.720
3.314
108.207
0.142
85.817
103.253
83.625
6.187
0.180
109.354
138.974
100.592
111.331
5.834
0.163
89.838
113.697
86.725
6.093
0.136
111.894
132.052
87.648
5.227
108.442
0.153
90.159
123.306
85.856
6.251
101.528
0.188
81.498
104.226
112.589
3.660
0.144
104.946
111.540
107.912
4.500
0.174
107.241
129.152
107.943
5.711
0.138
116.738
120.551
91.989
5.300
106.464
0.143
84.741
124.519
106.496
3.330
110.207
0.150
101.001
105.879
107.252
3.881
0.146
109.091
128.733
84.457
3.688
0.120
104.983
128.745
112.539
5.144
0.118
105.683
103.673
104.137
4.306
0.807
108.445
134.604
97.886
4.524
0.135
109.014
105.902
86.495
6.138
0.159
115.478
134.976
92.491
4.307
0.139
109.091
97.853
84.351
3.761
112.748
0.153
110.266
113.385
85.539
3.772
0.169
113.195
109.126
87.796
4.570
0.140
111.597
114.842
91.180
5.568
106.241
0.136
92.081
122.779
81.733
2.975
0.187
102.830
128.839
114.447
5.598
0.129
104.702
102.872
108.541
3.599
0.161
107.508
139.417
114.540
5.562
0.150
106.472
102.051
106.097
5.818
114.769
0.151
110.346
103.438
83.711
5.736
109.338
0.199
104.590
107.031
90.211
3.902
0.149
110.548
114.852
87.373
6.738
106.200
0.148
96.855
123.762
85.785
5.935
103.830
0.169
85.598
128.508
88.248
5.107
105.229
0.172
83.524
103.970
83.202
6.747
106.732
0.182
104.889
121.027
112.281
103.007
5.096
84.623
0.154
109.580
100.441
97.326
3.771
149.180
0.170
86.027
126.895
90.968
108.234
5.402
0.175
83.265
102.145
92.429
115.073
5.292
0.173
110.564
107.464
88.455
111.687
4.187
0.184
104.261
111.482
108.584
109.879
4.874
0.154
108.350
113.377
82.994
4.580
0.148
113.036
143.520
86.518
5.184
108.479
0.140
109.712
126.511
85.006
6.187
0.172
105.601
138.358
106.721
2.423
0.134
104.664
132.054
111.077
3.764
0.125
86.069
107.545
85.090
3.925
0.164
112.947
134.048
89.143
4.465
0.124
122.322
113.217
107.076
4.017
0.128
111.227
126.195
90.736
2.817
0.142
119.824
110.441
95.745
4.701
104.564
0.168
86.939
127.092
81.012
52.701
0.137
112.531
134.137
84.986
3.675
145.699
0.137
111.278
124.531
86.307
5.806
106.929
0.136
107.376
122.641
92.998
6.043
108.534
0.151
84.191
107.366
85.633
3.893
0.193
107.746
112.640
91.722
108.075
4.306
0.174
108.885
112.636
87.639
3.971
0.145
115.962
114.422
89.631
4.583
103.827
0.133
85.552
128.495
80.260
5.855
0.175
113.469
133.004
87.211
3.672
147.614
0.133
89.728
123.582
80.295
5.099
0.173
109.764
133.056
89.054
5.138
0.140
147.850
107.119
108.703
3.884
0.140
112.900
133.294
86.033
4.479
0.173
106.234
109.304
91.626
4.195
0.146
115.109
116.639
83.029
5.140
0.196
87.300
137.131
84.701
4.687
0.146
131.290
127.910
113.071
2.886
0.126
107.635
105.931
89.346
4.739
0.145
111.049
119.622
91.839
3.522
111.220
0.131
91.340
104.422
83.968
5.859
105.924
0.153
102.799
101.231
108.358
109.872
5.103
109.109
0.149
83.259
105.424
92.990
104.802
3.329
0.189
83.796
104.263
96.308
105.617
5.083
109.775
0.188
109.768
103.597
91.143
101.762
3.248
89.114
0.181
102.251
100.708
113.777
101.026
3.564
79.434
0.179
101.527
117.140
113.115
106.653
4.714
129.496
0.190
106.805
96.801
97.594
106.272
4.026
85.163
0.188
81.183
99.441
100.769
102.857
4.597
85.818
0.203
98.663
93.952
109.758
102.398
5.301
0.175
101.790
125.173
109.493
105.424
4.147
0.150
112.481
123.751
83.069
4.624
114.219
0.165
112.251
112.938
105.523
3.476
0.176
83.246
129.884
106.598
4.978
114.311
0.130
105.931
104.152
107.147
3.840
0.168
95.028
131.917
90.950
4.637
108.732
0.160
85.512
99.354
90.856
5.437
105.857
0.165
88.259
100.475
86.423
107.769
4.475
107.594
0.194
86.135
122.871
92.359
109.616
3.343
100.000
0.194
83.792
119.330
99.412
104.970
3.440
81.310
0.171
86.169
119.154
92.869
102.841
3.148
0.200
79.743
123.816
114.301
110.722
3.546
0.157
109.493
112.102
89.042
3.345
0.162
91.963
116.067
91.530
5.075
108.183
0.142
84.134
124.948
89.766
5.283
0.185
106.009
109.949
88.818
4.227
0.157
111.417
138.428
90.097
6.076
158.248
0.149
87.132
102.226
86.668
5.786
110.508
0.250
90.096
105.157
89.869
113.183
3.510
0.188
110.585
113.110
96.634
92.588
5.120
0.172
110.765
109.602
91.274
107.569
3.107
0.151
107.450
109.946
110.496
4.087
110.466
0.126
82.579
105.978
104.987
5.129
105.479
0.153
105.848
122.150
96.548
100.218
3.827
0.187
90.088
124.788
96.436
106.985
3.646
0.168
131.168
143.659
106.368
3.233
162.743
0.138
109.486
93.977
95.200
2.984
0.190
112.131
117.843
94.362
100.231
3.403
86.755
0.153
101.143
107.585
105.974
4.736
0.161
107.305
125.502
85.035
4.718
0.146
104.557
135.193
112.062
5.450
0.135
102.946
107.301
107.757
4.623
0.146
117.782
138.586
85.196
5.604
109.192
0.144
110.160
126.379
108.332
5.362
167.788
0.186
89.717
97.584
84.391
4.037
0.181
104.730
108.879
98.243
106.270
3.903
0.161
88.748
131.153
86.552
6.870
110.284
0.144
96.192
107.643
88.224
3.395
0.184
86.732
111.007
99.426
110.111
3.264
0.168
82.179
104.884
95.656
105.205
5.135
132.094
0.160
104.149
104.547
92.424
103.436
3.461
0.202
81.926
124.311
104.085
109.279
4.828
0.177
85.733
114.207
87.524
6.113
106.554
0.143
83.998
104.646
87.964
4.946
0.180
151.683
112.617
113.616
109.233
3.634
88.241
0.161
84.789
103.736
84.878
4.533
106.873
0.187
81.501
110.249
116.168
110.645
5.174
0.185
82.803
108.226
91.984
106.621
4.933
130.732
0.186
102.435
105.794
115.769
102.682
4.080
0.174
90.943
123.783
98.701
102.434
3.973
87.753
0.192
112.119
115.288
91.504
3.018
0.172
100.267
114.727
107.470
5.852
0.148
106.931
112.165
117.389
4.947
106.817
0.147
90.760
125.953
80.357
3.811
0.179
109.183
134.672
90.248
6.009
107.435
0.157
90.586
127.063
81.286
4.803
110.104
0.175
102.562
106.200
105.794
2.516
0.134
110.002
132.708
90.974
6.713
0.153
106.942
110.606
89.849
4.859
106.625
0.164
84.336
134.151
109.212
3.288
0.165
104.401
130.522
116.977
5.329
0.146
105.408
107.354
108.357
4.338
112.651
0.142
107.453
111.654
90.013
4.486
87.613
0.162
91.156
104.571
85.168
109.197
3.912
0.180
81.651
95.603
103.248
107.282
4.351
87.673
0.170
84.550
103.423
86.742
107.262
3.974
0.167
103.608
105.633
117.849
113.464
5.505
108.279
0.159
84.790
101.151
90.535
3.947
0.211
107.884
105.179
98.732
107.911
3.610
0.166
87.252
132.261
86.384
3.704
0.158
107.798
108.890
89.590
6.086
108.323
0.159
88.244
131.991
88.340
2.834
106.455
0.161
81.795
105.969
110.046
5.025
104.324
0.157
86.846
123.633
81.215
5.697
107.581
0.161
109.906
104.895
87.573
3.542
107.732
0.181
82.192
116.266
105.491
6.860
111.632
0.140
101.701
103.212
104.644
2.435
0.178
104.688
132.435
108.288
4.070
110.981
0.120
113.834
99.303
93.774
6.645
106.026
0.153
90.838
111.312
87.788
99.577
3.604
86.689
0.137
98.377
101.361
106.555
105.969
3.952
0.179
112.650
103.910
97.085
107.136
2.870
0.174
88.491
129.131
91.492
112.118
3.885
85.905
0.161
86.506
100.826
87.042
3.518
108.073
0.159
86.395
95.554
93.689
103.653
3.748
86.086
0.186
107.805
96.373
93.574
104.266
3.157
0.198
85.893
102.821
105.210
103.802
2.517
0.181
94.133
123.818
89.828
109.459
2.611
0.177
81.380
144.016
108.019
89.839
5.544
89.118
0.179
129.342
101.975
84.111
110.090
3.198
102.804
0.196
84.515
116.365
95.260
107.118
3.291
0.178
106.702
106.501
93.869
111.038
2.902
0.144
106.277
110.474
106.952
109.816
2.638
0.156
113.476
108.568
86.822
3.640
154.834
0.159
89.312
133.095
86.266
2.301
104.148
0.888
88.143
123.973
82.643
4.106
107.638
0.172
104.646
108.497
111.759
3.408
100.897
0.141
124.510
125.634
89.019
5.006
109.458
0.169
80.387
105.435
109.337
3.946
0.172
102.961
116.357
110.051
6.024
156.992
0.161
94.328
128.659
88.808
4.150
108.406
0.166
131.402
106.306
82.793
4.885
107.834
0.177
111.311
100.998
99.757
101.482
5.839
88.006
0.164
97.334
100.998
115.165
112.639
5.866
86.143
0.178
82.565
103.057
89.800
80.878
4.699
0.187
91.923
124.017
102.057
103.329
3.854
106.515
0.169
102.116
132.133
115.497
3.344
104.297
0.156
91.882
121.284
87.737
4.372
104.361
0.167
84.478
111.671
86.014
102.185
2.836
89.296
0.182
113.671
110.084
99.445
96.162
5.757
87.055
0.201
86.436
106.744
96.597
110.844
4.758
103.792
0.179
87.733
116.204
91.904
109.501
5.209
104.478
0.181
86.589
124.116
90.953
99.415
5.300
105.490
0.168
107.202
98.191
99.247
113.016
3.511
0.184
89.831
109.649
93.586
110.372
3.360
0.166
109.385
117.761
92.989
90.614
5.985
158.283
0.181
84.448
103.915
101.288
109.840
4.908
93.698
0.198
87.812
102.997
89.880
101.378
4.858
81.437
0.188
82.409
117.317
98.732
109.088
2.299
0.173
84.227
107.029
96.926
105.529
3.259
152.271
0.179
108.133
121.879
91.759
101.881
4.781
0.167
93.041
175.326
96.347
115.085
3.004
0.150
92.901
110.556
89.682
5.185
0.164
154.755
134.255
89.773
5.090
0.127
109.184
112.306
86.483
5.550
131.927
0.121
111.713
134.484
85.135
3.398
0.136
109.517
135.705
83.405
5.369
92.836
0.131
108.303
103.147
82.827
5.023
0.160
109.607
127.904
92.240
103.047
3.668
88.335
0.175
153.910
105.022
107.073
4.127
103.158
0.151
84.350
126.082
91.855
4.350
0.176
148.012
118.967
111.145
5.960
108.513
0.132
91.523
122.198
87.034
4.679
101.092
0.165
87.731
128.360
89.401
104.158
2.897
0.170
89.133
110.942
98.754
104.374
3.445
93.375
0.176
102.852
98.343
90.488
105.915
91.503
3.340
0.168
91.694
95.451
93.626
99.505
5.038
84.165
0.193
110.207
89.515
95.680
110.204
5.118
84.655
0.196
88.179
99.467
92.844
104.746
4.996
104.474
0.195
104.872
116.976
95.925
100.101
3.519
0.185
87.390
131.702
93.705
106.199
4.529
85.160
0.175
88.780
111.719
82.158
89.906
5.737
108.545
0.194
82.853
104.109
100.842
83.376
85.394
6.242
0.204
107.353
104.775
97.244
105.679
113.267
5.571
0.187
101.641
95.968
92.397
108.668
3.545
109.857
0.249
132.967
98.944
93.055
104.239
3.346
107.825
0.206
112.125
95.908
96.137
103.083
4.237
0.183
93.010
137.675
101.081
107.040
3.831
0.146
84.226
112.915
92.391
4.485
0.163
107.752
114.246
111.634
4.510
0.150
107.776
103.126
89.473
5.750
106.235
0.134
96.217
141.027
84.899
3.101
90.232
0.180
85.786
101.107
88.717
5.188
103.163
0.187
86.786
123.193
93.925
105.917
5.024
83.151
0.174
85.874
103.825
90.716
111.176
98.832
3.469
0.174
82.566
114.119
99.272
100.626
2.903
87.986
0.163
107.667
102.241
103.103
105.407
4.155
0.160
92.898
111.948
96.185
93.030
5.319
103.161
0.177
91.347
123.628
91.820
106.083
3.081
0.185
109.182
110.048
100.095
87.894
5.638
90.437
0.161
92.143
97.686
87.973
109.130
3.670
0.191
108.058
100.971
101.314
107.867
4.632
92.400
0.167
89.066
108.718
89.267
5.978
108.247
0.182
90.948
111.984
94.653
84.451
4.721
133.142
0.197
88.651
100.678
104.112
110.960
4.461
84.395
0.187
85.671
147.061
96.081
105.442
4.563
84.108
0.180
89.701
104.037
98.095
102.659
4.164
92.882
0.245
125.271
103.635
94.697
114.027
3.067
79.961
0.174
89.087
120.583
94.973
108.272
3.249
136.821
0.178
80.431
101.805
99.129
104.534
3.464
88.551
0.198
106.983
97.872
94.259
113.203
4.206
114.272
0.179
86.644
101.157
89.250
107.648
3.788
104.626
0.193
132.411
100.939
93.893
103.140
3.400
0.193
85.761
131.851
94.339
111.271
4.090
0.162
103.853
114.160
106.829
4.674
107.789
0.155
93.516
124.213
84.949
2.962
0.164
103.157
115.210
94.459
4.490
0.155
156.739
118.121
92.355
3.348
112.461
0.154
90.282
103.637
88.124
6.002
0.179
107.915
114.105
140.340
86.326
4.730
95.502
0.149
111.667
106.294
95.738
103.081
4.910
83.310
0.216
105.757
94.865
94.179
108.268
3.038
109.607
0.201
85.232
99.816
94.426
105.978
4.101
85.805
0.187
104.504
97.029
99.482
107.457
2.792
138.933
0.190
96.556
104.492
94.264
101.885
5.539
84.290
0.198
105.651
103.501
96.959
88.683
86.076
3.375
0.205
84.130
98.444
98.033
112.522
3.651
0.170
85.582
104.257
106.454
106.710
2.639
0.170
90.906
137.064
135.363
108.390
4.443
153.837
0.185
94.972
119.170
92.667
106.799
4.854
0.191
93.531
104.662
97.363
108.855
3.973
0.188
83.495
114.411
96.214
105.240
3.123
0.158
90.882
135.337
133.171
92.019
3.603
0.182
153.560
112.069
122.837
110.710
3.838
0.145
87.387
114.113
87.980
4.136
0.164
90.598
107.424
85.835
3.274
150.750
0.153
92.933
124.125
91.048
104.900
7.096
0.154
92.814
126.936
127.566
3.811
110.469
0.157
149.570
107.292
109.898
3.955
0.151
104.948
110.532
113.631
4.163
113.259
0.146
85.552
104.042
92.307
3.836
0.183
105.934
116.574
118.752
108.021
5.035
0.136
88.379
131.963
129.778
4.816
0.164
112.306
132.311
85.140
3.085
155.047
0.172
118.410
104.689
87.367
103.909
3.361
0.193
88.875
134.344
96.663
119.748
5.362
0.188
84.621
107.911
98.839
90.730
4.569
102.421
0.195
78.571
105.906
112.869
100.980
102.784
6.064
0.195
106.660
117.470
135.037
108.979
2.768
0.159
109.535
108.552
107.647
117.130
3.607
0.169
85.423
120.076
89.794
84.889
6.776
93.422
0.201
88.180
109.380
97.684
83.824
3.665
129.409
0.197
85.739
94.195
100.087
97.770
87.170
3.820
0.208
110.836
104.768
90.373
85.215
3.440
0.176
100.112
153.766
122.393
116.289
5.997
0.150
106.931
117.225
84.071
3.900
0.152
97.262
151.597
93.845
4.788
89.777
0.138
128.704
100.272
87.692
4.862
0.212
102.449
109.129
123.032
115.457
81.699
5.458
0.169
87.870
135.593
127.094
5.365
93.953
0.164
110.681
108.788
85.278
4.047
0.169
148.295
119.334
116.496
112.767
5.153
89.184
0.183
92.883
103.213
86.681
4.862
104.785
0.177
83.181
150.531
92.481
109.316
2.480
157.248
0.161
85.024
98.011
93.873
105.980
5.748
84.780
0.215
91.360
100.778
100.135
105.374
86.818
4.167
0.164
119.914
148.683
118.519
85.766
6.033
132.598
0.187
86.837
101.103
98.968
105.441
3.549
0.164
84.830
109.356
105.082
94.533
3.851
0.168
89.158
115.974
95.184
85.865
5.654
79.187
0.166
91.165
125.727
100.012
110.007
84.014
5.063
0.877
88.074
102.331
99.341
133.629
90.603
3.306
0.182
82.456
97.020
100.938
107.005
3.013
135.900
0.169
79.336
99.356
102.684
108.968
3.701
82.946
0.190
83.157
105.251
92.371
91.179
6.347
112.322
0.191
79.085
94.506
104.597
103.507
3.050
81.757
0.169
110.696
123.211
97.205
107.795
2.789
88.628
0.186
88.543
103.593
136.981
105.033
5.454
101.130
0.197
130.379
161.932
103.011
103.167
136.684
5.403
0.167
91.737
102.621
96.490
107.576
4.093
86.989
0.199
86.061
97.766
97.346
106.993
84.776
4.569
0.209
87.592
118.641
88.656
131.981
4.904
0.164
112.449
103.405
151.707
107.770
4.254
90.500
0.149
81.573
110.559
85.231
133.184
3.260
0.157
84.390
100.669
96.379
107.909
4.112
88.546
0.202
92.591
96.462
98.722
98.742
3.742
87.807
0.196
108.043
101.428
148.406
100.886
82.986
3.158
0.192
96.917
98.752
114.456
113.864
5.602
80.928
0.160
88.051
124.636
93.643
113.728
85.070
4.252
0.169
86.383
102.751
104.191
85.670
5.016
131.265
0.194
83.998
95.382
93.441
107.629
3.960
108.447
0.172
80.776
100.272
96.311
114.729
3.800
86.799
0.181
88.359
105.904
96.949
85.060
4.940
81.528
0.194
86.642
102.504
145.914
83.094
6.396
122.984
0.166
131.784
179.343
98.659
88.211
4.096
128.457
0.202
91.706
117.399
107.094
108.510
86.365
3.841
0.187
91.949
94.565
95.591
105.401
2.791
0.205
86.259
102.542
107.099
106.850
3.143
84.109
0.159
84.850
107.466
98.406
91.628
81.010
4.521
0.190
130.329
140.533
100.107
108.205
3.290
0.188
128.814
99.874
99.165
115.545
3.811
90.972
0.191
85.352
104.928
91.059
109.370
83.752
3.769
0.190
88.385
103.795
91.247
90.341
101.925
4.048
0.194
80.035
100.394
98.946
115.726
90.741
3.246
79.765
0.119
81.264
91.570
94.706
110.787
3.206
0.220
77.821
103.973
125.521
88.150
84.809
5.079
0.169
95.171
105.083
95.208
109.360
2.629
0.179
79.986
109.958
142.368
88.623
92.915
3.548
136.969
0.201
80.523
88.368
111.851
110.512
76.456
4.775
0.228
75.937
98.648
101.023
89.897
6.000
89.087
0.187
85.825
101.890
97.127
107.323
3.828
105.019
0.190
85.762
99.864
96.983
118.945
82.741
5.141
0.192
89.913
129.934
100.253
93.776
3.560
0.192
86.356
101.039
110.325
167.175
3.363
90.360
0.176
77.535
152.396
99.102
113.416
83.806
2.653
0.198
73.999
157.958
122.915
91.791
4.584
83.042
0.176
95.612
114.954
88.138
89.508
101.379
3.638
0.205
83.125
94.398
113.725
106.584
2.224
135.016
0.180
84.919
104.126
100.011
106.520
91.854
3.235
0.175
91.298
97.042
97.607
104.304
152.335
3.964
87.125
0.205
87.876
96.806
95.595
107.406
85.445
4.604
0.223
80.203
95.568
114.689
97.824
99.845
4.738
104.750
0.179
79.923
99.223
116.679
90.524
92.614
6.496
0.176
85.037
105.233
98.799
74.554
92.938
106.237
4.505
0.205
72.451
102.095
101.734
90.124
79.982
4.562
82.368
0.203
86.092
89.110
108.630
101.587
81.401
4.450
0.187
69.613
100.026
113.493
88.354
104.990
4.136
85.066
0.198
84.688
93.549
93.600
104.229
80.654
2.276
0.173
93.165
118.507
108.390
81.858
88.363
9.055
0.186
100.506
97.847
121.599
113.070
82.463
3.238
0.154
92.681
126.429
141.479
113.606
93.884
85.636
2.229
0.184
79.210
95.702
96.698
86.135
4.040
85.264
0.215
72.069
88.340
158.859
111.484
97.160
4.846
83.948
0.198
79.565
99.762
147.619
90.618
3.904
83.380
0.209
89.144
102.050
152.151
88.997
86.617
3.632
90.368
0.192
95.870
105.466
94.782
98.721
98.744
8.233
0.193
69.521
121.115
119.336
88.799
94.522
2.679
0.163
90.852
106.007
113.037
90.176
2.962
78.468
0.214
68.203
121.716
122.021
90.120
86.713
4.639
86.523
0.184
83.080
106.245
90.235
120.206
91.996
6.278
95.628
0.212
78.567
103.714
107.429
102.061
4.867
93.822
0.237
85.807
101.950
103.166
86.670
96.593
5.242
99.917
0.194
86.245
94.649
95.146
124.366
2.818
99.326
0.203
77.320
138.556
169.599
112.317
103.754
96.897
7.439
0.171
124.679
91.517
99.247
99.447
81.820
2.374
93.115
0.225
77.537
89.979
93.974
98.370
109.681
3.211
128.433
0.198
84.096
95.908
90.099
96.000
103.793
4.026
0.203
86.442
95.663
104.171
104.917
133.153
3.258
0.196
102.222
106.148
97.641
110.881
85.828
2.382
0.162
86.744
96.482
113.996
101.456
134.802
3.998
0.213
103.848
109.881
99.300
39.549
509.552
236.245
41.647
3.114
0.088
141.197
197.555
76.359
54.621
63.969
6.505
0.169
53.975
103.091
120.137
107.225
72.136
7.974
0.196
73.349
120.117
112.699
100.744
6.395
0.156
105.162
128.729
105.285
6.231
0.117
106.017
133.469
111.798
6.838
0.133
105.464
105.644
107.726
4.526
0.126
106.944
134.590
113.325
5.984
0.120
107.335
109.032
108.621
6.561
0.144
91.545
141.155
92.674
6.661
0.137
112.116
109.259
88.559
57.791
0.160
110.479
131.970
92.051
7.924
0.149
91.423
105.536
90.325
6.081
116.248
0.165
93.324
109.247
85.195
8.622
0.176
109.767
121.351
101.280
86.369
8.978
0.153
97.077
134.762
106.734
85.627
2.902
0.174
95.953
143.079
105.069
92.448
4.319
0.176
90.288
156.709
98.575
107.715
3.293
89.235
0.181
92.927
97.354
94.913
107.964
2.982
0.195
85.163
101.719
147.930
112.925
3.246
0.165
151.077
114.665
118.174
92.739
2.291
0.145
40.434
18.228
3.593
0.056
517.348
329.866
73.761
1.558
0.077
37.978
196.307
175.589
1.363
147.725
0.068
174.241
161.008
233.031
3.974
47.909
0.095
23.975
37.228
45.112
54.809
61.556
55.467
3.652
0.186
56.912
98.033
98.094
