204
101
7
7
234
345
475
630
786
945
1117
1250
1400
307
430
586
770
975
1147
1358
1530
1664
1853
2187
1620
1231
1180
1504
1771
2054
2308
2457
2787
2916
3097
3263
3374
3467
2412
2236
3261
3401
3447
3517
2920
3529
3541
3534
3598
3656
3701
3687
3681
3599
3779
2854
3678
3791
3703
3685
3609
3652
3704
3668
3755
3360
3756
3103
3767
3762
3752
3667
3698
3080
3440
3715
3731
3667
3631
3163
3696
2108
3710
3719
3668
3625
3691
2372
3616
3702
3719
3684
3685
3707
3230
3630
2167
3717
3730
3519
279
374
431
2857
2316
2771
1937
1806
2537
3308
3396
2239
2435
3489
3559
3569
3604
2742
3034
3653
3658
3647
2892
3354
3656
3643
3660
2890
3369
3656
3628
3685
3024
3660
1708
3643
3734
3643
3237
3715
1939
3729
3740
3710
3034
3556
3662
3665
3649
3668
2941
3604
3647
3727
3694
3330
3706
1960
3711
3729
3695
2765
3088
3714
3731
3699
3641
2640
2914
3710
3725
3700
3656
3075
3647
3717
3731
3698
3650
3015
3149
3983
3856
3673
1724
1974
2196
2373
404
424
500
3121
2232
1997
2746
2553
2111
2560
2829
3025
3305
3410
3498
2879
2813
3235
3537
3508
3539
3346
3609
2963
3321
3655
3691
3648
3654
2750
3146
3680
3709
3681
3669
3461
3661
2166
3739
3741
3703
3704
2799
3211
3715
3729
3705
3661
2827
3671
3719
3737
3708
3643
3255
3647
3721
3726
3714
3656
2724
3614
3730
3748
3669
3639
2754
3091
3722
3729
3705
3276
3648
2021
3715
3726
3708
3662
3668
2211
3731
3745
3711
3726
3421
3657
2091
3750
3751
3730
3665
3259
3657
3743
3662
3714
3664
2967
3505
3737
3656
3714
3653
2872
3247
3726
3738
3711
3064
3650
1876
3735
3747
3709
2965
3547
3721
3731
3707
3655
2798
3436
3716
3730
3703
3713
3413
3725
2303
3743
3743
3715
3668
3736
2267
3273
3751
3743
3710
3716
3405
3725
2243
3746
3756
3729
3661
3424
3740
2119
3684
3649
3713
3663
3367
3727
2160
3742
3756
3727
3666
3696
3740
2682
3754
3758
3732
3673
3475
3739
2233
3752
3744
3711
3711
3523
3721
2512
3740
3755
3725
3669
2896
3348
3725
3740
3713
3659
3674
3724
2385
3737
3754
3713
3717
3735
2177
2548
3745
3751
3725
3691
3170
3664
1962
3759
3648
3716
3677
3724
2173
2563
3731
3744
3719
3649
3717
2548
2910
3732
3754
3715
3712
3719
2580
3522
3742
3665
3718
3336
3122
1876
1952
1669
2158
2518
2779
3148
2938
2545
2451
3069
3393
3436
3501
3564
3062
3454
3616
3664
3628
3655
2742
3118
3676
3651
3671
3650
3341
3703
2025
3718
3744
3674
2759
3119
3675
3660
3708
3217
3655
1813
3726
3740
3725
3645
1925
2461
3737
3749
3712
3726
3292
3736
2019
3758
3667
3734
3681
3665
1989
3325
3727
3731
3704
3650
3600
3704
2408
3724
3739
3710
3668
3713
2639
3455
3721
3741
3712
3671
3459
3733
2344
3738
3749
3717
3660
3721
2630
3732
2124
3748
3750
3760
3128
1786
1663
2151
2034
2143
2583
2952
3141
3014
2785
2596
3000
3294
3293
3371
3388
3506
2864
3137
3572
3634
3567
3565
3072
3616
1943
3661
3670
3656
3421
3695
2156
3724
3747
3706
3655
2160
3640
3732
3734
3701
3689
3656
2877
3615
3743
3759
3715
3707
3152
3484
3716
3729
3708
3653
3715
2060
2549
3729
3740
3704
3723
3670
2219
2793
3739
3752
3722
3661
3711
2059
2660
3723
3740
3704
3712
3221
3603
3729
3752
3656
3699
2911
3709
2008
3719
3732
3698
2879
3436
3702
3723
3700
3624
3099
3705
2069
3669
3743
3703
2111
420
560
611
3128
2231
1900
2236
2393
2171
2172
421
441
463
1208
1477
1096
1467
1556
1832
1993
1637
2424
2445
2191
2265
2548
2744
2837
3090
3188
3262
2528
2319
3156
3365
3342
3410
3457
3493
3464
3534
2140
2187
3601
3657
3562
3565
1905
1941
3623
3671
3618
1846
1881
3661
3670
3674
1758
1776
3670
3666
3672
1774
1789
3670
3671
3672
1795
1826
3671
3661
3672
1797
1825
3667
3663
3672
1797
1842
3672
3668
3666
1827
1855
3663
3668
3675
1840
1875
3669
3665
3672
1921
1978
3672
3669
3667
1843
1884
3671
3665
3674
1868
1917
3672
3663
3676
1872
1907
3669
3665
3677
1891
1931
3661
3668
3671
1896
1934
3670
3656
3733
1947
1991
3666
3666
3674
1881
1943
3673
3665
3673
2031
2124
3671
3669
3675
2068
2140
3668
3668
3673
1992
2069
3671
3667
3673
1905
2015
3671
3666
3283
2003
2133
3695
3681
3670
2054
2108
3672
3665
3675
1900
1981
3666
3668
3666
1917
1976
3672
3669
3676
1957
2021
3664
3669
3670
1901
1990
3673
3665
3672
1989
2044
3671
3668
3676
1944
2000
3664
3664
3667
2014
2128
3669
3667
3676
1945
2033
3671
3662
3674
1936
2009
3673
3665
3674
1961
2061
3671
3670
3672
1988
2061
3671
3669
3675
1986
2052
3655
3752
3672
2014
2105
3655
3753
3673
2009
2101
3667
3671
3670
1986
2151
3670
3667
3678
2081
2147
3670
3667
3678
2007
2087
3676
3665
3668
1991
2081
3672
3669
3672
2075
2166
3673
3666
3675
1999
2079
3671
3667
3673
2109
2206
3673
3669
3673
2058
2175
3669
3671
3672
1993
2081
3668
3664
3677
2044
2147
3671
3668
3673
2035
2159
3669
3670
3678
2231
2351
3667
3662
3671
2010
2100
3673
3668
3671
2047
2135
3670
3666
3674
2132
2212
3660
3751
3663
2093
2202
3663
3675
3668
2072
2175
3666
3672
3677
2109
2201
3667
3667
3676
2018
2177
3663
3667
3673
2099
2197
3671
3665
3672
2061
2165
3673
3661
3674
2107
2200
3670
3666
3676
2301
2469
3670
3668
3669
2075
2180
3671
3661
3667
2116
2248
3666
3667
3675
2162
2278
3664
3664
3673
2099
2288
3662
3749
3669
2311
2476
3666
3669
3678
2280
2427
3666
3665
3666
2115
2245
3673
3668
3672
2146
2271
3671
3662
3674
2261
2451
3667
3670
3670
2168
2288
3668
3661
3673
2155
2359
3669
3670
3671
2181
2296
3671
3666
3672
2069
2216
3670
3666
3673
2163
2256
3671
3664
3671
2073
2192
3673
3665
3667
2188
2302
3667
3668
3676
2098
2220
3670
3656
3730
2150
2353
3670
3668
3669
2143
2243
3667
3665
3673
2136
2353
3672
3667
3675
2375
2506
3666
3667
3667
2242
2351
3669
3666
3675
2219
2332
3666
3664
3673
2230
2381
3665
3669
3677
2146
2259
3671
3665
3677
2108
2199
3674
3666
3674
2227
2412
3667
3759
3671
2422
2558
3667
3671
3664
2232
2412
3664
3668
3674
2138
2325
3669
3670
3678
2404
2496
3672
3666
3672
2265
2461
3671
3661
3676
2412
2630
3672
3658
3736
2230
2371
3665
3758
3673
2196
2327
3670
3672
3666
2257
2439
3671
3669
3669
2248
2417
3668
3661
3675
2429
2609
3671
3665
3732
2489
2735
3671
3664
3676
2204
2310
3668
3666
3673
2324
2517
3665
3666
3662
2453
2669
3671
3659
3676
2245
2421
3673
3666
3671
2185
2301
3677
3663
3736
2322
2462
3664
3761
3676
2315
2447
3655
3745
3728
2294
2475
3664
3667
3671
2441
2686
3677
3663
3679
2202
2337
3666
3669
3672
2214
2381
3663
3666
3678
2221
2395
3669
3668
3672
2272
2430
3676
3667
3670
2276
2403
3668
3655
3734
2498
2726
3668
3670
3676
2280
2411
3672
3657
3727
2216
2480
3672
3658
3734
2424
2630
3669
3760
3677
2263
2412
3666
3669
3667
2240
2355
3671
3667
3672
2301
2468
3670
3671
3671
2252
2394
3674
3668
3670
2475
2837
3670
3665
3676
2331
2506
3669
3667
3671
2501
2792
3662
3759
3672
2362
2519
3656
3752
3666
2241
2441
3663
3665
3673
2263
2408
3668
3663
3674
2198
2372
3676
3671
3673
2414
2616
3674
3671
3674
2337
2547
3668
3663
3672
2502
2809
3673
3660
3739
2607
2897
3663
3749
3732
2431
2606
3668
3658
3733
2296
2524
3658
3754
3673
2382
2522
3660
3671
3668
2471
2624
3672
3669
3674
2432
2634
3670
3671
3673
2468
2633
3664
3666
3667
2303
2474
3665
3672
3679
2253
2510
3670
3667
3673
2355
2578
3666
3667
3667
2315
2580
3667
3667
3676
2341
2653
3672
3663
3673
2352
2583
3672
3667
3670
2394
2561
3669
3668
3675
2398
2591
3661
3755
3669
2437
2593
3668
3670
3676
2600
2841
3663
3668
3674
2332
2544
3664
3657
3735
2298
2514
3668
3663
3672
2361
2551
3668
3664
3667
2391
2587
3659
3751
3666
2344
2542
3660
3749
3676
2371
2585
3669
3669
3672
2345
2517
3673
3663
3669
2360
2526
3668
3666
3663
2263
2567
3671
3655
3729
2720
2938
3670
3669
3681
2300
2538
3672
3669
3667
2246
2428
3668
3660
3726
2350
2561
3663
3752
3671
2514
2857
3663
3658
3730
2678
2927
3666
3665
3674
2655
2853
3669
3663
3678
2606
2916
3673
3668
3673
2593
2808
3663
3755
3661
2435
2651
3671
3659
3728
2310
2606
3666
3654
3726
2412
2615
3676
3661
3671
2392
2550
3669
3670
3662
2533
2688
3662
3671
3675
2426
2718
3667
3671
3671
2409
2612
3668
3664
3673
2394
2564
3664
3668
3671
2405
2689
3667
3667
3676
2636
2857
3673
3666
3661
2420
2628
3670
3668
3667
2583
2888
3650
3737
3656
2465
2649
3735
3664
3726
2420
2718
3667
3665
3675
2394
2633
3672
3649
3728
2783
2987
3669
3753
3674
2353
2579
3671
3659
3733
2413
2621
3672
3665
3668
2539
2765
3667
3652
3730
2522
2789
3657
3744
3667
2401
2633
3671
3664
3675
2545
2859
3672
3663
3675
2527
2748
3672
3660
3735
2457
2741
3668
3660
3669
2297
2537
3671
3657
3730
2388
2566
3668
3664
3674
2448
2633
3665
3661
3677
2656
2902
3662
3752
3667
2546
2747
3672
3667
3675
2513
2694
3655
3749
3676
2608
2897
3665
3672
3671
2617
2871
3667
3668
3664
2790
3119
3667
3661
3735
2403
2569
3668
3662
3672
2426
2616
3668
3667
3663
2501
2788
3661
3752
3665
2639
2961
3665
3660
3724
2500
2724
3672
3659
3673
2439
2643
3670
3661
3728
2501
2742
3664
3757
3670
2363
2576
3670
3654
3731
2743
3040
3669
3660
3728
2478
2781
3669
3660
3677
2718
3040
3668
3660
3670
2841
3046
3673
3658
3732
2603
2922
3667
3659
3730
2867
3194
3668
3671
3674
2710
2951
3665
3659
3737
2535
2747
3667
3758
3652
2364
2548
3734
3744
3733
2811
3041
3662
3754
3666
2525
2854
3673
3659
3734
2726
3088
3662
3755
3669
2504
2768
3672
3664
3663
2936
3227
3656
3743
3678
2849
3150
3663
3671
3669
2657
2852
3662
3659
3724
2747
2945
3665
3665
3672
2703
2975
3665
3662
3677
2860
3079
3656
3747
3668
2598
2902
3664
3661
3681
2699
2982
3667
3667
3672
2572
2777
3668
3670
3673
2769
3126
3665
3664
3667
2708
2979
3674
3658
3726
2552
2810
3666
3747
3726
2767
3042
3663
3665
3668
2619
2922
3674
3657
3730
2614
2936
3660
3752
3673
2790
2996
3668
3665
3667
2741
3059
3673
3656
3731
2945
3231
3663
3757
3668
2856
3185
3657
3757
3670
2736
2979
3664
3667
3678
2477
2705
3675
3660
3668
2684
3009
3675
3666
3671
2884
3287
3661
3752
3654
2695
2935
3741
3662
3731
2582
2816
3666
3752
3671
2535
2861
3669
3667
3673
2593
2852
3664
3665
3664
2793
3093
3665
3746
3669
2593
2809
3670
3668
3675
2582
2866
3672
3670
3669
2582
2836
3664
3664
3672
2573
2851
3667
3669
3673
2530
2790
3664
3667
3659
2403
2599
3671
3671
3672
2614
2866
3662
3667
3662
2610
2904
3657
3743
3676
2515
2834
3659
3750
3666
2986
3206
3668
3670
3666
2602
2813
3668
3670
3669
2504
2819
3657
3748
3666
2345
2687
3665
3665
3733
2639
2987
3669
3662
3664
2456
2670
3674
3669
3664
2586
2827
3673
3668
3667
2804
3143
3667
3670
3672
2875
3168
3670
3669
3663
2869
3300
3661
3669
3667
2603
2958
3669
3656
3732
2497
2754
3660
3750
3668
2546
2755
3667
3662
3732
2861
3246
3671
3655
3728
2902
3265
3660
3748
3676
2569
2906
3669
3657
3728
2963
3400
3669
3665
3675
2849
3165
3659
3742
3735
2979
3351
3662
3756
3671
2946
3366
3662
3752
3673
2967
3320
3667
3666
3670
2920
3335
3673
3669
3670
3001
3292
3670
3662
3665
2952
3369
3675
3666
3673
2618
2875
3657
3745
3734
3060
3393
3667
3669
3677
2958
3302
3674
3664
3666
2578
2833
3669
3673
3666
2399
2767
3661
3661
3733
2645
3018
3660
3756
3669
2604
2916
3650
3743
3730
2940
3228
3664
3661
3730
2681
2938
3656
3750
3670
2591
2979
3669
3659
3736
2932
3300
3658
3746
3725
3023
3356
3665
3664
3676
2598
2901
3656
3744
3662
2676
2974
3658
3747
3670
2842
3074
3670
3649
3720
3024
3448
3664
3743
3721
3102
3442
3664
3667
3681
2660
2955
3670
3652
3733
2658
2974
3642
3739
3664
2588
2949
3659
3738
3654
3021
3357
3734
3655
3728
2730
3034
3666
3748
3668
2751
3090
3661
3668
3678
2702
3012
3662
3751
3667
2976
3253
3663
3649
3722
2933
3250
3663
3748
3664
2962
3437
3673
3672
3659
2747
3083
3667
3671
3667
2694
3135
3656
3746
3654
2683
3108
3731
3748
3676
3108
3551
3670
3672
3674
3010
3316
3658
3751
3665
3012
3293
3661
3748
3734
2782
3089
3660
3751
3726
3012
3512
3667
3667
3681
3051
3386
3660
3749
3657
2592
2968
3668
3662
3732
2762
3230
3668
3654
3730
2863
3205
3663
3744
3730
2756
3079
3662
3752
3734
3076
3372
3655
3754
3670
2649
2889
3665
3667
3676
2435
2664
3670
3664
3738
2472
2708
3660
3751
3729
2785
3207
3663
3666
3669
2936
3552
3666
3663
3667
3017
3451
3661
3749
3669
3142
3520
3642
3745
3667
3041
3372
3642
3739
3666
2983
3420
3660
3747
3668
2672
3031
3664
3666
3672
3066
3439
3662
3739
3728
3145
3519
3651
3745
3719
3072
3572
3652
3741
3671
3070
3456
3656
3747
3667
2691
3014
3663
3667
3666
2656
2934
3662
3742
3732
3125
3409
3655
3738
3721
2716
2984
3662
3746
3667
2685
3033
3665
3664
3657
2635
3089
3665
3664
3667
2727
3078
3661
3738
3730
2899
3203
3651
3740
3725
2689
3112
3667
3746
3733
2804
3220
3648
3747
3677
2670
3026
3668
3671
3661
3100
3531
3660
3752
3668
3117
3577
3665
3751
3736
3181
3597
3661
3669
3679
3004
3307
3669
3660
3667
2699
3139
3665
3749
3663
3061
3440
3653
3749
3658
3059
3409
3739
3666
3667
2686
3034
3666
3752
3671
3082
3525
3663
3666
3674
2967
3398
3656
3743
3736
3119
3475
3663
3675
3667
3060
3386
3664
3644
3719
3184
3628
3658
3740
3727
3232
3664
3664
3666
3676
3039
3348
3664
3661
3736
2742
3071
3671
3657
3735
2686
3187
3654
3744
3652
3044
3393
3735
3662
3725
3141
3660
3663
3747
3677
3043
3549
3657
3749
3666
2528
2781
3650
3739
3721
2560
2920
3666
3656
3715
2805
3078
3665
3671
3679
3046
3562
3660
3756
3665
3086
3523
3660
3661
3724
3140
3493
3664
3748
3669
2693
3019
3673
3669
3736
2877
3162
3666
3742
3727
3205
3592
3655
3742
3723
3123
3547
3667
3661
3724
3094
3560
3666
3751
3671
3178
3624
3646
3741
3728
3345
3651
1935
3743
3747
3734
2808
3182
3680
3663
3731
3665
2739
3158
3745
3760
3738
2707
3036
3665
3747
3730
3223
3665
1966
3754
3665
3737
3173
3526
3674
3751
3727
3289
3597
3651
3740
3723
2779
3165
3663
3750
3659
2511
2765
3653
3734
3723
2804
3166
3658
3748
3680
2649
3011
3661
3661
3738
2755
3126
3662
3745
3734
2721
3099
3671
3647
3714
2712
3230
3656
3734
3725
3229
3653
1956
3746
3676
3742
2817
3219
3669
3751
3725
3147
3498
3669
3652
3731
2740
2983
3662
3743
3732
2686
3081
3669
3660
3663
2660
2968
3666
3650
3720
3166
3670
1882
3665
3657
3718
2780
3268
3676
3659
3714
3264
3658
1971
3741
3663
3726
3283
3598
3667
3743
3724
3164
3530
3668
3741
3724
3319
3659
2012
3747
3672
3728
3206
3673
1912
3657
3763
3674
3180
3614
3670
3745
3722
2696
3306
3672
3661
3728
2652
2987
3661
3743
3726
3156
3660
3664
3653
3726
3171
3639
3669
3658
3730
2769
3275
3663
3744
3724
2467
2727
3655
3741
3725
2736
3090
3662
3743
3722
3211
3665
1926
3752
3669
3732
3154
3531
3674
3752
3725
2683
3017
3654
3736
3725
3165
3657
1912
3744
3753
3734
3290
3664
1966
3754
3679
3726
3673
2862
3344
3754
3670
3728
3655
2763
3156
3744
3660
3720
2525
2963
3667
3742
3718
3310
3658
2185
3747
3670
3740
3186
3679
1957
3663
3764
3741
3234
3671
1970
3756
3758
3736
2800
3316
3662
3755
3729
3668
2776
3154
3660
3665
3726
3660
3348
3742
2056
3752
3765
3741
3310
3664
2043
3757
3747
3726
3681
3400
3662
2159
3762
3681
3739
3669
3256
3754
2029
3750
3759
3735
3663
3364
3756
2255
3679
3766
3739
3669
3569
3755
2382
3672
3760
3733
3674
3297
3669
2040
3757
3751
3739
3675
2865
3196
3669
3761
3732
3667
3261
3683
3747
3649
3716
3189
3589
3667
3740
3729
2936
3220
3662
3741
3725
2822
3214
3662
3748
3666
3156
3537
3665
3743
3721
3208
3731
3734
3747
3714
3248
3734
1935
3651
3752
3683
2776
3258
3668
3756
3671
3260
3666
1922
3746
3754
3741
3384
3660
1974
3759
3774
3666
3748
2617
2946
3667
3762
3738
3676
2805
3083
3647
3749
3718
2433
2671
3655
3738
3719
2828
3128
3730
3741
3724
2905
3279
3653
3729
3714
2898
3286
3660
3740
3665
2760
3136
3670
3659
3722
2851
3401
3729
3744
3726
3372
3738
1966
3755
3672
3733
3287
3665
2042
3752
3755
3728
3265
3655
1949
3747
3766
3672
3680
3085
3389
3657
3760
3682
3665
3230
3742
2053
3759
3669
3738
3353
3673
1940
3751
3763
3739
3669
2851
3184
3757
3751
3742
3686
3368
3662
2263
3759
3763
3736
3665
3375
3747
2201
3759
3765
3742
3683
3262
3670
2017
3685
3673
3737
3671
3299
3599
3745
3763
3661
3660
3170
3689
3742
3662
3718
2918
3394
3678
3656
3726
3277
3671
1865
3653
3754
3675
2865
3495
3649
3737
3710
2839
3301
3721
3731
3711
2785
3185
3719
3738
3659
3268
3658
1929
3731
3737
3727
2832
3231
3669
3746
3723
3670
3315
3653
1944
3751
3746
3730
2556
2942
3664
3746
3721
3670
3222
3489
3736
3749
3724
3653
2829
3236
3744
3752
3723
3671
3184
3603
3746
3748
3725
3673
3471
3748
2351
3753
3750
3739
3660
3364
3754
2225
3663
3768
3741
3668
3301
3755
2149
3679
3769
3738
3672
3132
3612
3752
3762
3735
3658
3205
3695
3751
3666
3725
3667
3375
3751
1964
3666
3768
3684
2849
3629
3667
3763
3670
2935
3346
3661
3747
3737
3321
3659
1996
3750
3760
3745
3358
3658
2013
3757
3661
3724
3667
3369
3749
2081
3667
3768
3730
3668
3299
3751
2065
3757
3758
3739
3672
3305
3760
2145
3675
3764
3732
3739
3109
3629
3665
3763
3679
3670
2772
3094
3662
3743
3723
2906
3224
3662
3743
3715
2779
3053
3725
3744
3672
2682
2988
3668
3657
3724
2939
3266
3669
3640
3711
3356
3658
1959
3730
3748
3674
2819
3157
3670
3755
3674
3392
3665
2063
3658
3759
3651
3364
3742
1955
3663
3757
3740
3348
3671
2109
3759
3672
3743
3662
3017
3555
3745
3761
3672
3669
2815
3200
3666
3747
3720
3394
3662
2112
3744
3663
3729
2851
3439
3663
3753
3723
3253
3637
3735
3748
3728
3288
3660
2057
3745
3754
3733
3493
3655
2051
3749
3764
3739
3681
3285
3661
2247
3755
3755
3726
3727
3000
3500
3744
3654
3727
3671
3003
3538
3741
3753
3721
3373
3665
2121
3661
3679
3668
3201
3673
1968
3658
3756
3734
2881
3330
3664
3750
3724
3666
2597
2967
3753
3662
3716
2961
3503
3667
3742
3658
2925
3415
3735
3659
3720
2546
2830
3656
3739
3727
2836
3154
3662
3744
3723
2772
3314
3666
3644
3719
2859
3179
3643
3729
3662
3115
3469
3669
3652
3721
2768
3184
3671
3652
3722
2707
3119
3651
3741
3671
2620
3114
3662
3750
3666
3219
3661
2177
3655
3742
3725
2987
3466
3659
3747
3721
3670
3348
3654
2154
3744
3752
3723
3662
3277
3750
2130
3676
3771
3683
3681
3113
3517
3661
3761
3665
3720
3353
3731
2115
3747
3751
3732
3672
3002
3374
3758
3658
3723
3668
3035
3443
3741
3759
3667
3273
3581
3659
3740
3724
3374
3665
2194
3658
3754
3736
3343
3649
2203
3751
3662
3725
2905
3673
1932
3746
3758
3734
2952
3290
3672
3759
3669
3679
3144
3644
3662
3758
3670
3105
3641
3669
3672
3655
3193
3587
3667
3650
3719
2919
3567
3661
3740
3713
3235
3731
2046
3663
3751
3734
3351
3669
2115
3758
3648
3710
3723
3668
3746
2412
3660
3770
3693
3656
3294
3696
3740
3745
3723
3660
3428
3744
2194
3656
3765
3663
3730
2997
3541
3743
3759
3673
3668
2973
3743
2106
3664
3746
3726
3386
3662
2080
3748
3763
3733
3674
2665
2944
3749
3754
3726
3672
2730
3332
3650
3744
3726
3675
3264
3666
2014
3664
3758
3729
3670
3305
3665
2192
3745
3754
3732
3663
2881
3739
3751
3653
3713
3676
3031
3476
3677
3667
3733
2745
3217
3669
3757
3647
3729
1866
2550
3744
3753
3739
2875
3420
3677
3765
3673
3666
2874
3302
3666
3670
3682
2656
3088
3670
3746
3735
3294
3656
2039
3753
3656
3723
3382
3666
2077
3749
3655
3730
3345
3665
1967
3748
3671
3726
2767
3294
3668
3752
3669
3079
3422
3673
3650
3725
2789
3497
3653
3740
3716
2836
3198
3726
3738
3719
2918
3436
3648
3731
3713
2779
3163
3652
3733
3712
3061
3359
3657
3735
3705
3107
3529
3715
3735
3663
2834
3226
3676
3665
3669
3126
3668
2084
3668
3657
3733
3340
3668
2233
3746
3752
3725
3122
3480
3662
3748
3667
3718
2977
3465
3737
3646
3706
2976
3254
3664
3729
3709
2769
3379
3725
3745
3662
2647
3197
3659
3740
3710
2960
3368
3720
3736
3718
3249
3649
2133
3739
3658
3715
2839
3162
3681
3675
3665
2676
3150
3658
3737
3655
3261
3729
1963
3743
3739
3730
2821
3281
3663
3748
3723
3659
3173
3539
3745
3667
3724
2720
3058
3670
3653
3717
2812
3316
3670
3641
3720
3264
3662
2035
3747
3656
3734
3660
2037
2906
3747
3753
3725
3433
3673
2264
3754
3666
3724
3673
3553
3743
2184
3759
3759
3739
3675
3565
3747
2359
3765
3665
3728
3682
3742
2022
2716
3756
3761
3723
3731
3482
3750
2706
3756
3772
3745
3650
3314
3742
2089
3755
3742
3734
3681
2969
3517
3755
3676
3723
3670
3140
3573
3664
3750
3718
3308
3728
2029
3743
3747
3734
3538
3672
2209
3751
3760
3744
3661
3460
3750
2059
3739
3762
3742
3673
3040
3458
3752
3672
3712
3728
3310
3658
1989
3739
3744
3718
3661
3483
3731
2534
3748
3749
3716
3729
3505
3667
2477
3757
3666
3726
3677
3397
3729
2208
3744
3760
3735
3668
3510
3746
2534
3763
3753
3738
3680
3533
3751
2404
3752
3742
3725
3674
3119
3743
2015
3761
3748
3736
3687
3382
3661
2275
3765
3674
3732
3659
3738
2013
2465
3749
3767
3731
3741
3408
3752
2055
3764
3768
3740
3671
3749
2337
3012
3762
3737
3728
3667
3070
3462
3748
3761
3723
3654
3151
3420
3735
3670
3712
3666
3378
3742
2001
3662
3766
3682
2856
3214
3664
3746
3722
2794
3538
3680
3652
3720
3727
2908
3564
3666
3755
3727
3666
3146
3516
3746
3750
3720
3721
2958
3501
3733
3738
3718
3663
2947
3263
3737
3751
3720
3736
3616
3666
2543
3761
3761
3735
3740
3660
2016
2649
3757
3757
3741
3667
3659
3751
2333
3663
3757
3737
3659
3025
3485
3741
3755
3725
3727
3523
3741
2279
3753
3758
3735
3672
3431
3745
2258
3751
3774
3688
3670
3361
3753
2185
3673
3778
3674
3665
2757
3259
3745
3744
3723
3657
3391
3741
2166
3666
3759
3735
3661
3455
3749
2638
3660
3748
3730
3681
3553
3671
2224
3759
3756
3734
3683
2661
3011
3663
3753
3721
3725
3437
3735
2161
3743
3741
3726
3659
3250
3746
2055
3763
3764
3739
3676
3756
2031
2634
3665
3760
3732
3667
2864
3256
3748
3764
3731
3664
3314
3746
2082
3762
3675
3726
3672
3310
3753
2256
3675
3756
3734
3681
3563
3671
2338
3764
3676
3677
3728
3382
3658
2363
3757
3671
3732
3674
3101
3749
3749
3763
3733
3662
3037
3743
2028
3750
3756
3724
3743
3046
3533
3661
3747
3722
3661
2964
3378
3722
3734
3705
2715
3357
3719
3729
3714
3660
1969
2448
3719
3718
3707
3657
1976
2588
3730
3646
3711
3689
3651
2392
3283
3736
3749
3728
3659
3500
3734
2384
3748
3747
3713
3717
2894
3432
3736
3758
3726
3667
2543
2973
3735
3747
3713
3729
2081
3048
3744
3765
3667
3436
3744
2178
3662
3755
3732
3438
3668
2263
3745
3758
3727
3681
3659
2208
2915
3760
3756
3737
3678
3676
2071
2448
3655
3761
3737
3665
3425
3741
2147
3749
3765
3743
3658
2970
3414
3748
3747
3729
3677
3646
3664
2405
3755
3748
3731
3658
3747
2480
3495
3741
3766
3737
3667
3556
3744
2431
3739
3763
3727
3727
2933
3746
2065
3669
3767
3732
3670
3370
3748
2065
3765
3751
3736
3656
3746
2040
2663
3759
3768
3728
3731
3211
3738
2128
3752
3762
3735
3737
3245
3657
2300
3744
3755
3720
3714
3529
3731
2518
3746
3753
3739
3663
2712
3501
3745
3756
3722
3725
2926
3352
3742
3758
3724
3728
2867
3504
3740
3757
3661
3721
3568
3737
2416
3747
3753
3732
3670
3754
2229
3001
3767
3665
3734
3661
3412
3742
2077
3675
3660
3728
3676
2875
3188
3744
3760
3673
3724
2907
3423
3737
3746
3712
3716
3102
3690
3732
3739
3701
3717
3652
1957
2470
3740
3750
3716
3679
3650
2117
2513
3745
3762
3725
3668
2927
3529
3755
3675
3736
3674
3729
2351
3005
3725
3737
3714
2861
3232
3645
3731
3665
3705
2951
3383
3721
3729
3699
3669
3724
2336
2710
3736
3755
3660
3705
2987
3610
3711
3735
3709
3698
3278
3714
2105
3736
3738
3712
3656
3733
2070
3419
3729
3753
3678
3735
3660
2037
2839
3743
3758
3734
3666
2891
3731
2112
3745
3742
3720
3666
3735
2779
3265
3751
3769
3682
3665
3727
2264
3156
3742
3753
3730
3641
3731
2505
3729
3741
3740
3726
3681
3745
2104
2548
3660
3768
3675
3673
2878
3302
3742
3756
3706
3715
3029
3457
3725
3726
3702
3659
2624
3350
3720
3734
3720
3672
3288
3728
2302
3730
3747
3722
3655
3731
2038
3164
3746
3767
3729
3737
3399
3737
2375
3749
3749
3715
3710
3720
2179
2807
3735
3755
3731
3655
3722
2153
2728
3734
3753
3715
3717
3731
3732
2977
3743
3752
3721
3662
3725
2280
2812
3732
3752
3719
3714
3732
2702
3396
3746
3762
3726
3720
3724
2066
2733
3737
3751
3716
3678
3659
3723
2578
3734
3750
3724
3636
3156
3713
2139
3737
3658
3707
3682
3475
3669
2252
3744
3724
3715
3675
3670
2111
2652
3734
3745
3731
3665
3614
3734
2272
3752
3749
3716
3724
3735
3004
3584
3742
3756
3725
3685
3525
3665
2340
3751
3671
3708
3718
3737
2547
3747
2202
3746
3766
3734
3672
3244
3746
2279
3751
3765
3743
3684
3672
2804
3754
2228
3744
3748
3715
3708
3347
3719
3729
3748
3710
3703
3711
2954
3724
2137
3743
3757
3726
3732
3747
2779
3217
3745
3756
3728
3721
3488
3670
2159
3754
3675
3720
3716
3726
2397
3649
3747
3657
3708
3714
2722
3582
3732
3749
3686
3653
3204
3708
2040
3721
3728
3697
3053
3713
2002
3734
3730
3690
3707
3726
3182
3740
2335
3753
3766
3731
3735
3637
3741
2505
3759
3765
3724
3713
3668
3730
2555
3750
3665
3707
3712
3720
2362
2716
3736
3753
3727
3642
3734
2312
3444
3676
3758
3724
3714
3728
2653
3493
3743
3761
3721
3725
3672
2365
3741
2183
3750
3741
3725
3729
3741
3370
3756
2671
3755
3764
3721
3718
3736
2264
3741
2224
3758
3751
3725
3723
3682
2743
3562
3745
3762
3731
3690
3670
2577
3509
3731
3738
3706
3662
3722
3725
3727
2898
3730
3751
3725
3706
3655
2194
3746
2240
3752
3754
3730
3737
3129
3689
2224
3688
3776
3691
3679
3185
3735
2028
3724
3732
3704
3722
3644
2366
3738
2384
3750
3775
3735
3737
3660
2979
3743
2271
3747
3752
3715
3713
3723
2183
3135
3727
3742
3723
3714
3060
3470
3724
3752
3660
3696
3707
3142
3540
3714
3738
3666
3702
3710
2852
3722
2294
3752
3744
3731
3697
3743
3711
3743
2612
3762
3759
3726
3719
3737
3188
3728
2661
3759
3763
3736
3673
3551
3723
2543
3752
3701
3724
3721
3742
3649
2247
2253
3128
1908
1699
2271
2005
2502
2675
2963
3031
2428
2204
3043
3361
3396
3471
2251
2349
3548
3609
3582
3619
2348
2483
3661
3671
3672
2516
2717
3667
3648
3697
2488
2736
3662
3733
3668
2804
3179
3655
3735
3719
2782
3244
3660
3744
3670
2525
2969
3659
3745
3718
2975
3445
3655
3748
3673
3032
3268
3663
3655
3727
2834
3178
3650
3743
3668
2699
3065
3663
3656
3719
2641
3065
3653
3745
3651
3723
1859
2291
3733
3746
3716
2860
3376
3732
3741
3708
3662
3219
3733
1951
3744
3750
3727
3663
2957
3403
3753
3655
3705
3711
2827
3251
3717
3729
3708
3597
2423
2555
3694
1995
1139
1182
1591
3135
2379
414
561
637
2051
2695
1683
1979
1777
2236
2468
2729
3143
3266
3088
2504
2363
3207
3471
3493
3556
3587
1955
1026
