5
5
6
6
168
304
452
614
774
930
1065
1213
99
246
403
552
736
925
1107
1277
1314
1341
1374
1596
207
683
961
1269
1649
1695
1735
1782
1833
1888
1949
2012
2046
2002
2078
1781
1782
1795
1808
1796
1819
1793
1818
1893
1966
2033
2104
2178
3152
2232
2237
2333
1987
1700
1693
1772
1859
1935
2026
2103
2188
2290
2300
2368
2802
2432
2112
1841
1818
1863
2945
3367
1939
1694
1624
1715
3157
1793
2013
1915
1667
1809
1842
1961
1963
2899
2028
1757
1774
1853
2849
3589
1977
1685
1700
1787
208
241
386
455
1521
1572
1635
1706
1873
1475
1549
1569
1661
1739
2727
3046
1815
1567
1537
1620
2842
3124
1699
1500
1578
1640
3040
3642
1746
1512
1624
2940
3460
1698
1515
1612
3176
1685
1743
1781
1597
1701
1766
1871
1879
3127
1956
1678
1718
1800
1895
1983
2575
1985
1718
1703
1807
2745
3170
1863
1612
1589
1672
2720
3198
1749
1558
1646
3266
1741
1904
1847
326
364
486
545
1437
1946
2453
1923
1974
1851
1900
1944
1996
2014
2077
2771
3031
2109
1862
1752
1762
1838
2732
3138
1922
1670
1742
1817
3038
3657
1898
1683
1755
1825
2991
3327
1921
1678
1771
1849
2767
3367
1931
1723
1759
1855
3461
1952
2282
2054
1793
1836
1923
3437
2012
2114
2118
1846
1811
1918
2810
3216
1977
1731
1723
1788
2648
2990
1872
1681
1742
2530
3103
1835
1705
1793
3397
1884
2092
1982
1758
1838
3166
1923
1930
1984
1726
1815
1870
3443
1976
2404
2069
1804
1840
1944
3293
2013
2219
2116
1817
1815
1901
3513
1965
2093
2061
1793
1827
1917
2933
3421
2011
1756
1764
1826
3214
1929
2341
1987
1748
1824
1912
3002
3385
1989
1748
1781
1871
2785
1965
2059
2058
1804
1843
1936
3208
3590
2034
1762
1782
1847
2793
3419
1942
1696
1792
1858
2772
3168
1941
1737
1812
1894
3018
1985
2247
2080
1821
1867
1934
2038
2840
3476
2108
1853
1872
1960
2039
2221
3109
2137
1863
1913
326
1418
1580
1589
1964
1819
2115
2086
2132
2178
2218
2265
2415
1950
1923
1948
1922
1970
2025
2837
3075
2120
1850
1742
1822
2808
3156
1890
1637
1717
2977
3287
1796
1667
1765
2713
2994
1843
1705
1775
3057
1875
2039
1963
1747
1855
1921
2072
2456
2007
1747
1825
1908
2656
3122
1978
1734
1748
1829
3287
1880
2070
1957
1731
1780
2596
2864
1892
1687
1773
1872
3276
3668
1975
1713
1790
1863
1952
2305
2916
2018
1788
1834
1942
2023
2647
3524
2113
1858
1867
1944
3032
3368
2022
1792
1776
1848
2766
3205
1922
1734
1804
1906
3599
1987
2407
2069
1841
1912
1993
2104
2632
2180
2648
2278
1962
1883
2012
3414
2050
2406
2128
1867
1853
1916
2566
3092
3872
1588
1670
2052
2147
331
371
446
466
942
1467
1497
1636
1810
1738
2093
2130
2191
2245
2303
2373
2539
2719
2144
1911
1855
1858
1911
1995
2881
3241
2076
1804
1775
1852
2750
3090
1930
1663
1749
1815
2762
3639
1914
1693
1785
2611
3047
1853
1687
1744
3125
1847
1903
1931
1788
1881
3075
1979
2044
2059
1797
1850
1929
2788
2008
2048
2095
1828
1854
1915
3497
2014
2450
2105
1831
1866
1932
2028
2428
2754
2099
1826
1853
1933
3113
3631
2014
1761
1773
1863
1921
2072
2993
2018
1764
1838
1938
2031
2113
2979
2116
1846
1840
1959
2026
2242
2848
2126
1842
1866
1919
2032
3352
2099
2351
2186
1917
331
1361
1488
1522
1683
1511
2113
2173
2237
2278
2370
2534
2048
1837
1858
1888
1971
2054
2890
3322
2133
1863
1765
1834
3120
1913
1951
1981
1730
1810
1907
2891
3399
1962
1718
1752
1826
3151
1913
1939
2023
1763
1855
1923
3371
2014
2112
2103
1834
1818
1924
1983
2291
3141
2070
1818
1813
1909
3159
3533
1989
1754
1773
1875
1967
2377
2934
2060
1825
1889
1979
3627
2074
2754
2133
1893
1849
1919
3113
2009
2104
2118
1863
1872
1966
2072
3628
2151
3733
2233
1954
1922
2032
3593
2099
3225
2192
1902
1830
1931
1994
2894
2074
2380
2189
1880
1932
2020
3596
2077
3061
2185
1921
1864
1988
2045
2057
3309
2143
1902
1894
331
1397
1544
1499
1639
1530
331
738
1050
1424
1175
1193
1504
2131
2295
2082
2118
1939
1983
2033
2071
2083
2138
2180
2226
2100
1866
1787
1786
1859
1929
2080
2117
1996
1714
1701
1775
1927
1971
1848
1632
1711
1841
1867
1782
1641
1718
1775
1801
1791
1636
1712
1823
1857
1783
1632
1709
1823
1854
1782
1635
1722
1862
1906
1785
1658
1736
1833
1858
1803
1631
1708
1873
1899
1782
1651
1714
1808
1848
1789
1635
1712
1834
1871
1789
1635
1712
1893
1981
1784
1635
1714
1912
2006
1790
1635
1717
1927
2011
1788
1640
1720
1868
1909
1788
1643
1712
1855
1914
1789
1637
1722
1900
1942
1788
1636
1726
1893
1946
1786
1665
1743
1933
1974
1811
1633
1709
1863
1909
1785
1639
1721
1868
1909
1791
1638
1647
1829
1882
1750
1678
1751
2036
2087
1821
1633
1705
1913
1959
1782
1643
1721
1914
1995
1797
1638
1724
2047
2112
1790
1640
1724
1929
1994
1790
1643
1724
2090
2191
1792
1646
1719
2066
2212
1793
1642
1720
2054
2120
1789
1648
1718
2055
2160
1794
1644
1721
2099
2161
1805
1639
1739
1955
2016
1816
1631
1710
1928
1996
1783
1650
1722
1971
2126
1797
1642
1721
2009
2086
1792
1641
1717
1989
2061
1791
1648
1723
2004
2074
1791
1647
1718
1978
2124
1791
1644
1721
1989
2072
1801
1647
1720
2011
2078
1795
1648
1724
2019
2085
1790
1645
1725
1960
2081
1794
1641
1717
2078
2178
1788
1650
1717
1974
2073
1798
1652
1723
2017
2130
1796
1644
1719
2019
2110
1796
1645
1718
2161
2228
1796
1651
1720
2014
2086
1793
1644
1721
2040
2177
1796
1653
1724
2021
2122
1802
1646
1744
2098
2180
1817
1642
1715
2101
2177
1794
1651
1728
2002
2114
1797
1643
1722
2094
2192
1794
1646
1724
2101
2184
1795
1640
1718
2051
2138
1795
1654
1723
2078
2178
1801
1658
1731
2251
2433
1795
1670
1743
2223
2405
1817
1641
1722
2199
2366
1792
1650
1727
2229
2339
1800
1650
1719
2060
2137
1793
1649
1726
2107
2221
1795
1641
1726
2120
2231
1798
1653
1720
2091
2182
1797
1646
1721
2185
2302
1807
1643
1738
2116
2244
1816
1640
1719
2138
2235
1788
1648
1727
2205
2323
1799
1661
1728
2076
2159
1806
1649
1725
2095
2255
1798
1656
1724
2198
2319
1806
1649
1749
2159
2289
1827
1641
1738
2222
2328
1822
1644
1746
2139
2239
1812
1664
1739
2143
2307
1811
1648
1723
2316
2467
1800
1648
1724
2101
2220
1797
1650
1719
2127
2263
1799
1654
1723
2082
2195
1795
1647
1718
2089
2206
1792
1648
1728
2114
2210
1795
1643
1721
2083
2211
1797
1648
1724
2102
2268
1804
1653
1725
2186
2342
1807
1648
1749
2204
2341
1821
1665
1737
2122
2321
1809
1650
1720
2192
2302
1807
1652
1748
2221
2362
1819
1642
1724
2275
2373
1789
1662
1731
2171
2378
1803
1650
1723
2247
2438
1795
1650
1738
2366
2588
1803
1677
1753
2401
2565
1819
1640
1718
2393
2553
1790
1652
1725
2253
2423
1812
1648
1748
2264
2441
1820
1638
1723
2277
2467
1787
1674
1757
2439
2710
1833
1641
1747
2174
2359
1821
1669
1761
2194
2331
1834
1637
1717
2201
2352
1792
1656
1733
2375
2567
1805
1643
1720
2185
2349
1800
1649
1727
2269
2417
1800
1662
1732
2252
2393
1794
1654
1720
2224
2402
1797
1649
1727
2259
2408
1804
1652
1747
2474
2735
1818
1641
1715
2333
2475
1791
1654
1737
2329
2551
1813
1648
1752
2334
2525
1832
1684
1767
2279
2427
1865
1687
1790
2261
2431
1851
1658
1737
2519
2767
1806
1651
1728
2318
2475
1803
1645
1731
2477
2754
1799
1655
1732
2313
2515
1796
1653
1728
2186
2339
1798
1659
1733
2276
2471
1800
1653
1734
2173
2374
1805
1654
1727
2339
2491
1799
1651
1732
2300
2466
1809
1658
1751
2300
2442
1828
1671
1752
2406
2637
1811
1675
1747
2503
2721
1824
1650
1723
2468
2629
1801
1661
1740
2267
2468
1814
1657
1727
2284
2424
1799
1649
1733
2307
2475
1806
1656
1734
2282
2497
1800
1650
1737
2263
2495
1796
1684
1749
2401
2630
1819
1655
1721
2247
2371
1797
1656
1731
2366
2536
1802
1653
1740
2592
2890
1802
1675
1749
2417
2582
1820
1649
1732
2322
2488
1799
1663
1744
2331
2486
1804
1679
1746
2378
2529
1819
1649
1733
2335
2477
1802
1680
1754
2332
2517
1834
1651
1737
2333
2489
1808
1653
1720
2373
2485
1789
1656
1747
2349
2552
1802
1682
1752
2574
2890
1826
1643
1722
2220
2480
1796
1654
1729
2312
2463
1804
1652
1732
2372
2673
1798
1652
1729
2449
2659
1809
1653
1762
2318
2482
1822
1671
1744
2582
2773
1818
1655
1727
2333
2549
1813
1656
1755
2362
2527
1823
1641
1722
2322
2585
1793
1663
1738
2645
2887
1814
1656
1748
2656
2854
1798
1680
1756
2643
2859
1834
1650
1743
2486
2683
1818
1653
1730
2324
2525
1793
1680
1756
2402
2676
1823
1641
1724
2564
2800
1794
1657
1735
2391
2585
1803
1659
1727
2391
2579
1800
1651
1731
2297
2501
1799
1661
1735
2638
2893
1812
1651
1752
2401
2699
1832
1646
1745
2385
2583
1821
1646
1733
2322
2533
1798
1693
1758
2545
2716
1819
1651
1739
2331
2564
1799
1686
1759
2454
2638
1829
1648
1725
2500
2673
1794
1658
1729
2381
2535
1809
1654
1732
2595
2807
1796
1656
1738
2355
2584
1803
1687
1759
2479
2699
1831
1642
1734
2374
2686
1801
1682
1751
2383
2686
1830
1652
1727
2667
2997
1796
1659
1735
2683
2958
1807
1651
1730
2680
2880
1802
1659
1733
2504
2801
1806
1655
1734
2325
2542
1804
1651
1739
2407
2610
1804
1678
1749
2383
2611
1829
1648
1736
2398
2592
1796
1688
1756
2334
2522
1828
1650
1721
2441
2666
1799
1655
1752
2327
2542
1803
1681
1751
2465
2711
1831
1661
1754
2450
2730
1817
1675
1748
2502
2741
1825
1653
1750
2684
2910
1817
1675
1749
2510
2689
1814
1666
1741
2467
2695
1808
1680
1752
2530
2745
1824
1640
1716
2426
2641
1793
1662
1738
2580
2805
1813
1659
1739
2573
2889
1802
1665
1737
2343
2517
1805
1658
1737
2623
2891
1803
1676
1748
2544
2866
1815
1657
1725
2629
2810
1808
1674
1759
2505
2748
1840
1658
1747
2773
2956
1812
1682
1750
2400
2642
1822
1656
1733
2595
2934
1800
1662
1733
2697
2913
1809
1649
1731
2397
2647
1807
1681
1732
2604
2990
1822
1676
1747
2541
2717
1826
1653
1731
2693
2995
1805
1656
1726
2602
2801
1805
1660
1727
2616
2833
1799
1661
1742
2434
2740
1800
1688
1757
2503
2721
1831
1649
1757
2529
2798
1819
1679
1749
2519
2824
1827
1661
1736
2765
3169
1814
1658
1757
2645
2857
1829
1647
1728
2750
3084
1814
1688
1784
2896
3221
1847
1672
1736
2818
3134
1820
1666
1758
2780
3046
1831
1657
1735
2465
2663
1802
1696
1780
2910
3165
1831
1679
1748
2624
2976
1821
1656
1734
2535
2806
1807
1661
1737
2703
2860
1808
1656
1732
2794
3062
1806
1661
1735
2867
3178
1800
1658
1731
2711
3091
1814
1660
1766
2824
3227
1836
1670
1782
2958
3176
1846
1670
1757
2681
2928
1816
1681
1768
2584
2812
1827
1675
1757
2565
2782
1818
1657
1732
2619
2875
1801
1664
1737
2526
2767
1812
1657
1729
2468
2689
1814
1661
1750
2500
2826
1826
1656
1723
2366
2545
1802
1668
1753
2524
2767
1839
1652
1750
2507
2758
1822
1692
1748
2521
2837
1842
1680
1781
2805
3078
1841
1675
1745
2817
3084
1822
1660
1757
2529
2821
1823
1650
1735
2532
2796
1812
1690
1780
2564
2938
1845
1676
1747
2569
2835
1810
1662
1737
2606
2839
1807
1668
1738
2566
2930
1801
1657
1739
2607
2853
1811
1657
1747
2549
2771
1818
1688
1782
2616
2958
1847
1670
1738
2580
2817
1814
1669
1752
2602
2960
1820
1682
1761
2577
2925
1829
1673
1751
2865
3145
1830
1676
1756
2629
2908
1849
1679
1748
2420
2687
1817
1659
1735
2851
3217
1811
1656
1758
2680
2943
1833
1655
1724
2546
2777
1808
1664
1761
2651
3044
1825
1670
1749
2635
2910
1827
1661
1761
2891
3159
1840
1682
1781
2527
2761
1833
1673
1742
2472
2726
1827
1662
1766
2682
2992
1833
1687
1765
2930
3309
1846
1702
1795
2688
3055
1869
1649
1720
2793
3094
1796
1662
1740
2704
2984
1812
1664
1731
2848
3206
1800
1661
1740
2354
2587
1813
1677
1754
2934
3198
1826
1655
1736
2914
3236
1795
1685
1771
2707
2973
1833
1684
1751
2639
2965
1816
1667
1740
2630
2906
1805
1665
1735
2927
3273
1810
1659
1737
2838
3048
1816
1662
1763
2623
2989
1828
1678
1747
2615
2871
1827
1657
1761
2755
3039
1836
1675
1770
2726
2940
1844
1651
1740
2350
2570
1819
1695
1785
2915
3246
1852
1641
1721
2695
3086
1794
1683
1745
2611
2918
1830
1711
1775
2715
3099
1846
1648
1726
3049
3418
1807
1664
1761
2738
3043
1838
1668
1773
2749
3129
1837
1670
1750
2996
3280
1815
1685
1754
2640
2908
1825
1663
1732
2618
3102
1807
1682
1759
3043
3487
1828
1707
1784
3038
3448
1846
1671
1754
2915
3416
1825
1668
1754
2650
2965
1836
1660
1765
2929
3262
1826
1677
1745
2895
3257
1815
1657
1733
2907
3207
1809
1658
1740
2654
2998
1817
1662
1741
2694
2952
1811
1669
1751
2611
2896
1827
1649
1726
2786
3118
1804
1663
1746
2978
3391
1821
1681
1781
2975
3398
1858
1671
1765
2769
3154
1839
1650
1726
2704
3078
1795
1660
1737
3043
3351
1812
1661
1736
2622
3092
1808
1667
1738
2973
3259
1809
1675
1739
3001
3387
1824
1667
1757
3023
3295
1836
1689
1799
2813
3173
1867
1702
1788
2718
2999
1857
1638
1718
2718
2990
1800
1662
1761
2733
3141
1833
1656
1725
2919
3163
1809
1669
1772
2951
3342
1848
1676
1773
2907
3151
1837
1680
1758
2716
3058
1822
1664
1737
2697
3118
1817
1663
1759
3061
3387
1830
1660
1737
2934
3369
1809
1691
1797
2785
3160
1856
1681
1754
3046
3392
1833
1716
1805
2724
3053
1873
1666
1762
3140
3525
1831
1678
1751
3039
3455
1824
1670
1768
3098
3456
1834
1677
1760
2974
3439
1822
1686
1758
3060
3457
1839
1660
1761
3083
3555
1824
1675
1749
3001
3459
1821
1647
1729
2965
3272
1808
1662
1744
2942
3242
1822
1668
1755
3100
3517
1847
1661
1754
2520
2819
1828
1695
1790
2716
3116
1876
1699
1792
2707
3005
1872
1675
1774
2432
2802
1845
1676
1770
2735
3055
1840
1654
1728
2646
3082
1807
1675
1767
3227
1841
1929
1933
1759
1847
2809
3153
1914
1695
1739
1837
3240
3655
1902
1671
1734
1817
3041
3450
1880
1675
1757
2677
2948
1834
1687
1786
3050
3506
1854
1676
1757
3209
3441
1820
1684
1761
3073
3379
1835
1651
1734
2720
3003
1802
1669
1746
3062
3506
1820
1690
1780
3316
3624
1857
1672
1772
2728
3188
1841
1674
1747
2651
2971
1827
1662
1769
3127
3447
1833
1686
1779
3233
3576
1846
1679
1754
3146
3603
1813
1695
1762
3092
3348
1826
1663
1741
2641
3138
1821
1690
1781
3119
3534
1855
1640
1723
3037
3293
1796
1672
1757
2663
3049
1822
1692
1779
3109
3624
1856
1672
1767
3004
3381
1828
1665
1739
3309
1808
1857
1906
1734
1838
2780
3113
1906
1680
1746
1823
3105
3574
1898
1674
1765
2982
3385
1842
1667
1732
3122
3384
1803
1669
1740
3008
3340
1813
1668
1740
3030
3328
1813
1670
1744
3108
3470
1829
1688
1788
2818
3218
1852
1669
1742
2818
3150
1809
1673
1747
3085
3506
1816
1691
1782
3071
3648
1856
1653
1727
3145
3577
1805
1697
1789
2685
3023
1852
1675
1750
3116
3524
1822
1689
1785
2707
3125
1854
1672
1751
2721
3233
1815
1692
1771
3207
3529
1832
1688
1751
3059
3378
1830
1660
1762
2734
3102
1836
1681
1778
2918
3252
1838
1666
1747
2743
3135
1810
1668
1740
3096
3438
1816
1663
1762
3073
3599
1823
1664
1735
2751
3061
1808
1658
1763
3151
3660
1845
1683
1781
3441
1852
1962
1944
1738
1840
3318
1899
2021
2002
1748
1846
2815
3192
1921
1671
1756
1833
2791
3241
1904
1647
1753
1819
3025
3642
1909
1674
1791
3175
3541
1844
1681
1760
3122
3583
1820
1713
1761
3169
3706
1854
1686
1749
3137
3551
1831
1670
1741
2765
3099
1824
1673
1768
2680
3098
1838
1675
1771
2744
3160
1838
1658
1723
3063
3405
1795
1666
1741
2481
2889
1826
1670
1753
2795
3207
1836
1659
1761
3161
1826
1864
1931
1745
1841
3335
1910
2108
1983
1741
1817
3197
3647
1887
1678
1777
3191
1847
1997
1929
1750
1842
2824
3191
1926
1671
1743
1823
3161
3503
1904
1678
1777
2783
3259
1841
1683
1762
2450
2688
1841
1662
1769
2541
2925
1836
1682
1771
2757
3293
1842
1654
1738
3172
3542
1810
1693
1799
3241
3599
1865
1680
1764
2726
3114
1837
1657
1730
3058
3378
1817
1679
1774
3250
1844
2010
1929
1758
1848
3384
1920
2145
2001
1756
1833
1903
3267
3669
1991
1746
1784
1852
2926
3298
1940
1677
1773
1836
2816
3199
1950
1675
1769
1841
3155
3473
1927
1646
1745
2729
3335
1826
1664
1766
3268
1827
2019
1926
1736
1818
3204
1907
1940
1966
1722
1809
3217
3575
1871
1679
1755
3075
3666
1854
1659
1760
3192
1842
1903
1938
1755
1856
3420
1924
2250
2012
1752
1809
1896
3260
3637
2007
1738
1772
1863
2795
3145
1919
1679
1749
1821
2955
3226
1916
1712
1811
3659
1890
2302
1986
1767
1865
2893
3226
1938
1694
1763
1831
3487
1939
2201
1990
1752
1812
1890
3312
1953
2083
2043
1759
1816
1891
2931
3311
1957
1686
1719
1802
2847
3220
1882
1684
1780
3192
3606
1863
1675
1768
2864
3338
1861
1653
1755
3317
1834
1894
1923
1770
1862
3298
1936
2034
2023
1757
1831
1893
2921
3272
1984
1711
1755
1843
2825
3241
1894
1673
1788
3330
1844
1944
1934
1745
1826
2762
3192
1926
1698
1785
2839
3159
1862
1667
1777
3233
1837
1937
1935
1734
1813
3138
3646
1902
1650
1759
2741
3074
1829
1684
1781
3141
3519
1859
1675
1762
3239
1833
1881
1917
1706
1828
3240
1879
1907
1972
1736
1838
3314
1898
2132
2002
1718
1832
3446
1893
2189
1980
1756
1833
3351
1926
2060
1982
1734
1817
1885
2805
3203
1980
1699
1768
1834
3304
1927
2049
1996
1753
1840
3310
1924
2105
1981
1739
1809
1881
3597
1979
2213
2060
1800
1868
1939
2987
3385
2037
1772
1779
1854
3170
1932
2014
1994
1750
1815
1920
3336
1981
2035
2065
1806
1817
1897
3329
3721
1981
1726
1788
1864
3244
1951
1971
2048
1777
1859
1921
3325
2004
2277
2062
1805
1804
1882
3116
3606
1951
1708
1774
1834
3006
3368
1920
1671
1746
1825
2933
3515
1908
1703
1801
2889
3241
1867
1669
1771
2523
2889
1836
1684
1753
2739
3117
1830
1671
1765
2813
3243
1834
1698
1792
2740
3158
1884
1695
1802
2846
3304
1862
1678
1749
2981
3391
1812
1698
1766
3210
3546
1863
1703
1795
2945
3497
1882
1650
1753
3161
1814
1857
1915
1745
1847
3359
1910
2242
2005
1726
1820
3364
1887
2267
1993
1718
1816
2980
3526
1908
1648
1759
2929
3559
1825
1703
1798
2826
3282
1888
1711
1796
3300
1886
2032
1975
1762
1865
3323
1935
2029
2030
1766
1825
1914
2960
3222
1975
1722
1749
1832
2758
3113
1911
1693
1802
2812
3204
1868
1681
1776
2916
3424
1849
1696
1778
3222
1864
1922
1962
1747
1855
3509
1915
2263
2019
1740
1851
1925
3325
3664
2001
1760
1773
1856
2824
3154
1928
1680
1769
1846
2730
3394
1938
1699
1794
2764
3328
1863
1685
1774
3234
1840
1850
1934
1738
1833
2871
3323
1896
1686
1792
3160
1845
1907
1935
1748
1851
2901
3377
1918
1685
1765
1831
2809
3153
1916
1655
1763
1818
3256
3660
1921
1675
1772
3054
3492
1859
1657
1760
2904
3264
1835
1695
1785
2761
3472
1884
1712
1794
2888
3408
1886
1654
1763
3195
1831
2019
1928
1758
1875
3273
1929
2041
2025
1749
1804
1880
3303
1951
2135
2023
1758
1832
1896
2840
3152
1989
1733
1783
1857
2629
2867
1935
1669
1748
1829
3315
1888
2168
1992
1728
1838
3300
3648
1892
1680
1757
2853
3303
1828
1687
1770
2834
3174
1851
1660
1767
2834
3347
1829
1685
1785
2929
3305
1857
1691
1774
2683
3210
1873
1710
1798
2782
3230
1902
1693
1783
2769
3235
1870
1643
1749
3254
3586
1828
1695
1789
1873
1887
2743
1951
1743
1845
3303
1920
1942
1999
1759
1839
1929
3361
2036
2187
2098
1832
1836
1890
3258
2008
2231
2043
1780
1820
1898
3283
1985
2193
2078
1803
1861
1926
3560
2014
2512
2105
1791
1806
1872
3318
1960
1976
2017
1761
1827
1910
3346
1986
2174
2070
1815
1844
1927
3471
2008
2354
2082
1805
1839
1919
2901
3369
2003
1758
1785
1884
3300
1988
2324
2072
1804
1851
1916
3558
1998
2736
2061
1800
1801
1876
3326
1945
2091
2037
1760
1841
1917
3469
1998
2316
2097
1797
1845
1939
3007
3711
2004
1752
1801
1864
3364
1949
2255
2052
1785
1858
1933
3121
3729
2020
1769
1787
1839
3257
3593
1950
1698
1772
1845
2889
3291
1947
1693
1772
1844
3574
1932
2390
2008
1735
1841
3477
1898
2304
1999
1715
1821
3245
1886
2170
1991
1726
1841
3377
1890
2280
1996
1721
1834
3323
1906
2215
1999
1753
1848
3510
1912
2142
2005
1741
1809
1886
3072
3464
1955
1692
1736
1807
2945
3711
1899
1714
1830
3436
1875
2097
1975
1713
1816
2870
3411
1887
1686
1778
3234
1845
1935
1937
1748
1840
2808
3274
1925
1705
1806
2814
3251
1870
1673
1768
2876
3294
1843
1700
1766
3210
1850
2038
1956
1793
1887
2999
3386
1954
1718
1761
1830
3072
3434
1934
1708
1793
3513
1881
2251
1980
1781
1858
3386
1966
2184
2021
1765
1851
1904
2914
3314
1994
1723
1779
1838
3314
3682
1935
1673
1771
3229
3624
1843
1666
1736
2734
3438
1837
1664
1770
3300
1841
2047
1942
1770
1862
2916
3350
1959
1718
1800
1852
2882
3316
1958
1690
1779
1853
3303
3669
1949
1698
1808
1867
3559
1963
2409
2045
1755
1842
1914
3398
2007
2218
2104
1814
1849
1914
2936
3516
2010
1742
1757
1863
3307
3599
1915
1714
1755
1835
3341
1929
2061
2021
1774
1856
3432
1934
2353
2007
1745
1832
1894
3490
1970
2292
2075
1795
1841
1899
3341
2000
2094
2066
1787
1859
1907
3147
3556
1995
1725
1774
1845
3357
1927
2027
2032
1771
1878
2964
3415
1938
1703
1760
1836
2892
3318
1917
1658
1751
3543
1822
2118
1905
1744
1818
3398
1899
2147
1955
1747
1815
3325
1894
1922
1984
1770
1853
2941
3456
1929
1696
1767
1836
2886
1940
2158
1992
1741
1825
3368
1909
2156
1994
1756
1851
3311
3666
1923
1673
1727
1798
3056
3482
1898
1718
1801
2823
3447
1893
1697
1793
3467
1863
2285
1976
1749
1844
3326
3658
1910
1662
1740
1799
3209
1901
2045
1949
1761
1853
1900
2648
3202
2007
1746
1830
3472
1906
2294
2010
1748
1851
2913
3480
1914
1693
1743
1819
3293
1894
2008
1971
1745
1837
3133
3470
1909
1701
1777
1871
3561
1961
2335
2061
1805
1856
1930
3602
2013
2517
2108
1840
1854
1945
3335
1998
2146
2082
1822
1842
1923
3051
3483
2008
1774
1780
1869
3076
3519
1975
1728
1785
1877
3517
1943
2213
2063
1767
1840
1923
3387
2010
2135
2105
1830
1856
1926
2678
2972
2022
1754
1795
1860
3366
1955
2101
2055
1767
1873
1949
3551
2041
2240
2128
1848
1846
1915
2885
3269
1995
1710
1750
1807
3615
1916
2229
1987
1748
1859
3449
1909
2345
2007
1738
1827
1898
3494
1988
2316
2084
1816
1860
1938
3190
2030
2252
2104
1839
1836
1901
3409
2012
2306
2051
1786
1837
1911
2983
3422
2008
1756
1775
1861
3385
1926
2220
2014
1768
1879
1909
3315
2009
2127
2089
1814
1834
1912
3146
1975
1982
2069
1808
1828
1909
3377
1981
2146
2060
1809
1843
1896
3162
3614
2005
1733
1780
1839
3301
1929
2201
2009
1768
1843
3403
1931
2165
1991
1735
1834
1910
3654
1987
2495
2093
1820
1855
1930
3359
2019
2363
2111
1843
1863
1925
3491
2028
2235
2112
1839
1856
1938
2030
2148
2896
2113
1842
1864
1921
3601
2020
2200
2088
1810
1836
1909
2949
3553
1994
1740
1786
1860
2866
3199
1931
1693
1786
1850
2978
3426
1941
1695
1779
1852
2962
3608
1940
1689
1799
1846
3374
1950
2146
2011
1756
1853
1908
3568
2013
2183
2095
1816
1830
1917
1984
2194
2539
2082
1821
1837
1902
3092
3594
1992
1729
1791
1866
3572
1936
2506
2031
1784
1857
1943
3055
3416
2029
1772
1786
1873
3417
1945
2395
2037
1776
1874
3170
3558
1953
1706
1772
1848
2954
3348
1926
1700
1779
3243
1837
2001
1949
1749
1837
3651
1917
2469
2013
1759
1855
3111
3575
1923
1704
1784
1852
3264
1951
2125
2037
1767
1822
1899
3393
1960
2240
2067
1770
1801
1878
2860
3304
1967
1686
1775
1850
3060
3494
1934
1708
1799
3519
1866
2098
1966
1750
1861
3509
1914
2364
2008
1747
1817
1899
3451
1991
2329
2086
1826
1852
1933
3593
2003
2497
2103
1818
1847
1917
3545
2012
2429
2089
1825
1851
1928
3222
3698
2015
1758
1807
1875
3653
1961
2675
2052
1792
1862
1946
3582
2016
2549
2096
1825
1849
1918
3202
3528
1996
1754
1781
1876
3452
1957
2299
2034
1787
1831
1901
3601
1994
2484
2093
1811
1850
1930
2982
3508
2004
1746
1770
1839
3449
1935
2111
2025
1788
1871
3333
1967
2043
2061
1796
1870
1927
3029
3407
2010
1762
1772
1847
3085
3655
1922
1690
1790
1835
2085
2639
1940
1740
1846
1905
2067
2653
2005
1750
1844
3286
1926
2836
2023
1766
1862
1918
2814
3376
2001
1751
1772
1849
1931
2067
3371
2023
1797
1886
3146
3570
1965
1743
1790
1883
1948
2132
3056
2052
1763
1804
1889
1961
2337
3177
2046
1777
1844
1931
3425
2001
2228
2079
1819
1836
1911
3691
1990
2628
2098
1824
1849
1927
2935
3329
2001
1754
1772
1844
2788
3095
1936
1719
1803
3471
1896
2476
2000
1779
1867
3225
3666
1945
1703
1770
1850
3430
1920
2120
2014
1769
1846
1938
3152
3692
2033
1775
1769
1865
3047
3415
1914
1683
1800
1842
3082
1934
2078
2033
1755
1843
1918
2631
3298
2008
1755
1796
1878
2924
3578
1961
1722
1807
1888
3281
1986
2154
2075
1809
1871
1924
3160
3618
2016
1750
1768
1849
3093
3419
1914
1697
1797
1854
2394
2727
1951
1760
1854
3364
1925
1973
2028
1769
1849
1926
3114
3604
2004
1770
1800
1886
3376
1968
2262
2070
1818
1863
1939
3611
2022
2288
2110
1829
1866
1931
3427
2021
2401
2103
1851
1867
1950
3738
2046
2708
2157
1859
1845
1920
3484
2001
2301
2094
1823
1850
1927
2005
2445
2961
2106
1834
1855
1927
2006
2262
2768
2115
1805
1834
1906
3260
1982
2447
2077
1767
1830
1901
1978
2292
2758
2076
1792
1836
1920
3502
1999
2498
2091
1799
1840
1918
1990
2017
2490
2090
1815
1848
1919
2016
2290
3415
2116
1830
1872
1945
2857
3187
2027
1766
1784
1881
1943
2376
2654
2032
1780
1845
1930
3564
2017
2449
2114
1838
1881
1935
3543
2017
2499
2131
1839
1853
1933
2014
2550
3247
2099
1846
1862
1972
3676
2041
2418
2131
1857
1855
1936
3364
1992
2254
2108
1810
1826
1917
3433
1983
2249
2085
1803
1858
1936
3472
2014
2056
2099
1843
1831
1943
1995
2284
3245
2100
1825
1824
1892
3568
1996
2270
2072
1817
1870
1935
3273
2017
2055
2128
1852
1869
1932
2942
3352
2033
1752
1761
1839
3509
1912
2210
1986
1739
1844
3211
1915
2239
2014
1756
1869
1933
2070
3429
2015
1777
1864
1930
2019
2225
2931
2098
1848
1823
1916
3388
2004
2194
2064
1810
1811
1886
3306
1961
2097
2059
1798
1870
1958
2942
3270
2024
1793
1769
1872
1955
2005
3173
2050
1799
1879
1970
3490
2047
2605
2136
1883
1865
1958
2041
2647
3423
2132
1851
1872
1921
3281
3657
2010
1758
1815
1888
3192
1966
2189
2073
1801
1851
1954
2033
2745
3505
2107
1859
1857
1946
2029
2323
2863
2127
1857
1879
1964
3358
2046
2400
2128
1859
1865
1940
3572
2021
2851
2116
1852
1898
1980
3494
2068
2282
2159
1880
1844
1935
1995
2105
2109
2951
2181
1892
1928
1996
3286
2077
2372
2223
1893
1882
1940
2024
2210
2840
2123
1856
1876
1978
2068
2506
3200
2134
1894
1861
1952
3585
2027
2481
2135
1838
1852
1908
3568
2013
2362
2111
1836
1856
1942
3000
2006
2148
2117
1849
1846
1959
3355
2028
2330
2107
1862
1872
1968
2059
2503
3623
2138
1879
1847
1991
2069
2467
3351
2135
1903
1872
1979
2060
2107
3336
2130
1871
1906
1944
2009
2421
3329
2108
1873
1857
1993
2054
3364
2115
2193
2213
1974
1925
2066
3206
2101
2217
2167
1917
1869
1970
2072
3514
2150
3152
2221
1931
1999
2083
2144
2902
3310
2218
1958
1865
1941
2039
2293
2895
2110
1851
1880
1972
2094
2484
3098
2154
1884
1904
1936
2039
2316
3563
2118
1829
1895
1968
2039
2173
2979
2120
1891
1951
1974
3420
2108
2824
2198
1909
1897
1967
3293
3615
2020
1797
1809
1874
1955
1995
2843
2062
1812
1907
2001
2070
2906
2160
2456
2242
1972
1935
2049
2096
2677
2196
2594
2259
1991
1925
1996
2106
3144
2191
2604
2278
1976
1935
2000
2062
2272
3624
2201
1893
1828
1925
1982
2790
2100
2260
2146
1883
1963
2030
2840
3226
2084
1828
1782
1845
1966
2071
2151
3373
2147
1922
1994
2074
2442
3058
2182
1891
1889
1941
2032
2224
3273
2147
1868
1937
1985
2081
2340
3167
2155
1883
1878
1949
2072
2696
2102
2498
2216
1918
1944
2038
3494
2136
2146
2218
1935
1858
1978
2051
2551
3508
2136
1886
1914
2010
2102
2914
3529
2158
1899
1876
1924
2015
2629
2129
2280
2208
1926
1952
2056
2998
2109
2198
2229
1946
1824
1929
2002
2138
2988
2137
1885
1901
1993
3052
3473
2071
1823
1778
1857
1944
2712
3570
2037
1824
1899
2014
3719
2089
2541
2166
1884
1832
1966
2065
2104
3065
2123
1874
1885
2014
2061
2059
2879
2155
1931
1906
2004
2087
2303
3649
2165
1928
1874
1989
2071
3221
2161
2175
2250
1961
1977
2092
3234
2152
2700
2234
1966
1878
1979
2110
3194
2113
2503
2202
1923
1990
2084
2171
3385
2254
2370
2333
2070
1973
2130
2195
3217
2262
3130
2334
2042
1883
1995
2077
2969
2136
2152
2237
1970
1969
2072
2158
2552
3074
2236
1951
1917
1970
3506
2041
2485
2158
1832
1877
1969
2022
2043
2143
2232
2252
2009
2072
2166
2227
2310
2824
3450
2391
2098
2002
2098
2206
2895
3357
2239
1943
1817
1942
1971
2047
2559
2057
1784
1850
1970
2038
2842
2111
2669
2199
1918
2028
2084
2948
2119
2185
2239
1984
1922
2000
2067
2849
2166
2500
2258
1989
1981
2004
3050
3420
2123
1834
1806
1905
2971
1994
2188
2085
1831
1951
2039
2147
2627
3307
2210
1936
1863
1945
2033
3359
2138
2278
2203
1953
1955
2048
332
1411
1693
1892
2482
1947
1977
1854
1886
1924
1960
2016
2277
2362
2088
1891
1835
1801
1870
1955
2505
2634
2010
1732
1738
1809
2469
2729
1877
1634
1714
2431
2603
1795
1661
1756
2918
3184
1812
1654
1754
2961
3183
1810
1660
1767
2745
3202
1841
1659
1758
3180
3641
1843
1662
1759
3261
1840
1843
1918
1752
1840
3086
3468
1935
1702
1791
1847
2803
3227
1949
1665
1771
1836
2844
3237
1926
1698
1791
3007
3583
1854
1663
1734
2660
3180
1828
1679
1762
1860
1866
2846
1956
1778
1885
1940
2026
2328
2040
1778
1839
1883
3467
1996
2266
2053
1793
3661
2199
2551
2594
331
1397
1537
1547
1764
1944
1653
331
360
437
461
761
1337
1349
1665
1490
1596
1712
2151
2346
2367
2387
2406
2254
2384
1958
1865
1851
1850
1890
2158
2279
1927
