5
5
6
6
168
294
451
608
770
922
1066
1204
99
246
400
555
740
927
1085
1233
1281
1307
1339
1562
207
681
909
1313
1598
1640
1680
1719
1774
1830
1892
1957
2026
2092
2147
2273
1892
1876
1869
1854
1827
1772
1741
1820
1886
1976
2068
3449
2126
2599
2211
1898
1653
1695
1760
1845
1945
2028
2118
3580
2202
2578
2311
1976
1705
1725
1804
1906
2340
2780
1966
1723
1698
1812
2960
3620
1887
1637
1624
1728
3390
1811
2171
1928
1671
1763
1863
3507
1978
2288
2046
1786
208
238
378
447
1529
1574
1637
1722
1918
1493
1506
1588
1603
2561
3020
1694
1568
1551
1626
1704
2794
3224
1790
1531
1554
1641
2885
3207
1700
1517
1586
2540
2890
1662
1515
1632
2838
3144
1700
1530
1605
2461
2985
1674
1517
1589
2871
3435
1698
1565
1663
3155
1763
1904
1861
1612
1718
3018
3431
1778
1554
1631
1713
3049
3464
1819
1579
1659
1721
2943
3663
1830
1537
1630
1704
3062
1791
1797
1894
1630
1743
1800
3166
3564
1910
1617
3749
1856
2469
2598
320
359
562
595
1344
1905
2326
1898
1925
1793
1843
1893
1948
1997
2069
2792
3017
2104
1854
1735
1815
1876
2724
3080
1957
1726
1739
1807
3275
1884
1894
1953
1710
1782
1866
2700
3294
1962
1728
1738
1841
1913
1915
2687
1999
1753
1807
1913
2004
2154
2728
2093
1814
1800
1896
3208
1949
1965
2038
1760
1793
1848
3514
1961
2111
2027
1768
1842
1895
2815
3263
2002
1718
1733
1793
3627
1900
2268
1971
1718
1832
2790
3236
1900
1660
1747
1822
3554
1919
2249
2009
1758
1852
1932
3300
3639
2034
1755
1745
1821
1930
1935
2646
1998
1760
1840
2704
3416
1941
1709
1771
1869
3319
1951
2205
2043
1797
1835
1926
3380
2014
2384
2108
1824
1822
1885
2757
3418
1990
1722
1761
1850
3495
1926
2320
2035
1776
1835
1936
3154
3571
2022
1761
1756
1826
3514
1919
2313
2012
1766
1850
1954
2035
2569
2827
2115
1852
1800
1921
1991
2329
2979
2072
1807
1815
1876
1976
2390
3190
2032
1789
1827
1915
2032
2924
3374
2091
1838
1851
1953
2044
2192
2705
2120
320
1416
1540
1558
1484
1797
1698
2030
2080
2134
2178
2478
2670
1926
1778
1813
1865
1948
2646
2909
2022
1742
1739
1820
2724
3096
1888
1653
1748
2606
2940
1837
1657
1761
2735
3053
1813
1658
1751
3193
1818
1958
1912
1766
1867
3479
1948
2263
2041
1772
1818
1903
2733
3633
1966
1703
1745
1837
3667
1902
2400
2007
1770
1847
2459
2859
1954
1709
1764
1886
1941
2069
3024
2019
1774
1813
1923
3420
2006
2544
2096
1839
1874
1940
2048
2828
3616
2112
1846
3457
2475
2474
2480
336
913
1107
1119
1608
1728
1260
1778
2310
2404
2449
2506
2535
2398
2535
2107
1892
1912
1934
1970
2022
2126
3430
2171
2511
2251
1970
1807
1886
3214
1958
2218
2053
1781
1850
1903
3497
1987
2207
2065
1785
1819
1900
3332
1972
2169
2074
1793
1827
1911
1968
2192
2748
2065
1781
1803
1895
2991
3363
2004
1762
1789
1896
2792
3213
1977
1724
1790
1853
2721
3623
1972
1709
1808
1879
3036
1985
2127
2065
1791
1883
1941
3601
2028
2300
2111
1835
1853
1948
2002
2309
2870
2111
1802
1818
1896
1986
3306
2045
2321
2128
1867
1910
2047
2098
3040
2201
2381
2277
1998
1934
2031
2107
2205
3135
2210
1899
1827
1938
1987
2791
3348
2079
1810
1849
1920
3246
2014
2224
2125
1836
1866
1954
2050
2141
2514
2140
1857
1871
1923
2899
3215
2019
1754
1798
1870
1955
2172
3709
2055
1781
1869
1937
2046
2274
2814
2105
1821
1863
1949
2016
2412
2120
2266
2230
1946
1935
2025
2143
2250
2472
2328
2336
2416
2101
2007
2081
2180
2658
3326
2247
1971
1875
1952
2047
2304
3057
2128
1877
1869
1979
2046
2206
2778
2126
1864
1899
1971
2069
2441
3303
2155
1903
1881
1976
2044
3422
2155
2787
2240
1954
1973
2040
336
1418
1657
1445
1601
1431
2001
2050
2020
2108
1813
1851
1908
1964
2447
2730
2045
1863
1789
1813
1917
2527
2847
1991
1734
1775
1842
2659
3016
1932
1680
1782
2789
3132
1859
1662
1738
2827
3179
1849
1667
1772
3343
1837
2141
1946
1753
1856
3036
3336
1947
1713
1820
1893
2003
3419
2085
2219
2162
1920
1918
2001
2103
2547
2156
2242
2250
1983
1885
1999
3491
2057
2588
2158
1894
1848
1910
2019
2128
3160
2072
1853
1841
1942
2015
2185
3199
2080
1837
1831
1958
2031
2618
3219
2131
1878
1873
1988
3300
3670
2040
1811
1773
1865
1965
2969
3386
2045
1790
1905
1991
2097
2201
2951
2155
1910
1935
2021
2118
2618
3111
2171
1897
1901
1992
2094
2083
2488
2157
1888
336
1490
1512
2039
2229
1596
336
374
461
514
825
1545
1576
1894
1670
1699
1980
2332
2365
2420
2468
2515
2564
2141
2188
2069
1868
1875
1854
1892
1959
2078
2118
2029
1735
1727
1800
1920
1959
1872
1646
1724
1873
1899
1796
1643
1726
1760
1764
1800
1643
1717
1769
1780
1791
1641
1717
1768
1781
1790
1638
1715
1784
1815
1788
1650
1715
1857
1904
1789
1640
1715
1868
1893
1789
1642
1718
1812
1852
1795
1640
1716
1839
1885
1788
1640
1716
1850
1894
1790
1649
1719
1854
1888
1795
1640
1717
1867
1906
1789
1645
1722
1851
1878
1794
1642
1719
1895
1934
1791
1646
1716
1847
1899
1796
1641
1722
1880
1954
1798
1641
1723
1874
1944
1798
1642
1720
1884
1945
1792
1644
1718
1914
1964
1790
1640
1719
1920
1977
1789
1645
1680
1867
1942
1776
1693
1766
2004
2060
1836
1633
1711
1890
1963
1783
1652
1726
1941
1992
1799
1646
1725
1936
2002
1798
1649
1723
2073
2137
1804
1649
1744
2013
2110
1817
1639
1718
1939
1994
1788
1652
1735
2106
2186
1798
1683
1754
1985
2060
1833
1645
1749
2132
2195
1816
1668
1744
1985
2060
1812
1651
1725
1985
2049
1794
1647
1727
1981
2043
1796
1648
1724
2012
2141
1799
1651
1728
2033
2106
1798
1648
1726
2026
2067
1803
1648
1725
2011
2098
1793
1657
1726
2191
2305
1802
1648
1727
1965
2099
1802
1653
1727
1998
2089
1802
1648
1726
2071
2143
1796
1648
1727
2017
2147
1798
1648
1721
1977
2065
1798
1663
1729
2000
2078
1800
1650
1722
2050
2158
1798
1662
1727
2014
2085
1808
1647
1726
2049
2124
1798
1656
1726
2031
2129
1800
1652
1726
2022
2119
1798
1652
1726
1998
2075
1802
1654
1729
2044
2135
1801
1657
1726
2049
2129
1798
1652
1726
2067
2157
1801
1659
1730
2146
2328
1806
1649
1728
2178
2242
1808
1649
1723
2097
2269
1799
1660
1725
2067
2194
1798
1650
1725
2049
2167
1801
1652
1728
2088
2186
1798
1648
1723
2077
2200
1802
1650
1726
2209
2342
1800
1654
1724
2056
2164
1798
1655
1732
2100
2213
1796
1657
1734
2141
2332
1804
1654
1731
2150
2295
1804
1657
1732
2313
2425
1800
1651
1736
2165
2287
1796
1676
1751
2192
2294
1820
1654
1726
2176
2265
1800
1659
1738
2123
2238
1810
1652
1731
2163
2258
1807
1652
1739
2070
2202
1805
1663
1733
2105
2223
1809
1657
1731
2147
2257
1802
1652
1729
2146
2258
1802
1664
1731
2163
2298
1806
1657
1733
2105
2265
1798
1653
1733
2160
2280
1802
1655
1730
2172
2292
1802
1655
1732
2149
2292
1802
1657
1727
2184
2351
1797
1658
1731
2190
2338
1803
1658
1730
2165
2326
1803
1660
1731
2188
2318
1803
1649
1729
2112
2225
1800
1655
1734
2253
2414
1805
1659
1728
2276
2396
1812
1653
1765
2211
2371
1824
1672
1741
2152
2291
1822
1649
1752
2136
2275
1819
1671
1745
2393
2620
1833
1656
1754
2228
2377
1821
1659
1734
2410
2609
1802
1653
1729
2135
2289
1809
1667
1737
2182
2315
1806
1666
1744
2184
2330
1804
1680
1749
2174
2427
1823
1647
1726
2302
2432
1803
1653
1735
2307
2470
1802
1663
1727
2256
2402
1802
1658
1731
2343
2501
1808
1668
1729
2229
2390
1827
1655
1756
2506
2736
1832
1650
1723
2293
2443
1794
1667
1743
2471
2691
1812
1653
1734
2295
2469
1803
1662
1735
2206
2393
1815
1654
1749
2461
2622
1835
1644
1756
2288
2490
1825
1680
1748
2458
2640
1825
1651
1732
2287
2461
1812
1660
1755
2281
2472
1829
1649
1721
2187
2320
1798
1657
1740
2251
2422
1803
1669
1733
2203
2373
1805
1660
1731
2280
2532
1805
1658
1732
2397
2520
1805
1661
1734
2330
2469
1804
1662
1735
2361
2506
1826
1661
1765
2408
2571
1834
1668
1770
2306
2510
1834
1646
1724
2209
2443
1795
1664
1741
2281
2443
1821
1660
1763
2329
2478
1831
1671
1746
2361
2507
1816
1657
1729
2210
2379
1811
1663
1740
2332
2521
1808
1657
1732
2224
2376
1811
1671
1739
2293
2452
1807
1668
1733
2263
2427
1808
1670
1732
2394
2545
1804
1659
1750
2426
2620
1810
1678
1755
2371
2563
1828
1656
1732
2240
2404
1803
1668
1740
2512
2767
1823
1655
1756
2631
2877
1835
1669
1768
2638
2940
1841
1645
1731
2412
2575
1794
1695
1766
2394
2559
1849
1650
1745
2406
2541
1819
1653
1735
2367
2586
1809
1670
1738
2463
2626
1808
1658
1739
2495
2673
1806
1664
1737
2306
2523
1809
1673
1738
2400
2554
1811
1667
1737
2274
2445
1808
1657
1732
2406
2536
1807
1659
1729
2529
2804
1804
1658
1731
2446
2628
1806
1660
1735
2407
2546
1802
1674
1739
2345
2589
1821
1661
1755
2550
2734
1831
1667
1727
2305
2482
1806
1684
1744
2408
2574
1832
1683
1759
2400
2581
1831
1656
1727
2613
2915
1812
1666
1740
2334
2526
1814
1665
1740
2386
2571
1810
1661
1741
2517
2743
1812
1659
1739
2323
2574
1812
1658
1756
2498
2784
1826
1663
1734
2586
2779
1813
1663
1772
2461
2730
1835
1673
1754
2671
2954
1821
1657
1737
2393
2565
1808
1665
1735
2472
2679
1815
1666
1741
2344
2616
1804
1658
1744
2543
2734
1812
1693
1758
2437
2701
1833
1660
1736
2366
2554
1810
1668
1745
2293
2485
1815
1688
1778
2412
2575
1858
1648
1741
2375
2573
1820
1662
1731
2521
2699
1819
1668
1758
2738
3000
1823
1664
1729
2395
2630
1803
1657
1761
2573
2819
1833
1673
1749
2452
2717
1834
1657
1759
2582
2834
1826
1700
1763
2613
2805
1848
1700
1801
2791
3119
1872
1661
1745
2713
2953
1812
1659
1738
2447
2659
1809
1669
1742
2444
2660
1810
1662
1747
2537
2825
1813
1682
1756
2610
2851
1838
1656
1731
2669
2869
1803
1658
1745
2501
2705
1812
1696
1756
2516
2751
1858
1671
1767
2381
2669
1851
1647
1750
2495
2682
1821
1678
1782
2798
2992
1841
1669
1756
2740
3031
1820
1688
1778
2751
3112
1846
1648
1724
2402
2618
1791
1671
1742
2495
2685
1813
1667
1738
2718
2955
1814
1657
1746
2442
2688
1810
1687
1758
2666
2973
1848
1662
1756
2696
2974
1829
1651
1725
2425
2653
1808
1662
1743
2439
2712
1819
1672
1757
2736
2985
1823
1658
1727
2589
2872
1806
1666
1740
2755
3047
1808
1680
1742
2457
2676
1826
1685
1756
2519
2762
1838
1657
1753
2366
2593
1823
1654
1725
2486
2648
1817
1672
1781
2715
3007
1834
1679
1758
2513
2730
1823
1682
1768
2652
2947
1828
1663
1740
2514
2762
1816
1665
1763
2489
2705
1834
1676
1752
2594
2863
1841
1660
1760
2666
2923
1844
1675
1776
2720
3056
1852
1681
1742
2638
2895
1819
1670
1743
2716
3007
1809
1663
1734
2482
2736
1811
1664
1738
2515
2713
1815
1665
1743
2549
2834
1804
1676
1746
2752
2994
1815
1667
1738
2540
2775
1817
1660
1760
2510
2782
1831
1653
1734
2711
3055
1811
1671
1761
2759
2999
1840
1652
1729
2446
2666
1818
1663
1764
2758
2972
1841
1654
1742
2592
2762
1804
1694
1770
2679
2943
1840
1682
1776
2711
2940
1855
1669
1750
2570
2856
1824
1670
1746
2491
2777
1814
1685
1768
2550
2766
1837
1658
1743
2937
3234
1826
1694
1786
2901
3178
1847
1671
1747
2619
2953
1819
1666
1751
2675
2910
1817
1692
1754
2437
2726
1832
1657
1732
2448
2786
1813
1676
1766
2642
2896
1836
1688
1747
2839
3205
1828
1664
1744
2917
3234
1805
1689
1772
2886
3265
1831
1689
1763
2835
3181
1826
1656
1741
2817
3173
1807
1675
1751
2609
2955
1807
1692
1770
2790
3162
1826
1682
1754
2926
3307
1829
1664
1735
2520
2749
1802
1672
1740
2490
2754
1822
1672
1764
2602
2839
1835
1696
1778
2596
2992
1867
1679
1749
2511
2826
1820
1665
1752
2609
2873
1812
1690
1769
2526
2754
1841
1669
1738
2551
2789
1812
1676
1745
2571
2808
1818
1677
1749
2549
2852
1807
1687
1769
2569
2858
1835
1698
1758
2570
2881
1858
1680
1778
2725
3014
1845
1678
1761
2916
3288
1815
1693
1763
2816
3180
1841
1681
1756
2822
3050
1850
1690
1778
2616
2914
1854
1651
1751
2726
3027
1828
1679
1763
2888
3160
1831
1692
1754
2496
2873
1826
1659
1738
2511
2778
1812
1674
1748
2717
2974
1815
1666
1746
2592
2910
1810
1696
1764
2842
3072
1840
1663
1757
2934
3239
1827
1663
1733
2857
3245
1810
1667
1745
2621
2925
1815
1661
1742
2588
3042
1803
1692
1770
2914
3164
1840
1688
1758
2849
3206
1833
1660
1750
2628
2909
1820
1704
1760
2588
2876
1864
1687
1787
2703
3053
1854
1694
1751
2892
3348
1847
1684
1784
2852
3226
1851
1679
1747
2629
2997
1823
1659
1740
2554
2893
1825
1673
1776
2698
2966
1831
1686
1755
2877
3225
1830
1667
1739
2865
3122
1815
1665
1754
2586
2844
1820
1696
1776
2600
3068
1838
1684
1760
2974
3250
1828
1670
1744
2917
3339
1809
1675
1744
3042
3394
1819
1693
1779
2683
3038
1871
1704
1795
3059
3403
1871
1684
1763
2536
2896
1840
1653
1734
2947
3227
1811
1667
1772
2962
3258
1840
1690
1775
2661
2961
1848
1657
1753
2951
3365
1829
1661
1749
3049
3431
1819
1711
1787
3027
3386
1875
1694
1775
2661
2947
1846
1690
1767
2843
3292
1835
1700
1767
2603
2923
1833
1665
1742
2980
3338
1804
1668
1750
2797
3085
1813
1699
1772
3007
3282
1847
1686
1779
2449
2797
1869
1681
1767
2687
3001
1847
1655
1731
2895
3219
1804
1682
1745
3033
3435
1819
1670
1760
2944
3233
1818
1696
1785
2675
3022
1871
1657
1753
2684
3141
1822
1685
1756
2580
2854
1826
1665
1736
2675
2960
1813
1666
1778
2858
3272
1837
1684
1758
3012
3476
1839
1685
1784
2682
3082
1857
1688
1765
2673
2992
1837
1654
1733
2567
2880
1808
1681
1737
2885
3251
1817
1679
1744
2772
3080
1815
1672
1744
2622
2969
1818
1676
1750
2606
3038
1816
1704
1769
2696
3239
1861
1714
1815
3103
3566
1875
1671
1751
2607
2958
1816
1667
1754
2961
3274
1821
1695
1798
2786
3064
1861
1674
1779
3082
3532
1839
1692
1765
3043
3533
1831
1686
1761
2961
3278
1841
1674
1763
2718
2984
1845
1684
1795
2671
3123
1855
1689
1750
2614
2888
1823
1689
1754
3082
3494
1828
1692
1786
3040
3378
1856
1652
1728
2924
3191
1805
1682
1775
3191
3611
1850
1671
1776
3104
3596
1846
1672
1777
3056
3399
1851
1682
1773
3045
3488
1844
1652
1723
2937
3329
1804
1677
1746
3011
3454
1821
1669
1737
2411
2747
1820
1670
1773
2669
2991
1832
1693
1765
3055
3511
1838
1693
1783
3079
3465
1867
1682
1772
2778
3133
1848
1660
1741
3016
3432
1807
1693
1771
3035
3322
1837
1659
1745
2551
2811
1810
1699
1779
2669
2991
1848
1687
1791
2793
3094
1853
1675
1757
2485
2842
1825
1678
1752
2674
2916
1826
1690
1794
2747
3090
1861
1686
1759
3017
3352
1833
1700
1793
3141
1861
1947
1943
1721
1797
3079
3585
1876
1705
1789
2711
3179
1889
1702
1798
3116
3470
1867
1677
1774
3080
3585
1857
1651
1752
2694
3058
1839
1671
1768
2764
3108
1830
1692
1761
2515
2829
1834
1672
1750
2454
2896
1821
1694
1770
2660
3050
1843
1659
1759
2734
3075
1828
1691
1787
2737
3095
1861
1659
1744
2700
3072
1828
1669
1766
3062
3549
1838
1685
1760
3031
3612
1839
1660
1757
3184
3472
1849
1671
1770
2676
3286
1835
1694
1785
3123
3623
1857
1670
1773
3145
3472
1859
1657
1765
2607
2953
1829
1691
1761
2663
2979
1835
1666
1750
2632
2948
1816
1692
1792
3168
1857
1875
1952
1717
1818
3244
3490
1901
1658
1752
2726
2973
1837
1666
1779
2689
3207
1836
1691
1763
3122
3637
1838
1663
1764
3240
3557
1834
1695
1768
3082
3553
1840
1694
1790
2742
3092
1851
1677
1762
3280
3637
1830
1693
1789
3453
1864
1962
1920
1713
1785
2663
3005
1862
1665
1763
3107
3657
1858
1669
1768
3200
1835
1838
1924
1747
1847
3213
1908
1985
1993
1742
1822
2752
3118
1895
1659
1764
2634
2968
1841
1690
1781
2746
3105
1872
1654
1752
3118
3619
1838
1671
1765
2543
2777
1839
1683
1780
2766
3406
1857
1683
1779
3088
1842
1884
1936
1741
1833
2735
3119
1902
1670
1754
2738
3152
1834
1673
1763
2938
3618
1847
1686
1787
3231
1865
1970
1938
1756
1853
3228
1918
2057
2007
1751
1849
1924
2856
3216
2018
1749
1786
1864
3300
3629
1938
1684
1776
1847
2720
3014
1952
1698
1800
1874
2952
3340
1955
1708
1796
1876
3210
1951
2035
2039
1775
1863
1938
3280
3631
2007
1738
1731
1800
2842
3186
1894
1721
1810
2799
3176
1892
1681
1770
2900
3322
1839
1683
1761
2587
2926
1835
1665
1786
2737
3132
1840
1679
1787
2949
3479
1850
1685
1776
3124
3432
1837
1697
1784
2688
3110
1863
1660
1756
2734
3194
1829
1697
1786
2760
3111
1868
1670
1772
2816
3242
1862
1683
1782
2535
2888
1850
1705
1794
2936
3292
1882
1703
1794
3216
1872
1945
1946
1721
1839
3239
3643
1897
1676
1764
2724
3084
1846
1663
1763
3101
3508
1843
1700
1791
2791
3217
1875
1670
1795
3281
1855
2085
1947
1768
1882
2744
3184
1933
1693
1758
1837
2739
3317
1911
1649
1753
3301
3579
1838
1697
1798
3314
1873
2097
1947
1758
1834
2692
3342
1909
1696
1769
3189
1851
1881
1915
1709
1792
2788
3282
1865
1678
1775
3213
1849
1881
1951
1756
1869
2815
3148
1935
1678
1759
1839
2749
3049
1911
1649
1773
2767
3133
1837
1690
1789
3165
3479
1866
1683
1776
2858
3231
1849
1696
1782
3164
1888
2100
1963
1798
1869
2870
3315
1971
1697
1759
1831
3281
1905
2031
1979
1719
1811
3179
3500
1876
1686
1771
3099
1838
1869
1930
1784
1860
2852
3404
1958
1692
1773
1836
2858
3364
1944
1674
1772
1868
3260
1927
2089
2006
1753
1851
3333
1915
2113
2011
1717
1828
1890
3173
3726
1977
1705
1777
1848
2712
3062
1938
1706
1806
2824
3300
1873
1681
1778
2870
3301
1856
1695
1783
2483
2867
1859
1690
1788
3206
1849
1869
1943
1733
1833
2987
3395
1921
1682
1773
2837
3131
1856
1675
1759
3164
3554
1838
1695
1790
2744
3204
1869
1689
1779
2711
3255
1856
1696
1786
2720
3148
1860
1686
1785
3265
1847
1977
1947
1737
1833
3259
1898
2060
1991
1764
1850
3262
3594
1923
1693
1770
1850
3038
3514
1929
1682
1770
2852
3236
1850
1678
1762
2710
3085
1848
1699
1785
2753
3127
1858
1688
1774
2716
3224
1853
1660
1774
3367
1839
2051
1929
1774
1872
3366
1937
2151
2038
1759
1834
1915
2570
2985
2011
1748
1790
1854
2682
3012
1933
1658
1753
1833
2769
3265
1901
1697
1783
3155
3729
1877
1719
1811
3267
1901
1925
2002
1781
1864
2744
3238
1945
1693
1776
1842
2654
3275
1948
1669
1775
3170
1840
1918
1934
1732
1834
3268
1898
2067
1988
1723
1835
2825
3112
1911
1685
1767
3275
3674
1860
1661
1768
3164
1846
1853
1930
1773
1875
3379
1933
2341
2037
1756
1814
1879
3283
1971
2073
2037
1780
1855
1929
3537
2014
2456
2119
1817
1856
1930
3018
3630
2020
1775
1782
1862
2742
3300
1936
1675
1763
1833
2991
3455
1949
1709
1808
3162
1882
1982
1960
1765
1830
1926
2228
2620
1991
1753
1863
3619
1918
2476
1996
1742
1794
1878
3272
1944
2218
2038
1759
1859
1930
3464
2006
2062
2095
1808
1828
1911
3275
1971
2165
2063
1788
1844
1924
3350
2005
2085
2095
1819
1860
1940
3020
3454
2025
1760
1789
1868
3314
1938
2238
2018
1766
1861
1910
2746
3421
2014
1721
1775
1836
3136
3662
1932
1708
1806
3460
1883
2034
1973
1765
1854
3250
1942
2035
2045
1767
1869
1929
2829
3327
2028
1737
1775
1839
3369
1943
2165
1997
1772
1831
3222
1936
1981
1997
1764
1854
2816
3338
1916
1692
1750
1836
3040
3572
1892
1700
1765
3308
1854
2077
1954
1789
1901
3603
1960
2390
2069
1757
1810
1875
3361
1980
2202
2037
1778
1824
1903
2897
3287
1965
1709
1786
1856
2814
3256
1970
1698
1808
1881
3403
1961
2029
2051
1791
1867
1938
2877
3250
2027
1743
1767
1850
2964
3552
1940
1728
1806
3442
1894
2172
1981
1762
1852
3366
1912
2012
2004
1740
1829
3191
1900
1959
2002
1749
1830
2826
3241
1902
1684
1751
3457
1823
2089
1916
1736
1831
3423
1903
2397
1991
1758
1862
3374
1919
2063
2015
1764
1849
1923
2893
3319
2004
1765
1783
1894
3216
1941
2033
2049
1753
1816
1893
3307
1980
2192
2066
1792
1862
1944
2980
3219
2012
1749
1762
1838
2824
3306
1909
1656
1744
3198
1823
1893
1912
1784
1878
3020
3382
1945
1716
1751
1818
3276
1916
2086
1979
1771
1838
3314
1917
2021
1982
1751
1832
3238
1887
2156
1984
1751
1838
3388
1900
2342
2013
1730
1828
3264
1901
1954
1993
1755
1851
3502
1915
2371
2025
1722
1837
1893
3444
1990
2275
2054
1783
1856
1925
2925
3295
2013
1758
1789
1885
2781
3051
1980
1739
1781
1889
2795
3078
1941
1715
1745
1827
2800
3291
1894
1694
1787
3203
1858
1952
1959
1776
1868
2938
3328
1953
1681
1778
1843
2601
2891
1953
1687
1789
3517
1859
2283
1938
1770
1880
3161
3492
1955
1713
1766
1863
2859
3201
1936
1710
1768
1878
2866
3233
1941
1714
1774
1875
3045
3503
1952
1733
1795
1875
2885
3379
1967
1716
1769
1860
2932
3389
1966
1712
1794
1870
3362
1966
2248
2058
1778
1872
1939
3335
2037
2198
2105
1850
1841
1900
3268
3654
1987
1716
1787
1858
2844
3424
1939
1721
1815
2761
3078
1892
1677
1780
2800
3252
1852
1672
1773
1856
2114
2696
1934
1771
1864
2652
3424
1934
1704
1769
1832
3351
1939
2092
1998
1758
1827
3210
1908
2100
1982
1739
1842
3237
1918
2050
2007
1740
1851
1924
3596
2015
2397
2090
1829
1851
1906
3430
2007
2123
2058
1803
1835
1905
2906
3385
1991
1726
1802
1870
3284
3662
1974
1715
1815
1860
2972
3428
1965
1697
1780
1860
2552
2984
1953
1705
1810
3538
1874
2052
1982
1724
1839
2847
3273
1896
1683
1772
2756
3438
1851
1670
1783
1838
2076
2520
1920
1746
1829
3441
1895
2203
2005
1778
1858
3428
1922
2001
2022
1751
1822
1915
3421
1989
2501
2087
1813
1870
1943
3361
3662
2031
1796
1780
1877
2971
3419
1944
1709
1782
1841
2807
3487
1936
1688
1789
2931
3331
1869
1711
1795
3673
1890
2276
1961
1779
1860
3010
3662
1925
1706
1770
3272
1862
2044
1932
1769
1868
2816
3486
1939
1703
1786
1862
2786
3062
1947
1716
1804
1882
3410
1966
2400
2060
1797
1861
1953
3189
3555
2027
1776
1784
1885
2887
3353
1937
1706
1758
1820
2728
3115
1922
1700
1787
3203
1854
1948
1950
1771
1858
3522
1955
2173
2051
1787
1869
1932
2964
3536
2014
1755
1758
1862
3366
1936
2111
2021
1774
1843
1941
3519
2018
2318
2128
1849
1871
1928
3350
2001
2114
2103
1805
1854
1911
3726
2009
2351
2073
1804
1846
1912
3316
2001
2213
2088
1801
1879
1947
2913
3529
2025
1762
1787
1859
3365
1931
2159
2004
1752
1831
1905
3013
3384
1991
1752
1788
1891
3397
1946
2106
2046
1769
1828
1905
3185
3690
1998
1730
1789
1869
3337
1958
1998
2045
1778
1866
1918
3076
3562
2028
1749
1793
1869
2926
3439
1966
1723
1805
1877
3256
1963
2085
2070
1775
1846
1917
3107
3743
2028
1743
1801
1878
3306
1971
2079
2076
1795
1879
1935
2830
3345
2035
1783
1792
1873
3493
1968
2251
2047
1770
1848
1910
2860
3217
2003
1762
1798
1895
3603
1953
2225
2051
1770
1804
1888
3343
1947
2181
2042
1771
1853
1924
3351
2007
2124
2113
1824
1879
1932
2920
3464
2030
1764
1795
1882
3230
1955
2281
2064
1789
1876
1947
3691
2021
2270
2115
1812
1849
1902
2920
3334
2003
1721
1780
1867
2841
3197
1950
1718
1819
2891
3639
1899
1719
1814
1895
2070
2809
1996
1777
1879
3383
1953
2327
2050
1804
1837
1932
3324
1999
2091
2096
1822
1828
1898
3548
1999
2282
2054
1793
1828
1895
2915
3661
1996
1732
1807
1871
3313
1961
2091
2068
1792
1869
1944
3004
3471
2035
1770
1802
1856
3017
3524
1965
1708
1796
1867
3691
1944
2566
2044
1797
1877
1978
3038
3524
2053
1791
1789
1859
3015
1956
2000
2043
1798
1875
1971
3189
3452
2064
1803
1782
1865
3087
1963
1979
2073
1794
1862
1946
2920
3256
2018
1783
1764
1860
3334
1937
2209
2018
1761
1853
1922
3360
2013
2077
2074
1816
1827
1886
2936
3421
1985
1723
1771
1867
3129
3535
1937
1728
1758
1844
2672
3110
1938
1712
1795
3035
3493
1873
1666
1764
3328
1835
2050
1928
1787
1877
3364
1957
2153
2068
1801
1882
1945
3207
3629
2050
1775
1770
1843
3243
1939
2415
2015
1789
1883
2863
3512
1942
1716
1792
1871
1956
1959
2305
2050
1802
1886
1953
3535
2042
2424
2143
1865
1861
1944
3404
2041
2437
2137
1863
1858
1933
3025
3284
2049
1759
1767
1847
2952
1924
2074
2017
1785
1878
3578
1946
2280
2052
1776
1873
3503
1973
2343
2039
1770
1850
1912
2012
2014
2812
2097
1813
1852
1927
3599
2010
2414
2101
1826
1900
1938
2878
3410
2065
1766
1805
1868
2860
1953
2062
2047
1797
1855
1921
3639
2025
2541
2103
1825
1880
1939
2032
2174
2974
2117
1846
1869
1922
3594
2034
2502
2085
1823
1843
1919
1998
2052
2518
2115
1809
1861
1924
3726
2016
2587
2098
1841
1872
1976
3498
2053
2309
2133
1868
1839
1929
2975
3375
1986
1738
1782
1885
3423
1966
2444
2039
1794
1857
1923
2919
3413
2022
1784
1800
1908
1967
2091
2853
2059
1787
1856
1909
2823
3179
2004
1754
1792
1897
3309
1963
2531
2057
1790
1846
1922
1996
2186
2548
2110
1829
1858
1942
3384
2003
2507
2118
1796
1834
1885
3628
1999
2507
2062
1779
1851
1938
3525
2007
2229
2105
1806
1845
1901
3455
2010
2192
2083
1812
1855
1955
2038
2092
2732
2129
1844
1859
1939
3411
2019
2314
2109
1837
1878
1935
2034
2377
2978
2096
1843
1857
1944
3110
3634
2032
1772
1802
1885
3417
1956
2634
2074
1788
1861
1944
3604
2006
2404
2091
1802
1833
1902
3288
1978
2138
2103
1809
1883
1947
2999
2024
2158
2128
1840
1848
1922
2874
3290
2004
1750
1797
1884
3484
1949
2199
2049
1776
1845
1934
2010
2548
3388
2084
1827
1859
1931
3215
2011
2217
2165
1863
1905
1963
3053
3552
2035
1839
1798
1890
1974
2096
2928
2062
1793
1843
1946
2013
2285
3235
2085
1826
1873
1968
3572
2028
2170
2119
1869
1845
1944
3274
2019
2083
2102
1823
1832
1933
1988
2392
2926
2090
1843
1871
1985
2912
3661
2054
1813
1778
1891
2703
1956
2022
2054
1795
1844
1935
2012
2508
3396
2102
1840
1895
1976
2035
2877
2145
2257
2205
1925
1924
2002
2103
2289
3024
2180
1909
1863
1931
3351
2014
2033
2113
1848
1879
1970
2077
2946
2135
2191
2237
1950
1928
1995
2089
2885
3635
2184
1907
1883
1950
2057
2679
3600
2123
1844
1871
1960
3546
2035
2519
2139
1861
1872
1983
3585
2052
2454
2145
1874
1885
1958
2029
2665
3219
2103
1856
1839
1937
2020
2402
2911
2104
1867
1879
1973
2067
2311
2992
2155
1870
1886
1952
3688
2033
2793
2134
1862
1874
1967
2028
2662
2138
2676
2203
1953
1940
2066
3300
2137
2330
2209
1942
1887
1934
2050
2372
3504
2104
1861
1874
1976
2068
2970
2154
2548
2234
1940
1919
2032
2094
2314
2816
2173
1900
1908
1949
2058
2450
3158
2155
1888
1888
1976
2075
2099
2783
2140
1902
1883
1973
2048
2282
2644
2129
1875
1865
1964
2070
2456
3400
2147
1870
1931
1956
3332
3702
2046
1767
1783
1861
3235
1946
2772
2031
1817
1914
1993
2506
3269
2101
1840
1936
2032
2098
2266
2981
2184
1919
1922
1992
2079
2691
3415
2164
1872
1876
1969
2102
3188
2168
2186
2254
1941
1992
2059
2160
2560
3127
2230
1975
1888
1986
2098
2090
2537
2156
1898
1847
1954
2031
3163
2124
2402
2187
1969
1976
2075
2175
3207
2255
2421
2318
2047
1905
2020
2101
2602
2173
2180
2261
1979
1980
2021
2121
2713
2206
2544
2312
1991
1924
2021
2076
2964
3365
2181
1894
1853
1936
2014
3384
2082
2566
2218
1900
1995
2077
3655
2125
2831
2225
1932
1866
1977
3459
2013
2263
2086
1886
1878
2026
2061
2297
3137
2159
1889
1916
1993
2074
2960
3675
2198
1894
1940
2045
3481
2094
2323
2197
1882
1937
2018
3490
2094
2368
2200
1879
1894
1979
2075
2536
2212
2277
2315
2006
2008
2100
2193
2362
2710
2260
1999
1869
1982
2070
2151
2173
3465
2262
1967
1952
2015
3549
2109
3029
2171
1903
1899
1963
2086
3618
2127
2801
2234
1980
2022
2149
2198
2362
3364
2281
1979
1881
1923
2969
2030
2104
2112
1831
1884
1978
2062
2140
2971
2190
1899
1902
1983
2090
2251
2928
2162
1882
1882
1933
3651
2028
2824
2123
1839
1884
1947
2051
2257
3195
2126
1884
1885
1990
2068
2646
2151
2521
2252
1964
1929
2034
2106
2800
3650
2223
1910
1877
1946
2023
2463
3234
2121
1875
1892
1996
2086
2540
3394
2157
1907
1880
1966
3258
2047
2177
2166
1900
1882
1956
3438
2055
3273
2149
1889
1911
1966
3380
2034
2174
2157
1876
1874
1991
2038
2263
3288
2137
1859
1865
1932
3076
2055
3163
2137
1883
1908
2003
2135
2216
2454
3646
2330
2069
2075
336
1416
1521
1530
1654
1770
1729
2116
2164
2221
2265
2137
2225
1933
1770
1815
1886
2242
2329
1958
1691
1735
1805
2250
2365
1891
1671
1767
2662
2877
1842
1664
1766
2631
2832
1836
1638
1715
2844
3104
1806
1658
1749
2839
3141
1821
1675
1771
2823
3245
1846
1671
1765
3025
3333
1833
1677
1745
3095
3561
1826
1654
1763
3063
3614
1840
1683
1779
3233
3539
1848
1675
1760
3111
3626
1847
1661
1758
3532
1828
2216
1918
1762
1852
3320
1915
2062
2024
1736
1812
1895
3386
1978
2290
2056
1773
1853
1935
3060
3527
2015
1768
1800
1868
1977
2409
2836
2019
1776
1818
1915
2492
2636
333
362
439
471
1501
1889
1906
2332
2332
333
366
511
593
847
1317
1343
1796
1616
1825
1756
2306
2333
2346
2369
2300
2393
1992
1788
1821
1859
2142
2209
1899
1785
