204
101
6
6
233
346
486
641
792
953
1122
1239
1397
307
420
573
764
968
1174
1371
1547
1651
1866
2257
1648
1203
1104
1445
1705
1996
2223
2355
2667
2807
2977
3158
3316
3412
3501
2418
2253
3324
3479
3525
3559
3232
3566
3531
3563
3631
3680
3724
3103
3484
3756
3748
3700
3567
3594
3657
3693
3726
3745
3450
3756
2315
3771
3756
3738
3682
3655
3701
2418
2768
3726
3739
3684
3680
3532
3714
3287
3643
3737
3690
3668
3720
2965
3641
1981
3719
3742
3661
3700
3397
3715
2180
3738
3748
3714
3645
2782
286
321
343
2857
2117
2721
1878
1770
2611
3134
3393
3480
3553
2469
2823
3613
3660
3632
3628
2390
2730
3656
3646
3656
3653
2895
3653
1823
3651
3655
3688
3654
3038
3577
3718
3727
3701
3646
3714
1972
3071
3724
3735
3707
3633
3716
2064
2939
3640
3727
3704
3639
2865
3291
3711
3657
3704
3651
3223
3713
1896
3730
3651
3710
3661
2803
3467
3657
3746
3663
3650
3077
3721
1812
3730
3729
3708
2761
2999
4024
3910
3804
1660
1805
1855
401
423
471
1873
2281
1414
1780
1623
2386
2407
2739
3168
3274
3382
3441
2878
2776
3232
3499
3459
3492
3525
3572
3342
3620
2177
3666
3706
3642
3659
2820
3237
3694
3722
3667
3683
3422
3708
1980
3732
3750
3714
3675
2852
3494
3658
3757
3673
3642
3152
3416
3718
3742
3659
3155
3717
1873
3731
3738
3713
2563
2837
3723
3739
3701
3712
3731
1988
2329
3752
3665
3717
3655
3385
3733
1993
3657
3759
3680
3668
3745
2013
2403
3659
3771
3677
3662
3226
3566
3740
3753
3726
3644
3215
3729
1961
3738
3754
3726
3663
3418
3740
2030
3756
3746
3732
3663
3076
3532
3734
3743
3712
3660
3447
3725
2032
3733
3754
3672
3659
2776
3136
3739
3748
3716
3674
3031
3371
3653
3737
3709
3712
3685
3721
2943
3727
3736
3708
3658
3711
2266
2616
3726
3734
3695
3702
3720
2100
2629
3732
3741
3709
3709
3720
2249
3013
3743
3663
3718
3657
3720
2076
2822
3734
3738
3698
3703
3720
2675
3164
3736
3758
3671
3712
3731
2022
2548
3746
3753
3727
3654
3005
3719
2116
3730
3750
3714
3721
3722
2386
2916
3728
3750
3671
3703
3707
2122
3120
3720
3744
3726
3642
2999
3699
3723
3740
3713
3716
3660
2080
2644
3728
3736
3680
3688
3706
2257
3722
2580
3744
3760
3718
3718
3729
2988
3413
3732
2900
423
438
470
3125
2701
2495
2531
1937
2249
2704
2804
3012
3229
3325
3390
2841
3052
3431
3542
3468
3451
3517
3151
3579
2017
3631
3680
3628
3659
2740
3348
3692
3725
3672
3665
3340
3706
1969
3729
3753
3708
3721
3732
3732
2760
3734
3743
3713
3675
3474
3726
2282
3738
3739
3706
3717
3650
2057
2745
3729
3747
3720
3657
2702
3036
3732
3667
3709
3716
3640
2130
2717
3721
3732
3693
3709
2746
3406
3722
3741
3712
3645
3718
2387
3011
3731
3744
3705
3718
2005
3247
3731
3741
3716
3655
3719
3069
3737
2909
3751
3757
3731
3647
3724
3243
3737
2610
3754
3751
3727
3723
3738
2445
3323
3745
3746
3716
2972
424
493
576
3122
2708
2317
2333
1687
1688
422
555
639
1158
1672
1061
1935
1545
1568
1860
2231
2424
2522
2050
2217
2452
2545
2701
2879
3042
3216
3323
3347
2266
2306
3480
3558
3474
3437
3471
1911
1946
3544
3607
3548
3600
1936
1969
3646
3668
3640
1706
1709
3669
3670
3667
1745
1765
3669
3665
3667
1748
1765
3671
3665
3672
1780
1790
3668
3665
3667
1793
1828
3668
3664
3670
1824
1856
3667
3666
3672
1791
1837
3669
3660
3675
1793
1832
3665
3668
3669
1786
1823
3667
3669
3672
1824
1856
3664
3666
3670
1819
1869
3667
3665
3675
1833
1859
3663
3666
3673
1845
1896
3664
3663
3673
1856
1897
3669
3665
3668
1854
1936
3664
3662
3671
1867
1912
3663
3666
3675
1888
1934
3667
3666
3673
1867
1924
3669
3665
3666
1897
1955
3666
3664
3674
1918
1959
3669
3673
3671
1946
1997
3669
3668
3671
1993
2079
3671
3665
3671
1946
2009
3664
3666
3674
1892
1986
3671
3667
3669
1919
1996
3670
3666
3673
1969
2032
3666
3666
3675
1944
2000
3663
3666
3675
2078
2183
3665
3653
3735
1966
2077
3668
3657
3674
1954
2017
3674
3664
3667
1966
2013
3669
3667
3671
1980
2067
3665
3665
3675
1933
1994
3671
3662
3675
1983
2051
3670
3663
3675
1998
2114
3666
3657
3735
2124
2229
3661
3753
3671
2162
2224
3662
3662
3677
2120
2209
3665
3744
3732
2017
2165
3666
3661
3670
2137
2257
3665
3666
3674
2025
2115
3670
3667
3672
2016
2101
3670
3671
3672
2005
2124
3672
3666
3672
1978
2072
3661
3670
3665
2058
2137
3667
3661
3676
1997
2077
3669
3673
3666
2057
2134
3669
3661
3677
2041
2127
3670
3661
3677
2058
2198
3670
3659
3669
2066
2169
3666
3668
3667
2077
2162
3667
3664
3670
1997
2107
3670
3670
3674
2058
2162
3670
3658
3740
2094
2193
3666
3664
3676
2032
2143
3670
3665
3677
2057
2167
3673
3666
3670
2075
2197
3672
3660
3671
2060
2136
3669
3666
3675
2127
2242
3662
3666
3676
2033
2182
3675
3665
3671
2070
2240
3669
3659
3674
2161
2284
3666
3668
3673
2081
2263
3671
3664
3670
2251
2370
3675
3664
3671
2092
2198
3671
3668
3672
2152
2272
3661
3660
3677
2228
2327
3671
3667
3674
2127
2249
3669
3666
3673
2211
2347
3669
3668
3675
2110
2264
3664
3666
3672
2178
2337
3669
3663
3663
2110
2240
3674
3668
3673
2195
2287
3670
3668
3677
2107
2218
3667
3664
3674
2151
2251
3669
3661
3670
2139
2269
3672
3667
3664
2124
2235
3664
3663
3674
2160
2252
3666
3665
3673
2094
2210
3669
3660
3730
2091
2230
3666
3660
3672
2171
2299
3673
3661
3677
2160
2270
3670
3666
3671
2146
2288
3668
3663
3664
2233
2370
3668
3668
3677
2209
2403
3661
3661
3676
2131
2241
3661
3751
3671
2226
2353
3673
3665
3671
2152
2302
3662
3745
3733
2201
2354
3667
3666
3677
2219
2329
3669
3662
3672
2184
2346
3666
3656
3731
2141
2328
3672
3664
3676
2343
2523
3670
3669
3670
2293
2431
3660
3664
3669
2240
2398
3671
3665
3666
2234
2312
3670
3668
3674
2190
2424
3670
3670
3670
2240
2404
3668
3669
3665
2302
2482
3667
3665
3673
2109
2243
3672
3666
3673
2272
2505
3671
3663
3668
2257
2443
3672
3661
3669
2202
2387
3672
3668
3673
2140
2260
3668
3670
3668
2265
2415
3669
3668
3671
2187
2428
3668
3657
3731
2313
2508
3669
3664
3673
2237
2402
3670
3664
3670
2446
2625
3667
3666
3672
2240
2372
3672
3660
3669
2215
2421
3665
3667
3670
2281
2422
3673
3669
3673
2404
2611
3664
3665
3678
2299
2477
3671
3661
3673
2237
2413
3666
3671
3674
2218
2383
3672
3667
3672
2444
2591
3672
3665
3662
2231
2405
3672
3666
3671
2337
2467
3667
3656
3679
2237
2395
3658
3739
3730
2386
2539
3658
3748
3670
2319
2498
3667
3668
3675
2335
2485
3671
3667
3675
2376
2597
3663
3750
3668
2292
2456
3661
3667
3675
2355
2499
3662
3746
3675
2261
2425
3667
3667
3670
2504
2647
3674
3668
3668
2499
2678
3666
3658
3669
2257
2426
3671
3670
3674
2411
2589
3667
3667
3670
2377
2524
3661
3753
3664
2293
2464
3671
3668
3668
2233
2383
3669
3662
3672
2263
2412
3666
3660
3728
2300
2458
3670
3669
3676
2392
2602
3662
3663
3665
2501
2641
3669
3665
3675
2248
2425
3672
3668
3659
2270
2426
3666
3653
3724
2398
2558
3653
3744
3669
2342
2487
3669
3675
3678
2335
2489
3670
3666
3675
2237
2389
3666
3662
3655
2317
2605
3673
3659
3727
2499
2678
3667
3665
3677
2421
2634
3670
3666
3665
2406
2642
3667
3665
3671
2474
2706
3662
3749
3671
2494
2750
3664
3670
3656
2246
2435
3663
3670
3671
2489
2631
3663
3673
3672
2478
2645
3672
3667
3673
2407
2664
3669
3670
3670
2549
2851
3673
3656
3733
2658
2905
3664
3757
3675
2631
2982
3665
3665
3673
2384
2534
3668
3667
3673
2462
2743
3661
3751
3668
2354
2630
3666
3669
3672
2432
2603
3667
3669
3669
2373
2547
3665
3661
3674
2311
2522
3663
3665
3674
2529
2717
3669
3669
3672
2517
2691
3667
3667
3678
2266
2466
3662
3752
3669
2508
2682
3666
3670
3679
2458
2641
3671
3663
3666
2627
2957
3660
3748
3673
2556
2886
3665
3657
3729
2473
2713
3667
3669
3672
2497
2750
3671
3661
3666
2614
2858
3656
3747
3671
2344
2581
3674
3670
3666
2283
2444
3669
3668
3664
2322
2541
3668
3660
3732
2465
2680
3666
3664
3674
2380
2545
3664
3662
3672
2416
2609
3658
3748
3671
2430
2608
3669
3665
3671
2384
2678
3666
3664
3671
2307
2541
3668
3661
3677
2285
2537
3667
3659
3676
2352
2579
3674
3653
3731
2584
2844
3662
3745
3731
2741
3041
3665
3672
3678
2539
2811
3662
3753
3667
2635
2934
3664
3666
3678
2517
2815
3670
3660
3734
2437
2690
3661
3665
3678
2436
2652
3674
3654
3735
2463
2704
3662
3755
3662
2516
2799
3676
3664
3672
2477
2660
3666
3655
3734
2724
2981
3675
3655
3739
2823
3096
3667
3756
3668
2581
2950
3658
3748
3669
2689
2959
3660
3747
3666
2492
2818
3662
3746
3671
2562
2845
3668
3665
3671
2591
2866
3673
3666
3672
2484
2760
3670
3656
3729
2604
2836
3669
3653
3733
2578
2802
3653
3748
3665
2643
2897
3665
3665
3675
2444
2657
3666
3667
3665
2586
2971
3662
3749
3662
2604
2839
3662
3666
3680
2484
2777
3662
3750
3663
2416
2695
3660
3749
3675
2719
2936
3667
3663
3729
2486
2755
3656
3742
3675
2379
2649
3669
3658
3724
2560
2802
3664
3659
3666
2437
2770
3666
3673
3663
2481
2773
3665
3662
3668
2494
2798
3662
3664
3655
2465
2723
3673
3666
3669
2316
2539
3670
3669
3667
2737
3027
3667
3664
3668
2681
2875
3662
3663
3671
2398
2648
3666
3668
3661
2499
2833
3671
3663
3671
2624
2956
3669
3653
3726
2740
3152
3658
3749
3671
2764
3020
3658
3752
3670
2598
2888
3660
3664
3670
2418
2648
3671
3656
3733
2601
2899
3663
3754
3671
2697
3015
3668
3663
3672
2854
3204
3672
3666
3673
2620
3074
3668
3653
3728
2771
3007
3667
3667
3671
2451
2779
3655
3747
3667
2490
2745
3666
3673
3673
2550
2824
3673
3662
3670
2515
2727
3665
3669
3661
2620
2960
3674
3666
3661
2708
2906
3667
3659
3724
2344
2523
3667
3657
3726
2613
2874
3668
3660
3673
2885
3192
3670
3656
3729
2603
2938
3657
3741
3721
2525
2790
3659
3746
3725
2556
2933
3656
3744
3721
2772
3026
3652
3751
3674
2753
2989
3663
3668
3676
2598
2938
3654
3754
3666
2945
3189
3646
3742
3677
2766
3179
3664
3655
3728
2865
3283
3665
3752
3672
2790
3184
3664
3668
3672
2722
2994
3670
3668
3661
2618
2817
3666
3664
3671
2800
3184
3664
3670
3668
2897
3221
3664
3664
3663
2918
3307
3666
3656
3731
2728
3170
3666
3661
3657
2780
2962
3674
3667
3666
2602
2882
3662
3746
3738
2619
3015
3659
3754
3664
2555
2884
3669
3665
3667
2811
3297
3663
3749
3666
2810
3160
3674
3669
3666
2606
2921
3662
3673
3667
2820
3085
3663
3665
3672
2598
2860
3673
3657
3672
2885
3203
3661
3748
3659
2497
2828
3739
3665
3732
2918
3351
3660
3747
3725
2880
3249
3663
3659
3732
2885
3202
3665
3734
3720
2642
2915
3664
3751
3653
2898
3305
3729
3744
3661
2799
3253
3667
3662
3724
2805
3170
3662
3747
3735
2903
3208
3658
3754
3677
2843
3163
3659
3662
3668
2562
2843
3659
3743
3729
2691
2998
3653
3747
3662
2602
2869
3662
3743
3664
2732
3116
3669
3659
3721
2923
3341
3669
3660
3670
2938
3263
3664
3744
3727
2932
3360
3650
3745
3669
2872
3244
3662
3739
3731
2738
3102
3672
3666
3674
2847
3091
3667
3663
3667
2922
3262
3664
3659
3676
2640
3022
3658
3741
3726
2650
2921
3662
3661
3677
2544
2828
3668
3656
3734
2649
2977
3653
3750
3666
2529
2749
3671
3663
3667
2682
3005
3664
3657
3725
2961
3200
3665
3750
3672
2614
3040
3658
3747
3669
2542
2871
3674
3655
3728
2634
2933
3670
3668
3672
2676
2958
3660
3665
3670
2571
2816
3679
3663
3728
2644
2928
3666
3655
3722
3028
3346
3660
3747
3729
2879
3349
3671
3670
3676
2860
3164
3664
3748
3731
2890
3255
3664
3660
3726
3134
3445
3650
3746
3671
2613
2874
3657
3746
3661
2616
2948
3661
3654
3720
2956
3361
3667
3666
3674
2917
3259
3669
3669
3672
2784
3133
3669
3662
3671
2870
3299
3661
3740
3726
3139
3508
3661
3744
3719
2646
3111
3658
3742
3721
2681
3086
3673
3663
3681
2932
3274
3668
3667
3669
2634
2972
3664
3753
3668
2629
2985
3663
3668
3675
2983
3373
3667
3657
3733
3086
3376
3656
3745
3716
2728
3012
3732
3672
3678
2568
2916
3664
3751
3672
3018
3360
3660
3756
3678
2948
3397
3673
3660
3735
2610
2953
3660
3754
3673
2322
2768
3664
3664
3677
2648
2964
3660
3749
3661
2483
2729
3668
3663
3664
2642
2952
3670
3663
3670
3155
3562
3665
3752
3667
3070
3366
3662
3664
3662
2983
3382
3664
3661
3660
2986
3404
3666
3654
3721
2770
3365
3648
3734
3711
3096
3624
3722
3739
3661
2486
2796
3666
3660
3727
3087
3348
3665
3662
3662
3025
3380
3673
3661
3726
2662
3038
3663
3660
3726
3058
3407
3664
3745
3731
3153
3473
3659
3749
3664
2530
2884
3664
3670
3672
2952
3255
3664
3657
3724
2689
2982
3671
3659
3675
2556
2884
3670
3660
3666
2616
3124
3668
3663
3666
3016
3477
3666
3659
3662
3019
3472
3663
3659
3728
2748
3100
3654
3740
3721
2630
2974
3660
3741
3717
2974
3472
3664
3667
3668
3061
3422
3667
3661
3668
2709
3031
3669
3660
3722
2796
3092
3670
3649
3716
2809
3297
3666
3740
3664
3016
3358
3664
3661
3672
2994
3304
3660
3738
3727
2737
3151
3663
3747
3728
2628
3022
3668
3666
3671
2380
2688
3662
3741
3732
3101
3585
3661
3752
3724
2777
3229
3663
3746
3729
3085
3564
3659
3748
3669
3010
3411
3672
3659
3724
3090
3589
3658
3744
3662
3000
3461
3666
3665
3724
3005
3497
3665
3754
3661
2653
2907
3671
3664
3672
2638
3034
3666
3656
3726
2645
3101
3665
3741
3723
2506
2882
3656
3739
3722
2688
3012
3652
3740
3668
3020
3508
3662
3746
3668
2789
3193
3651
3748
3681
2637
3121
3663
3748
3732
3113
3461
3661
3745
3722
2994
3296
3660
3751
3672
2622
3162
3654
3749
3663
3104
3595
3653
3743
3722
3077
3657
1881
3742
3757
3730
2836
3424
3744
3745
3719
3673
3202
3666
1990
3666
3769
3691
3681
3399
3653
2181
3764
3661
3731
3675
3151
3626
3750
3757
3729
3673
3248
3594
3662
3749
3724
3667
2735
3075
3751
3667
3732
3653
3174
3504
3744
3666
3725
3672
2827
3383
3667
3657
3716
3140
3512
3666
3740
3723
2943
3234
3653
3747
3664
2999
3365
3657
3738
3725
2803
3099
3659
3745
3727
3127
3471
3663
3655
3713
3054
3436
3664
3666
3659
2703
3085
3653
3733
3722
3168
3654
3662
3746
3731
2521
2785
3653
3747
3719
2851
3212
3733
3748
3729
2793
3265
3665
3743
3719
3078
3494
3660
3742
3734
2659
3006
3656
3747
3668
3057
3509
3668
3660
3738
3044
3252
3668
3656
3741
3122
3618
3666
3752
3735
2747
3351
3665
3654
3734
2697
2999
3655
3750
3672
3070
3565
3662
3751
3737
2856
3120
3662
3667
3670
2430
2638
3644
3731
3727
2537
2820
3671
3673
3668
2577
2927
3663
3662
3669
3040
3500
3676
3660
3716
3112
3487
3730
3660
3732
3166
3656
1930
3749
3660
3728
3251
3657
1974
3745
3758
3733
2775
3119
3667
3743
3716
3665
3202
3563
3670
3657
3718
3675
2669
3045
3663
3655
3719
3078
3638
3670
3653
3723
3307
3669
1925
3655
3756
3665
2723
3232
3737
3746
3726
3216
3668
1907
3749
3666
3722
2864
3202
3656
3730
3716
3142
3510
3662
3735
3723
3145
3614
3671
3664
3664
3005
3517
3661
3737
3728
3134
3588
3658
3745
3729
3292
3662
1824
3753
3655
3730
2548
3034
3678
3653
3718
3094
3436
3666
3746
3658
3238
3653
1960
3738
3650
3722
2754
3150
3664
3748
3671
3653
3095
3554
3731
3741
3719
3181
3663
1860
3746
3679
3672
3078
3646
3662
3745
3718
2955
3437
3727
3732
3721
3207
3659
1985
3741
3755
3681
3113
3607
3657
3752
3676
3058
3658
1856
3745
3662
3742
3210
3581
3664
3758
3671
2507
2883
3673
3655
3718
3297
3694
3731
3743
3723
3209
3661
1978
3744
3761
3730
3202
3670
1976
3759
3673
3737
3661
2798
3180
3746
3669
3718
3664
2858
3256
3746
3668
3726
3017
3425
3669
3742
3729
3140
3626
3666
3753
3677
3210
3648
1863
3741
3748
3728
2889
3271
3741
3754
3730
3668
3318
3748
1979
3675
3666
3735
3666
3433
3751
2134
3761
3757
3743
3681
3270
3670
2140
3678
3753
3742
3667
3393
3743
2103
3762
3672
3736
3687
3322
3664
2135
3757
3769
3740
3678
3328
3651
2135
3761
3673
3729
3669
3295
3668
3745
3676
3666
3664
3159
3483
3671
3660
3720
2859
3363
3661
3736
3721
3248
3664
1931
3657
3753
3733
3343
3677
1973
3665
3761
3733
2916
3317
3660
3743
3720
2949
3477
3653
3735
3720
2879
3361
3655
3733
3712
3177
3507
3647
3733
3722
3127
3649
3657
3743
3659
2921
3479
3653
3735
3661
2776
3165
3662
3738
3721
3273
3651
2172
3745
3664
3726
3427
3659
2086
3748
3677
3724
3167
3677
1898
3753
3766
3675
3197
3655
2155
3749
3664
3728
3280
3680
2028
3666
3749
3724
3311
3665
2188
3744
3758
3731
3292
3678
2040
3662
3761
3727
3666
3303
3757
2079
3660
3770
3680
3671
2982
3300
3662
3760
3671
3661
2719
3217
3739
3662
3717
2724
3088
3661
3739
3667
2641
3079
3653
3732
3719
3231
3731
3733
3646
3720
2707
3183
3673
3650
3717
2848
3258
3678
3658
3725
2736
3118
3656
3742
3720
2721
3128
3671
3653
3711
2857
3353
3727
3644
3720
3262
3675
2051
3662
3757
3659
2802
3342
3734
3748
3725
3185
3539
3663
3747
3728
3404
3650
1963
3743
3664
3734
3494
3654
2141
3745
3757
3729
3116
3586
3668
3749
3726
3660
2968
3638
3740
3755
3731
3663
2610
3174
3752
3666
3716
3661
2886
3230
3743
3658
3713
3667
2810
3264
3746
3651
3722
3148
3488
3670
3738
3718
3300
3662
1987
3743
3759
3655
2889
3274
3743
3648
3718
3259
3655
2204
3742
3673
3726
3341
3669
1929
3749
3751
3726
3258
3670
1916
3750
3754
3730
3660
3289
3743
2138
3753
3759
3732
3662
3265
3586
3747
3673
3722
3728
3343
3657
2222
3750
3679
3728
3673
3308
3658
2120
3755
3754
3735
3674
3199
3759
2098
3665
3774
3679
3659
2751
3405
3737
3750
3710
3727
3382
3650
2157
3749
3658
3728
3674
3239
3751
2026
3669
3769
3730
3740
3357
3756
2225
3669
3776
3683
3671
3273
3663
2130
3760
3670
3735
3674
3225
3671
2076
3670
3768
3742
3660
2876
3424
3748
3754
3727
3667
3283
3745
2054
3666
3772
3681
3663
2888
3266
3738
3750
3715
3672
2875
3402
3663
3736
3715
3666
3241
3663
1956
3749
3753
3724
3663
2906
3338
3743
3756
3722
3729
2901
3427
3661
3756
3720
3654
3232
3736
2075
3663
3755
3728
3247
3629
3659
3745
3718
3669
2539
3209
3739
3756
3723
3669
3309
3651
2461
3733
3743
3713
3659
2830
3194
3738
3675
3733
3662
3492
3744
2073
3671
3672
3728
3459
3653
2088
3740
3752
3728
3664
2274
3107
3756
3676
3724
3674
3324
3758
2079
3656
3777
3684
3668
2727
3078
3665
3754
3726
3662
3339
3745
2016
3671
3757
3731
3668
3215
3601
3749
3756
3731
3663
2956
3590
3744
3657
3718
3659
3654
3732
2366
3744
3744
3722
3674
3553
3747
2194
3745
3764
3732
3674
2951
3691
3737
3748
3712
3717
3478
3728
2254
3744
3761
3735
3659
3344
3748
2168
3667
3772
3694
3675
3226
3752
2087
3673
3757
3729
3674
3305
3753
2238
3674
3769
3684
3674
3383
3673
2286
3666
3764
3738
3665
3135
3753
2006
3666
3759
3735
3659
3061
3393
3747
3664
3722
3667
3135
3745
1924
3664
3768
3680
3209
3663
2211
3755
3750
3731
3281
3655
1954
3740
3737
3719
3677
2991
3519
3743
3754
3730
3656
3117
3741
2098
3758
3670
3735
3662
3453
3743
2201
3761
3757
3732
3669
3171
3741
2057
3755
3753
3726
3675
2976
3486
3740
3749
3723
3653
3718
2120
3160
3734
3752
3732
3659
3266
3752
2140
3672
3779
3684
3677
3385
3667
2164
3674
3682
3730
3675
3576
3658
2593
3749
3746
3727
3673
2987
3357
3741
3757
3722
3727
3458
3740
2394
3748
3749
3721
3668
3104
3652
3738
3750
3719
3670
3246
3672
2069
3653
3756
3687
3664
3462
3749
2223
3743
3756
3734
3678
3471
3757
2292
3770
3658
3735
3691
3647
2162
2710
3754
3661
3725
3673
2911
3265
3743
3756
3720
3721
3327
3735
2215
3745
3751
3726
3674
3539
3747
2314
3762
3666
3736
3686
3306
3654
2348
3758
3679
3718
3729
3344
3662
2203
3749
3744
3721
3680
2812
3434
3664
3759
3665
3678
2818
3361
3655
3749
3657
2812
3250
3720
3729
3710
2822
3424
3724
3741
3655
2890
3416
3718
3718
3703
3193
3719
2107
3731
3748
3715
3299
3656
3735
3674
3681
3664
3305
3741
1966
3676
3669
3737
2821
3185
3681
3659
3710
2800
3241
3721
3727
3711
3458
3658
2055
3735
3754
3681
3265
3649
3661
3748
3718
2808
3247
3728
3740
3724
2737
3225
3653
3743
3668
3529
3671
1979
3642
3733
3723
3388
3672
2106
3650
3752
3724
3664
3070
3481
3746
3669
3717
3671
3334
3664
1999
3676
3682
3683
3104
3654
3662
3744
3721
3038
3435
3672
3656
3719
3478
3656
2529
3735
3651
3718
3370
3736
2021
3659
3750
3728
3678
3102
3628
3664
3767
3680
3650
2790
3153
3735
3737
3723
2659
3067
3663
3740
3713
3174
3664
1839
3657
3743
3717
3326
3726
2024
3734
3753
3727
2854
3206
3674
3749
3719
3728
3331
3742
2021
3754
3768
3686
3663
2973
3484
3752
3746
3722
3730
3680
3736
2496
3750
3755
3732
3666
2900
3240
3738
3755
3718
3673
2921
3420
3665
3753
3673
3663
3464
3744
2083
3667
3763
3682
3137
3665
1910
3754
3655
3727
2829
3103
3673
3746
3718
3212
3594
3672
3645
3716
3272
3670
1973
3737
3745
3715
3475
3731
2434
3742
3754
3724
3671
2900
3710
3746
3757
3734
3669
3376
3740
2458
3751
3760
3735
3674
3355
3757
2340
3758
3770
3746
3674
3261
3739
2064
3750
3750
3730
3689
3342
3666
2105
3756
3750
3723
3726
3644
3740
2516
3756
3740
3725
3665
3486
3740
2303
3663
3763
3681
3672
3297
3682
2190
3662
3763
3737
3668
3304
3702
3758
3682
3670
3666
3164
3654
1953
3750
3672
3722
3321
3739
2052
3672
3664
3729
3340
3666
2038
3744
3755
3724
3231
3661
2017
3744
3660
3722
3669
3182
3738
2076
3756
3752
3735
3664
3379
3743
2236
3756
3773
3689
3667
3269
3749
2059
3761
3721
3700
3715
3214
3736
2396
3752
3760
3728
3681
3303
3741
2076
3763
3669
3733
3687
3348
3674
2132
3657
3767
3668
3727
3653
3739
2317
3755
3663
3716
3665
3451
3733
2266
3674
3759
3727
3670
3399
3694
3741
3757
3674
3665
3403
3743
2239
3649
3759
3684
2643
3055
3667
3749
3723
2711
3178
3665
3644
3725
3658
3431
3729
2422
3740
3742
3723
3338
3666
2086
3738
3758
3686
3654
3219
3739
2131
3743
3757
3737
3665
3423
3755
2224
3670
3762
3749
3682
3269
3657
2164
3767
3668
3716
3732
3516
3658
2125
3759
3681
3733
3667
2481
2747
3739
3746
3716
3666
2735
3115
3739
3740
3713
3658
2925
3411
3737
3751
3721
3651
3253
3700
3729
3745
3717
3672
3660
1984
2487
3654
3752
3730
3667
3447
3753
2222
3650
3769
3687
3669
2772
3086
3660
3756
3720
3662
2867
3408
3739
3749
3708
3719
3736
1973
3067
3751
3773
3681
3740
3413
3751
2452
3752
3751
3729
3684
3479
3669
2117
3753
3758
3726
3723
2986
3584
3740
3741
3728
3668
3691
3737
2223
3750
3758
3722
3723
3043
3335
3741
3753
3730
3665
3304
3743
2102
3658
3759
3680
3434
3662
2125
3744
3753
3732
2916
3487
3664
3742
3721
3645
3719
1923
2498
3731
3741
3714
3678
3737
2029
2586
3746
3766
3681
3664
3734
2136
2714
3742
3762
3691
3661
3034
3462
3742
3752
3714
3715
2851
3237
3723
3739
3713
3666
3525
3735
2166
3750
3666
3724
3667
3029
3633
3735
3744
3710
3726
2765
3075
3661
3754
3670
3652
3539
3723
2298
3738
3742
3722
3654
2337
2867
3736
3746
3721
3670
3651
3741
2350
3746
3761
3732
3665
3438
3738
2393
3737
3752
3724
3663
3744
2013
2946
3670
3770
3684
3664
3372
3730
2375
3745
3747
3719
3668
3483
3745
2121
3763
3660
3727
3669
3280
3732
2063
3747
3761
3731
3677
2885
3271
3673
3652
3700
3706
3449
3657
2417
3733
3746
3713
3677
3386
3664
2091
3750
3762
3736
3666
3476
3748
2179
3745
3736
3721
3673
3122
3744
2036
3643
3757
3679
3662
3220
3734
2317
3741
3751
3718
3727
3736
2040
3088
3749
3769
3681
3674
3670
1958
2587
3755
3756
3735
3665
3112
3742
2120
3760
3684
3692
3675
3216
3738
2325
3755
3757
3733
3668
3425
3745
2199
3761
3756
3745
3674
3295
3643
3753
3669
3713
3714
2866
3724
1985
3728
3745
3725
3664
3479
3739
2368
3752
3764
3711
3722
3383
3655
2267
3743
3760
3722
3663
2956
3592
3728
3734
3706
3662
3439
3723
2183
3733
3751
3721
3658
2928
3606
3736
3743
3718
3672
3199
3577
3735
3672
3714
3724
2816
3140
3728
3735
3709
3721
3235
3667
2274
3744
3761
3724
3727
3734
2107
3069
3743
3757
3708
3712
3724
2807
3634
3736
3748
3714
3719
3722
2080
2784
3734
3749
3716
3728
3652
2152
3194
3750
3683
3715
3712
3727
2814
3405
3741
3749
3724
3666
3740
2220
2765
3668
3761
3726
3682
3699
3745
2429
3757
3775
3675
3644
3238
3626
3726
3745
3654
3710
3422
3714
2200
3742
3677
3716
3722
3127
3710
3730
3751
3656
3714
3661
2495
3329
3735
3754
3726
3666
3723
3737
2533
3749
3747
3717
3719
3684
3740
2654
3752
3765
3737
3675
3741
2288
2928
3748
3756
3718
3727
3735
2713
3296
3745
3755
3734
3684
3745
3141
3754
2327
3745
3771
3734
3734
3750
2579
3099
3745
3765
3721
3712
3712
2851
3729
2392
3750
3755
3737
3686
3675
2506
3754
2189
3751
3773
3730
3729
3339
3665
2111
3754
3679
3719
3703
3723
1988
2640
3735
3749
3713
3731
3684
2134
2500
3674
3750
3714
3718
2747
3133
3725
3736
3695
3695
3702
2132
3718
3718
3727
3704
3665
3713
2065
2532
3727
3746
3721
3670
2951
3729
2194
3744
3760
3724
3650
3729
2223
2868
3747
3755
3716
3663
3337
3727
2172
3742
3755
3732
3684
2945
3453
3749
3751
3724
3668
3050
3458
3728
3739
3712
3652
3663
3715
2329
3737
3663
3720
3670
3198
3724
2020
3737
3746
3724
3670
3141
3741
2125
3662
3761
3721
3727
3738
2652
3744
2323
3755
3760
3728
3677
3736
2605
3527
3749
3760
3713
3708
2916
3257
3724
3748
3656
3711
3652
2422
2993
3732
3752
3664
3661
3705
3731
3035
3739
3750
3717
3662
3325
3735
2491
3675
3758
3720
3675
3169
3665
1981
3751
3650
3726
3655
3734
2574
3662
2322
3745
3759
3719
3727
3748
2552
3740
2520
3754
3759
3745
3679
3289
3725
2262
3736
3752
3715
3719
3672
2960
3731
2412
3744
3763
3739
3691
3671
2442
3430
3748
3764
3722
3720
3732
2445
3737
2207
3745
3762
3725
3656
3722
2175
2705
3743
3750
3719
3711
3137
3725
2341
3743
3756
3724
3646
3045
3502
3721
3738
3704
3693
3659
2735
3713
2407
3729
3753
3726
3656
3319
3733
2098
3752
3721
3725
3705
3634
2417
3353
3749
3687
3726
3686
3631
2105
2768
3751
3685
3719
3679
3706
3722
2637
3739
3749
3719
3664
3558
3720
2454
3732
3750
3737
3641
3726
2077
2964
3736
3747
3723
3641
3717
2993
3731
3734
3755
3671
3703
3716
3746
2353
2625
3661
3772
3699
3691
3727
3665
2213
3678
3746
3757
3718
3727
3737
2892
3626
3744
3762
3726
3703
3446
3714
2360
3732
3754
3730
3668
3450
3718
2858
3734
3687
3709
3714
3724
3139
3734
3469
3753
3758
3721
3725
3742
2186
3240
3742
3759
3728
3713
3726
2402
3013
3686
3742
3698
3702
3735
2814
3673
2762
3746
3762
3738
3654
3744
2957
3763
2348
3670
3783
3716
3687
3640
2344
2889
3747
3759
3726
3680
3201
3733
2491
3751
3746
3721
3667
3655
3719
2387
3731
3745
3713
3639
3491
3707
2227
3715
3734
3699
3699
3718
2546
3214
3730
3750
3728
3668
3724
2239
3318
3730
3746
3715
3649
3446
3216
1480
2283
2270
3066
2783
2910
2389
1914
2429
3283
3248
3484
3554
2384
2465
3610
3666
3630
3630
2282
2447
3670
3661
3677
3667
2412
2626
3659
3669
3669
2302
2485
3675
3654
3712
2527
2786
3664
3655
3712
2739
3029
3664
3653
3716
3007
3343
3665
3659
3669
2530
2830
3662
3638
3712
2645
2993
3663
3736
3718
2705
3019
3655
3742
3673
2656
2954
3662
3740
3721
3168
3647
3652
3729
3703
2653
3253
3715
3728
3704
3531
3723
2144
3740
3752
3733
3263
3669
1987
3749
3748
3730
3657
3417
3745
2102
3760
3754
3738
3661
2752
3464
3733
3738
3702
3711
3440
3714
2370
3728
3737
3709
2566
2397
2544
3674
400
493
542
3129
2547
2013
2738
2302
2303
434
511
565
1446
1746
1283
1741
1787
2027
2205
2399
2636
2391
2010
2674
2753
2894
3027
3265
3357
3419
2298
2328
3392
3532
