0.02
0.02
0.01
0.00
0.29
0.36
0.36
0.41
0.40
0.40
0.41
0.44
0.29
0.30
0.38
0.33
0.38
0.41
0.56
0.57
0.27
0.19
0.16
0.39
0.19
1.34
1.00
0.83
0.84
0.29
0.25
0.33
0.35
0.40
0.41
0.45
0.37
0.03
0.00
0.43
0.52
0.62
0.67
0.53
0.47
0.70
0.78
0.61
0.61
0.60
0.60
0.03
0.46
0.00
0.46
0.52
0.66
0.88
0.64
0.52
0.52
0.47
0.03
0.51
0.00
0.46
0.61
0.70
0.73
0.70
0.63
0.01
0.00
0.51
0.56
0.63
0.74
0.68
0.02
0.00
0.53
0.63
0.67
0.78
0.53
0.01
0.53
0.00
0.72
0.62
0.64
0.76
0.53
0.01
0.00
0.56
0.61
0.79
0.63
0.24
0.05
0.01
0.00
3.04
1.06
0.33
0.03
0.00
0.41
0.51
0.63
0.65
0.62
0.04
0.00
0.61
0.76
0.70
0.67
0.05
0.00
0.70
0.82
0.54
0.07
0.00
0.70
0.90
0.60
0.07
0.00
0.70
0.69
0.56
0.04
0.68
0.00
0.59
0.91
0.62
0.05
0.65
0.00
0.55
0.75
0.65
0.66
0.03
0.00
0.69
0.84
0.65
0.65
0.02
0.00
0.69
0.82
0.58
0.07
0.00
0.69
0.74
0.53
0.05
0.54
0.00
0.57
0.69
0.54
0.05
0.00
1.64
5.36
0.02
0.01
0.00
0.21
0.09
0.01
0.00
2.32
2.28
0.95
0.01
1.20
0.00
0.54
0.28
0.26
0.37
0.39
0.42
0.40
0.03
0.00
0.33
0.63
0.63
0.63
0.88
0.71
0.49
0.05
0.61
0.00
0.49
0.53
0.66
0.61
0.03
0.54
0.00
0.50
0.61
0.63
0.49
0.05
0.49
0.00
0.51
0.58
0.67
0.66
0.04
0.48
0.00
0.50
0.60
0.57
0.61
0.05
0.55
0.00
0.50
0.54
0.63
0.58
0.06
0.00
0.55
0.75
0.59
0.65
0.03
0.49
0.00
0.53
0.79
0.51
0.03
0.00
0.65
0.62
0.55
0.63
0.02
0.00
0.55
0.76
0.54
0.66
0.04
0.51
0.00
0.55
0.69
0.61
0.65
0.05
0.53
0.00
0.54
0.54
0.62
0.63
0.49
0.06
0.00
0.50
0.63
0.58
0.53
0.03
0.00
0.65
0.59
0.71
0.66
0.03
0.00
0.51
0.66
0.55
0.54
0.02
0.00
0.57
0.68
0.49
0.58
0.06
0.00
0.52
0.59
0.59
0.60
0.03
0.50
0.00
0.66
0.63
0.63
0.50
0.05
0.50
0.01
0.52
0.59
0.62
0.62
0.05
0.48
0.00
0.54
0.58
0.62
0.60
0.02
0.50
0.00
0.56
0.62
0.71
0.50
0.02
0.00
0.48
0.67
0.72
0.54
0.03
0.53
0.00
0.54
0.61
0.64
0.67
0.51
0.03
0.00
0.47
0.65
0.61
0.51
0.02
0.50
0.00
0.50
0.60
0.68
0.56
0.50
0.04
0.51
0.00
0.47
0.62
0.67
0.53
0.46
0.04
0.00
0.55
0.73
0.70
0.55
0.51
0.02
0.52
0.00
0.50
0.59
0.63
0.61
0.51
0.01
0.44
0.00
0.47
0.21
3.07
1.31
0.31
0.44
0.00
0.93
1.25
0.37
0.30
0.39
0.43
0.44
0.02
0.00
0.35
0.66
0.72
0.87
0.76
0.48
0.01
0.50
0.00
0.51
0.55
0.53
0.50
0.03
0.00
0.52
0.76
0.63
0.56
0.01
0.00
0.52
0.68
0.55
0.56
0.03
0.53
0.00
0.54
0.59
0.60
0.65
0.57
0.03
0.68
0.00
0.50
0.65
0.63
0.56
0.03
0.00
0.45
0.66
0.77
0.61
0.68
0.01
0.00
0.47
0.79
0.70
0.58
0.50
0.03
0.00
0.52
0.75
0.69
0.21
3.06
1.32
0.01
0.00
1.12
0.20
1.46
0.94
0.01
0.00
0.99
1.74
0.61
0.01
1.22
0.00
0.52
0.27
0.24
0.32
0.36
0.36
0.02
0.00
0.41
0.47
0.59
0.61
0.64
0.75
0.85
0.37
0.02
0.00
0.50
0.60
0.62
0.57
0.01
0.00
0.60
0.73
0.62
0.01
0.00
0.62
0.74
0.63
0.01
0.00
0.62
0.74
0.63
0.02
0.00
0.62
0.75
0.62
0.01
0.00
0.62
0.77
0.63
0.01
0.00
0.63
0.74
0.64
0.01
0.00
0.63
0.77
0.62
0.01
0.00
0.61
0.74
0.64
0.01
0.00
0.62
0.72
0.61
0.01
0.00
0.63
0.74
0.64
0.02
0.00
0.61
0.74
0.62
0.01
0.00
0.62
0.74
0.62
0.01
0.00
0.62
0.73
0.63
0.02
0.00
0.63
0.74
0.63
0.01
0.00
0.63
0.75
0.64
0.01
0.00
0.62
0.75
0.65
0.02
0.00
0.61
0.64
0.62
0.02
0.00
0.63
0.83
0.62
0.01
0.00
0.64
0.70
0.63
0.01
0.00
0.63
0.74
0.63
0.02
0.00
0.63
0.75
0.64
0.02
0.00
0.63
0.76
0.62
0.01
0.00
0.65
0.74
0.62
0.02
0.00
0.61
0.74
0.62
0.02
0.00
0.61
0.73
0.63
0.01
0.00
0.62
0.74
0.63
0.01
0.00
0.61
0.76
0.61
0.01
0.00
0.63
0.76
0.64
0.01
0.00
0.65
0.74
0.62
0.02
0.00
0.62
0.75
0.62
0.02
0.00
0.62
0.76
0.63
0.01
0.00
0.61
0.74
0.64
0.01
0.00
0.64
0.75
0.62
0.01
0.00
0.66
0.75
0.61
0.02
0.00
0.62
0.75
0.63
0.01
0.00
0.63
0.75
0.62
0.02
0.00
0.62
0.75
0.62
0.01
0.00
0.63
0.75
0.61
0.01
0.00
0.62
0.78
0.62
0.01
0.00
0.62
0.75
0.62
0.01
0.00
0.62
0.76
0.61
0.02
0.00
0.63
0.78
0.62
0.01
0.00
0.62
0.77
0.63
0.02
0.00
0.64
0.75
0.64
0.02
0.00
0.62
0.77
0.63
0.01
0.00
0.64
0.73
0.61
0.01
0.00
0.62
0.75
0.62
0.02
0.00
0.63
0.76
0.62
0.01
0.00
0.63
0.75
0.63
0.02
0.00
0.62
0.76
0.61
0.01
0.01
0.61
0.77
0.66
0.03
0.00
0.62
0.63
0.65
0.02
0.00
0.65
0.82
0.62
0.02
0.00
0.62
0.72
0.62
0.01
0.00
0.63
0.74
0.61
0.01
0.00
0.62
0.75
0.63
0.01
0.00
0.61
0.75
0.62
0.02
0.00
0.62
0.75
0.61
0.02
0.00
0.63
0.74
0.63
0.02
0.00
0.64
0.73
0.49
0.03
0.00
0.61
0.82
0.65
0.01
0.00
0.61
0.58
0.62
0.02
0.00
0.61
0.80
0.62
0.01
0.00
0.62
0.71
0.63
0.01
0.00
0.61
0.72
0.62
0.01
0.00
0.62
0.72
0.62
0.02
0.00
0.62
0.74
0.62
0.01
0.00
0.63
0.74
0.61
0.02
0.00
0.63
0.74
0.61
0.02
0.00
0.65
0.74
0.52
0.02
0.00
0.61
0.66
0.63
0.02
0.00
0.64
0.74
0.62
0.02
0.00
0.62
0.71
0.62
0.02
0.00
0.64
0.73
0.50
0.02
0.00
0.62
0.77
0.64
0.02
0.00
0.64
0.71
0.63
0.02
0.00
0.62
0.73
0.63
0.01
0.00
0.66
0.74
0.50
0.02
0.00
0.61
0.77
0.63
0.02
0.00
0.63
0.72
0.64
0.01
0.00
0.63
0.74
0.65
0.02
0.00
0.61
0.73
0.64
0.03
0.00
0.64
0.73
0.63
0.01
0.00
0.63
0.75
0.63
0.02
0.00
0.64
0.76
0.65
0.02
0.00
0.62
0.62
0.64
0.02
0.00
0.62
0.78
0.62
0.02
0.00
0.63
0.73
0.62
0.02
0.00
0.63
0.77
0.66
0.02
0.00
0.63
0.63
0.62
0.02
0.00
0.63
0.77
0.62
0.02
0.00
0.64
0.74
0.65
0.02
0.00
0.62
0.61
0.62
0.02
0.00
0.62
0.80
0.63
0.03
0.00
0.62
0.70
0.63
0.02
0.00
0.65
0.75
0.61
0.01
0.00
0.64
0.74
0.54
0.02
0.00
0.62
0.67
0.63
0.02
0.00
0.62
0.74
0.64
0.02
0.00
0.63
0.72
0.63
0.02
0.00
0.62
0.73
0.62
0.01
0.00
0.63
0.74
0.64
0.02
0.01
0.64
0.76
0.64
0.02
0.00
0.63
0.75
0.64
0.02
0.00
0.62
0.74
0.63
0.02
0.00
0.66
0.82
0.62
0.02
0.00
0.65
0.78
0.50
0.02
0.00
0.63
0.80
0.64
0.02
0.00
0.61
0.71
0.63
0.02
0.00
0.65
0.77
0.51
0.02
0.00
0.63
0.80
0.61
0.02
0.00
0.62
0.71
0.62
0.02
0.00
0.62
0.75
0.62
0.02
0.00
0.62
0.75
0.64
0.02
0.00
0.65
0.75
0.63
0.02
0.00
0.63
0.73
0.63
0.02
0.00
0.62
0.75
0.62
0.03
0.00
0.62
0.73
0.64
0.02
0.00
0.65
0.76
0.64
0.02
0.00
0.65
0.76
0.61
0.02
0.00
0.62
0.76
0.63
0.02
0.00
0.67
0.73
0.51
0.02
0.00
0.62
0.68
0.64
0.02
0.00
0.64
0.75
0.63
0.03
0.00
0.62
0.76
0.63
0.02
0.00
0.63
0.73
0.62
0.02
0.00
0.63
0.75
0.62
0.02
0.00
0.67
0.74
0.51
0.03
0.00
0.64
0.65
0.53
0.02
0.00
0.62
0.67
0.63
0.02
0.00
0.63
0.73
0.65
0.02
0.00
0.61
0.62
0.63
0.02
0.00
0.65
0.76
0.50
0.02
0.00
0.62
0.75
0.63
0.02
0.00
0.63
0.72
0.63
0.02
0.00
0.66
0.74
0.50
0.02
0.00
0.62
0.77
0.67
0.02
0.00
0.65
0.59
0.53
0.03
0.00
0.63
0.81
0.65
0.02
0.00
0.63
0.69
0.65
0.03
0.00
0.63
0.60
0.52
0.02
0.00
0.64
0.79
0.61
0.02
0.00
0.63
0.70
0.63
0.03
0.00
0.62
0.73
0.63
0.02
0.00
0.65
0.73
0.52
0.03
0.00
0.62
0.65
0.64
0.02
0.00
0.64
0.76
0.62
0.01
0.00
0.62
0.72
0.62
0.02
0.00
0.64
0.74
0.62
0.03
0.00
0.61
0.75
0.63
0.02
0.00
0.62
0.76
0.64
0.02
0.00
0.65
0.73
0.50
0.02
0.00
0.69
0.79
0.50
0.01
0.00
0.63
0.77
0.62
0.03
0.00
0.62
0.72
0.64
0.02
0.00
0.63
0.79
0.63
0.02
0.00
0.67
0.73
0.50
0.02
0.00
0.64
0.78
0.63
0.02
0.00
0.63
0.72
0.62
0.03
0.00
0.63
0.76
0.62
0.02
0.00
0.64
0.74
0.68
0.02
0.00
0.61
0.64
0.64
0.02
0.00
0.64
0.76
0.64
0.02
0.00
0.62
0.77
0.65
0.02
0.00
0.63
0.63
0.65
0.02
0.00
0.64
0.77
0.65
0.03
0.00
0.63
0.59
0.63
0.01
0.00
0.63
0.75
0.64
0.01
0.00
0.62
0.60
0.65
0.02
0.00
0.64
0.78
0.63
0.02
0.00
0.63
0.71
0.63
0.03
0.00
0.64
0.77
0.66
0.02
0.00
0.61
0.60
0.63
0.02
0.00
0.64
0.78
0.62
0.02
0.00
0.65
0.73
0.62
0.02
0.00
0.63
0.73
0.61
0.02
0.00
0.64
0.73
0.52
0.02
0.00
0.60
0.69
0.68
0.03
0.00
0.62
0.61
0.64
0.02
0.00
0.64
0.79
0.64
0.02
0.00
0.64
0.73
0.62
0.02
0.00
0.62
0.75
0.62
0.02
0.00
0.63
0.74
0.64
0.03
0.00
0.63
0.75
0.64
0.02
0.00
0.63
0.76
0.65
0.02
0.00
0.65
0.74
0.50
0.03
0.00
0.63
0.78
0.64
0.01
0.00
0.63
0.70
0.62
0.03
0.00
0.63
0.77
0.67
0.02
0.00
0.65
0.61
0.51
0.03
0.00
0.65
0.69
0.51
0.03
0.00
0.64
0.81
0.49
0.03
0.00
0.63
0.75
0.62
0.02
0.00
0.63
0.71
0.62
0.04
0.00
0.62
0.75
0.64
0.01
0.00
0.62
0.75
0.66
0.02
0.00
0.62
0.63
0.63
0.02
0.00
0.64
0.76
0.50
0.03
0.00
0.62
0.78
0.63
0.03
0.00
0.65
0.71
0.54
0.03
0.00
0.63
0.68
0.66
0.02
0.01
0.61
0.65
0.63
0.03
0.00
0.63
0.79
0.64
0.02
0.00
0.61
0.71
0.63
0.03
0.00
0.63
0.72
0.63
0.03
0.00
0.63
0.73
0.62
0.02
0.00
0.63
0.71
0.51
0.02
0.00
0.62
0.65
0.62
0.03
0.00
0.61
0.74
0.62
0.03
0.00
0.65
0.74
0.50
0.03
0.00
0.62
0.67
0.64
0.02
0.00
0.62
0.73
0.64
0.02
0.00
0.62
0.62
0.63
0.02
0.00
0.62
0.78
0.60
0.03
0.00
0.63
0.71
0.63
0.04
0.00
0.66
0.76
0.50
0.04
0.00
0.65
0.75
0.50
0.04
0.00
0.62
0.75
0.64
0.04
0.00
0.65
0.71
0.64
0.03
0.00
0.64
0.72
0.65
0.03
0.00
0.61
0.65
0.62
0.04
0.00
0.64
0.82
0.64
0.02
0.00
0.51
0.67
0.63
0.02
0.00
0.49
0.77
0.61
0.03
0.00
0.61
0.81
0.61
0.02
0.00
0.55
0.73
0.50
0.04
0.00
0.63
0.66
0.63
0.03
0.00
0.64
0.74
0.51
0.04
0.00
0.65
0.76
0.50
0.03
0.00
0.63
0.75
0.64
0.02
0.00
0.63
0.60
0.63
0.03
0.00
0.63
0.78
0.62
0.03
0.00
0.64
0.73
0.62
0.03
0.00
0.65
0.71
0.52
0.03
0.00
0.61
0.66
0.64
0.02
0.00
0.63
0.64
0.62
0.03
0.00
0.65
0.75
0.53
0.03
0.00
0.62
0.63
0.63
0.02
0.00
0.65
0.74
0.54
0.03
0.00
0.62
0.67
0.63
0.03
0.00
0.62
0.73
0.63
0.02
0.00
0.62
0.62
0.64
0.03
0.00
0.60
0.68
0.64
0.03
0.00
0.62
0.76
0.63
0.03
0.00
0.67
0.74
0.52
0.04
0.00
0.60
0.66
0.66
0.03
0.01
0.64
0.61
0.67
0.03
0.00
0.66
0.62
0.53
0.04
0.00
0.62
0.71
0.65
0.03
0.00
0.62
0.58
0.62
0.03
0.00
0.65
0.76
0.51
0.03
0.00
0.63
0.75
0.65
0.02
0.00
0.63
0.60
0.62
0.02
0.00
0.65
0.79
0.51
0.03
0.00
0.64
0.66
0.50
0.02
0.00
0.65
0.79
0.51
0.04
0.00
0.62
0.79
0.61
0.02
0.00
0.70
0.79
0.50
0.03
0.00
0.63
0.80
0.64
0.03
0.00
0.64
0.69
0.66
0.04
0.00
0.62
0.64
0.62
0.02
0.00
0.65
0.76
0.50
0.04
0.00
0.66
0.75
0.51
0.02
0.00
0.64
0.78
0.66
0.03
0.00
0.60
0.57
0.65
0.02
0.00
0.67
0.64
0.52
0.03
0.00
0.63
0.69
0.62
0.04
0.00
0.63
0.72
0.64
0.02
0.00
0.62
0.74
0.64
0.02
0.00
0.63
0.76
0.63
0.02
0.00
0.64
0.73
0.67
0.03
0.00
0.61
0.65
0.69
0.02
0.00
0.62
0.65
0.62
0.03
0.00
0.63
0.77
0.64
0.02
0.00
0.65
0.76
0.62
0.03
0.00
0.67
0.76
0.50
0.03
0.00
0.63
0.80
0.64
0.02
0.00
0.63
0.74
0.61
0.03
0.00
0.66
0.77
0.51
0.04
0.00
0.60
0.68
0.66
0.02
0.00
0.61
0.67
0.62
0.01
0.00
0.63
0.76
0.64
0.02
0.00
0.63
0.77
0.64
0.03
0.00
0.64
0.72
0.51
0.03
0.00
0.63
0.66
0.64
0.02
0.00
0.62
0.65
0.66
0.04
0.00
0.62
0.65
0.62
0.03
0.00
0.63
0.81
0.65
0.03
0.00
0.64
0.60
0.50
0.04
0.00
0.64
0.85
0.65
0.02
0.00
0.65
0.55
0.56
0.02
0.00
0.64
0.68
0.52
0.03
0.00
0.63
0.66
0.65
0.04
0.00
0.64
0.59
0.66
0.03
0.00
0.65
0.62
0.51
0.03
0.00
0.67
0.81
0.50
0.03
0.00
0.66
0.71
0.53
0.06
0.00
0.60
0.64
0.63
0.03
0.00
0.64
0.78
0.64
0.02
0.00
0.64
0.73
0.66
0.03
0.00
0.61
0.61
0.66
0.02
0.00
0.65
0.64
0.54
0.03
0.00
0.63
0.68
0.62
0.02
0.00
0.62
0.74
0.66
0.03
0.00
0.64
0.60
0.52
0.04
0.00
0.65
0.81
0.51
0.04
0.00
0.62
0.75
0.63
0.04
0.00
0.64
0.71
0.63
0.03
0.00
0.66
0.75
0.51
0.03
0.00
0.63
0.66
0.63
0.02
0.00
0.64
0.76
0.62
0.03
0.01
0.63
0.71
0.66
0.02
0.00
0.63
0.64
0.62
0.02
0.00
0.51
0.75
0.50
0.03
0.00
0.62
0.62
0.64
0.02
0.00
0.65
0.75
0.52
0.02
0.00
0.64
0.62
0.55
0.04
0.00
0.65
0.68
0.52
0.04
0.00
0.66
0.80
0.50
0.03
0.00
0.66
0.76
0.50
0.02
0.00
0.64
0.77
0.65
0.03
0.00
0.64
0.58
0.54
0.04
0.00
0.63
0.71
0.65
0.03
0.00
0.63
0.62
0.65
0.03
0.00
0.49
0.61
0.64
0.01
0.00
0.63
0.77
0.62
0.03
0.00
0.62
0.74
0.64
0.03
0.00
0.65
0.73
0.53
0.04
0.00
0.62
0.64
0.64
0.02
0.00
0.64
0.77
0.62
0.03
0.00
0.64
0.74
0.62
0.02
0.00
0.64
0.73
0.51
0.03
0.00
0.67
0.76
0.53
0.05
0.00
0.63
0.64
0.63
0.03
0.00
0.62
0.81
0.61
0.03
0.00
0.62
0.79
0.61
0.03
0.00
0.49
0.75
0.63
0.01
0.00
0.65
0.79
0.62
0.03
0.00
0.64
0.77
0.61
0.04
0.00
0.63
0.74
0.53
0.04
0.00
0.62
0.68
0.65
0.01
0.00
0.66
0.79
0.54
0.02
0.00
0.63
0.67
0.53
0.05
0.00
0.64
0.68
0.55
0.04
0.00
0.63
0.66
0.62
0.04
0.00
0.63
0.75
0.65
0.03
0.00
0.63
0.77
0.62
0.03
0.00
0.63
0.77
0.51
0.03
0.01
0.63
0.65
0.63
0.03
0.00
0.66
0.73
0.57
0.04
0.00
0.62
0.66
0.65
0.02
0.00
0.61
0.73
0.63
0.03
0.00
0.63
0.75
0.66
0.03
0.00
0.64
0.64
0.55
0.02
0.00
0.65
0.68
0.52
0.03
0.00
0.62
0.64
0.65
0.03
0.00
0.66
0.76
0.51
0.03
0.00
0.64
0.65
0.64
0.02
0.00
0.64
0.76
0.62
0.03
0.00
0.63
0.74
0.63
0.02
0.00
0.63
0.73
0.66
0.02
0.00
0.63
0.65
0.65
0.04
0.00
0.65
0.74
0.51
0.02
0.00
0.65
0.77
0.51
0.03
0.60
0.00
0.54
0.73
0.50
0.03
0.60
0.00
0.53
0.78
0.51
0.61
0.04
0.00
0.50
0.71
0.58
0.62
0.03
0.00
0.51
0.81
0.49
0.02
0.00
0.65
0.75
0.50
0.03
0.00
0.64
0.76
0.54
0.03
0.64
0.00
0.51
0.58
0.52
0.04
0.62
0.00
0.48
0.61
0.52
0.61
0.03
0.00
0.63
0.73
0.55
0.62
0.04
0.00
0.50
0.83
0.64
0.02
0.00
0.64
0.63
0.51
0.03
0.00
0.53
0.67
0.52
0.03
0.62
0.00
0.51
0.73
0.49
0.04
0.00
0.62
0.78
0.62
0.03
0.00
0.66
0.73
0.53
0.03
0.00
0.64
0.66
0.56
0.02
0.00
0.69
0.65
0.51
0.04
0.00
0.66
0.79
0.63
0.03
0.00
0.65
0.70
0.52
0.03
0.00
0.64
0.83
0.67
0.03
0.00
0.61
0.58
0.65
0.03
0.00
0.67
0.67
0.49
0.03
0.00
0.57
0.81
0.62
0.03
0.64
0.00
0.62
0.66
0.66
0.03
0.62
0.00
0.52
0.69
0.50
0.03
0.67
0.00
0.61
0.63
0.58
0.03
0.00
0.63
0.76
0.52
0.01
0.64
0.00
0.54
0.60
0.48
0.04
0.65
0.00
0.61
0.58
0.68
0.61
0.04
0.00
0.49
0.76
0.50
0.65
0.05
0.64
0.00
0.48
0.64
0.53
0.63
0.02
0.00
0.51
0.74
0.56
0.67
0.03
0.00
0.67
0.68
0.56
0.05
0.65
0.00
0.50
0.67
0.63
0.03
0.00
0.66
0.78
0.50
0.03
0.00
0.63
0.81
0.64
0.03
0.00
0.64
0.76
0.62
0.02
0.00
0.66
0.76
0.53
0.03
0.65
0.00
0.49
0.64
0.63
0.03
0.00
0.64
0.63
0.48
0.04
0.65
0.00
0.65
0.65
0.50
0.04
0.61
0.00
0.52
0.75
0.50
0.03
0.00
0.62
0.64
0.57
0.02
0.00
0.61
0.73
0.63
0.02
0.00
0.50
0.59
0.66
0.02
0.00
0.62
0.64
0.65
0.01
0.00
0.65
0.71
0.52
0.03
0.00
0.55
0.66
0.51
0.02
0.00
0.67
0.77
0.51
0.03
0.61
0.00
0.49
0.82
0.61
0.03
0.54
0.00
0.61
0.56
0.63
0.03
0.00
0.62
0.66
0.52
0.03
0.00
0.65
0.71
0.50
0.03
0.00
0.66
0.75
0.53
0.02
0.63
0.00
0.52
0.71
0.53
0.02
0.00
0.59
0.65
0.65
0.03
0.62
0.00
0.53
0.71
0.49
0.04
0.62
0.00
0.67
0.70
0.47
0.03
0.00
0.65
0.81
0.49
0.04
0.00
0.62
0.77
0.62
0.04
0.00
0.67
0.75
0.51
0.03
0.63
0.00
0.52
0.64
0.50
0.05
0.64
0.00
0.59
0.64
0.66
0.52
0.04
0.00
0.48
0.63
0.55
0.63
0.03
0.63
0.00
0.62
0.60
0.55
0.63
0.03
0.52
0.01
0.50
0.58
0.54
0.61
0.03
0.60
0.00
0.60
0.70
0.55
0.63
0.03
0.61
0.00
0.47
0.74
0.68
0.62
0.04
0.50
0.00
0.61
0.56
0.51
0.60
0.02
0.49
0.00
0.60
0.59
0.56
0.61
0.04
0.59
0.00
0.63
0.70
0.59
0.60
0.02
0.00
0.49
0.80
0.56
0.49
0.04
0.50
0.00
0.65
0.59
0.58
0.63
0.02
0.00
0.50
0.63
0.54
0.62
0.02
0.63
0.00
0.48
0.65
0.54
0.60
0.04
0.50
0.00
0.63
0.56
0.54
0.61
0.03
0.63
0.00
0.58
0.63
0.67
0.66
0.04
0.48
0.00
0.49
0.59
0.54
0.60
0.02
0.48
0.00
0.60
0.58
0.57
0.60
0.03
0.62
0.00
0.61
0.66
0.55
0.53
0.03
0.00
0.63
0.63
0.56
0.61
0.04
0.64
0.00
0.63
0.67
0.50
0.02
0.61
0.00
0.50
0.66
0.48
0.03
0.64
0.00
0.61
0.62
0.63
0.62
0.03
0.52
0.00
0.63
0.59
0.54
0.62
0.02
0.49
0.00
0.48
0.64
0.59
0.49
0.02
0.51
0.00
0.50
0.58
0.57
0.61
0.03
0.60
0.00
0.59
0.72
0.68
0.60
0.03
0.00
0.67
0.74
0.50
0.02
0.00
0.65
0.66
0.53
0.03
0.00
0.62
0.74
0.61
0.02
0.00
0.52
0.75
0.54
0.03
0.60
0.00
0.52
0.71
0.50
0.02
0.61
0.00
0.50
0.80
0.49
0.04
0.00
0.50
0.68
0.56
0.03
0.00
0.64
0.74
0.49
0.03
0.00
0.56
0.71
0.49
0.04
0.00
0.50
0.78
0.67
0.03
0.00
0.64
0.62
0.68
0.03
0.61
0.00
0.57
0.78
0.51
0.03
0.00
0.64
0.67
0.56
0.04
0.65
0.00
0.51
0.66
0.49
0.02
0.00
0.60
0.65
0.68
0.61
0.04
0.00
0.59
0.76
0.49
0.03
0.65
0.00
0.63
0.63
0.56
0.04
0.62
0.00
0.51
0.80
0.50
0.04
0.63
0.00
0.50
0.57
0.50
0.04
0.60
0.00
0.48
0.76
0.56
0.62
0.03
0.00
0.51
0.64
0.54
0.67
0.03
0.62
0.00
0.52
0.58
0.52
0.63
0.03
0.61
0.00
0.49
0.70
0.57
0.60
0.03
0.00
0.52
0.75
0.56
0.65
0.02
0.00
0.69
0.70
0.54
0.04
0.50
0.00
0.54
0.70
0.51
0.03
0.64
0.00
0.50
0.61
0.50
0.05
0.59
0.00
0.52
0.78
0.51
0.64
0.03
0.54
0.00
0.48
0.57
0.67
0.65
0.03
0.63
0.00
0.49
0.57
0.56
0.61
0.03
0.00
0.49
0.62
0.59
0.64
0.02
0.00
0.52
0.64
0.56
0.60
0.02
0.00
0.48
0.73
0.52
0.67
0.02
0.00
0.66
0.69
0.53
0.02
0.65
0.00
0.54
0.62
0.52
0.04
0.00
0.62
0.68
0.66
0.56
0.03
0.00
0.67
0.66
0.50
0.64
0.04
0.61
0.00
0.51
0.74
0.51
0.62
0.02
0.00
0.50
0.73
0.60
0.66
0.03
0.51
0.00
0.48
0.62
0.62
0.03
0.00
0.62
0.74
0.53
0.02
0.00
0.63
0.63
0.68
0.03
0.64
0.00
0.49
0.64
0.62
0.04
0.62
0.00
0.62
0.79
0.61
0.02
0.00
0.66
0.75
0.53
0.02
0.00
0.67
0.66
0.53
0.04
0.65
0.00
0.53
0.63
0.49
0.04
0.63
0.00
0.61
0.62
0.65
0.62
0.04
0.60
0.01
0.56
0.69
0.52
0.59
0.02
0.00
0.51
0.73
0.58
0.63
0.02
0.00
0.63
0.70
0.65
0.02
0.61
0.00
0.52
0.68
0.51
0.03
0.66
0.00
0.53
0.62
0.57
0.02
0.60
0.00
0.53
0.78
0.56
0.65
0.01
0.46
0.00
0.49
0.70
0.59
0.62
0.02
0.00
0.50
0.60
0.57
0.65
0.02
0.00
0.52
0.64
0.63
0.62
0.03
0.49
0.00
0.58
0.59
0.63
0.64
0.03
0.00
0.61
0.63
0.57
0.68
0.03
0.00
0.62
0.66
0.62
0.65
0.03
0.00
0.68
0.68
0.56
0.01
0.00
0.62
0.69
0.65
0.03
0.00
0.63
0.68
0.63
0.03
0.00
0.58
0.74
0.53
0.01
0.63
0.00
0.52
0.61
0.55
0.04
0.62
0.00
0.53
0.72
0.60
0.59
0.04
0.49
0.00
0.61
0.61
0.57
0.61
0.03
0.48
0.00
0.61
0.59
0.55
0.61
0.02
0.00
0.62
0.78
0.56
0.61
0.03
0.00
0.56
0.79
0.53
0.03
0.00
0.67
0.65
0.51
0.03
0.00
0.50
0.70
0.63
0.03
0.00
0.65
0.76
0.52
0.03
0.00
0.64
0.66
0.64
0.03
0.00
0.67
0.75
0.52
0.04
0.63
0.00
0.55
0.76
0.51
0.04
0.61
0.00
0.50
0.76
0.51
0.05
0.66
0.00
0.54
0.63
0.49
0.04
0.63
0.00
0.65
0.75
0.55
0.67
0.03
0.54
0.00
0.53
0.58
0.55
0.62
0.04
0.49
0.00
0.47
0.58
0.55
0.64
0.02
0.00
0.50
0.62
0.63
0.62
0.04
0.48
0.00
0.50
0.63
0.51
0.64
0.02
0.50
0.00
0.53
0.55
0.54
0.63
0.03
0.62
0.00
0.49
0.60
0.61
0.62
0.02
0.00
0.51
0.62
0.60
0.66
0.02
0.00
0.50
0.64
0.56
0.62
0.02
0.00
0.53
0.62
0.58
0.61
0.03
0.50
0.00
0.62
0.62
0.50
0.62
0.04
0.63
0.00
0.50
0.60
0.57
0.64
0.02
0.62
0.00
0.53
0.58
0.57
0.60
0.03
0.48
0.01
0.46
0.58
0.56
0.62
0.02
0.00
0.48
0.61
0.69
0.69
0.03
0.00
0.60
0.61
0.66
0.02
0.62
0.00
0.54
0.77
0.53
0.04
0.65
0.00
0.52
0.65
0.53
0.03
0.00
0.57
0.68
0.53
0.64
0.03
0.49
0.00
0.52
0.60
0.52
0.61
0.03
0.61
0.00
0.62
0.67
0.55
0.63
0.02
0.61
0.00
0.54
0.72
0.56
0.60
0.04
0.50
0.00
0.52
0.56
0.55
0.63
0.02
0.00
0.60
0.62
0.68
0.54
0.03
0.00
0.66
0.70
0.53
0.62
0.03
0.50
0.00
0.62
0.60
0.51
0.61
0.03
0.54
0.00
0.61
0.59
0.60
0.61
0.03
0.00
0.50
0.74
0.62
0.59
0.55
0.03
0.00
0.66
0.65
0.54
0.62
0.03
0.00
0.52
0.58
0.48
0.04
0.00
0.62
0.78
0.57
0.66
0.02
0.00
0.56
0.68
0.50
0.02
0.00
0.68
0.78
0.51
0.04
0.62
0.00
0.55
0.79
0.52
0.04
0.61
0.00
0.57
0.77
0.48
0.01
0.66
0.00
0.62
0.63
0.52
0.05
0.63
0.00
0.52
0.68
0.50
0.03
0.00
0.62
0.67
0.66
0.62
0.03
0.50
0.00
0.63
0.67
0.51
0.02
0.51
0.00
0.48
0.64
0.56
0.61
0.03
0.48
0.00
0.50
0.60
0.58
0.59
0.04
0.00
0.47
0.78
0.72
0.66
0.03
0.00
0.53
0.61
0.53
0.03
0.00
0.61
0.68
0.63
0.02
0.00
0.67
0.79
0.49
0.03
0.00
0.65
0.73
0.53
0.03
0.00
0.68
0.72
0.56
0.02
0.53
0.00
0.57
0.63
0.51
0.02
0.00
0.61
0.63
0.55
0.66
0.61
0.03
0.00
0.52
0.80
0.47
0.05
0.00
0.62
0.80
0.55
0.02
0.62
0.00
0.55
0.78
0.51
0.03
0.65
0.00
0.47
0.64
0.56
0.63
0.03
0.00
0.48
0.67
0.58
0.52
0.04
0.00
0.48
0.67
0.58
0.53
0.03
0.63
0.00
0.50
0.63
0.56
0.62
0.03
0.52
0.00
0.49
0.60
0.56
0.63
0.04
0.49
0.00
0.49
0.61
0.56
0.64
0.03
0.00
0.51
0.64
0.59
0.52
0.06
0.00
0.50
0.65
0.57
0.61
0.51
0.02
0.00
0.66
0.65
0.50
0.52
0.03
0.49
0.00
0.47
0.61
0.57
0.54
0.05
0.60
0.00
0.52
0.67
0.57
0.65
0.04
0.49
0.00
0.53
0.72
0.59
0.57
0.03
0.47
0.00
0.58
0.58
0.67
0.64
0.01
0.00
0.65
0.66
0.52
0.57
0.62
0.02
0.00
0.49
0.80
0.60
0.51
0.03
0.00
0.54
0.68
0.62
0.53
0.05
0.52
0.00
0.52
0.61
0.51
0.62
0.63
0.04
0.00
0.48
0.57
0.55
0.61
0.03
0.00
0.47
0.62
0.71
0.60
0.04
0.52
0.00
0.59
0.63
0.64
0.02
0.62
0.00
0.51
0.77
0.49
0.04
0.54
0.00
0.52
0.66
0.55
0.02
0.62
0.00
0.51
0.67
0.53
0.54
0.02
0.00
0.66
0.61
0.61
0.64
0.03
0.00
0.52
0.66
0.53
0.05
0.63
0.00
0.55
0.81
0.57
0.03
0.00
0.63
0.64
0.53
0.03
0.01
0.65
0.73
0.54
0.04
0.00
0.51
0.68
0.53
0.02
0.62
0.00
0.54
0.72
0.51
0.03
0.62
0.00
0.53
0.65
0.48
0.02
0.00
0.63
0.78
0.55
0.63
0.03
0.00
0.55
0.75
0.50
0.03
0.00
0.57
0.65
0.53
0.04
0.61
0.00
0.53
0.81
0.51
0.04
0.62
0.00
0.49
0.66
0.52
0.03
0.53
0.00
0.58
0.59
0.56
0.65
0.02
0.50
0.00
0.52
0.59
0.54
0.60
0.04
0.00
0.63
0.75
0.60
0.64
0.03
0.54
0.00
0.56
0.67
0.50
0.04
0.00
0.63
0.62
0.59
0.61
0.03
0.00
0.57
0.80
0.49
0.04
0.00
0.64
0.77
0.49
0.04
0.64
0.00
0.65
0.77
0.66
0.02
0.63
0.00
0.53
0.58
0.54
0.03
0.00
0.64
0.65
0.62
0.65
0.03
0.00
0.52
0.72
0.52
0.02
0.00
0.51
0.66
0.54
0.03
0.00
0.61
0.71
0.65
0.02
0.00
0.55
0.68
0.52
0.04
0.50
0.00
0.53
0.67
0.51
0.03
0.55
0.00
0.50
0.62
0.57
0.60
0.02
0.00
0.49
0.78
0.57
0.52
0.05
0.54
0.00
0.53
0.66
0.53
0.60
0.03
0.61
0.00
0.58
0.68
0.70
0.61
0.04
0.53
0.00
0.68
0.60
0.51
0.02
0.00
0.65
0.67
0.63
0.65
0.03
0.00
0.50
0.85
0.51
0.60
0.04
0.00
0.50
0.68
0.56
0.55
0.04
0.00
0.50
0.62
0.53
0.56
0.03
0.00
0.60
0.62
0.72
0.55
0.03
0.51
0.00
0.54
0.59
0.51
0.03
0.00
0.59
0.64
0.68
0.65
0.50
0.03
0.00
0.49
0.63
0.53
0.63
0.04
0.00
0.51
0.67
0.57
0.50
0.03
0.00
0.52
0.61
0.60
0.63
0.04
0.64
0.00
0.52
0.66
0.50
0.52
0.04
0.63
0.00
0.51
0.62
0.62
0.59
0.02
0.48
0.00
0.63
0.63
0.52
0.52
0.60
0.03
0.00
0.52
0.69
0.64
0.63
0.02
0.00
0.51
0.62
0.60
0.63
0.02
0.51
0.00
0.49
0.62
0.55
0.53
0.02
0.45
0.00
0.56
0.67
0.60
0.65
0.03
0.51
0.00
0.57
0.62
0.54
0.49
0.05
0.69
0.00
0.49
0.57
0.57
0.66
0.04
0.67
0.00
0.52
0.63
0.55
0.52
0.02
0.00
0.47
0.66
0.63
0.51
0.03
0.00
0.52
0.69
0.54
0.55
0.02
0.63
0.00
0.55
0.62
0.53
0.61
0.03
0.61
0.00
0.57
0.71
0.55
0.59
0.03
0.52
0.00
0.60
0.61
0.56
0.61
0.03
0.00
0.50
0.72
0.59
0.67
0.03
0.00
0.48
0.69
0.62
0.02
0.00
0.68
0.77
0.55
0.55
0.03
0.00
0.52
0.63
0.51
0.02
0.50
0.00
0.54
0.58
0.56
0.65
0.02
0.00
0.58
0.59
0.59
0.66
0.03
0.00
0.50
0.66
0.74
0.64
0.03
0.55
0.00
0.59
0.57
0.55
0.64
0.03
0.00
0.50
0.62
0.61
0.68
0.50
0.03
0.00
0.54
0.62
0.54
0.54
0.04
0.69
0.00
0.49
0.62
0.60
0.57
0.04
0.53
0.00
0.48
0.59
0.60
0.64
0.04
0.49
0.00
0.48
0.67
0.59
0.52
0.04
0.00
0.48
0.58
0.67
0.65
0.04
0.49
0.00
0.51
0.66
0.47
0.02
0.00
0.59
0.67
0.71
0.56
0.04
0.00
0.50
0.68
0.65
0.68
0.03
0.00
0.54
0.65
0.50
0.02
0.49
0.01
0.50
0.74
0.57
0.61
0.02
0.51
0.00
0.51
0.63
0.57
0.56
0.02
0.50
0.00
0.49
0.57
0.59
0.65
0.03
0.48
0.00
0.52
0.63
0.55
0.54
0.03
0.00
0.50
0.63
0.63
0.55
0.03
0.62
0.00
0.49
0.76
0.58
0.61
0.02
0.51
0.00
0.59
0.59
0.56
0.65
0.03
0.47
0.00
0.48
0.72
0.63
0.56
0.02
0.00
0.51
0.62
0.58
0.66
0.67
0.01
0.00
0.48
0.61
0.56
0.63
0.52
0.04
0.00
0.51
0.60
0.58
0.65
0.03
0.53
0.00
0.49
0.60
0.65
0.60
0.03
0.48
0.00
0.60
0.56
0.57
0.62
0.02
0.00
0.48
0.61
0.61
0.65
0.03
0.00
0.50
0.73
0.58
0.53
0.05
0.51
0.00
0.51
0.67
0.61
0.48
0.02
0.00
0.51
0.79
0.56
0.62
0.02
0.62
0.00
0.53
0.75
0.53
0.03
0.59
0.00
0.55
0.74
0.48
0.04
0.00
0.66
0.81
0.52
0.03
0.00
0.64
0.65
0.52
0.01
0.65
0.00
0.56
0.70
0.52
0.04
0.50
0.00
0.50
0.64
0.52
0.63
0.03
0.50
0.00
0.48
0.59
0.58
0.62
0.03
0.50
0.00
0.53
0.57
0.56
0.65
0.02
0.66
0.00
0.52
0.60
0.60
0.63
0.04
0.00
0.48
0.65
0.65
0.61
0.03
0.00
0.52
0.72
0.61
0.63
0.02
0.01
0.56
0.68
0.55
0.63
0.02
0.00
0.51
0.82
0.52
0.02
0.54
0.00
0.51
0.65
0.51
0.03
0.00
0.60
0.68
0.69
0.60
0.03
0.62
0.00
0.53
0.75
0.53
0.61
0.02
0.51
0.00
0.52
0.58
0.58
0.64
0.03
0.47
0.00
0.56
0.68
0.55
0.62
0.02
0.63
0.00
0.50
0.57
0.56
0.62
0.50
0.02
0.00
0.47
0.56
0.64
0.65
0.49
0.04
0.00
0.53
0.57
0.58
0.60
0.02
0.00
0.51
0.71
0.60
0.52
0.04
0.60
0.00
0.50
0.75
0.59
0.68
0.03
0.00
0.51
0.65
0.59
0.52
0.02
0.00
0.50
0.67
0.69
0.51
0.04
0.00
0.54
0.60
0.51
0.69
0.02
0.00
0.65
0.67
0.67
0.68
0.05
0.52
0.00
0.49
0.63
0.50
0.62
0.04
0.00
0.50
0.60
0.58
0.65
0.02
0.52
0.00
0.49
0.61
0.63
0.69
0.02
0.00
0.48
0.63
0.60
0.62
0.02
0.00
0.53
0.66
0.53
0.65
0.02
0.54
0.00
0.50
0.63
0.58
0.62
0.03
0.50
0.00
0.51
0.61
0.57
0.55
0.50
0.03
0.00
0.54
0.57
0.57
0.64
0.01
0.57
0.00
0.50
0.57
0.60
0.64
0.50
0.03
0.00
0.48
0.56
0.62
0.64
0.03
0.52
0.00
0.51
0.61
0.57
0.53
0.04
0.51
0.00
0.49
0.57
0.59
0.62
0.02
0.00
0.47
0.65
0.64
0.60
0.48
0.02
0.00
0.55
0.76
0.54
0.64
0.02
0.67
0.00
0.51
0.55
0.57
0.62
0.01
0.52
0.00
0.48
0.61
0.54
0.50
0.02
0.53
0.00
0.47
0.65
0.58
0.53
0.02
0.59
0.00
0.54
0.73
0.57
0.70
0.52
0.01
0.00
0.48
0.65
0.60
0.48
0.02
0.49
0.00
0.51
0.60
0.55
0.54
0.02
0.62
0.00
0.57
0.71
0.57
0.64
0.51
0.03
0.00
0.47
0.69
0.55
0.52
0.51
0.02
0.00
0.48
0.56
0.59
0.63
0.52
0.02
0.00
0.52
0.57
0.57
0.63
0.54
0.02
0.00
0.49
0.61
0.60
0.63
0.50
0.02
0.52
0.00
0.50
0.23
3.16
1.31
0.26
0.46
0.00
0.56
1.36
0.41
0.29
0.37
0.37
0.01
0.00
0.31
0.47
0.55
0.63
0.75
0.77
0.56
0.02
0.00
0.55
0.61
0.62
0.64
0.02
0.00
0.62
0.64
0.64
0.03
0.00
0.68
0.77
0.53
0.03
0.00
0.65
0.76
0.67
0.02
0.00
0.66
0.63
0.55
0.02
0.00
0.55
0.70
0.51
0.02
0.00
0.65
0.78
0.64
0.03
0.00
0.67
0.76
0.55
0.02
0.00
0.56
0.63
0.52
0.02
0.00
0.69
0.67
0.57
0.02
0.00
0.65
0.67
0.66
0.03
0.71
0.00
0.63
0.58
0.68
0.02
0.65
0.00
0.53
0.62
0.53
0.02
0.00
0.65
0.66
0.65
0.69
0.51
0.03
0.00
0.56
0.69
0.54
0.01
0.50
0.00
0.50
0.61
0.77
0.56
0.01
0.00
0.26
1.62
1.14
0.19
0.01
0.00
1.13
1.86
0.19
0.10
0.01
0.00
0.82
1.85
0.70
1.01
0.01
0.00
0.94
0.98
0.82
0.02
0.19
0.00
0.14
0.21
0.26
0.39
0.31
0.36
0.35
0.37
0.01
0.00
0.35
