204
101
6
6
233
346
488
630
789
949
1118
1241
1398
1336
307
424
613
824
1036
1202
1400
1628
1747
1921
2145
1722
1259
1160
1541
1787
2073
2328
2483
2804
2937
3107
3278
2405
2310
2084
3177
3315
3339
3436
2798
3497
3531
3535
3595
3659
3681
3686
3674
3402
3768
2590
3774
3776
3753
3680
3611
3669
3659
3748
3680
3756
3444
3768
2643
3763
3768
3761
3699
3659
3707
2078
2936
3716
3729
3684
3656
3545
3703
2355
3717
3737
3689
3695
3708
2059
3129
3718
3736
3695
2460
295
448
511
2858
2325
2743
2228
2122
2616
3327
3409
2302
2547
3501
3571
3581
3602
2841
3313
3647
3652
3639
2444
2716
3650
3642
3669
2604
3094
3656
3638
3680
3655
2988
3572
3646
3653
3682
3646
3697
3707
2156
3718
3730
3700
3652
2438
3284
3716
3722
3689
3657
3384
3714
2070
3730
3731
3698
3656
3222
3676
3712
3725
3705
3662
2835
3215
3723
3639
3696
3653
3192
3622
3708
3726
3704
3633
2731
3061
3713
3733
3653
3702
3352
3720
3720
3647
3705
3647
3047
3579
3717
3719
3385
427
500
555
3130
2186
1877
2357
2389
2122
2476
2685
2886
3005
3182
3311
3400
3346
3160
2381
3397
3481
3430
3430
3422
3501
3298
3574
2083
3627
3682
3591
3605
3249
3651
2088
3690
3717
3664
3672
3634
3718
2322
3744
3764
3707
3712
3615
3735
2394
3752
3743
3711
3719
3405
3667
2231
3751
3751
3728
3671
3219
3741
2045
3755
3685
3729
3678
3173
3633
3653
3754
3681
3671
3379
3659
2102
3668
3752
3724
3087
3443
3677
3669
3666
2610
3114
3660
3737
3721
2943
3554
3735
3739
3722
3658
2187
2703
3745
3657
3714
3407
3673
1994
3734
3747
3723
3295
3645
1967
3724
3731
3708
3672
3469
3737
2176
3748
3756
3714
3719
2930
3458
3736
3752
3722
3636
3269
3673
2345
3657
3756
3671
3361
3669
2123
3744
3755
3737
2819
3329
3657
3757
3669
3657
3334
3740
2562
3646
3750
3685
3646
3654
2911
3735
3747
3705
3719
2184
2843
3729
3741
3713
3723
3732
2706
3738
2266
3750
3757
3722
3725
3731
2998
3742
2557
3761
3787
3694
3661
3726
2196
3350
3742
3756
3712
3710
3727
2296
2990
3742
3760
3731
3643
3720
2608
3292
3734
3734
3713
3670
3724
2624
3722
2176
3741
3744
3712
3718
3726
3131
3735
2358
3726
3756
3730
3700
3645
2123
3746
2169
3761
3726
3719
3678
3289
3727
2966
3755
3759
3728
3663
3726
2654
3111
3734
3742
3717
3667
3716
2610
3464
3726
3738
3711
2464
3122
1747
1593
1962
1773
2390
2532
2866
3187
3116
2672
2502
3074
3403
3429
3490
3549
3614
2876
3145
3663
3686
3651
3649
3133
3547
3671
3650
3671
3675
3208
3652
1991
3741
3747
3704
3206
3729
1932
3664
3744
3710
3720
3732
2177
2791
3743
3754
3712
3717
2866
3460
3726
3743
3712
3638
2595
3187
3707
3729
3660
3703
3712
2408
2946
3718
3738
3705
3713
3321
3727
2692
3734
3754
3708
3710
3672
3732
2369
3655
3761
3679
3711
2776
2776
4095
3903
3475
1715
3126
1659
1557
2054
1935
2184
2650
3022
3183
3062
2756
2500
2966
3292
3303
3379
3450
3525
3203
3591
2214
3650
3701
3630
3621
3291
3671
2179
3707
3736
3678
3673
3556
3672
2402
3660
3747
3703
3659
3701
3715
2896
3740
3655
3706
3670
3730
2011
2587
3746
3755
3720
3720
2906
3290
3736
3758
3659
3707
2781
3379
3711
3729
3698
3707
2511
2805
3715
3734
3694
3706
2891
3561
3653
3725
3703
3648
3295
3715
2198
3725
3740
3705
3719
3741
2231
2823
3673
3751
3735
3663
3235
3735
2127
3739
3751
3723
3722
3744
2281
3175
3675
3752
3723
3716
3481
3733
2624
3740
3749
3717
3720
3728
2246
2928
3738
3745
3718
3653
2902
3726
2167
3739
3743
3706
3693
3721
2685
3723
2189
3753
3771
3730
3732
3753
2523
2935
3677
3776
3673
3723
3652
2689
3734
2316
3744
3757
3731
3650
3711
2253
2935
3723
3740
3711
3673
3718
2106
2709
3729
3744
3717
3672
3737
2133
2724
3751
3761
3718
3703
2426
2302
1461
1310
1458
2556
2568
2712
2581
2054
2346
2824
2923
3125
3300
3217
2770
3000
3430
3534
3488
3492
3558
2748
3332
3610
3656
3608
3636
2778
3154
3672
3711
3668
3665
2652
3326
3650
3735
3669
2800
3494
3668
3657
3710
2469
3021
3655
3729
3710
3655
2097
2492
3726
3724
3702
3712
2139
2511
3727
3737
3707
3668
3724
2780
3392
3736
3751
3719
3682
3634
3654
2809
3731
3733
3707
3669
3724
3163
3739
2184
2499
1389
1372
1449
2822
2114
2203
1899
1899
436
570
653
1172
1656
1109
1770
1737
1414
1801
2298
2405
2536
2090
2272
2553
2636
2786
2978
3150
3293
3293
2278
2285
3424
3529
3454
3456
3482
3546
2071
2181
3607
3659
3588
3610
1959
2026
3658
3667
3649
1715
1720
3676
3668
3672
1770
1781
3666
3666
3665
1761
1785
3672
3668
3662
1792
1816
3670
3669
3672
1807
1836
3670
3667
3674
1845
1879
3668
3666
3671
1807
1843
3668
3669
3675
1838
1867
3671
3663
3675
1827
1915
3668
3666
3677
1930
2006
3672
3663
3665
1935
2001
3669
3671
3671
1893
1929
3669
3669
3673
1870
1918
3664
3665
3674
1935
2012
3670
3671
3670
1891
1936
3667
3667
3673
1850
1901
3665
3665
3672
1923
1993
3657
3754
3671
2025
2119
3663
3669
3673
1926
1985
3670
3668
3667
1930
2010
3670
3665
2278
1923
1975
3742
3720
3664
2007
2061
3670
3675
3677
2015
2119
3669
3667
3670
1939
2002
3669
3671
3675
1956
2038
3664
3664
3674
1933
2010
3670
3668
3674
2071
2152
3668
3669
3674
1944
2029
3671
3663
3674
1983
2046
3672
3666
3669
2010
2071
3671
3670
3664
2094
2191
3668
3668
3673
2109
2242
3671
3667
3669
2013
2086
3671
3668
3672
2013
2098
3666
3671
3673
2164
2286
3672
3650
3724
2229
2307
3668
3671
3678
1963
2067
3672
3666
3672
2004
2139
3668
3655
3730
2164
2302
3669
3668
3676
2179
2247
3672
3666
3671
2046
2126
3670
3668
3671
2087
2166
3669
3663
3669
2084
2172
3670
3666
3676
2198
2340
3668
3663
3666
2233
2372
3666
3665
3672
2086
2150
3672
3667
3670
2063
2136
3671
3667
3673
2111
2224
3671
3657
3735
2073
2175
3664
3754
3673
2127
2218
3668
3657
3675
2086
2245
3671
3657
3674
2284
2362
3670
3660
3672
2146
2284
3665
3665
3669
2043
2183
3670
3668
3672
2134
2308
3665
3668
3674
2098
2183
3670
3662
3674
2102
2228
3665
3668
3670
2274
2482
3667
3666
3663
2137
2244
3672
3664
3672
2106
2207
3665
3668
3676
2280
2416
3664
3669
3672
2159
2232
3670
3667
3676
2087
2176
3671
3657
3737
2074
2196
3671
3662
3670
2063
2218
3668
3665
3672
2146
2251
3670
3670
3672
2119
2220
3669
3667
3670
2085
2226
3671
3668
3666
2101
2204
3667
3671
3669
2172
2357
3670
3665
3669
2152
2298
3674
3667
3670
2136
2280
3664
3751
3672
2143
2245
3665
3662
3737
2157
2304
3661
3753
3667
2237
2396
3671
3663
3677
2222
2347
3659
3753
3674
2204
2360
3664
3668
3671
2141
2274
3672
3665
3671
2142
2258
3656
3747
3672
2143
2291
3671
3672
3669
2131
2281
3669
3666
3675
2133
2251
3666
3668
3667
2236
2363
3664
3668
3673
2151
2264
3666
3661
3672
2265
2381
3667
3667
3664
2212
2332
3664
3747
3666
2247
2357
3669
3670
3672
2194
2338
3658
3746
3674
2272
2407
3667
3668
3671
2140
2284
3659
3750
3657
2158
2283
3671
3665
3669
2301
2482
3655
3746
3672
2259
2444
3667
3671
3675
2422
2646
3670
3667
3667
2149
2294
3674
3665
3666
2483
2698
3666
3670
3673
2439
2661
3671
3659
3727
2345
2575
3669
3658
3730
2387
2569
3673
3667
3677
2179
2314
3665
3666
3673
2285
2452
3666
3660
3679
2266
2433
3666
3666
3667
2275
2449
3667
3658
3734
2368
2537
3670
3655
3722
2280
2512
3671
3655
3733
2486
2760
3667
3750
3676
2471
2698
3661
3755
3670
2346
2505
3670
3652
3731
2288
2460
3666
3665
3672
2302
2468
3672
3667
3672
2286
2452
3668
3661
3730
2290
2489
3668
3665
3678
2289
2475
3651
3741
3728
2324
2522
3667
3661
3728
2354
2549
3669
3648
3730
2563
2827
3661
3748
3677
2260
2398
3666
3666
3674
2199
2350
3670
3669
3668
2230
2382
3675
3666
3669
2257
2433
3671
3668
3670
2504
2661
3668
3659
3672
2319
2548
3669
3655
3727
2356
2572
3665
3749
3729
2407
2568
3668
3672
3672
2328
2525
3658
3750
3673
2355
2506
3661
3669
3677
2496
2654
3654
3743
3657
2440
2630
3657
3671
3673
2470
2822
3674
3666
3674
2517
2826
3670
3657
3725
2457
2656
3667
3657
3724
2518
2746
3665
3668
3678
2353
2541
3656
3747
3662
2587
2758
3669
3669
3670
2642
2825
3663
3654
3734
2500
2738
3664
3669
3668
2471
2600
3671
3667
3661
2450
2627
3667
3662
3668
2424
2688
3669
3668
3674
2360
2491
3671
3667
3667
2555
2695
3665
3666
3668
2447
2744
3672
3668
3657
2417
2581
3670
3669
3649
2443
2720
3735
3665
3729
2697
2929
3665
3669
3669
2606
2873
3674
3664
3668
2378
2584
3668
3670
3671
2448
2682
3659
3746
3732
2377
2579
3667
3668
3663
2528
2736
3667
3664
3675
2483
2703
3667
3665
3675
2554
2765
3673
3668
3670
2395
2575
3671
3662
3730
2468
2657
3664
3756
3671
2486
2701
3663
3668
3665
2348
2561
3676
3670
3667
2391
2543
3668
3657
3734
2401
2656
3664
3753
3673
2367
2581
3663
3671
3670
2397
2589
3669
3667
3667
2468
2658
3669
3663
3668
2393
2611
3667
3667
3668
2400
2573
3667
3666
3671
2473
2653
3662
3751
3661
2344
2523
3662
3668
3679
2487
2654
3671
3662
3669
2458
2612
3666
3661
3667
2719
2982
3665
3664
3665
2677
2994
3665
3659
3676
2446
2672
3662
3755
3666
2696
3020
3658
3746
3728
2767
3072
3659
3752
3668
2712
2909
3662
3669
3667
2542
2745
3667
3668
3665
2754
3045
3663
3747
3667
2717
3003
3671
3671
3672
2315
2523
3670
3664
3673
2354
2579
3662
3748
3731
2480
2737
3666
3668
3669
2678
2888
3656
3741
3663
2612
2830
3660
3750
3674
2572
2781
3662
3657
3730
2532
2914
3654
3745
3676
2721
3071
3663
3660
3727
2595
2967
3669
3661
3673
2519
2783
3674
3658
3739
2657
2903
3665
3754
3666
2453
2704
3669
3674
3669
2590
2870
3671
3662
3672
2720
2926
3662
3755
3669
2441
2740
3670
3665
3663
2475
2732
3669
3654
3736
2581
2852
3662
3747
3733
2465
2645
3669
3663
3672
2370
2619
3656
3744
3666
2469
2657
3661
3665
3673
2603
2907
3669
3668
3670
2766
2971
3670
3662
3670
2340
2588
3671
3667
3674
2446
2634
3657
3750
3673
2682
2938
3656
3755
3669
2497
2695
3665
3668
3674
2541
2762
3668
3660
3671
2458
2649
3663
3660
3722
2564
2768
3668
3667
3663
2555
2819
3673
3663
3673
2617
2865
3668
3668
3673
2436
2713
3673
3656
3732
2365
2619
3673
3665
3661
2537
2747
3658
3751
3670
2717
3023
3663
3667
3676
2567
2813
3667
3749
3653
2684
2996
3742
3662
3731
2645
2838
3659
3746
3724
2821
3095
3668
3664
3664
2504
2737
3668
3654
3727
2618
2953
3667
3743
3725
2702
3060
3659
3752
3672
2801
3017
3669
3662
3668
2714
3025
3664
3672
3668
2554
2728
3666
3662
3665
2746
3054
3670
3659
3730
2682
3054
3658
3754
3672
2663
2852
3662
3668
3676
2501
2834
3657
3746
3668
2525
2738
3658
3748
3658
2483
2775
3741
3663
3737
2853
3147
3657
3746
3676
2532
2737
3661
3742
3670
2377
2645
3662
3745
3725
2473
2815
3663
3658
3729
2760
3109
3659
3754
3669
2869
3136
3650
3748
3660
2471
2681
3655
3742
3670
2634
2907
3665
3665
3670
2605
2852
3671
3661
3728
2837
3147
3666
3750
3724
2746
3089
3656
3738
3723
2942
3234
3658
3752
3672
2874
3128
3661
3753
3672
2975
3221
3669
3667
3668
2934
3301
3665
3660
3659
2638
2864
3676
3665
3672
2625
2961
3663
3663
3669
2604
2942
3670
3667
3670
2398
2626
3656
3752
3662
2549
2764
3673
3654
3731
2576
2846
3672
3664
3673
2736
3154
3664
3661
3673
2903
3220
3667
3673
3662
2572
2765
3665
3651
3725
2812
3128
3664
3747
3670
2645
2992
3664
3666
3660
2703
3022
3671
3664
3671
2873
3131
3665
3655
3733
2649
2923
3669
3667
3668
2575
2805
3662
3652
3721
2567
2776
3675
3664
3668
2916
3321
3662
3746
3665
2907
3358
3665
3660
3733
2574
2800
3662
3748
3734
2721
3015
3657
3749
3722
3049
3291
3667
3664
3673
2668
3036
3664
3748
3670
2619
2947
3660
3667
3667
2600
2932
3670
3666
3668
2874
3175
3663
3667
3675
2821
3067
3664
3757
3670
2606
2942
3665
3665
3668
2797
3148
3667
3665
3666
2653
2889
3665
3664
3678
2739
2966
3665
3662
3666
2682
3036
3668
3658
3728
2987
3347
3663
3756
3668
2971
3334
3651
3740
3725
3038
3436
3668
3668
3664
2867
3158
3669
3654
3725
2672
2985
3666
3751
3661
2962
3361
3667
3661
3667
2598
2998
3667
3666
3658
2621
3125
3667
3668
3675
2941
3343
3669
3664
3665
2593
2913
3667
3670
3676
2903
3192
3667
3655
3732
2636
3031
3672
3664
3665
2652
2937
3664
3750
3668
2883
3360
3656
3753
3667
2810
3184
3671
3668
3668
2876
3187
3675
3665
3668
2949
3267
3669
3662
3726
2655
2997
3671
3667
3675
2859
3248
3660
3741
3725
2798
3213
3665
3746
3728
2887
3254
3655
3749
3663
2814
3169
3666
3667
3727
3060
3449
3666
3657
3736
2880
3146
3658
3752
3670
2474
2744
3658
3745
3730
2839
3128
3660
3756
3664
2641
2993
3665
3659
3736
2630
2947
3666
3754
3734
3128
3579
3656
3750
3733
3147
3613
3661
3756
3655
2629
2999
3735
3661
3675
3010
3297
3670
3660
3731
2613
2934
3656
3738
3719
2737
3097
3661
3741
3679
2986
3340
3670
3661
3675
2668
3023
3664
3661
3729
2692
3006
3664
3653
3718
2695
3197
3665
3744
3665
3001
3395
3671
3660
3730
2870
3260
3667
3665
3673
2619
2958
3661
3748
3657
2626
2985
3663
3751
3668
3007
3426
3661
3749
3664
2971
3410
3673
3666
3671
2634
2940
3670
3670
3671
2706
3212
3666
3664
3670
2968
3370
3662
3663
3666
3041
3491
3661
3749
3667
2702
3125
3650
3741
3726
2951
3386
3673
3662
3671
2602
2941
3669
3661
3667
2735
3085
3653
3748
3668
2587
2998
3666
3660
3727
3053
3384
3663
3747
3658
2627
3107
3737
3654
3724
2680
2956
3662
3745
3726
2650
3122
3662
3750
3670
3069
3450
3659
3744
3729
3084
3374
3653
3747
3725
2784
3105
3649
3740
3720
2763
3105
3668
3668
3672
2621
2927
3667
3658
3730
3191
3629
3661
3754
3675
3051
3346
3671
3662
3678
2699
3004
3670
3665
3669
2671
3036
3669
3664
3665
3028
3528
3676
3657
3726
2985
3472
3671
3663
3661
2692
3142
3656
3738
3727
3212
3561
3663
3742
3711
3136
3531
3725
3741
3724
3046
3512
3662
3739
3716
2808
3169
3648
3735
3712
3111
3633
3663
3741
3716
2710
3041
3657
3744
3718
3084
3523
3659
3741
3716
3266
3664
1883
3744
3755
3735
3247
3662
1907
3760
3656
3725
3671
2736
3161
3748
3751
3735
3673
2875
3182
3757
3665
3732
3666
3212
3740
2130
3750
3762
3732
3679
3146
3566
3670
3684
3672
3675
3188
3531
3662
3666
3735
2824
3358
3664
3750
3727
2780
3245
3664
3672
3665
3088
3592
3652
3739
3662
2576
2830
3660
3669
3670
2663
3171
3671
3665
3674
3006
3548
3664
3664
3661
3048
3522
3658
3742
3725
3009
3383
3653
3741
3717
2686
3240
3668
3655
3716
2690
3090
3672
3668
3666
3015
3449
3659
3655
3721
3305
3651
2128
3747
3674
3674
3217
3672
3681
3664
3727
3237
3656
1999
3741
3749
3732
3410
3670
1992
3753
3759
3741
3673
3303
3677
3757
3757
3745
3672
2957
3504
3745
3757
3735
3648
3176
3684
3738
3751
3725
3666
3225
3717
3750
3666
3721
3668
2733
3329
3743
3739
3719
3674
3295
3659
2027
3751
3759
3733
3674
3368
3752
2126
3752
3769
3734
3675
2820
3191
3665
3761
3671
3657
2787
3104
3735
3666
3720
2769
3120
3671
3663
3668
2844
3157
3654
3732
3718
3291
3665
1901
3749
3677
3677
3198
3665
1918
3752
3758
3745
3324
3652
2153
3753
3756
3740
3668
3245
3746
1999
3747
3767
3741
3666
3268
3752
2095
3765
3762
3750
3668
3283
3717
3755
3671
3737
3678
3204
3670
1946
3664
3768
3680
3674
3201
3660
3665
3754
3732
3674
3140
3658
2037
3755
3756
3738
3654
3234
3742
3752
3661
3726
3669
3154
3744
2028
3754
3764
3735
3671
3324
3756
2345
3768
3673
3740
3678
3199
3751
2083
3667
3770
3685
3670
3240
3651
3748
3757
3727
3661
3207
3546
3743
3748
3730
3666
3272
3747
2015
3754
3756
3735
3677
3315
3756
2138
3772
3677
3751
3670
3400
3756
2227
3664
3765
3732
3680
2990
3338
3674
3667
3733
3674
2763
3118
3657
3737
3721
2733
3116
3662
3750
3661
2704
3172
3666
3653
3725
3158
3672
3672
3653
3730
2749
3085
3661
3744
3732
2751
3065
3653
3748
3665
3029
3611
3669
3670
3666
3057
3427
3657
3737
3728
2755
3119
3669
3660
3726
3196
3639
3660
3744
3722
2753
3109
3663
3737
3715
3147
3663
1910
3742
3747
3726
3238
3660
3676
3664
3718
3669
2719
3063
3655
3738
3713
3167
3666
3669
3666
3661
3074
3408
3660
3741
3665
3104
3526
3658
3747
3651
2720
3234
3728
3661
3665
2782
3090
3662
3736
3719
3407
3671
2230
3656
3753
3734
3234
3662
2075
3751
3754
3733
2845
3225
3663
3753
3678
3657
2699
3118
3738
3747
3725
3279
3655
2083
3740
3672
3667
3234
3606
3664
3748
3665
3170
3652
1976
3740
3672
3673
2798
3162
3656
3751
3656
3152
3723
1908
3740
3753
3728
2901
3446
3743
3758
3667
3664
3148
3570
3744
3670
3720
2697
3073
3725
3737
3725
3147
3579
3659
3743
3718
3200
3660
1960
3738
3753
3730
2785
3182
3664
3747
3718
3650
3192
3592
3736
3658
3712
3668
3356
3736
2219
3755
3669
3731
3687
2878
3221
3666
3754
3719
3653
2814
3200
3736
3656
3712
3669
2804
3182
3748
3645
3712
3677
3222
3662
2006
3758
3679
3740
3669
3023
3438
3763
3660
3725
3677
3004
3506
3658
3755
3681
3671
3167
3547
3656
3748
3726
3240
3626
3670
3644
3722
3236
3672
1899
3653
3744
3721
2965
3335
3735
3751
3726
3664
3288
3748
2048
3671
3760
3743
3680
3478
3661
2299
3767
3671
3748
3684
3344
3656
2250
3767
3672
3743
3679
3418
3664
2219
3767
3666
3739
3683
3304
3658
1958
3762
3751
3739
3679
3523
3663
2333
3757
3752
3724
3674
2861
3399
3737
3756
3728
3667
2954
3373
3746
3757
3735
3664
3000
3498
3752
3663
3728
3667
2799
3461
3747
3753
3730
3664
3622
3750
2141
3659
3758
3731
3676
3356
3664
2102
3753
3765
3735
3662
2824
3228
3748
3658
3726
3667
2806
3272
3744
3746
3719
3654
3284
3744
2063
3654
3754
3724
3665
3378
3744
2165
3759
3757
3730
3676
3419
3669
2254
3762
3742
3730
3674
3573
3747
2279
3759
3761
3742
3672
3037
3413
3753
3760
3734
3674
2831
3429
3661
3754
3728
3650
3201
3741
2068
3669
3676
3738
3665
3400
3758
2025
3662
3773
3684
3668
3428
3750
2173
3757
3765
3742
3673
2978
3448
3760
3756
3734
3668
2858
3197
3664
3750
3717
3722
2805
3297
3733
3747
3723
3661
3343
3749
2058
3666
3765
3731
3661
3137
3743
2050
3758
3762
3739
3673
3496
3750
2296
3757
3756
3744
3675
3642
3672
2507
3683
3678
3730
3725
3368
3742
2205
3664
3767
3659
3730
3035
3378
3663
3757
3675
3667
2792
3320
3670
3652
3721
3301
3665
1948
3750
3657
3734
3249
3583
3677
3671
3673
3263
3563
3663
3659
3669
2914
3328
3658
3731
3717
2833
3289
3657
3746
3677
2680
3052
3662
3747
3728
2770
3176
3658
3745
3715
2805
3137
3651
3733
3699
2733
3109
3717
3727
3705
3368
3722
3726
3746
3665
2725
3045
3665
3653
3720
2712
3214
3658
3733
3717
2802
3170
3674
3652
3720
3346
3650
2067
3727
3744
3725
2878
3312
3666
3751
3734
3668
3412
3744
2035
3755
3745
3732
3668
3063
3453
3761
3663
3731
3673
2889
3576
3740
3757
3728
3652
2774
3332
3736
3746
3720
3660
3415
3749
2333
3659
3759
3735
3675
3165
3470
3662
3748
3724
3664
2873
3297
3747
3662
3722
3667
3562
3738
2394
3750
3747
3724
3676
2640
3104
3748
3755
3728
3658
2906
3348
3736
3750
3720
3663
2832
3276
3746
3756
3726
3661
3231
3743
2027
3751
3764
3734
3666
3077
3645
3751
3755
3728
3673
3325
3747
2245
3671
3764
3728
3677
2801
3269
3761
3655
3728
3678
3583
3667
2200
3664
3769
3672
3663
2856
3204
3746
3762
3724
3734
3082
3518
3750
3742
3729
3665
2772
3192
3734
3749
3672
3676
3235
3659
1965
3760
3659
3725
3347
3674
1940
3752
3659
3726
3259
3670
2013
3747
3748
3725
3220
3579
3666
3733
3703
3663
3183
3447
3731
3744
3718
3653
3083
3697
3745
3674
3724
3729
3398
3742
2093
3755
3756
3738
3683
2840
3177
3666
3771
3674
3679
2771
3153
3663
3673
3668
3268
3672
2033
3649
3759
3660
3463
3745
2135
3657
3766
3675
2882
3296
3666
3740
3706
2855
3653
2070
3728
3742
3721
3023
3578
3667
3746
3719
3653
2836
3284
3740
3639
3712
3672
2903
3607
3673
3655
3711
3663
3425
3743
2210
3667
3759
3734
2966
3370
3668
3750
3724
3652
3595
3737
2228
3746
3749
3731
3673
3706
3756
2616
3670
3761
3743
3682
3440
3658
2079
3757
3750
3727
3676
3669
1984
2586
3755
3762
3730
3661
3578
3740
2353
3747
3765
3741
3678
3612
3656
2327
3763
3673
3731
3682
3405
3665
2288
3759
3667
3732
3672
3552
3756
2359
3670
3769
3736
3668
3596
3758
2659
3671
3760
3740
3666
3309
3741
2086
3756
3666
3731
3678
3401
3672
2223
3673
3764
3729
3662
3743
2179
2835
3757
3751
3731
3671
3195
3579
3749
3766
3722
3726
3170
3516
3738
3753
3728
3675
3317
3565
3671
3660
3725
3663
3414
3746
1994
3662
3762
3736
3669
2934
3742
3758
3663
3732
3677
3246
3668
2040
3658
3767
3666
3658
2996
3505
3739
3752
3723
3723
2877
3141
3729
3743
3726
3667
3302
3745
2115
3663
3767
3681
3661
3362
3748
2424
3734
3761
3739
3681
3345
3661
2203
3755
3761
3738
3681
3506
3670
2195
3665
3771
3673
3674
3371
3663
2082
3756
3757
3732
3663
3311
3753
2160
3673
3772
3684
3684
3240
3578
3664
3759
3726
3737
2946
3353
3650
3746
3728
3659
3735
1985
3049
3753
3660
3721
3669
3466
3738
2179
3759
3680
3741
3670
3711
3745
2383
3751
3772
3672
3674
3202
3666
2035
3757
3662
3721
3729
3033
3650
3738
3751
3717
3722
3312
3641
3739
3750
3726
3645
2950
3376
3736
3664
3724
3660
3342
3746
2080
3662
3767
3680
3658
3252
3674
3748
3664
3734
3653
2992
3422
3734
3745
3719
3733
2980
3364
3662
3752
3715
3715
3603
3731
2191
3745
3753
3719
3734
3385
3663
2533
3755
3745
3713
3716
3534
3648
2357
3743
3753
3725
3675
3588
3664
2369
3759
3673
3733
3674
3689
3743
2344
3756
3767
3734
3666
3454
3750
2300
3758
3755
3734
3676
3337
3741
2178
3756
3763
3734
3674
3428
3750
2525
3769
3676
3740
3669
3748
2009
2447
3654
3765
3672
3724
2987
3729
2238
3742
3759
3723
3678
3453
3739
2419
3757
3667
3723
3729
2923
3439
3737
3752
3727
3662
3053
3423
3743
3646
3722
3662
3569
3737
2320
3748
3747
3716
3732
3537
3745
2543
3760
3752
3729
3688
3661
1985
2729
3757
3682
3679
3654
2973
3695
3733
3744
3709
3648
3544
3738
2126
3669
3756
3732
3664
3115
3611
3741
3755
3733
3660
3542
3738
2258
3750
3765
3733
3652
3440
3748
2231
3655
3761
3696
3668
3085
3545
3739
3751
3735
3652
2722
3004
3744
3674
3676
3670
3367
3747
2131
3747
3736
3727
2831
3152
3664
3743
3725
3652
2895
3483
3737
3673
3716
3660
3203
3460
3727
3740
3709
3719
2948
3729
2012
3738
3741
3712
3662
3455
3729
2468
3739
3753
3724
3670
3618
3742
2206
3680
3754
3725
3729
3012
3640
3742
3751
3713
3718
3297
3659
2150
3743
3752
3719
3656
2937
3295
3733
3750
3677
3670
2833
3575
3659
3742
3714
2744
3228
3660
3725
3708
3224
3399
3638
3732
3653
2637
3005
3709
3718
3699
3614
3716
2199
3731
3736
3714
2959
3664
2102
3738
3751
3717
3669
3463
3737
2623
3755
3677
3726
3668
3540
3743
2306
3746
3749
3719
3727
3652
3745
2364
3760
3761
3740
3670
2991
3411
3745
3746
3724
3666
3266
3736
2240
3744
3754
3715
3724
3302
3740
2413
3761
3676
3737
3674
3420
3750
1976
3684
3681
3729
3668
2926
3536
3748
3741
3724
3658
3345
3730
2077
3749
3667
3731
3675
3496
3746
2274
3757
3757
3721
3722
3744
2106
2689
3663
3763
3739
3672
2828
3366
3736
3752
3724
3723
3729
2026
2568
3742
3746
3721
3669
3318
3688
3730
3738
3724
3653
3361
3733
2109
3652
3747
3736
3662
3533
3731
2214
3742
3755
3721
3730
3745
2036
2676
3758
3758
3733
3674
3450
3732
2131
3748
3760
3721
3733
3033
3379
3745
3763
3733
3648
3732
2001
2699
3742
3757
3732
3662
3744
3748
2416
3756
3751
3739
3677
2878
3408
3752
3763
3670
3651
2832
3119
3718
3728
3699
2544
3365
3715
3720
3700
2854
3662
2858
3710
3730
3711
3299
3717
2481
3739
3666
3727
3674
3333
3669
1980
3749
3748
3719
3735
3049
3667
2025
3758
3750
3729
3668
3592
3736
2206
3749
3737
3723
3681
3344
3742
2014
3759
3679
3740
3676
2991
3375
3753
3732
3709
3716
3497
3733
2364
3745
3752
3726
3668
3737
2111
2673
3744
3750
3728
3674
3282
3738
2226
3746
3746
3713
3720
3731
2368
3048
3752
3667
3720
3681
3380
3668
2346
3672
3734
3715
3668
3730
2011
2400
3741
3753
3721
3722
3343
3738
2199
3748
3767
3691
3676
3637
3655
2336
3744
3756
3713
3711
3361
3729
2190
3752
3656
3724
3681
2919
3268
3736
3747
3718
3660
2773
3737
1953
3750
3758
3722
3717
3598
3739
2942
3750
3759
3738
3669
3742
2153
3090
3755
3771
3727
3728
3741
2071
2689
3739
3756
3730
3670
3740
2155
2857
3751
3747
3726
3658
3526
3726
2450
3736
3757
3691
3671
3742
2136
3243
3751
3739
3708
3717
3722
2641
3484
3743
3669
3725
3690
3330
3664
2655
3755
3683
3676
3655
3272
3740
2671
3673
3732
3696
3703
3506
3728
2425
3746
3767
3686
3663
3451
3729
2108
3747
3755
3732
3665
3091
3744
2192
3736
3751
3730
3672
3742
2567
3475
3753
3763
3736
3668
3636
3748
2489
3657
3744
3718
3662
3731
2842
3361
3734
3750
3665
3719
3341
3728
2721
3747
3739
3721
3685
3663
2431
2986
3743
3763
3724
3720
3731
2316
2728
3736
3748
3716
3724
3060
3654
2036
3747
3680
3741
3680
3660
3747
3751
2687
3753
3774
3667
3726
2927
3322
3740
3764
3669
3724
3733
1964
2700
3741
3756
3726
3736
3309
3682
3746
3768
3658
3713
3584
3728
2248
3674
3748
3702
3716
3735
2489
3297
3749
3755
3715
3716
3727
2655
3015
3729
3746
3704
3710
3441
3723
2214
3746
3683
3723
3723
3311
3636
2396
3738
3685
3707
3711
3727
2331
3415
3741
3744
3711
3715
3147
3731
2070
3741
3756
3723
3726
3674
2872
3475
3740
3753
3720
3720
3737
3273
3747
2656
3748
3742
3728
3682
3728
2435
3105
3741
3747
3715
3713
3718
2852
3734
2152
3747
3746
3709
3720
3089
3491
3679
3748
3724
3655
3291
3715
2696
3732
3733
3719
3640
2087
2498
3721
3737
3719
3678
3731
2729
3738
2180
3758
3770
3719
3709
3725
3009
3741
2340
3764
3776
3757
3697
3749
2680
3739
2170
3757
3771
3741
3684
3740
2347
3256
3749
3754
3732
3666
3482
3734
2532
3756
3676
3712
3713
3204
3728
2167
3745
3771
3687
3726
3739
2920
3750
2216
3748
3785
3706
3661
3738
2099
3749
2318
3760
3758
3731
3705
3676
2282
3004
3757
3658
3698
3701
3716
3091
3729
2925
3753
3762
3725
3736
3673
2158
2449
3756
3764
3729
3715
3391
3731
2091
3748
3747
3722
3663
3232
3720
2357
3737
3758
3719
3726
3747
3158
3748
2211
3755
3757
3737
3736
3302
3682
2238
3756
3760
3741
3679
3021
3425
3639
3730
3704
3711
3697
3713
2720
3730
3733
3715
3651
3728
3281
3731
2696
3755
3773
3744
3675
3751
3670
2554
3006
3772
3696
3753
3674
3604
3730
2864
3748
3680
3731
3656
3719
2167
2426
3731
3751
3713
3721
3658
2362
3744
2205
3741
3766
3731
3733
3717
3680
3750
3761
2402
3782
3759
3753
3697
3662
3599
3735
2696
3760
3757
3746
3686
3743
2293
2827
3753
3737
3713
3705
2857
3561
3709
3748
3661
3693
3713
2735
3513
3729
3748
3703
3720
3646
2510
3102
3722
3743
3698
3703
3446
3708
2254
3736
3699
3713
3731
3645
2155
2565
3727
3750
3723
3714
3733
2632
3610
3742
3763
3727
3719
3735
2256
2817
3654
3758
3669
3720
3690
2579
3731
2176
3759
3786
3691
3679
3387
3726
2716
3763
3680
3729
3642
3738
2735
3691
2263
3735
3769
3721
3736
3405
3731
2391
3747
3771
3751
3684
3710
3181
3733
2752
3750
3772
3726
3713
3722
3746
2330
3316
3750
3771
3737
3721
3744
2818
3388
3732
3748
3730
3673
3732
3675
2954
3748
2284
3771
3773
3741
3677
3744
2971
3749
2312
3760
3772
3744
3664
3712
2492
3079
3720
3748
3711
3715
3559
3659
2795
3747
3655
3732
3690
3724
2860
3706
3740
3713
3701
3667
3719
2620
3736
2625
3750
3761
3723
3729
3699
3455
3649
2967
3757
3701
3704
3691
3711
2200
3113
3743
3676
3705
3704
3704
3726
2820
3748
3658
3729
3672
3726
3729
2401
2659
3745
3774
3685
3735
2964
3390
3644
3743
3716
3665
3677
3695
3226
3714
3727
3708
3224
3619
2173
3711
3726
3711
3671
3722
2096
2766
3742
3763
3719
3717
3694
2138
2943
3685
3737
3711
3690
3457
3713
2392
3726
3749
3725
3655
3732
2467
3063
3726
3746
3729
3662
3733
2164
2917
3737
3744
3708
3715
3742
3025
3688
3752
3747
3711
3686
3688
3720
2446
3672
3748
3705
3703
3735
2353
3694
2242
3606
3135
1862
2443
2701
2607
2023
2348
2948
3015
3190
3192
2261
2373
3396
3486
3440
3459
3514
2470
2603
3577
3633
3569
3614
2723
2939
3657
3666
3655
2388
2568
3669
3712
3689
2621
2925
3661
3728
3693
2712
2965
3720
3648
3709
2877
3327
3663
3741
3720
3118
3542
3656
3741
3716
3061
3659
1908
3740
3752
3728
3210
3664
2286
3751
3751
3729
3674
3102
3611
3655
3751
3713
3717
3601
3735
2278
3746
3753
3727
3667
2915
3321
3749
3763
3725
3648
3164
3740
2005
3677
3756
3721
3661
3426
3742
2328
3744
3770
3688
3653
2840
3172
3738
3753
3778
3126
1764
1933
1768
2112
2164
417
443
466
1706
2356
1539
1928
1749
2209
2564
2889
3156
3057
2499
2336
2887
3387
3337
2295
2430
3519
3602
