204
101
6
6
231
346
485
631
789
948
1120
1251
1399
1329
307
421
594
793
1009
1218
1399
1578
1804
2061
1842
1135
1196
1436
1721
1997
2251
2398
2723
2807
3026
3187
3335
3426
2422
2270
3249
3388
3423
3501
2806
3527
3535
3537
3606
3661
3711
3373
3749
2322
3770
3768
3730
3604
3628
3692
3651
3745
3515
3739
2598
3757
3775
3739
3662
3676
2900
3464
3712
3726
3660
3645
3688
1904
2287
3707
3725
3671
3690
3705
2348
2966
3714
3729
3692
3648
3346
3698
2320
3716
3696
277
360
382
2857
2217
2670
1940
1839
2552
3280
3344
2106
2443
2710
3528
3595
3570
2536
2871
3623
3666
3638
2904
3192
3654
3645
3644
2788
3502
3652
3638
3676
3224
3688
1870
3708
3720
3704
3064
3648
1828
3732
3655
3710
3633
3068
3712
2214
3730
3735
3700
3666
3176
3642
1884
3733
3645
3698
3676
2632
3130
3636
3725
3669
3637
3308
3714
1898
3640
3736
3664
2689
3096
3650
3727
2880
2023
2149
3321
397
422
444
3125
2766
2383
2394
1812
2266
2519
2723
2817
2967
3119
3225
3311
2718
2939
3353
3465
3377
3359
3390
3468
2840
3244
3546
3613
3525
3534
2693
3049
3607
3655
3590
3634
3329
3677
2197
3713
3740
3687
3708
3323
3701
3737
3678
3679
3671
2719
3047
3655
3726
3696
3025
3661
1946
3737
3655
3707
3119
3531
3721
3741
3714
3147
3671
2135
3651
3743
3704
3267
3711
2080
3728
3744
3724
3292
3580
3662
3736
3701
3707
2788
3173
3727
3740
3721
3661
3334
3720
3740
3655
3718
3648
3038
3724
2011
3737
3749
3716
2867
3656
3730
3746
3712
3666
2812
3202
3652
3739
3705
3656
3299
3707
3727
3746
3711
3648
3563
3725
2374
3735
3753
3723
3649
3329
3733
2103
3741
3757
3714
3720
2953
3457
3723
3740
3715
3658
3211
3719
2037
3725
3746
3670
3660
3448
3730
2435
3741
3755
3727
3678
3451
3671
2134
3752
3754
3726
3668
3173
3739
2510
3749
3753
3703
3713
3732
2103
2434
3744
3745
3730
3667
3421
3727
2040
3735
3751
3726
3669
3730
2411
2917
3736
3749
3718
3729
3155
3662
2026
3760
3654
3727
3638
3204
3728
2111
3654
3746
3725
3657
3727
2865
3603
3737
3747
3722
3679
3416
3738
2556
3644
3747
3734
3634
3728
2909
3539
3651
3751
3666
3713
3636
2585
3134
3728
3762
3663
3703
3720
2747
3743
2244
3728
3769
3719
3715
2283
3122
1739
1769
1538
1970
2502
2834
3100
2953
2562
2360
2936
3270
3322
3403
3475
3543
2935
3184
3609
3661
3604
3597
3219
3625
3637
3673
3633
3665
3246
3696
2153
3720
3736
3698
3673
3143
3727
2213
3745
3753
3715
3651
3724
2249
3513
3677
3749
3722
3659
3727
2043
3097
3749
3671
3721
3650
3673
3739
2487
3689
3733
3708
3635
3032
3367
3716
3736
3711
3655
3563
3693
2603
2820
1420
1561
1872
2886
2257
427
494
551
1450
2198
1419
1680
1519
1846
2259
2468
2760
3150
2773
2449
2129
3006
3337
3379
3452
3508
3565
2169
2202
3624
3672
3623
3623
1946
1979
3667
3678
3661
3673
1881
1922
3666
3667
3677
1737
1743
3665
3666
3665
1754
1766
3668
3667
3672
1753
1776
3668
3669
3670
1784
1807
3668
3668
3675
1794
1810
3665
3666
3674
1809
1833
3668
3666
3671
1859
1914
3670
3662
3672
1834
1862
3672
3667
3673
1812
1850
3670
3667
3669
1832
1876
3671
3666
3671
1834
1868
3668
3665
3673
1848
1872
3670
3663
3672
1878
1925
3667
3664
3670
1852
1879
3670
3665
3673
1873
1919
3671
3666
3670
1867
1945
3668
3665
3673
1894
1958
3667
3668
3673
1881
1921
3670
3664
3672
1892
1938
3668
3663
3675
1906
1953
3680
3663
3670
1880
1922
3670
3662
3673
1911
1981
3673
3666
3665
1893
1962
3669
3666
3670
1908
1972
3673
3661
3674
2088
2143
3665
3664
3674
1907
1974
3669
3664
3671
1930
1986
3670
3667
3672
1936
1996
3668
3667
3672
1968
2044
3669
3665
3672
1942
2071
3667
3669
3670
2059
2135
3671
3667
3672
1973
2053
3670
3668
3671
1950
2060
3670
3670
3675
1965
2023
3669
3664
3675
1998
2054
3662
3664
3672
2111
2195
3670
3666
3674
2014
2085
3666
3665
3675
2000
2095
3670
3667
3666
2006
2105
3669
3664
3674
2035
2110
3670
3667
3676
2011
2128
3669
3665
3675
2004
2217
3670
3666
3671
2155
2280
3667
3659
3675
2051
2151
3669
3662
3673
2029
2121
3671
3666
3674
1962
2074
3673
3662
3671
2021
2127
3664
3666
3673
1956
2064
3669
3666
3675
2194
2374
3668
3666
3672
2073
2143
3669
3668
3672
2243
2381
3667
3666
3672
2015
2102
3668
3668
3671
2032
2148
3666
3666
3673
2060
2237
3671
3669
3669
2114
2252
3666
3655
3729
2079
2177
3669
3663
3668
2067
2233
3663
3660
3677
2079
2164
3672
3666
3673
2056
2160
3670
3669
3659
2119
2221
3671
3669
3676
2041
2198
3673
3659
3730
2148
2231
3663
3754
3671
2182
2288
3666
3663
3676
2081
2275
3668
3666
3660
2310
2454
3661
3671
3674
2142
2252
3669
3669
3676
2273
2418
3668
3665
3668
2092
2263
3669
3667
3672
2102
2245
3673
3664
3666
2166
2359
3662
3746
3673
2382
2480
3666
3664
3673
2199
2323
3670
3671
3672
2111
2224
3669
3662
3670
2121
2220
3673
3664
3662
2191
2307
3672
3666
3666
2134
2275
3667
3671
3673
2346
2557
3668
3656
3728
2403
2581
3668
3662
3673
2137
2253
3671
3667
3672
2137
2331
3670
3665
3665
2330
2552
3672
3663
3673
2162
2273
3667
3667
3675
2176
2275
3659
3748
3665
2213
2380
3663
3668
3674
2178
2323
3673
3664
3676
2187
2331
3661
3753
3665
2222
2337
3664
3671
3672
2112
2218
3669
3666
3655
2283
2399
3668
3666
3669
2186
2359
3662
3661
3672
2165
2300
3673
3669
3668
2378
2545
3664
3667
3671
2420
2563
3660
3749
3673
2180
2372
3666
3660
3733
2467
2664
3669
3664
3675
2427
2590
3670
3665
3670
2223
2370
3671
3664
3677
2451
2645
3661
3750
3663
2176
2312
3668
3669
3676
2182
2284
3667
3657
3734
2188
2296
3672
3655
3732
2307
2460
3665
3665
3667
2243
2446
3672
3660
3672
2214
2402
3668
3670
3669
2223
2375
3661
3744
3735
2301
2480
3660
3753
3674
2477
2691
3663
3670
3672
2265
2459
3668
3668
3668
2290
2488
3656
3746
3662
2242
2454
3671
3659
3726
2243
2435
3669
3666
3672
2261
2384
3665
3667
3677
2297
2448
3667
3666
3668
2192
2365
3662
3665
3674
2249
2404
3670
3671
3662
2519
2749
3669
3665
3665
2207
2328
3662
3666
3672
2420
2699
3667
3671
3671
2519
2739
3668
3669
3673
2276
2445
3671
3668
3668
2233
2443
3667
3664
3676
2370
2612
3668
3668
3667
2331
2546
3666
3664
3676
2458
2623
3667
3663
3672
2303
2531
3667
3660
3667
2461
2659
3669
3669
3667
2258
2426
3664
3665
3679
2262
2411
3669
3661
3732
2252
2390
3670
3654
3724
2396
2543
3669
3661
3677
2534
2759
3669
3658
3669
2592
2866
3662
3670
3667
2382
2563
3664
3661
3670
2268
2443
3675
3664
3671
2268
2405
3671
3663
3659
2283
2480
3669
3663
3659
2293
2483
3671
3668
3673
2267
2451
3663
3666
3671
2313
2494
3666
3669
3670
2319
2516
3671
3660
3673
2261
2526
3668
3663
3675
2298
2506
3671
3668
3670
2380
2581
3663
3663
3675
2263
2484
3662
3752
3672
2645
2856
3652
3749
3660
2444
2634
3666
3661
3732
2399
2687
3669
3669
3676
2571
2867
3669
3663
3675
2448
2561
3671
3667
3672
2305
2513
3663
3669
3674
2620
2863
3668
3661
3675
2444
2622
3670
3658
3735
2401
2544
3663
3750
3735
2364
2546
3663
3669
3678
2327
2505
3673
3667
3668
2408
2691
3663
3666
3668
2461
2763
3663
3660
3679
2563
2903
3669
3664
3662
2503
2717
3663
3745
3671
2484
2728
3667
3660
3676
2418
2621
3665
3662
3675
2328
2511
3673
3655
3735
2478
2718
3664
3666
3668
2374
2528
3670
3660
3675
2323
2543
3667
3668
3676
2672
2988
3670
3664
3672
2675
2955
3665
3662
3677
2406
2562
3666
3668
3672
2379
2537
3670
3651
3731
2386
2649
3664
3747
3732
2549
2767
3654
3750
3673
2403
2663
3665
3659
3725
2715
2935
3663
3746
3725
2633
2857
3664
3660
3669
2586
2840
3668
3664
3673
2335
2501
3675
3663
3674
2626
2887
3659
3753
3658
2502
2744
3668
3668
3667
2462
2646
3668
3657
3731
2444
2679
3659
3747
3731
2475
2757
3670
3661
3726
2556
2773
3670
3666
3669
2534
2804
3669
3666
3658
2585
2792
3663
3671
3668
2774
3026
3660
3746
3659
2773
3047
3666
3663
3669
2476
2701
3668
3654
3722
2643
2958
3668
3668
3667
2677
2974
3666
3670
3666
2639
2843
3661
3755
3662
2567
2812
3668
3672
3674
2553
2775
3669
3668
3662
2730
2928
3670
3655
3718
2516
2742
3668
3657
3721
2505
2771
3674
3655
3732
2809
3015
3662
3750
3664
2782
2991
3670
3665
3675
2553
2829
3667
3663
3662
2797
3121
3669
3651
3723
2676
2904
3664
3667
3668
2518
2823
3660
3744
3661
2757
2977
3671
3667
3670
2755
3088
3669
3664
3673
2747
2922
3667
3668
3659
2526
2672
3666
3656
3724
2919
3082
3651
3742
3660
2634
2943
3668
3654
3723
2665
2865
3669
3658
3732
2491
2723
3669
3661
3671
2476
2671
3670
3664
3673
2541
2786
3667
3663
3671
2431
2661
3653
3735
3722
2549
2790
3662
3749
3663
2442
2622
3674
3668
3672
2527
2794
3665
3659
3673
2722
3057
3662
3747
3671
2527
2757
3661
3749
3666
2731
3099
3669
3666
3671
2835
3160
3671
3667
3671
2553
2801
3665
3664
3656
2851
3149
3665
3739
3734
2832
3077
3663
3754
3660
2571
2822
3664
3670
3669
2500
2676
3670
3651
3725
2670
3002
3652
3734
3717
2803
3029
3663
3747
3671
2717
2919
3664
3661
3671
2678
2956
3659
3745
3673
2848
3018
3662
3665
3669
2530
2851
3662
3667
3666
2574
2935
3657
3746
3656
2628
2847
3739
3661
3732
2564
2887
3672
3654
3730
2719
3073
3665
3749
3673
2841
3102
3665
3660
3733
2734
3165
3658
3746
3671
2708
2945
3654
3741
3727
2859
3223
3667
3665
3670
2898
3112
3670
3658
3726
2624
2852
3664
3741
3722
2608
2878
3661
3750
3673
2689
2937
3669
3665
3669
2875
3120
3667
3666
3672
2577
2839
3657
3749
3659
2796
3191
3668
3663
3664
2578
2774
3662
3742
3674
2553
2805
3661
3659
3726
2617
2859
3667
3665
3663
2551
2752
3667
3661
3658
2532
2837
3672
3657
3723
2620
2868
3656
3742
3667
2718
3045
3663
3666
3665
2579
2811
3657
3738
3727
3017
3274
3659
3747
3676
2669
3136
3671
3665
3659
2818
3111
3668
3657
3662
2582
2934
3674
3667
3666
2708
2995
3660
3751
3661
2616
2914
3666
3659
3722
2853
3218
3663
3745
3720
2962
3382
3738
3661
3674
2905
3218
3662
3751
3671
2664
3020
3646
3746
3674
2737
3151
3665
3667
3668
2884
3118
3667
3668
3667
2773
3004
3664
3668
3668
2875
3214
3671
3655
3734
2992
3401
3666
3755
3662
2825
3188
3663
3669
3661
2619
2957
3659
3742
3666
2524
2786
3672
3668
3675
2600
2960
3666
3666
3675
2667
3108
3670
3659
3731
2616
2869
3672
3660
3672
2423
2630
3667
3663
3662
2410
2676
3662
3742
3664
2888
3159
3659
3741
3720
2856
3088
3662
3745
3720
2649
2991
3667
3664
3669
2616
3001
3654
3742
3669
2766
3077
3660
3750
3675
2642
2871
3660
3741
3724
2431
2708
3654
3748
3670
2627
2939
3661
3748
3667
2657
3043
3659
3747
3732
2657
2865
3669
3669
3668
2708
3016
3670
3663
3670
2833
3226
3665
3666
3675
2621
3040
3667
3661
3669
3030
3250
3654
3743
3673
2457
2771
3669
3657
3725
2996
3373
3660
3741
3725
2891
3220
3658
3753
3668
2621
2993
3655
3741
3724
3058
3385
3663
3754
3674
2864
3229
3663
3655
3724
2754
3234
3660
3748
3666
2783
3108
3661
3747
3661
2869
3309
3741
3667
3733
3139
3537
3657
3745
3716
2968
3268
3734
3653
3726
2614
2945
3666
3660
3727
2694
3002
3664
3744
3721
2649
2935
3673
3668
3668
2631
2917
3669
3668
3663
2404
2678
3668
3665
3659
2442
2758
3668
3660
3719
2615
2951
3675
3669
3669
3046
3376
3656
3748
3664
2644
2960
3652
3747
3668
2718
3059
3654
3743
3727
2726
3020
3650
3745
3660
2895
3288
3675
3667
3677
2854
3286
3670
3668
3671
2658
2932
3664
3668
3670
2861
3267
3669
3664
3669
3021
3332
3663
3658
3736
2970
3274
3656
3742
3727
2694
3013
3665
3667
3673
2876
3285
3664
3747
3669
3007
3415
3659
3660
3732
2704
3090
3650
3739
3719
3068
3409
3732
3746
3728
2730
3062
3654
3748
3661
2678
3021
3653
3739
3665
2981
3365
3661
3654
3727
3192
3532
3660
3739
3726
3078
3464
3655
3747
3658
2946
3281
3671
3662
3671
2605
2913
3663
3670
3663
2638
2981
3673
3659
3670
2611
2905
3663
3662
3662
2713
3067
3663
3665
3669
3017
3553
3671
3664
3667
2578
2897
3670
3668
3669
2710
3019
3663
3757
3672
2655
2925
3661
3663
3731
2675
3003
3673
3663
3663
2772
3064
3662
3664
3675
3084
3537
3665
3668
3674
3044
3520
3658
3754
3666
3020
3511
3670
3667
3672
2901
3220
3669
3658
3732
2456
2798
3670
3670
3669
2600
2951
3664
3659
3728
3104
3392
3654
3735
3713
2490
2839
3649
3731
3719
2710
3086
3660
3742
3659
2605
2909
3661
3739
3726
3205
3659
3659
3751
3671
2957
3346
3665
3661
3727
3094
3416
3660
3749
3668
3063
3371
3667
3662
3669
2595
2952
3665
3740
3719
2733
3138
3727
3733
3718
2729
3123
3659
3743
3674
3008
3514
3658
3745
3660
2764
3268
3670
3660
3730
2666
3158
3672
3659
3723
2667
2997
3665
3743
3723
2726
3040
3652
3747
3659
2630
3000
3662
3744
3668
2657
2989
3669
3668
3669
3083
3470
3657
3740
3731
3156
3594
3660
3745
3726
2720
3058
3656
3739
3718
2854
3215
3661
3663
3678
2550
2825
3652
3744
3672
2799
3159
3673
3653
3733
2784
3160
3658
3736
3727
2709
3207
3661
3746
3727
3141
3483
3661
3754
3657
2770
3166
3728
3733
3723
2897
3245
3661
3749
3725
2673
3171
3663
3656
3720
3096
3378
3658
3743
3665
2690
3098
3664
3659
3726
2427
2807
3661
3753
3660
2670
3138
3662
3645
3719
2835
3245
3649
3736
3671
2760
3114
3662
3659
3725
2687
3105
3669
3647
3724
3254
3660
1898
3742
3754
3738
3235
3627
3677
3652
3727
3669
2721
3168
3746
3666
3729
3220
3592
3654
3735
3726
2753
3261
3663
3744
3725
3208
3652
3662
3750
3664
3080
3516
3662
3664
3672
3051
3509
3667
3748
3675
3042
3325
3672
3668
3667
2970
3433
3671
3654
3731
2758
3123
3653
3752
3662
3042
3569
3662
3658
3729
3107
3617
3669
3656
3725
3154
3662
3666
3746
3728
3190
3634
3656
3754
3670
3161
3651
1923
3745
3748
3739
3260
3588
3672
3756
3723
3727
3323
3741
2209
3749
3760
3741
3678
3284
3651
3671
3665
3735
3674
3256
3664
2005
3669
3674
3684
2811
3139
3663
3752
3726
2695
3141
3735
3741
3724
3275
3667
1990
3658
3754
3737
3089
3566
3674
3641
3711
3206
3664
1870
3741
3654
3723
3207
3519
3665
3749
3675
2731
3111
3665
3655
3721
3108
3621
3659
3742
3668
3043
3541
3669
3643
3715
3098
3497
3662
3743
3666
3120
3606
3668
3660
3662
3113
3625
3661
3735
3719
2744
3181
3729
3747
3723
3281
3657
1922
3747
3674
3671
3128
3666
1874
3745
3761
3660
2855
3250
3675
3669
3661
3141
3591
3665
3730
3717
3167
3663
1906
3643
3750
3675
3114
3590
3667
3740
3719
3326
3666
1965
3743
3749
3726
3347
3667
2074
3752
3661
3725
3680
2812
3196
3664
3672
3731
3675
2605
2883
3655
3752
3725
2755
3147
3663
3743
3713
2808
3342
3732
3749
3644
2985
3341
3725
3659
3725
3099
3596
3674
3650
3722
2899
3426
3664
3744
3722
3152
3524
3734
3751
3670
3070
3606
3666
3645
3725
3169
3665
1887
3663
3670
3672
3050
3606
3676
3652
3729
3264
3668
1889
3751
3661
3738
2773
3163
3673
3652
3723
3119
3629
3665
3743
3715
3227
3603
3731
3745
3725
2858
3368
3656
3747
3672
2718
3083
3666
3652
3724
3320
3664
2006
3738
3750
3732
2861
3487
3663
3752
3677
3649
3454
3738
1949
3657
3761
3676
2926
3278
3670
3667
3675
3184
3664
1852
3642
3737
3732
3250
3668
2052
3758
3663
3735
3669
2911
3216
3753
3749
3730
3668
2850
3250
3748
3656
3720
3669
2925
3349
3744
3675
3673
3044
3635
3664
3750
3659
3138
3622
3654
3743
3658
3324
3686
3722
3736
3719
3274
3661
1970
3742
3680
3663
2799
3230
3673
3661
3717
2873
3255
3661
3734
3716
2896
3518
3654
3734
3720
3228
3661
1966
3740
3755
3732
3295
3745
1994
3760
3765
3749
3656
2801
3354
3754
3766
3735
3674
2516
2809
3666
3663
3729
3666
2928
3334
3742
3743
3722
3208
3654
1921
3743
3663
3725
3260
3598
3662
3748
3672
2741
3080
3663
3741
3656
3157
3667
1851
3667
3663
3732
3192
3560
3670
3672
3675
3031
3581
3671
3659
3658
2665
3007
3664
3652
3719
2749
3088
3664
3672
3668
3048
3588
3652
3737
3713
2881
3264
3729
3659
3720
3236
3664
1883
3749
3658
3738
3266
3668
2024
3756
3764
3738
3666
2975
3657
3751
3752
3736
3668
2625
2915
3751
3673
3730
3659
2787
3218
3742
3753
3732
3231
3567
3661
3740
3714
2711
3145
3727
3741
3728
3211
3533
3647
3737
3716
3154
3670
1836
3665
3664
3737
2946
3416
3666
3748
3727
3158
3652
2026
3726
3743
3728
2981
3519
3677
3651
3723
3661
3566
3738
2238
3754
3771
3663
2767
3204
3673
3665
3732
2721
3285
3677
3652
3732
3142
3671
1928
3740
3761
3667
3225
3552
3673
3656
3709
3164
3668
1852
3666
3664
3729
3284
3659
2010
3746
3755
3737
3504
3672
2085
3653
3763
3674
3658
3291
3737
2299
3745
3761
3731
3672
3264
3750
2359
3759
3761
3739
3670
3347
3697
3753
3678
3738
3680
3162
3660
1976
3760
3672
3735
3662
3242
3756
2145
3663
3764
3737
3666
3320
3758
2167
3665
3775
3685
3675
3497
3663
2089
3756
3754
3738
3668
3044
3443
3750
3753
3727
3674
2938
3388
3668
3660
3723
3658
3010
3475
3740
3653
3715
3237
3653
2031
3731
3750
3664
2890
3631
3745
3646
3712
2748
3116
3670
3656
3712
3219
3669
1966
3654
3748
3730
2986
3458
3666
3761
3670
3333
3666
1921
3658
3751
3725
3331
3585
3735
3751
3723
3674
3403
3653
2297
3753
3755
3733
3664
3470
3744
2525
3759
3675
3736
3683
3457
3679
2300
3668
3757
3740
3659
2935
3655
3751
3749
3727
3660
3392
3740
2044
3672
3751
3731
3644
2897
3259
3733
3743
3717
3671
2940
3319
3736
3747
3719
3666
3074
3686
3734
3738
3704
3718
3304
3734
2008
3744
3759
3732
3674
2876
3391
3751
3750
3733
3666
3318
3730
2097
3741
3765
3680
3659
3180
3472
3750
3675
3732
3674
2903
3405
3657
3749
3711
3730
3243
3657
1993
3755
3752
3734
3663
3567
3749
2292
3766
3675
3741
3677
2954
3726
3752
3758
3728
3729
3339
3727
2159
3741
3763
3682
3676
3487
3665
2190
3750
3761
3728
3678
3338
3670
2196
3680
3680
3743
3671
3594
3742
2212
3757
3758
3738
3660
2951
3369
3757
3683
3677
3674
3219
3553
3663
3748
3719
2529
3123
3729
3733
3719
3275
3655
2083
3736
3657
3730
3383
3657
2072
3746
3656
3722
3279
3665
1924
3732
3740
3717
3255
3671
2021
3745
3756
3736
3654
3594
3750
2383
3661
3769
3679
3675
3443
3655
2305
3753
3665
3724
3667
2893
3413
3749
3664
3727
3660
2885
3418
3744
3666
3720
3654
3489
3735
2110
3747
3757
3734
3678
3655
2002
2482
3758
3765
3741
3669
2966
3556
3750
3657
3723
3678
2793
3245
3661
3668
3717
3727
2772
3426
3734
3741
3717
3662
2795
3271
3731
3742
3709
3722
3368
3736
2193
3743
3745
3731
3673
3128
3750
2034
3670
3749
3734
3679
3290
3658
2168
3753
3745
3726
3680
3443
3673
2140
3670
3769
3681
3671
2843
3247
3663
3749
3716
3669
3307
3653
2031
3755
3673
3725
3675
2807
3311
3659
3759
3679
3648
3172
3462
3738
3673
3674
3183
3628
3673
3648
3720
2635
2955
3659
3743
3654
3340
3668
2225
3660
3749
3736
3331
3657
2001
3749
3758
3723
3739
2911
3611
3743
3747
3727
3666
3316
3710
3738
3665
3719
3674
3310
3652
2047
3747
3741
3729
3665
3276
3746
2144
3760
3749
3734
3680
3358
3747
2195
3757
3761
3737
3668
2616
3103
3752
3663
3722
3669
3189
3737
1986
3741
3758
3727
3676
3143
3565
3671
3750
3726
3663
2791
3234
3736
3644
3708
3657
3336
3730
2254
3660
3746
3720
3673
2890
3476
3668
3759
3671
3662
3555
3657
2224
3738
3738
3715
3057
3458
3667
3740
3711
3721
3398
3730
2273
3743
3754
3727
3677
3278
3664
2171
3745
3756
3725
3734
3569
3653
2251
3748
3759
3730
3667
2500
2880
3734
3749
3733
3674
3108
3516
3746
3757
3722
3734
3107
3600
3741
3755
3715
3728
3006
3530
3660
3755
3663
3652
2784
3225
3731
3735
3713
3611
3645
2204
3730
3662
3720
3320
3668
2070
3742
3745
3727
2961
3577
3679
3669
3671
3654
2682
3416
3738
3662
3722
2865
3397
3660
3742
3722
3272
3658
1860
3744
3749
3730
3033
3507
3671
3653
3714
2778
3090
3663
3740
3658
2758
3246
3672
3643
3716
2725
3413
3653
3737
3658
2777
3293
3655
3739
3668
3295
3661
1987
3660
3744
3721
3319
3729
2004
3748
3654
3717
3674
3069
3591
3747
3740
3724
3673
2829
3323
3659
3741
3722
3666
2807
3527
3737
3733
3715
3668
3538
3736
2084
3750
3739
3717
3731
3243
3673
3745
3758
3725
3680
2944
3336
3664
3739
3712
2788
3224
3668
3658
3657
2686
3212
3662
3717
3703
3416
3716
2026
3730
3738
3723
2660
2986
3668
3751
3717
3672
2886
3442
3662
3666
3715
3657
3164
3566
3734
3747
3724
2841
3577
3655
3741
3717
2942
3296
3660
3747
3658
3336
3728
2047
3733
3742
3733
3628
3668
2496
3757
3751
3731
3658
2871
3377
3749
3668
3735
3668
2963
3341
3745
3746
3726
3662
2975
3408
3741
3753
3706
3720
2979
3563
3739
3750
3720
3681
3337
3647
2217
3755
3665
3720
3659
3322
3748
2095
3655
3761
3725
3663
2802
3238
3746
3667
3725
3675
3169
3739
1929
3753
3751
3721
3738
3495
3749
2312
3758
3753
3727
3721
3039
3387
3743
3741
3721
3672
3274
3736
2003
3669
3757
3720
3730
3566
3740
2360
3754
3766
3730
3670
3237
3741
2058
3753
3758
3734
3676
3748
2018
3105
3755
3764
3737
3674
3285
3669
2089
3763
3665
3729
3678
3328
3660
2015
3747
3759
3723
3739
3659
2122
2436
3750
3761
3734
3658
3098
3740
2131
3665
3765
3674
3676
3674
2030
2374
3668
3751
3736
3668
2945
3359
3749
3746
3730
3670
2861
3267
3737
3752
3722
3668
3176
3609
3749
3675
3716
3721
3594
3736
2462
3748
3747
3718
3662
3739
2052
2585
3669
3753
3709
3718
3348
3666
2496
3742
3754
3725
3669
3527
3671
2253
3683
3674
3724
3656
3194
3740
1975
3755
3738
3723
3673
3254
3598
3744
3755
3725
3638
2867
3418
3725
3687
3664
3659
3556
3732
2222
3742
3751
3726
3666
1929
2494
3758
3667
3720
3679
3662
2068
2506
3758
3672
3728
3654
3203
3730
2575
3745
3763
3739
3665
2887
3296
3747
3747
3720
3673
2534
2840
3650
3741
3715
3652
2986
3306
3732
3665
3720
3658
3369
3735
2241
3747
3753
3728
3660
3640
3748
2479
3665
3771
3677
3669
3503
3731
2622
3744
3753
3721
3671
3415
3739
2134
3751
3747
3730
3676
3085
3481
3739
3747
3702
3713
3294
3667
1965
3747
3763
3675
3647
3258
3728
2300
3740
3752
3732
3663
3355
3745
2126
3760
3754
3738
3676
3556
3664
2206
3753
3759
3733
3661
3050
3492
3736
3752
3719
3662
2844
3192
3730
3743
3717
3657
2874
3504
3738
3737
3718
3674
3604
3726
2447
3741
3753
3722
3676
2915
3611
3671
3662
3719
3659
3303
3733
2126
3662
3753
3722
3269
3729
1979
3746
3672
3728
3655
2870
3547
3742
3758
3725
3670
2834
3476
3652
3742
3713
3723
3631
3733
2490
3750
3759
3723
3730
3567
3747
2344
3668
3771
3689
3668
3536
3734
2561
3749
3752
3720
3727
3584
3738
2453
3749
3763
3730
3658
3585
3733
2456
3748
3752
3727
3676
3746
2177
2938
3760
3759
3731
3671
3591
3749
2613
3663
3748
3733
3666
3656
3740
2403
3751
3759
3734
3652
2965
3345
3741
3752
3727
3657
3540
3736
2530
3664
3758
3721
3719
2826
3108
3736
3749
3720
3670
3168
3540
3660
3745
3719
3652
3353
3739
2673
3669
3761
3684
3670
3338
3658
2065
3761
3767
3727
3733
3515
3745
2353
3763
3658
3725
3684
3263
3662
2115
3751
3756
3724
3649
3045
3647
3741
3685
3685
3671
3651
1987
2299
3740
3741
3715
3263
3719
2058
3728
3745
3725
3664
3443
3741
2302
3747
3766
3734
3668
3372
3744
2115
3754
3747
3734
3666
3737
2017
2389
3749
3766
3730
3673
3363
3743
2215
3747
3759
3730
3662
3579
3735
2412
3746
3762
3732
3678
3441
3661
2244
3744
3748
3725
3678
3739
2384
3243
3744
3757
3731
3664
3042
3316
3740
3678
3725
3641
3507
3725
2208
3658
3726
3700
3409
3651
2228
3724
3739
3720
3650
3720
2180
2709
3738
3678
3722
3670
3481
3743
2368
3662
3755
3713
3723
3731
2718
3732
2172
3736
3756
3725
3667
3736
2101
2815
3750
3763
3729
3673
3685
3739
2568
3762
3751
3730
3669
3742
2918
3754
2403
3748
3746
3736
3676
3390
3742
2250
3762
3680
3734
3671
3738
2219
3235
3749
3770
3661
3727
3734
2610
3466
3742
3769
3664
3726
3657
2060
2882
3728
3746
3724
3651
3213
3733
2023
3673
3756
3724
3661
3274
3732
2404
3744
3759
3729
3660
3715
3733
2971
3751
3679
3723
3727
3725
2392
3016
3738
3753
3717
3664
3736
2375
3555
3659
3759
3675
3716
3718
2219
2542
3738
3752
3717
3652
3734
2634
3152
3656
3745
3725
3678
2963
3317
3743
3673
3708
3714
3364
3728
2297
3741
3749
3719
3665
3735
3005
3736
2260
3754
3774
3738
3657
3724
2931
3730
2621
3742
3761
3727
3650
3728
2535
3735
2432
3755
3761
3739
3669
3489
3731
2507
3749
3766
3730
3668
3719
3122
3738
2116
3750
3745
3722
3668
3283
3733
2729
3751
3763
3722
3718
3148
3658
3732
3746
3711
3708
3720
2679
3703
3731
3744
3710
3714
3724
3222
3736
2112
3755
3769
3732
3682
3610
3740
2377
3755
3750
3726
3672
3436
3730
2373
3749
3670
3720
3719
3732
3191
3743
2469
3747
3761
3737
3667
3733
2528
3170
3750
3768
3732
3687
3654
2401
2887
3749
3753
3702
3714
3508
3650
2454
3736
3755
3725
3647
3714
2098
2683
3730
3754
3668
3723
3635
2761
3731
2158
3749
3757
3724
3721
3737
2096
2740
3758
3762
3727
3716
3725
2169
2605
3741
3758
3690
3646
3726
2412
3097
3749
3666
3715
3670
3460
3732
2403
3749
3662
3707
3717
3637
2162
2831
3728
3742
3713
3669
3699
3719
2964
3734
3744
3711
3716
3732
2312
3379
3748
3742
3716
3685
3644
3032
3726
2263
3742
3749
3708
3711
3339
3721
2258
3745
3668
3712
3677
3732
2092
2919
3644
3745
3707
3647
3712
2587
3723
2333
3745
3748
3720
3677
3737
2852
3752
2279
3769
3768
3740
3723
3657
3737
2492
3762
3693
3737
3674
3725
2367
2966
3729
3748
3715
3678
3135
3645
3719
3746
3701
3699
3711
2557
3060
3719
3739
3712
3662
3712
3216
3727
2445
3725
3753
3717
3673
3715
3006
3724
2277
3745
3762
3727
3735
3665
2199
2810
3740
3753
3728
3650
3705
2032
3371
3735
3657
3693
3684
3704
2855
3731
2597
3755
3770
3753
3721
3473
3643
2494
3750
3757
3738
3664
3471
3725
2215
3742
3748
3727
3659
3477
3729
2340
3740
3755
3712
3716
3733
2899
3739
2244
3756
3782
3689
3728
3619
3707
2606
3752
3754
3735
3684
3638
2265
2511
3725
3755
3704
3681
3630
3068
3724
2130
3739
3766
3679
3684
3757
2257
2674
3636
3764
3724
3711
3725
2641
3317
3739
3763
3724
3649
3730
2905
3743
2162
3754
3768
3731
3738
3756
3553
3771
3143
3671
3753
3724
3674
3712
2082
3726
3734
3759
3674
3712
3727
3550
3726
2569
3743
3748
3718
3686
3745
3659
2231
3528
3734
3754
3724
3713
3723
2975
3747
2258
3769
3757
3741
3727
3608
3114
1646
1539
2029
1824
2008
2253
2648
2916
3055
3236
3169
2559
2380
3123
3390
3363
3430
3477
3519
3580
2513
2705
3638
3682
3606
3617
2432
2606
3664
3672
3654
2272
2458
3664
3662
3665
2506
2739
3662
3646
3701
2591
2914
3661
3660
3654
2558
2820
3658
3722
3710
3114
3543
3661
3657
3715
2630
2902
3656
3737
3665
3029
3499
3664
3655
3714
2539
2933
3649
3732
3715
3376
3658
1988
3729
3743
3724
2899
3415
3667
3747
3727
3650
3012
3368
3738
3749
3726
3643
3520
3736
2195
3743
3755
3728
3655
2909
3507
3743
3669
3720
3671
3452
3635
2448
3722
3736
3707
3621
3659
2171
3731
4074
3560
1793
1919
1856
2066
400
417
453
2073
1881
1536
2324
2247
2132
2264
2281
434
503
556
1210
1375
1065
1706
1738
1472
1918
2240
1768
2476
1888
2107
2303
2562
2669
2789
2902
3092
3224
3241
2197
2298
3387
3476
