204
101
6
6
233
346
480
629
786
956
1116
1258
1393
307
424
578
767
978
1165
1365
1545
1651
1855
2190
1630
1205
1175
1497
1757
2044
2278
2424
2757
2874
3066
3238
3359
3452
2421
2273
3260
3388
3434
3511
3078
3523
3522
3533
3600
3656
3708
3450
3673
2599
3766
3689
3708
3491
3601
3646
3703
3743
3764
3580
3762
2578
3772
3747
3746
3693
3659
3708
2340
2780
3720
3742
3657
3672
2960
3620
3700
3721
3663
3644
3390
3686
2171
3705
3718
3669
3685
3509
3695
2288
3706
3724
3408
302
378
447
2858
2241
2736
1924
1918
2619
3309
3394
1948
2563
3020
3547
3614
3606
3619
3662
2794
3224
3662
3654
3651
3650
2885
3207
3633
3714
3649
2540
2890
3654
3712
3695
2838
3144
3636
3720
3652
2461
2985
3645
3654
3643
2871
3435
3697
3702
3689
3155
3699
1904
3709
3719
3690
3018
3431
3642
3714
3682
3689
3049
3464
3709
3723
3693
3641
2943
3663
3711
3642
3685
3650
3062
3706
1797
3725
3734
3708
3643
3166
3564
3722
3724
3857
3783
2487
2598
3092
420
562
595
3123
2574
2461
2466
1925
2242
2709
2821
3025
3240
3157
2828
3017
3385
3490
3442
3447
3515
2724
3080
3572
3631
3584
3613
3275
3655
1894
3664
3715
3664
3668
2700
3294
3712
3726
3676
3692
3651
1915
2687
3725
3743
3703
3717
3733
2154
2728
3742
3749
3724
3688
3208
3654
1965
3753
3682
3726
3647
3514
3732
2111
3729
3745
3720
3660
2815
3263
3743
3660
3722
3665
3627
3735
2268
3654
3745
3720
2790
3236
3658
3736
3704
3661
3554
3730
2249
3741
3753
3714
3720
3300
3639
3734
3740
3713
3663
3723
1935
2646
3726
3744
3710
2704
3416
3728
3741
3707
3709
3319
3719
2205
3733
3749
3711
3719
3380
3730
2384
3744
3752
3728
3664
2757
3418
3739
3742
3724
3665
3495
3726
2320
3738
3741
3704
3723
3154
3571
3738
3752
3717
3662
3514
3726
2313
3743
3752
3712
3724
3734
2569
2827
3749
3763
3724
3730
3651
2329
2979
3737
3752
3715
3661
3728
2390
3190
3658
3752
3715
3713
3725
2924
3374
3722
3741
3706
3707
3719
2192
2705
3730
2725
3112
1704
1570
1886
1797
2230
2492
2782
3138
2962
2802
2670
3038
3350
3370
3447
3519
2646
2909
3586
3636
3590
3619
2724
3096
3658
3692
3657
2606
2940
3662
3703
3679
2735
3053
3647
3717
3650
3193
3693
1958
3708
3726
3706
3479
3715
2263
3732
3743
3710
3676
2733
3633
3657
3746
3717
3659
3667
3717
2400
3734
3747
3706
2459
2859
3721
3734
3695
3712
3634
2069
3024
3717
3735
3702
3715
3420
3727
2544
3740
3758
3719
3710
3726
2828
3616
3732
3754
3883
3614
2598
2480
2662
1922
1361
1120
1798
1728
1767
2290
2506
2844
3096
3257
3120
2894
2535
2951
3321
3260
3374
3444
3504
3570
3430
3632
2511
3675
3721
3646
3613
3214
3658
2218
3692
3725
3671
3654
3497
3717
2207
3679
3757
3717
3681
3332
3662
2169
3754
3744
3719
3677
3657
2192
2748
3754
3669
3717
3723
2991
3363
3743
3742
3696
3705
2792
3213
3716
3729
3700
3650
2721
3623
3717
3718
3695
3650
3036
3715
2127
3727
3741
3717
3655
3601
3727
2300
3738
3757
3733
3667
3722
2309
2870
3744
3659
3724
3684
3666
3306
3652
2321
3751
3760
3731
3732
3719
3040
3750
2381
3747
3773
3732
3722
3725
2205
3135
3735
3734
3717
3707
3642
2791
3348
3735
3753
3720
3655
3246
3728
2224
3742
3729
3700
3708
3722
2141
2514
3736
3748
3717
3649
2899
3215
3727
3739
3714
3648
3720
2172
3709
3731
3735
3713
3663
3741
2274
2814
3658
3747
3733
3663
3725
2412
3740
2266
3754
3734
3712
3723
3737
3739
2472
3734
2336
3756
3758
3735
3687
3745
2668
3326
3742
3763
3739
3681
3732
2306
3057
3735
3750
3721
3681
3633
2206
2778
3734
3752
3720
3707
3717
2447
3303
3727
3743
3701
3701
3708
3422
3728
2787
3737
3758
3728
3649
3707
3132
1886
1845
1601
2067
2521
2655
2306
2108
2680
3091
3265
3206
2461
2730
3444
3535
3525
3147
3581
2527
2847
3639
3681
3634
3651
2659
3016
3680
3708
3672
2789
3132
3666
3657
3682
2827
3179
3708
3643
3701
3343
3658
2141
3731
3742
3715
3036
3336
3726
3737
3705
3712
3729
3419
3733
2219
3747
3770
3672
3736
3685
2547
3653
2242
3764
3756
3723
3723
3491
3655
2588
3745
3748
3708
3696
3720
2128
3160
3657
3744
3697
3715
3672
2185
3199
3735
3752
3717
3723
3722
2618
3219
3733
3747
3702
3711
3300
3670
3720
3744
3661
3709
3719
2969
3386
3727
3743
3720
3641
3735
2203
2951
3733
3759
3718
3713
3739
2632
3111
3664
3759
3725
3655
3728
2097
2488
3728
3749
3690
3230
1530
2231
2229
2404
2313
443
461
514
1686
2429
1591
2200
2022
1699
2198
2588
2864
3155
3290
3394
3427
2691
2188
3008
3425
3412
3475
3378
3562
2078
2118
3623
3673
3613
3635
1920
1959
3674
3674
3668
1873
1899
3670
3666
3673
1760
1764
3664
3662
3675
1769
1780
3673
3667
3671
1768
1781
3671
3666
3674
1784
1815
3671
3666
3664
1857
1904
3669
3669
3674
1868
1893
3673
3667
3672
1812
1852
3668
3665
3676
1839
1885
3672
3668
3672
1850
1894
3668
3664
3667
1854
1888
3669
3665
3674
1867
1906
3673
3667
3675
1851
1878
3670
3668
3672
1895
1934
3671
3667
3670
1847
1899
3672
3662
3677
1880
1954
3670
3662
3675
1874
1944
3669
3660
3674
1884
1945
3670
3666
3672
1914
1964
3670
3668
3674
1920
1977
3669
3667
2489
1867
1942
3730
3712
3665
2004
2060
3672
3672
3679
1890
1963
3673
3669
3670
1941
1992
3670
3667
3676
1936
2002
3669
3666
3671
2073
2137
3671
3660
3733
2013
2110
3670
3663
3677
1939
1994
3670
3670
3676
2106
2186
3661
3756
3665
1985
2060
3662
3659
3733
2132
2195
3665
3750
3670
1985
2060
3666
3670
3669
1985
2049
3665
3666
3679
1981
2043
3667
3668
3674
2012
2141
3674
3665
3675
2033
2106
3670
3668
3676
2026
2067
3668
3663
3676
2011
2098
3673
3671
3669
2191
2305
3670
3664
3674
1965
2099
3669
3662
3671
1998
2089
3671
3666
3676
2071
2143
3672
3672
3676
2017
2147
3671
3668
3676
1977
2065
3673
3668
3663
2000
2078
3671
3668
3674
2050
2158
3676
3668
3662
2014
2085
3669
3660
3679
2049
2124
3670
3668
3670
2031
2129
3672
3668
3674
2022
2119
3672
3672
3672
1998
2075
3670
3664
3672
2044
2135
3671
3669
3671
2049
2129
3676
3672
3672
2067
2157
3670
3667
3669
2146
2328
3672
3666
3677
2178
2242
3672
3660
3679
2097
2269
3673
3667
3666
2067
2194
3671
3668
3676
2049
2167
3673
3669
3674
2088
2186
3672
3668
3672
2077
2200
3669
3662
3676
2209
2342
3672
3668
3672
2056
2164
3674
3668
3669
2100
2213
3666
3670
3671
2141
2332
3664
3666
3676
2150
2295
3667
3668
3667
2313
2425
3666
3668
3677
2165
2287
3660
3752
3670
2192
2294
3667
3668
3672
2176
2265
3672
3666
3675
2123
2238
3670
3668
3680
2163
2258
3673
3663
3678
2070
2202
3665
3669
3667
2105
2223
3669
3663
3675
2147
2257
3673
3668
3674
2146
2258
3673
3666
3668
2163
2298
3673
3666
3669
2105
2265
3665
3670
3679
2160
2280
3669
3670
3671
2172
2292
3670
3668
3673
2149
2292
3668
3666
3671
2184
2351
3669
3673
3672
2190
2338
3673
3671
3672
2165
2326
3672
3669
3670
2188
2318
3671
3667
3679
2112
2225
3671
3668
3673
2253
2414
3668
3669
3671
2276
2396
3672
3660
3733
2211
2371
3655
3750
3670
2152
2291
3671
3662
3733
2136
2275
3666
3755
3675
2393
2620
3671
3657
3730
2228
2377
3666
3667
3671
2410
2609
3666
3666
3677
2135
2289
3675
3665
3667
2182
2315
3671
3670
3666
2184
2330
3662
3750
3670
2174
2427
3669
3669
3679
2302
2432
3670
3659
3677
2307
2470
3665
3668
3667
2256
2402
3673
3666
3674
2343
2501
3675
3666
3664
2229
2390
3673
3649
3733
2506
2736
3668
3660
3674
2293
2443
3675
3670
3667
2471
2691
3663
3662
3679
2295
2469
3668
3665
3668
2206
2393
3665
3655
3730
2461
2622
3669
3657
3730
2288
2490
3660
3747
3668
2458
2640
3668
3665
3681
2287
2461
3670
3660
3738
2281
2472
3671
3667
3673
2187
2320
3675
3666
3673
2251
2422
3664
3669
3663
2203
2373
3671
3665
3672
2280
2532
3673
3671
3674
2397
2520
3672
3669
3669
2330
2469
3668
3668
3672
2361
2506
3673
3650
3729
2408
2571
3659
3746
3734
2306
2510
3664
3670
3678
2209
2443
3672
3667
3674
2281
2443
3669
3659
3734
2329
2478
3665
3757
3675
2361
2507
3670
3670
3677
2210
2379
3675
3663
3671
2332
2521
3668
3672
3679
2224
2376
3672
3661
3661
2293
2452
3669
3671
3666
2263
2427
3675
3670
3662
2394
2545
3672
3670
3675
2426
2620
3656
3748
3676
2371
2563
3667
3668
3676
2240
2404
3672
3671
3666
2512
2767
3670
3653
3733
2631
2877
3666
3749
3727
2638
2940
3664
3663
3681
2412
2575
3665
3752
3667
2394
2559
3664
3653
3728
2406
2541
3673
3665
3677
2367
2586
3663
3661
3664
2463
2626
3668
3668
3674
2495
2673
3665
3668
3668
2306
2523
3671
3669
3663
2400
2554
3670
3669
3669
2274
2445
3667
3666
3673
2406
2536
3670
3665
3671
2529
2804
3677
3668
3676
2446
2628
3675
3668
3670
2407
2546
3667
3674
3660
2345
2589
3667
3657
3729
2550
2734
3669
3659
3665
2305
2482
3673
3662
3652
2408
2574
3730
3664
3669
2400
2581
3669
3663
3674
2613
2915
3677
3658
3672
2334
2526
3672
3668
3671
2386
2571
3670
3672
3679
2517
2743
3667
3666
3671
2323
2574
3667
3662
3736
2498
2784
3670
3666
3663
2586
2779
3666
3657
3729
2461
2730
3658
3751
3675
2671
2954
3664
3667
3675
2393
2565
3663
3662
3667
2472
2679
3667
3659
3668
2344
2616
3665
3670
3674
2543
2734
3660
3750
3661
2437
2701
3670
3663
3674
2366
2554
3670
3664
3668
2293
2485
3661
3743
3730
2412
2575
3668
3660
3730
2375
2573
3673
3662
3670
2521
2699
3673
3657
3730
2738
3000
3668
3671
3662
2395
2630
3667
3665
3739
2573
2819
3663
3753
3673
2452
2717
3667
3656
3727
2583
2834
3666
3758
3650
2613
2805
3729
3742
3732
2791
3119
3663
3752
3679
2713
2953
3663
3668
3675
2447
2659
3670
3665
3665
2444
2660
3666
3668
3676
2537
2825
3661
3755
3674
2610
2851
3674
3662
3676
2669
2869
3671
3669
3678
2501
2705
3665
3754
3656
2516
2751
3740
3658
3731
2381
2669
3675
3661
3733
2495
2682
3666
3749
3732
2798
2992
3658
3757
3671
2740
3031
3654
3740
3726
2751
3112
3668
3670
3674
2402
2618
3670
3671
3669
2495
2685
3672
3671
3669
2718
2955
3670
3664
3681
2442
2688
3662
3756
3669
2666
2973
3668
3652
3724
2696
2974
3668
3659
3679
2425
2653
3677
3658
3678
2439
2712
3667
3659
3732
2736
2985
3667
3671
3672
2589
2872
3673
3662
3670
2755
3047
3668
3668
3652
2457
2676
3734
3670
3667
2519
2762
3674
3660
3727
2366
2593
3669
3669
3674
2486
2648
3677
3653
3732
2715
3007
3649
3748
3669
2513
2730
3660
3747
3676
2652
2947
3662
3672
3673
2514
2762
3668
3660
3739
2489
2705
3667
3756
3672
2594
2863
3666
3651
3724
2666
2923
3664
3738
3729
2720
3056
3666
3752
3665
2638
2895
3672
3667
3668
2716
3007
3667
3673
3673
2482
2736
3672
3667
3670
2515
2713
3668
3659
3667
2549
2834
3665
3676
3664
2752
2994
3666
3669
3671
2540
2775
3670
3659
3740
2510
2782
3670
3667
3673
2711
3055
3664
3659
3729
2759
2999
3673
3660
3678
2446
2666
3675
3650
3727
2758
2972
3668
3659
3676
2592
2762
3662
3750
3668
2679
2943
3662
3748
3732
2711
2940
3664
3659
3725
2570
2856
3672
3664
3666
2491
2777
3664
3748
3673
2550
2766
3662
3669
3678
2937
3234
3667
3740
3724
2901
3178
3660
3747
3673
2619
2953
3669
3663
3676
2675
2910
3659
3747
3666
2437
2726
3676
3668
3673
2448
2786
3672
3661
3726
2642
2896
3662
3750
3662
2839
3205
3675
3666
3674
2917
3234
3664
3753
3673
2886
3265
3656
3755
3667
2835
3181
3663
3670
3680
2817
3173
3667
3665
3663
2609
2955
3661
3755
3666
2790
3162
3656
3754
3670
2926
3307
3668
3663
3670
2520
2749
3671
3674
3666
2490
2754
3670
3658
3728
2602
2839
3664
3747
3724
2596
2992
3738
3667
3671
2511
2826
3675
3670
3671
2609
2873
3658
3750
3672
2526
2754
3663
3663
3663
2551
2789
3668
3662
3668
2571
2808
3669
3670
3659
2549
2852
3659
3745
3673
2569
2858
3661
3751
3658
2570
2881
3740
3658
3730
2725
3014
3666
3755
3668
2916
3288
3657
3751
3663
2816
3180
3667
3659
3711
2822
3050
3730
3664
3728
2616
2914
3670
3662
3725
2726
3027
3667
3752
3679
2888
3160
3663
3757
3662
2496
2873
3670
3670
3677
2511
2778
3666
3664
3668
2717
2974
3666
3671
3674
2592
2910
3666
3758
3662
2842
3072
3668
3662
3731
2934
3239
3667
3667
3667
2857
3245
3669
3662
3669
2621
2925
3667
3665
3673
2588
3042
3666
3759
3670
2914
3164
3662
3754
3670
2849
3206
3670
3667
3678
2628
2909
3662
3750
3660
2588
2876
3746
3662
3737
2703
3053
3665
3754
3656
2892
3348
3735
3659
3732
2852
3226
3668
3755
3673
2629
2997
3673
3671
3675
2554
2893
3668
3653
3725
2698
2966
3656
3751
3666
2877
3225
3665
3662
3669
2865
3122
3667
3665
3679
2586
2844
3664
3756
3666
2600
3068
3656
3754
3672
2974
3250
3664
3668
3670
2917
3339
3668
3669
3663
3042
3394
3662
3747
3727
2683
3038
3737
3753
3736
3059
3403
3667
3757
3734
2536
2896
3669
3670
3679
2947
3227
3666
3661
3737
2962
3258
3664
3752
3732
2661
2961
3669
3664
3729
2951
3365
3667
3657
3671
3049
3431
3655
3739
3715
3027
3386
3729
3751
3674
2661
2947
3665
3752
3666
2843
3292
3663
3751
3662
2603
2923
3665
3673
3673
2980
3338
3666
3672
3674
2797
3085
3662
3757
3659
3007
3282
3656
3741
3726
2449
2797
3661
3733
3713
2687
3001
3673
3661
3673
2895
3219
3673
3666
3660
3033
3435
3667
3667
3670
2944
3233
3652
3742
3732
2675
3022
3669
3651
3725
2684
3141
3667
3748
3671
2580
2854
3670
3670
3669
2675
2960
3668
3661
3740
2858
3272
3656
3747
3666
3012
3476
3664
3741
3727
2682
3082
3660
3747
3722
2673
2992
3675
3669
3680
2567
2880
3673
3664
3659
2885
3251
3675
3667
3663
2772
3080
3672
3667
3670
2622
2969
3668
3666
3666
2606
3038
3658
3746
3658
2696
3239
3737
3745
3730
3103
3566
3651
3745
3673
2607
2958
3665
3670
3675
2961
3274
3656
3745
3735
2786
3064
3654
3745
3728
3082
3532
3653
3743
3660
3043
3533
3659
3743
3674
2961
3278
3671
3661
3726
2718
2984
3669
3743
3726
2671
3123
3649
3743
3661
2614
2888
3670
3669
3657
3082
3494
3664
3736
3726
3040
3378
3668
3668
3676
2924
3191
3670
3663
3728
3191
3611
3663
3748
3733
3104
3596
3662
3752
3732
3056
3399
3657
3751
3728
3045
3488
3669
3668
3676
2937
3329
3677
3664
3665
3011
3454
3672
3667
3671
2411
2747
3675
3660
3732
2669
2991
3661
3752
3665
3055
3511
3665
3746
3723
3079
3465
3663
3739
3714
2778
3133
3666
3662
3676
3016
3432
3667
3751
3675
3035
3322
3665
3673
3675
2551
2811
3663
3754
3663
2669
2991
3653
3744
3729
2793
3094
3653
3751
3679
2485
2842
3667
3669
3666
2674
2916
3666
3744
3738
2747
3090
3660
3753
3662
3017
3352
3661
3739
3722
3141
3661
1947
3747
3677
3681
3079
3585
3671
3754
3725
2711
3179
3739
3745
3724
3116
3470
3662
3745
3731
3080
3585
3666
3655
3733
2694
3058
3670
3653
3727
2764
3108
3660
3748
3664
2515
2829
3663
3662
3672
2454
2896
3668
3745
3670
2660
3050
3666
3663
3725
2734
3075
3659
3746
3729
2737
3095
3659
3661
3717
2700
3072
3672
3658
3729
3062
3549
3666
3754
3669
3031
3612
3662
3657
3728
3184
3472
3675
3647
3723
2676
3286
3656
3737
3720
3123
3623
3661
3745
3728
3145
3472
3669
3651
3725
2607
2953
3661
3745
3667
2663
2979
3669
3665
3672
2632
2948
3660
3742
3728
3168
3662
1875
3751
3666
3741
3244
3490
3678
3661
3732
2726
2973
3670
3651
3732
2689
3207
3651
3744
3663
3122
3637
3665
3658
3731
3240
3557
3664
3752
3663
3082
3553
3660
3742
3726
2742
3092
3660
3753
3675
3280
3637
3660
3748
3737
3453
3663
1962
3660
3684
3671
2663
3005
3669
3660
3735
3107
3657
3675
3646
3723
3200
3658
1838
3743
3666
3733
3213
3665
1985
3750
3763
3680
2752
3118
3670
3669
3733
2634
2968
3658
3739
3728
2746
3105
3667
3646
3716
3118
3619
3670
3648
3717
2543
2777
3667
3743
3731
2766
3406
3662
3749
3731
3088
3659
1884
3746
3666
3735
2735
3119
3667
3756
3680
2738
3152
3666
3656
3729
2938
3618
3665
3745
3726
3231
3655
1970
3739
3752
3734
3228
3663
2057
3756
3761
3743
3671
2856
3216
3754
3750
3733
3672
3300
3629
3660
3750
3724
3664
2720
3014
3743
3744
3724
3664
2952
3340
3740
3753
3734
3664
3210
3740
2035
3753
3767
3741
3679
3280
3631
3670
3679
3674
3667
2842
3186
3738
3750
3729
2799
3176
3666
3740
3715
2900
3322
3664
3743
3671
2587
2926
3667
3661
3733
2737
3132
3646
3744
3731
2949
3479
3655
3752
3667
3124
3432
3646
3733
3721
2688
3110
3666
3659
3724
2734
3194
3666
3745
3731
2760
3111
3664
3742
3728
2816
3242
3666
3738
3723
2535
2888
3660
3744
3717
2936
3292
3722
3734
3723
3216
3674
1945
3668
3758
3737
3239
3643
3651
3749
3726
2724
3084
3674
3662
3731
3101
3508
3663
3747
3728
2791
3217
3657
3739
3728
3281
3647
2085
3735
3747
3730
2744
3184
3646
3743
3721
3672
2739
3317
3661
3663
3725
3301
3579
3665
3736
3721
3314
3652
2097
3737
3753
3670
2692
3342
3662
3743
3714
3189
3679
1881
3661
3673
3683
2788
3282
3670
3665
3732
3213
3663
1881
3749
3745
3736
2815
3148
3653
3747
3730
3673
2749
3049
3665
3667
3735
2767
3133
3651
3739
3728
3165
3479
3661
3746
3727
2858
3231
3662
3747
3726
3164
3738
2100
3742
3759
3730
2870
3315
3743
3657
3723
3675
3281
3669
2031
3671
3671
3727
3179
3500
3669
3756
3676
3099
3659
1869
3752
3760
3734
2852
3404
3750
3662
3728
3671
2858
3364
3754
3658
3730
3680
3260
3646
2089
3753
3764
3737
3333
3665
2113
3757
3667
3731
3662
3173
3726
3752
3671
3731
3669
2712
3062
3748
3760
3736
2824
3300
3660
3747
3723
2870
3301
3660
3742
3719
2483
2867
3659
3733
3722
3206
3658
1869
3747
3673
3739
2987
3395
3671
3741
3720
2837
3131
3669
3654
3717
3164
3554
3667
3736
3727
2744
3204
3666
3745
3729
2711
3255
3669
3744
3726
2720
3148
3662
3740
3730
3265
3661
1977
3747
3665
3731
3259
3665
2060
3752
3759
3732
3262
3594
3672
3759
3721
3668
3038
3514
3658
3745
3720
2852
3236
3670
3658
3714
2710
3085
3666
3732
3715
2753
3127
3667
3740
3722
2716
3224
3668
3661
3730
3367
3654
2051
3739
3753
3734
3366
3660
2151
3751
3744
3737
3678
2570
2985
3753
3751
3730
3672
2682
3012
3676
3669
3734
3669
2769
3265
3657
3753
3721
3155
3729
3733
3747
3725
3267
3737
1925
3749
3746
3729
2744
3238
3678
3751
3729
3660
2654
3275
3746
3652
3721
3170
3665
1918
3744
3666
3732
3268
3666
2067
3758
3672
3739
2825
3112
3665
3745
3719
3275
3674
3679
3652
3727
3164
3664
1853
3738
3750
3737
3379
3663
2341
3753
3661
3718
3672
3283
3747
2073
3671
3765
3732
3665
3537
3739
2456
3752
3737
3721
3682
3018
3630
3746
3762
3727
3682
2742
3300
3666
3668
3725
3669
2991
3455
3747
3733
3725
3162
3666
1982
3742
3760
3665
3740
2228
2620
3660
3755
3739
3619
3657
2476
3752
3688
3674
3684
3272
3664
2218
3762
3758
3747
3671
3464
3758
2062
3772
3681
3752
3680
3275
3661
2165
3765
3757
3746
3678
3350
3754
2085
3765
3763
3753
3674
3020
3454
3748
3755
3736
3673
3314
3660
2238
3750
3768
3742
3657
2746
3421
3756
3668
3751
3663
3136
3662
3744
3752
3742
3460
3668
2034
3753
3757
3729
3250
3740
2035
3754
3751
3735
3661
2829
3327
3753
3664
3731
3675
3369
3749
2165
3659
3771
3670
3222
3745
1981
3656
3761
3736
2816
3338
3670
3760
3672
3668
3040
3572
3652
3750
3658
3308
3731
2077
3746
3754
3745
3603
3657
2390
3762
3659
3731
3678
3361
3755
2202
3664
3769
3682
3676
2897
3287
3667
3761
3739
3660
2814
3256
3748
3730
3720
3664
3403
3741
2029
3757
3765
3745
3677
2877
3250
3764
3677
3737
3679
2964
3552
3746
3750
3716
3442
3734
2172
3668
3749
3722
3366
3666
2012
3750
3672
3730
3191
3673
1959
3758
3662
3727
2826
3241
3678
3754
3672
3457
3669
2089
3675
3654
3728
3423
3665
2397
3747
3757
3734
3374
3662
2063
3751
3757
3730
3663
2893
3319
3745
3760
3725
3733
3216
3646
2033
3749
3657
3715
3674
3307
3739
2192
3752
3758
3736
3678
2980
3219
3660
3752
3725
3676
2824
3306
3664
3673
3682
3198
3660
1893
3735
3744
3736
3020
3382
3670
3761
3666
3667
3276
3746
2086
3664
3763
3677
3314
3680
2021
3665
3764
3671
3238
3656
2156
3745
3666
3721
3388
3670
2342
3750
3655
3724
3264
3674
1954
3749
3757
3733
3502
3667
2371
3753
3651
3734
3665
3444
3751
2275
3672
3768
3741
3664
2925
3295
3749
3759
3724
3729
2781
3051
3741
3748
3717
3731
2795
3078
3653
3757
3667
3663
2800
3291
3651
3738
3720
3203
3661
1952
3744
3745
3728
2938
3328
3662
3733
3717
3662
2601
2891
3741
3651
3711
3517
3657
2283
3729
3744
3730
3161
3492
3652
3739
3709
3724
2859
3201
3659
3748
3714
3728
2866
3233
3646
3745
3710
3722
3045
3503
3735
3750
3717
3725
2885
3379
3745
3671
3720
3729
2932
3389
3742
3742
3720
3668
3362
3744
2248
3750
3752
3738
3672
3335
3757
2198
3755
3779
3678
3673
3268
3654
3754
3679
3734
3661
2844
3424
3740
3755
3725
2761
3078
3659
3732
3721
2800
3252
3668
3664
3726
3659
2114
2696
3736
3750
3737
2652
3424
3666
3754
3722
3667
3351
3748
2092
3657
3768
3678
3210
3677
2100
3664
3752
3735
3237
3670
2050
3752
3755
3742
3671
3596
3754
2397
3753
3772
3679
3669
3430
3754
2123
3667
3776
3679
3661
2906
3385
3741
3751
3732
3668
3284
3662
3748
3748
3727
3651
2972
3428
3746
3665
3729
3674
2552
2984
3744
3753
3727
3538
3660
2052
3750
3656
3728
2847
3273
3657
3744
3717
2756
3438
3672
3657
3720
3649
2076
2520
3736
3676
3678
3441
3669
2203
3749
3745
3720
3428
3674
2001
3752
3666
3721
3682
3421
3741
2501
3755
3755
3731
3676
3361
3662
3753
3765
3716
3724
2971
3419
3667
3752
3719
3658
2807
3487
3741
3666
3718
2931
3331
3661
3731
3701
3673
3711
2276
3724
3745
3675
3010
3662
3668
3753
3662
3272
3730
2044
3662
3750
3737
2816
3486
3668
3753
3713
3660
2786
3062
3738
3749
3718
3666
3410
3740
2400
3756
3754
3729
3683
3189
3555
3745
3761
3720
3728
2887
3353
3657
3751
3672
3658
2728
3115
3738
3654
3712
3203
3665
1948
3734
3746
3723
3522
3738
2173
3747
3745
3727
3671
2964
3536
3746
3682
3719
3730
3366
3658
2111
3746
3759
3726
3739
3519
3751
2318
3766
3750
3731
3659
3350
3738
2114
3761
3675
3743
3666
3726
3749
2351
3665
3769
3686
3660
3316
3736
2213
3747
3756
3729
3657
2913
3529
3735
3747
3728
3671
3365
3665
2159
3669
3760
3726
3675
3013
3384
3755
3761
3722
3736
3397
3655
2106
3760
3668
3721
3668
3185
3690
3733
3740
3710
3679
3337
3663
1998
3738
3743
3716
3656
3076
3562
3732
3738
3715
3675
2926
3439
3735
3744
3713
3667
3256
3741
2085
3761
3660
3731
3678
3107
3743
3751
3736
3723
3671
3306
3738
2079
3747
3732
3715
3663
2830
3345
3739
3749
3719
3722
3493
3739
2251
3666
3755
3730
3664
2860
3217
3748
3759
3722
3732
3603
3659
2225
3757
3669
3722
3682
3343
3662
2181
3759
3674
3725
3723
3351
3738
2124
3755
3749
3736
3663
2920
3464
3740
3752
3726
3673
3230
3736
2281
3751
3742
3721
3662
3691
3737
2270
3757
3671
3734
3661
2920
3334
3746
3661
3719
3674
2841
3197
3731
3744
3716
2891
3639
3721
3735
3707
3716
2070
2809
3733
3744
3727
3383
3671
2327
3747
3746
3710
3725
3324
3664
2091
3751
3750
3728
3676
3548
3748
2282
3665
3768
3681
3668
2915
3661
3747
3748
3724
3659
3313
3739
2091
3751
3738
3728
3675
3004
3471
3746
3753
3730
3656
3017
3524
3742
3659
3714
3662
3691
3729
2566
3746
3758
3725
3739
3038
3524
3748
3765
3735
3667
3015
3739
2000
3750
3757
3718
3731
3189
3452
3743
3750
3715
3714
3087
3733
1979
3747
3743
3718
3680
2920
3256
3742
3760
3661
3722
3334
3660
2209
3737
3752
3727
3675
3360
3752
2077
3669
3774
3678
3667
2936
3421
3750
3663
3719
3733
3129
3535
3665
3759
3650
3724
2672
3110
3738
3752
3724
3035
3493
3671
3665
3720
3328
3656
2050
3733
3744
3725
3364
3733
2153
3749
3742
3717
3718
3207
3629
3741
3664
3711
3666
3243
3727
2415
3737
3753
3723
2863
3512
3665
3748
3706
3712
3729
1959
2305
3748
3758
3718
3722
3535
3741
2424
3762
3753
3727
3727
3404
3746
2437
3751
3747
3721
3722
3025
3284
3745
3651
3711
3671
2952
3725
2074
3746
3675
3715
3578
3722
2280
3740
3752
3726
3503
3673
2343
3735
3747
3730
3670
3748
2014
2812
3664
3747
3727
3672
3599
3737
2414
3750
3765
3740
3638
2878
3410
3734
3725
3700
3667
2860
3724
2062
3749
3675
3725
3673
3639
3747
2541
3745
3761
3735
3666
3747
2174
2974
3760
3771
3740
3669
3594
3756
2502
3660
3767
3739
3673
3747
2052
2518
3764
3653
3723
3663
3726
3726
2587
3734
3748
3713
3724
3498
3732
2309
3749
3765
3734
3675
2975
3375
3651
3738
3708
3714
3423
3723
2444
3734
3751
3726
3675
2919
3413
3747
3754
3710
3716
3722
2091
2853
3743
3679
3719
3658
2823
3179
3733
3750
3712
3726
3309
3651
2531
3745
3749
3722
3666
3736
2186
2548
3754
3744
3725
3684
3384
3662
2507
3761
3656
3722
3672
3628
3743
2507
3655
3758
3731
3677
3525
3746
2229
3763
3671
3732
3671
3455
3755
2192
3660
3755
3726
3731
3735
2092
2732
3748
3755
3730
3669
3411
3731
2314
3741
3755
3727
3658
3737
2377
2978
3744
3766
3679
3729
3110
3634
3738
3748
3724
3662
3417
3721
2634
3740
3732
3716
3695
3604
3670
2404
3760
3683
3746
3657
3288
3734
2138
3748
3731
3711
3667
2999
3737
2158
3760
3670
3728
3670
2874
3290
3732
3748
3720
3675
3484
3654
2199
3741
3749
3718
3681
3656
2548
3388
3740
3756
3725
3669
3215
3739
2217
3755
3705
3701
3665
3053
3552
3717
3739
3661
3710
3684
2096
2928
3664
3742
3717
3687
3648
2285
3235
3733
3747
3712
3705
3572
3708
2170
3726
3745
3707
3717
3274
3662
2083
3739
3750
3731
3674
3725
2392
2926
3742
3754
3709
3723
2912
3661
3727
3744
3709
3718
2703
3653
2022
3734
3740
3707
3676
3729
2508
3396
3748
3762
3730
3663
3738
2877
3757
2257
3673
3767
3731
3730
3748
2289
3024
3751
3772
3737
3667
3351
3731
2033
3748
3753
3718
3727
3742
2946
3739
2191
3759
3763
3728
3672
3733
2885
3635
3743
3740
3717
3679
3728
2679
3600
3731
3747
3732
3685
3546
3740
2519
3759
3663
3733
3682
3585
3727
2454
3748
3753
3728
3685
3678
2669
3219
3671
3767
3710
3713
3727
2402
2911
3744
3762
3719
3721
3731
2311
2992
3737
3743
3716
3656
3688
3720
2793
3739
3750
3724
3678
3719
2662
3738
2676
3742
3767
3721
3720
3300
3726
2330
3745
3767
3734
3661
3730
2376
3504
3728
3750
3715
3720
3732
2970
3744
2548
3750
3766
3742
3697
3646
2314
2816
3752
3767
3732
3642
3733
2450
3158
3746
3747
3704
3706
3720
2101
2783
3735
3754
3708
3705
3717
2282
2644
3736
3753
3721
3721
3730
2456
3400
3736
3747
3732
3641
3340
3702
3720
3670
3715
3675
3235
3711
2772
3732
3751
3705
3716
2506
3269
3731
3743
3700
3700
3712
2270
2981
3728
3750
3731
3654
3732
2691
3415
3747
3760
3738
3686
3751
3190
3718
2186
3764
3760
3749
3666
3743
2572
3127
3730
3764
3717
3722
3688
2102
2537
3708
3740
3712
3695
3652
3163
3733
2402
3740
3761
3677
3718
3739
3207
3753
2421
3759
3790
3691
3739
3662
2604
3749
2180
3765
3761
3743
3654
3739
2713
3749
2544
3754
3734
3733
3700
3663
2964
3365
3748
3749
3728
3707
3678
3384
3738
2566
3754
3716
3702
3649
3661
3703
2831
3737
3681
3722
3712
3467
3649
2263
3739
3762
3702
3716
3642
2297
3137
3733
3751
3719
3670
3733
2962
3675
3750
3732
3716
3644
3481
3707
2323
3736
3679
3726
3651
3504
3704
2368
3724
3726
3723
3710
3741
2536
3753
2277
3722
3749
3726
3678
3742
2362
2710
3755
3772
3723
3717
3662
3736
2175
3465
3749
3742
3729
3672
3551
3667
3029
3729
3751
3689
3687
3711
3620
3652
2801
3743
3744
3716
3730
3731
2368
3364
3748
3773
3741
3661
2973
3729
2104
3736
3748
3737
3678
3744
2140
2971
3756
3728
3705
3708
3733
2251
2928
3742
3758
3728
3646
3651
3727
2824
3738
3749
3705
3674
3739
2257
3195
3745
3766
3724
3727
3736
2646
3750
2521
3751
3748
3724
3725
3730
2800
3650
3744
3733
3714
3661
3718
2463
3234
3737
3749
3707
3724
3660
2540
3394
3744
3761
3719
3718
3258
3732
2177
3749
3660
3714
3672
3438
3718
3273
3743
3755
3717
3669
3380
3726
2174
3748
3659
3722
3696
3637
2263
3288
3750
3679
3711
3715
3078
3726
3163
3649
3741
3705
3712
3731
3725
2454
3646
3756
3750
3723
2246
3128
1674
1526
2022
1770
2406
2749
3012
3200
3159
2539
2225
3009
3361
3332
3447
2242
2329
3526
3592
3549
3599
2250
2365
3649
3665
3647
2662
2877
3665
3710
3694
2631
2832
3668
3666
3674
2844
3104
3667
3644
3714
2839
3141
3661
3737
3727
2823
3245
3663
3746
3723
3025
3333
3659
3745
3659
3095
3561
3661
3652
3718
3063
3614
3655
3736
3715
3233
3539
3651
3736
3715
3111
3626
3666
3651
3705
3532
3654
2216
3726
3738
3722
3320
3668
2062
3753
3658
3726
3678
3386
3661
2290
3744
3750
3727
3661
3060
3527
3729
3739
3706
3704
3728
2409
2836
3659
3761
3682
3734
2492
2636
3744
413
439
471
3226
2491
1912
2670
2332
2333
429
511
593
1810
1889
1354
2327
1820
1825
2092
2614
2924
3193
3146
2702
2393
2891
3384
3398
3489
2142
2209
3573
3645
