5
6
7
7
167
293
448
608
767
923
1056
1204
99
252
408
564
745
919
1072
1222
1272
1301
1332
1553
207
696
926
1331
1608
1648
1689
1729
1786
1841
1903
1972
2039
2101
2138
2236
1895
1881
1877
1868
1835
1803
1740
1814
1890
1951
2037
2109
2169
3599
2268
2854
2307
2005
1729
1689
1764
1822
1916
1989
2076
3360
2157
3103
2242
1934
1705
1746
1843
3080
3440
1933
1681
1615
1732
3163
1824
2108
1927
1666
1771
1833
1928
2372
3616
2039
1760
1751
1833
1958
3226
2021
2167
2108
1841
208
227
374
431
1520
1575
1641
1735
1806
1490
1494
1567
2239
2435
1653
1531
1540
1621
2742
3034
1706
1477
1566
2892
3354
1649
1486
1564
2890
3369
1664
1493
1582
3024
1669
1708
1736
1595
1661
3237
1757
1939
1854
1636
1726
3034
3556
1795
1539
1554
1645
2941
3604
1715
1552
1638
3330
1747
1960
1829
1653
1742
2765
3088
1835
1583
1663
1726
2640
2914
1817
1572
1650
1729
3075
3647
1821
1580
1664
1747
3015
3149
3715
3673
1645
1718
1940
2196
322
349
424
500
1448
1858
1936
2552
2111
2111
2139
2179
2231
2282
2344
2393
2545
2813
2135
1890
1857
1858
1891
1993
2963
3321
2047
1774
1738
1822
2750
3146
1897
1669
1755
1835
3461
1905
2166
2013
1755
1828
1919
2799
3211
1995
1735
1753
1827
2827
3671
1921
1680
1785
1835
3255
3647
1942
1680
1772
1836
2724
3614
1920
1687
1767
1818
2754
3091
1927
1685
1786
3276
1847
2021
1942
1718
1814
3662
1897
2211
1983
1743
1810
1911
3421
1974
2091
2075
1796
1809
1873
3259
3657
1972
1704
1748
1809
2967
3505
1918
1652
1773
1838
2872
3247
1930
1683
1788
3064
1849
1876
1945
1753
1829
2965
3547
1937
1689
1779
1858
2798
3436
1940
1701
1779
1871
3413
1971
2303
2065
1801
1836
1908
1987
2267
3273
2103
1826
1844
1949
3405
2020
2243
2116
1843
1835
1888
3424
1972
2119
2075
1761
1817
1881
3367
1974
2160
2066
1791
1860
1934
3696
2016
2682
2112
1838
1841
1937
3475
2008
2233
2122
1853
1873
1963
3523
2042
2512
2133
1861
1843
1927
2896
3348
2006
1751
1783
1856
3674
1943
2385
2036
1785
1865
1949
2049
2177
2548
2139
1847
1815
1896
3170
1959
1962
2094
1860
1827
1900
2009
2173
2563
2088
1809
1897
1957
2042
2548
2910
2118
1875
1868
1971
2026
2580
3522
2129
1838
1827
322
1434
1676
1514
1669
1580
1953
1996
2074
2127
2223
2451
1881
1790
1811
1872
1946
3062
3454
2022
1768
1759
1830
2742
3118
1925
1633
1746
1817
3341
1908
2025
1978
1754
1817
2759
3119
1902
1644
1741
3217
1808
1813
1902
1749
1859
1911
1925
2461
2007
1754
1816
1918
3292
1990
2019
2097
1796
1809
1889
1985
1989
3325
2069
1788
1856
1926
3600
1992
2408
2099
1828
1856
1939
2025
2639
3455
2091
1830
1853
1931
3459
2028
2344
2119
1839
1866
1933
2024
2630
2106
2124
2198
1936
336
1374
1635
1657
1841
2034
1575
2188
2233
2284
2332
2449
2596
2054
1873
1891
1912
1962
2026
2862
3137
2092
1815
1723
1806
3072
1861
1943
1962
1750
1837
3421
1930
2156
2015
1762
1871
1942
2160
3640
2046
1767
1823
1912
1979
2877
3615
2069
1807
1855
1934
3152
3484
2019
1758
1793
1877
1951
2060
2549
2052
1790
1869
1960
2045
2219
2793
2128
1850
1837
1927
1989
2059
2660
2078
1828
1860
1939
3221
3603
2024
1798
1787
1845
2911
1951
2008
2036
1788
1900
2879
3436
1969
1732
1838
1859
3099
1965
2069
2049
1817
1920
336
366
560
611
1441
1859
1887
1796
2048
2171
336
366
441
463
677
984
1018
1347
1556
1279
1619
1636
1985
2191
2191
2138
2160
2199
2230
2280
2326
2384
2282
2319
2191
2064
2050
2041
2021
1958
1958
2027
2140
2187
2095
1790
1717
1795
1905
1941
1867
1642
1719
1846
1881
1792
1644
1722
1758
1776
1796
1640
1714
1774
1789
1785
1638
1715
1795
1826
1793
1644
1725
1797
1825
1797
1640
1714
1797
1842
1788
1646
1723
1827
1855
1790
1641
1717
1840
1875
1791
1644
1718
1921
1978
1793
1645
1719
1843
1884
1791
1638
1714
1868
1917
1793
1640
1717
1872
1907
1791
1639
1725
1891
1931
1788
1643
1716
1896
1934
1802
1641
1740
1947
1991
1808
1636
1711
1881
1943
1787
1647
1725
2031
2124
1795
1643
1718
2068
2140
1788
1641
1719
1992
2069
1795
1647
1719
1905
2015
1796
1645
1703
2003
2133
1793
1660
1736
2054
2108
1811
1645
1728
1900
1981
1796
1656
1722
1917
1976
1797
1644
1730
1957
2021
1795
1652
1725
1901
1990
1799
1650
1725
1989
2044
1796
1644
1728
1944
2000
1796
1651
1721
2014
2128
1791
1644
1721
1945
2033
1798
1648
1723
1936
2009
1799
1648
1725
1961
2061
1796
1648
1721
1988
2061
1795
1649
1737
1986
2052
1796
1670
1755
2014
2105
1813
1671
1749
2009
2101
1815
1654
1728
1986
2151
1799
1652
1732
2081
2147
1807
1648
1722
2007
2087
1799
1658
1730
1991
2081
1803
1652
1727
2075
2166
1800
1651
1727
1999
2079
1801
1651
1727
2109
2206
1801
1653
1729
2058
2175
1799
1658
1734
1993
2081
1808
1651
1731
2044
2147
1802
1655
1729
2035
2159
1798
1648
1733
2231
2351
1804
1651
1725
2010
2100
1798
1651
1724
2047
2135
1800
1650
1738
2132
2212
1805
1683
1753
2093
2202
1819
1654
1728
2072
2175
1794
1657
1735
2109
2201
1805
1648
1731
2018
2177
1801
1651
1725
2099
2197
1799
1658
1731
2061
2165
1811
1654
1732
2107
2200
1806
1652
1730
2301
2469
1802
1659
1729
2075
2180
1811
1657
1734
2116
2248
1803
1655
1736
2162
2278
1806
1649
1734
2099
2288
1803
1681
1756
2311
2476
1825
1646
1728
2280
2427
1797
1662
1731
2115
2245
1806
1656
1731
2146
2271
1808
1654
1733
2261
2451
1800
1658
1732
2168
2288
1807
1657
1729
2155
2359
1800
1655
1727
2181
2296
1800
1652
1726
2069
2216
1802
1657
1729
2163
2256
1806
1655
1731
2073
2192
1809
1661
1737
2188
2302
1806
1652
1730
2098
2220
1812
1662
1752
2150
2353
1824
1653
1727
2143
2243
1799
1655
1730
2136
2353
1801
1655
1734
2375
2506
1807
1661
1735
2242
2351
1808
1657
1738
2219
2332
1812
1661
1737
2230
2381
1805
1651
1729
2146
2259
1803
1651
1726
2108
2199
1802
1654
1739
2227
2412
1803
1677
1753
2422
2558
1823
1664
1736
2232
2412
1804
1662
1737
2138
2325
1808
1652
1728
2404
2496
1804
1654
1727
2265
2461
1805
1652
1730
2412
2630
1812
1654
1755
2230
2371
1824
1673
1746
2196
2327
1816
1662
1731
2257
2439
1803
1663
1736
2248
2417
1813
1657
1735
2429
2609
1811
1656
1753
2489
2735
1828
1650
1730
2204
2310
1800
1657
1737
2324
2517
1808
1668
1733
2453
2669
1811
1654
1731
2245
2421
1804
1659
1729
2185
2301
1813
1650
1756
2322
2462
1823
1668
1761
2315
2447
1831
1678
1774
2294
2475
1845
1653
1721
2441
2686
1799
1661
1744
2202
2337
1811
1662
1743
2214
2381
1810
1652
1735
2221
2395
1802
1660
1730
2272
2430
1807
1660
1736
2276
2403
1819
1658
1756
2498
2726
1822
1650
1724
2280
2411
1807
1665
1752
2216
2480
1834
1652
1751
2424
2630
1818
1673
1752
2263
2412
1821
1661
1731
2240
2355
1803
1662
1738
2301
2468
1807
1655
1724
2252
2394
1800
1656
1730
2475
2837
1803
1656
1731
2331
2506
1803
1659
1742
2501
2792
1805
1680
1768
2362
2519
1828
1682
1757
2241
2441
1825
1655
1732
2263
2408
1805
1662
1730
2198
2372
1807
1661
1732
2414
2616
1805
1658
1736
2337
2547
1809
1662
1731
2502
2809
1814
1657
1761
2607
2897
1845
1666
1766
2431
2606
1846
1647
1756
2296
2524
1816
1675
1756
2382
2522
1821
1662
1728
2471
2624
1803
1660
1738
2432
2634
1809
1661
1740
2468
2633
1810
1665
1743
2303
2474
1804
1655
1732
2253
2510
1805
1653
1732
2355
2578
1803
1665
1735
2315
2580
1803
1658
1736
2341
2653
1813
1659
1736
2352
2583
1811
1662
1735
2394
2561
1808
1657
1743
2398
2591
1815
1687
1758
2437
2593
1828
1656
1739
2600
2841
1806
1664
1746
2332
2544
1821
1657
1758
2298
2514
1829
1654
1730
2361
2551
1804
1667
1749
2391
2587
1811
1688
1766
2344
2542
1829
1672
1749
2371
2585
1819
1658
1729
2345
2517
1809
1665
1738
2360
2526
1810
1671
1735
2263
2567
1817
1661
1756
2720
2938
1825
1651
1732
2300
2538
1803
1663
1736
2246
2428
1814
1658
1759
2350
2561
1828
1673
1751
2514
2857
1828
1658
1754
2678
2927
1825
1652
1731
2655
2853
1801
1658
1737
2606
2916
1808
1665
1747
2593
2808
1811
1695
1755
2435
2651
1837
1652
1754
2310
2606
1832
1658
1746
2412
2615
1825
1657
1737
2392
2550
1806
1674
1746
2533
2688
1809
1659
1737
2426
2718
1807
1661
1738
2409
2612
1812
1661
1740
2394
2564
1810
1663
1745
2405
2689
1815
1660
1739
2636
2857
1810
1671
1738
2420
2628
1808
1667
1756
2583
2888
1813
1698
1763
2465
2649
1856
1688
1777
2420
2718
1849
1653
1724
2394
2633
1813
1664
1761
2783
2987
1835
1676
1747
2353
2579
1831
1663
1752
2413
2621
1829
1660
1735
2539
2765
1816
1660
1767
2522
2789
1834
1679
1749
2401
2633
1826
1657
1732
2545
2859
1809
1663
1738
2527
2748
1820
1661
1758
2457
2741
1836
1659
1729
2297
2537
1809
1664
1758
2388
2566
1832
1654
1735
2448
2633
1807
1661
1748
2656
2902
1814
1687
1756
2546
2747
1833
1655
1745
2513
2694
1807
1684
1767
2608
2897
1830
1655
1733
2617
2871
1798
1674
1745
2790
3119
1823
1661
1760
2403
2569
1834
1652
1728
2426
2616
1797
1673
1747
2501
2788
1810
1691
1759
2639
2961
1840
1666
1754
2500
2724
1831
1655
1732
2439
2643
1811
1668
1762
2501
2742
1825
1676
1748
2363
2576
1836
1655
1757
2743
3040
1834
1666
1755
2478
2781
1832
1653
1734
2718
3040
1810
1668
1741
2841
3046
1822
1662
1763
2603
2922
1839
1662
1754
2867
3194
1819
1656
1735
2710
2951
1815
1663
1763
2535
2747
1828
1696
1760
2364
2548
1858
1709
1808
2811
3041
1880
1672
1737
2525
2854
1821
1662
1764
2726
3088
1829
1677
1748
2504
2768
1828
1673
1750
2936
3227
1817
1682
1763
2849
3150
1831
1661
1740
2657
2852
1811
1678
1761
2747
2945
1835
1656
1733
2703
2975
1806
1661
1756
2860
3079
1815
1688
1762
2598
2902
1835
1649
1733
2699
2982
1801
1668
1744
2572
2777
1812
1665
1745
2769
3126
1816
1671
1734
2708
2979
1818
1670
1766
2552
2810
1849
1680
1773
2767
3042
1845
1660
1726
2619
2922
1811
1676
1774
2614
2936
1840
1673
1750
2790
2996
1827
1667
1733
2741
3059
1816
1659
1763
2945
3231
1827
1680
1761
2856
3185
1821
1688
1766
2736
2979
1837
1658
1733
2477
2705
1814
1672
1739
2684
3009
1816
1665
1747
2884
3287
1810
1704
1759
2695
2935
1856
1685
1780
2582
2816
1852
1679
1751
2535
2861
1823
1663
1742
2593
2852
1809
1676
1751
2793
3093
1820
1691
1760
2593
2809
1834
1659
1732
2582
2866
1804
1669
1744
2582
2836
1818
1664
1741
2573
2851
1813
1663
1744
2530
2790
1811
1679
1739
2403
2599
1803
1662
1746
2614
2866
1815
1678
1753
2610
2904
1819
1682
1767
2515
2834
1836
1686
1756
2986
3206
1826
1668
1740
2602
2813
1808
1675
1759
2504
2819
1816
1692
1761
2345
2687
1837
1657
1757
2639
2987
1832
1668
1730
2456
2670
1805
1668
1731
2586
2827
1806
1667
1741
2804
3143
1810
1666
1742
2875
3168
1815
1669
1743
2869
3300
1807
1667
1741
2603
2958
1820
1660
1768
2497
2754
1832
1686
1757
2546
2755
1836
1660
1753
2861
3246
1837
1666
1762
2902
3265
1828
1678
1757
2569
2906
1839
1672
1761
2963
3400
1833
1659
1747
2849
3165
1812
1683
1788
2979
3351
1856
1671
1752
2946
3366
1820
1691
1765
2967
3320
1838
1662
1733
2920
3335
1807
1670
1744
3001
3292
1822
1669
1735
2952
3369
1810
1667
1755
2618
2875
1825
1688
1785
3060
3393
1855
1651
1722
2958
3302
1798
1676
1745
2578
2833
1815
1674
1745
2399
2767
1817
1657
1768
2645
3018
1832
1685
1772
2604
2916
1831
1682
1782
2940
3228
1857
1648
1754
2681
2938
1812
1686
1759
2591
2979
1839
1658
1766
2932
3300
1840
1689
1775
3023
3356
1848
1650
1742
2598
2901
1804
1700
1776
2676
2974
1841
1680
1750
2842
3074
1841
1666
1762
3024
3448
1839
1691
1776
3102
3442
1843
1647
1728
2660
2955
1814
1671
1792
2658
2974
1845
1686
1763
2588
2949
1824
1702
1762
3021
3357
1865
1680
1784
2730
3034
1854
1680
1757
2751
3090
1823
1660
1750
2702
3012
1817
1693
1769
2976
3253
1859
1664
1763
2933
3250
1822
1692
1757
2962
3437
1830
1675
1737
2747
3083
1807
1673
1756
2694
3135
1820
1702
1771
2683
3108
1856
1702
1780
3108
3551
1850
1658
1744
3010
3316
1807
1699
1777
3012
3293
1844
1686
1784
2782
3089
1859
1686
1770
3011
3512
1841
1653
1744
3051
3386
1813
1701
1762
2592
2968
1840
1662
1754
2762
3230
1836
1662
1765
2863
3205
1844
1682
1780
2756
3079
1852
1680
1781
3076
3372
1838
1684
1759
2649
2889
1829
1662
1742
2435
2664
1818
1666
1772
2472
2708
1845
1687
1779
2785
3207
1850
1659
1734
2936
3552
1805
1677
1751
3017
3451
1817
1689
1784
3142
3520
1835
1689
1784
3041
3372
1829
1694
1770
2983
3420
1835
1688
1764
2672
3031
1832
1666
1748
3066
3439
1825
1696
1799
3145
3519
1865
1679
1780
3072
3572
1841
1685
1768
3070
3456
1829
1693
1763
2691
3014
1835
1672
1748
2656
2934
1820
1700
1801
3125
3409
1878
1679
1776
2716
2984
1846
1687
1759
2685
3033
1832
1681
1745
2635
3089
1816
1675
1753
2727
3078
1832
1692
1799
2899
3203
1868
1679
1771
2689
3112
1848
1687
1792
2804
3220
1845
1675
1752
2670
3026
1821
1679
1750
3100
3531
1814
1690
1767
3117
3577
1839
1688
1783
3181
3597
1851
1651
1733
3004
3307
1812
1677
1753
2699
3139
1821
1697
1775
3061
3440
1835
1700
1763
3059
3409
1854
1689
1764
2686
3034
1828
1685
1761
3082
3525
1832
1660
1750
2967
3398
1815
1690
1787
3119
3475
1851
1653
1728
3060
3386
1818
1689
1780
3184
3628
1842
1679
1774
3232
3664
1844
1656
1738
3039
3348
1811
1674
1769
2742
3071
1849
1665
1770
2686
3187
1832
1706
1761
3044
3393
1858
1693
1785
3141
3660
1853
1675
1765
3043
3549
1821
1692
1780
2528
2781
1841
1691
1782
2560
2920
1862
1663
1747
2805
3078
1811
1659
1744
3046
3562
1804
1691
1766
3086
3523
1837
1676
1764
3140
3493
1836
1693
1757
2693
3019
1837
1670
1766
2877
3162
1856
1695
1791
3205
3592
1856
1681
1773
3123
3547
1849
1656
1756
3094
3560
1825
1685
1782
3178
3624
1843
1690
1797
3345
1859
1935
1957
1754
1842
2808
3182
1925
1653
1753
1831
2739
3158
1914
1700
1801
2707
3036
1883
1678
1777
3223
1846
1966
1945
1733
1832
3173
3526
1915
1685
1789
3289
3597
1856
1687
1779
2779
3165
1848
1693
1771
2511
2765
1842
1693
1794
2804
3166
1852
1670
1755
2649
3011
1829
1672
1774
2755
3126
1855
1680
1775
2721
3099
1867
1662
1760
2712
3230
1828
1687
1793
3229
1846
1956
1936
1726
1829
2817
3219
1911
1687
1769
3147
3498
1856
1655
1760
2740
2983
1833
1684
1781
2686
3081
1858
1663
1732
2660
2968
1818
1688
1772
3166
1845
1882
1929
1718
1798
2780
3268
1887
1674
1772
3264
1835
1971
1933
1744
1843
3283
3598
1917
1666
1770
3164
3530
1861
1686
1787
3319
1849
2012
1938
1742
1825
3206
1909
1912
1957
1738
1810
3180
3614
1891
1692
1774
2696
3306
1857
1662
1759
2652
2987
1835
1696
1784
3156
3660
1867
1656
1751
3171
3639
1826
1664
1765
2769
3275
1850
1694
1787
2467
2727
1859
1685
1780
2736
3090
1855
1690
1785
3211
1848
1926
1947
1740
1828
3154
3531
1906
1687
1786
2683
3017
1860
1677
1783
3165
1848
1912
1941
1768
1864
3290
1922
1966
2013
1740
1821
1890
2862
3344
1982
1710
1791
1846
2763
3156
1946
1686
1781
2525
2963
1858
1686
1786
3310
1847
2185
1942
1728
1823
3186
1901
1957
1968
1739
1831
3234
1910
1970
1998
1748
1854
2800
3316
1919
1683
1774
1850
2776
3154
1925
1658
1764
1834
3348
1926
2056
2009
1779
1876
3310
1939
2043
2043
1780
1831
1916
3400
1974
2159
2065
1771
1819
1886
3256
1986
2029
2065
1797
1877
1928
3364
2017
2255
2092
1809
1843
1905
3569
1996
2382
2074
1803
1832
1907
3297
1979
2040
2071
1795
1839
1913
2865
3196
1983
1726
1767
1839
3261
3683
1949
1680
1775
3189
3589
1850
1677
1780
2936
3220
1865
1683
1778
2822
3214
1846
1686
1759
3156
3537
1833
1703
1796
3208
3731
1887
1724
1800
3248
1905
1935
1960
1749
1832
2776
3258
1900
1687
1764
3260
1836
1922
1932
1767
1872
3384
1937
1974
2014
1780
1810
1907
2617
2946
1978
1728
1758
1855
2805
3083
1913
1688
1785
2433
2671
1850
1699
1786
2828
3128
1883
1714
1813
2905
3279
1893
1684
1776
2898
3286
1840
1691
1758
2760
3136
1837
1688
1781
2851
3401
1866
1718
1806
3372
1895
1966
1982
1759
1851
3287
1916
2042
2013
1754
1865
3265
1917
1949
2002
1764
1816
1905
3085
3389
1960
1702
1763
1834
3230
1919
2053
2013
1760
1853
3353
1933
1940
2009
1763
1855
1925
2851
3184
2025
1754
1776
1864
3368
1933
2263
2019
1768
1849
1927
3375
2001
2201
2093
1822
1853
1932
3262
1991
2017
2075
1773
1811
1883
3299
3599
1961
1729
1790
1852
3170
3689
1950
1684
1766
2918
3394
1854
1664
1755
3277
1839
1865
1900
1743
1837
2865
3495
1901
1712
1785
2839
3301
1887
1717
1817
2785
3185
1890
1709
1782
3268
1853
1929
1951
1759
1859
2832
3231
1934
1691
1766
1849
3315
1913
1944
2016
1752
1850
2556
2942
1920
1679
1770
1862
3222
3489
1941
1696
1807
1870
2829
3236
1964
1725
1793
1868
3184
3603
1966
1719
1795
1868
3471
1965
2351
2060
1787
1876
1926
3364
2031
2225
2086
1817
1842
1899
3301
1987
2149
2059
1808
1846
1910
3132
3612
2002
1743
1794
1853
3205
3695
1950
1683
1777
1847
3375
1942
1964
2002
1754
1841
2849
3629
1895
1694
1773
2935
3346
1851
1691
1797
3321
1870
1996
1952
1755
1864
3358
1923
2013
2027
1746
1829
1887
3369
1991
2081
2050
1788
1852
1917
3299
2013
2065
2102
1823
1866
1930
3305
2023
2145
2092
1830
1829
1923
3109
3629
1991
1739
1742
1818
2772
3094
1897
1689
1784
2906
3224
1859
1703
1787
2779
3053
1868
1708
1784
2682
2988
1869
1664
1757
2939
3266
1854
1673
1772
3356
1840
1959
1918
1766
1842
2819
3157
1907
1680
1757
3392
1836
2063
1901
1771
1824
3364
1923
1955
1993
1756
1855
3348
1921
2109
2014
1735
1834
1909
3017
3555
1977
1732
1777
1848
2815
3200
1931
1690
1782
3394
1848
2112
1943
1739
1839
2851
3439
1905
1699
1787
3253
3637
1882
1712
1802
3288
1875
2057
1966
1749
1857
3493
1923
2051
2004
1757
1839
1921
3285
1993
2247
2085
1816
1849
1920
3000
3500
2030
1731
1765
1839
3003
3538
1931
1715
1801
3373
1879
2121
1939
1722
1785
3201
1868
1968
1930
1758
1847
2880
3330
1924
1682
1774
1847
2597
2967
1944
1686
1777
2961
3503
1842
1696
1753
2925
3415
1857
1698
1796
2546
2830
1861
1683
1782
2836
3154
1862
1693
1778
2772
3314
1870
1663
1783
2859
3179
1829
1698
1763
3115
3469
1850
1673
1763
2768
3184
1848
1670
1779
2707
3119
1835
1685
1766
2620
3114
1832
1698
1771
3219
1853
2177
1918
1761
1859
2987
3466
1925
1691
1776
1860
3348
1932
2154
2018
1749
1852
1914
3277
2002
2130
2067
1807
1815
1899
3113
3517
1955
1723
1762
1863
3353
1945
2115
2041
1774
1868
1936
3002
3374
2044
1737
1770
1839
3035
3443
1923
1713
1791
3273
3581
1858
1692
1785
3374
1866
2194
1932
1742
1853
3343
1905
2203
2006
1735
1825
2905
1912
1932
1994
1762
1852
2952
3290
1921
1695
1741
1824
3144
3644
1894
1690
1759
3105
3641
1826
1683
1743
3193
3587
1830
1675
1775
2919
3567
1852
1707
1779
3235
1875
2046
1951
1754
1857
3351
1920
2115
2034
1750
1839
1912
3668
2020
2412
2070
1797
1830
1886
3294
3696
1987
1715
1808
1870
3428
1978
2194
2023
1791
1834
1929
2997
3541
2003
1759
1772
1841
2973
1934
2106
2014
1760
1856
3386
1920
2080
2011
1767
1844
1929
2665
2944
2016
1758
1790
1878
2730
3332
1934
1692
1767
1842
3264
1920
2014
1988
1739
1824
1899
3305
1981
2192
2066
1788
1859
1913
2881
3739
2027
1751
1768
1831
3031
3476
1911
1657
1761
2745
3217
1833
1721
1777
1864
1866
2550
1961
1793
1879
2875
3420
1943
1709
1748
1818
2874
3302
1888
1660
1744
2656
3088
1824
1695
1804
3294
1865
2039
1970
1735
1826
3382
1889
2077
1999
1732
1845
3345
1904
1967
1995
1734
1826
2767
3294
1890
1693
1757
3079
3422
1848
1673
1781
2789
3497
1846
1704
1796
2836
3198
1888
1713
1820
2918
3436
1887
1681
1786
2779
3163
1853
1692
1785
3061
3359
1855
1713
1791
3107
3529
1873
1715
1774
2834
3226
1855
1671
1742
3126
1812
2084
1895
1745
1836
3340
1916
2233
2006
1769
1864
3122
3480
1922
1699
1770
1839
2977
3465
1954
1696
1784
2976
3254
1859
1703
1787
2769
3379
1873
1712
1787
2647
3197
1860
1720
1804
2960
3368
1884
1712
1817
3249
1869
2133
1978
1751
1829
2839
3162
1899
1667
1744
2676
3150
1811
1713
1775
3261
1867
1963
1973
1786
1889
2821
3281
1950
1703
1779
1835
3173
3539
1935
1676
1774
2720
3058
1859
1673
1762
2812
3316
1855
1664
1768
3264
1831
2035
1940
1738
1852
1921
2037
2906
2011
1769
1849
3433
1920
2264
2018
1748
1829
1903
3553
1987
2184
2085
1819
1875
1959
3565
2027
2359
2133
1836
1840
1918
2002
2022
2716
2091
1835
1871
1960
3482
2054
2706
2128
1861
1870
1922
3314
2013
2089
2118
1820
1859
1925
2969
3517
2018
1755
1764
1838
3140
3573
1906
1706
1796
3308
1883
2029
1985
1782
1876
3538
1955
2209
2040
1770
1857
1922
3460
2029
2059
2102
1826
1865
1932
3040
3458
2022
1756
1756
1864
3310
1941
1989
2030
1764
1859
1937
3483
2014
2534
2113
1846
1849
1949
3505
2019
2477
2118
1826
1819
1891
3397
1980
2208
2058
1801
1880
1954
3510
2033
2534
2135
1856
1858
1929
3533
2026
2404
2130
1843
1860
1925
3119
2011
2015
2118
1830
1849
1941
3382
1991
2275
2088
1802
1837
1894
1993
2013
2465
2067
1817
1875
1964
3408
2050
2055
2136
1862
1847
1911
2002
2337
3012
2119
1816
1873
1936
3070
3462
2025
1777
1806
1861
3151
3420
1950
1702
1784
1842
3378
1946
2001
2004
1756
1844
2856
3214
1918
1702
1778
2794
3538
1870
1724
1759
1846
2908
3564
1915
1695
1784
1860
3146
3516
1952
1722
1815
1897
2958
3501
2000
1730
1791
1859
2947
3263
1949
1722
1802
1890
3616
1961
2543
2051
1799
1834
1932
1993
2016
2649
2087
1811
1839
1895
3659
1997
2333
2071
1793
1857
1917
3025
3485
1999
1761
1799
1883
3523
1979
2279
2070
1803
1862
1943
3431
2029
2258
2098
1832
1846
1909
3361
1999
2185
2054
1806
1837
1903
2757
3259
2004
1737
1815
1867
3391
1966
2166
2035
1777
1861
1915
3455
2020
2638
2092
1804
1835
1909
3553
1981
2224
2078
1808
1835
1921
2661
3011
1995
1753
1769
1871
3437
1961
2161
2067
1780
1879
1934
3250
2019
2055
2114
1847
1860
1932
2029
2031
2634
2094
1812
1851
1916
2864
3256
2000
1757
1800
1872
3314
1952
2082
2045
1784
1854
1913
3310
2005
2256
2082
1804
1835
1913
3563
1978
2338
2066
1787
1790
1892
3382
1941
2363
2045
1758
1834
1901
3101
3749
1989
1739
1806
1881
3037
1964
2028
2058
1806
1865
1969
3046
3533
2047
1766
1761
1836
2964
3378
1920
1723
1805
2715
3357
1909
1704
1806
1895
1969
2448
1988
1757
1865
1916
1976
2588
2038
1755
1825
1919
1988
2392
3283
2069
1794
1865
1930
3500
2012
2384
2117
1853
1865
1944
2894
3432
2032
1790
1787
1861
2543
2973
1951
1737
1809
1908
2081
3048
1983
1783
1850
3436
1948
2178
2015
1764
1856
3438
1931
2263
2016
1767
1847
1933
1992
2208
2915
2086
1815
1840
1908
2001
2071
2448
2057
1781
1835
1909
3425
1995
2147
2075
1809
1884
1938
2970
3414
2041
1785
1789
1870
3646
1933
2405
2040
1769
1866
1925
2035
2480
3495
2102
1847
1871
1932
3556
2035
2431
2101
1843
1871
1942
2933
2037
2065
2109
1832
1836
1900
3370
1987
2065
2093
1812
1890
1950
2035
2040
2663
2118
1870
1867
1968
3211
2044
2128
2134
1873
1849
1955
3245
2024
2300
2107
1836
1856
1919
3529
2016
2518
2109
1827
1871
1927
2712
3501
2022
1776
1803
1886
2926
3352
1980
1752
1804
1900
2867
3504
1975
1749
1781
1861
3568
1955
2416
2055
1780
1876
1948
2027
2229
3001
2129
1836
1865
1910
3412
1999
2077
2092
1782
1830
1904
2875
3188
1988
1745
1802
1881
2907
3423
1980
1748
1824
1904
3102
3690
2011
1769
1785
1890
1952
1957
2470
2048
1776
1835
1926
1981
2117
2513
2076
1813
1854
1915
2927
3529
2009
1736
1778
1877
1973
2351
3005
2047
1790
1915
2861
3232
1957
1733
1779
1865
2951
3383
1973
1725
1807
1898
1982
2336
2710
2051
1820
1883
1969
2987
3610
2027
1789
1818
1896
3278
1972
2105
2088
1820
1892
1945
2067
2070
3419
2107
1858
1843
1952
2021
2037
2839
2094
1822
1852
1935
2891
2011
2112
2120
1840
1878
1939
2031
2779
3265
2105
1852
1855
1935
2006
2264
3156
2099
1824
1905
1943
2039
2505
3729
2144
1854
1867
1933
2034
2104
2548
2084
1831
1825
1904
2878
3302
1988
1770
1823
1923
3029
3457
2022
1762
1813
1872
2624
3350
1968
1724
1810
1906
3288
2002
2302
2065
1810
1893
1935
2032
2038
3164
2111
1859
1857
1979
3399
2061
2375
2149
1891
1882
1968
2055
2179
2807
2133
1863
1891
1958
2064
2153
2728
2133
1883
1887
1974
3731
2061
2977
2154
1879
1874
1937
2038
2280
2812
2110
1849
1900
1962
2062
2702
3396
2146
1880
1882
1986
2063
2066
2733
2155
1864
1850
1947
3659
2022
2578
2106
1834
1904
1957
3156
2011
2139
2136
1843
1860
1939
3475
2008
2252
2124
1831
1857
1934
2020
2111
2652
2095
1805
1863
1928
3614
2010
2272
2113
1850
1872
1971
2064
3004
3584
2144
1869
1859
1937
3525
1987
2340
2093
1848
1854
1947
2035
2547
2136
2202
2222
1938
1958
2012
3244
2117
2279
2201
1915
1862
1940
2004
2804
2108
2228
2200
1939
1968
2021
3347
3719
2106
1886
1839
1933
2020
2954
2099
2137
2189
1920
1952
2047
2143
2779
3217
2236
1954
1869
1956
3484
2012
2159
2111
1846
1854
1938
1997
2397
3649
2115
1844
1872
1948
2722
3582
2033
1782
1797
1852
3204
1947
2040
2062
1821
1907
3053
1990
2002
2106
1836
1859
1950
2062
3182
2137
2335
2226
1961
1961
2061
3635
2131
2505
2219
1974
1875
1962
3668
2030
2555
2143
1861
1860
1984
2048
2362
2716
2135
1877
1936
1972
2070
2310
3444
2124
1864
1894
1964
2063
2653
3493
2155
1893
1865
1958
2027
2357
2118
2183
2219
1937
1927
2025
2102
3370
2205
2671
2276
2031
1960
2036
2149
2264
2222
2224
2325
2023
1927
2020
2087
2741
3562
2150
1883
1820
1902
2001
2577
3509
2092
1816
1876
1952
2055
3725
2172
2898
2241
1955
1956
2059
2106
2188
2196
2240
2286
2024
1927
2015
3125
2080
2224
2134
1869
1801
1891
3185
2004
2028
2084
1814
1894
2022
2072
2366
2166
2384
2235
1977
1891
2008
2071
2979
2161
2271
2244
1979
1929
2029
2139
2183
3135
2206
1933
1884
1962
3052
3470
2032
1818
1828
1923
2028
3142
3540
2078
1858
1926
2012
2080
2846
2146
2294
2272
1967
1939
2031
2143
3711
2226
2612
2313
2040
2009
2091
2200
3178
2255
2661
2343
2046
1943
2015
3549
2062
2543
2147
1884
1885
1958
2079
2163
2247
336
1402
1663
1684
1873
2005
1899
2053
2105
2161
2132
2204
1933
1802
1829
1900
2251
2349
1973
1716
1733
1811
2348
2483
1879
1656
1735
2516
2717
1824
1651
1760
2488
2736
1829
1670
1753
2804
3179
1823
1665
1762
2782
3244
1834
1664
1743
2525
2969
1821
1680
1775
2975
3445
1840
1661
1741
3032
3268
1821
1655
1764
2834
3178
1827
1672
1749
2699
3065
1830
1661
1761
2641
3065
1821
1689
1765
1855
1859
2291
1948
1802
1880
2860
3376
1983
1722
1784
1857
3219
1948
1951
2046
1775
1863
1925
2957
3403
2039
1757
1759
1871
2827
3251
1947
1710
1799
1875
2423
2555
333
883
1055
1110
1591
1724
333
363
561
637
981
1663
1676
1655
1777
1808
2109
2123
2156
2178
2205
2246
2363
1979
1813
1798
1825
1932
1025
1026
