5
5
6
6
164
292
448
608
768
923
1054
1201
99
246
402
557
733
908
1094
1247
1303
1329
1361
1583
207
669
879
1249
1624
1665
1705
1748
1802
1855
1919
1982
2012
2129
2241
1774
1776
1788
1806
1783
1793
1780
1828
1906
1977
2048
2117
3411
2204
2351
2281
1981
1707
1743
1812
1907
2000
2076
3414
2174
2186
2247
1971
1706
1743
1839
1893
2053
3091
1994
1710
1674
1793
1834
3080
3506
1927
1656
1696
1819
1860
2774
1962
1964
2059
1754
1803
1912
1981
2228
3643
2098
1811
1788
1909
208
229
297
319
1523
1579
1640
1816
1943
1435
1495
1561
1614
1691
2359
2655
1770
1517
1542
1633
2678
2991
1719
1499
1596
2908
3504
1680
1480
1594
2964
3262
1677
1517
1624
3032
1693
2005
1800
1607
1712
3528
1764
2490
1867
1578
1654
1727
2363
2885
1816
1547
1600
1676
2892
3348
1760
1505
1619
3023
3543
1686
1567
1635
3353
1734
1858
1841
1641
1742
3257
3257
3798
1538
1612
2043
2072
325
360
491
576
1044
1595
1731
1690
1923
2061
2047
2082
2131
2181
2240
2296
2344
2714
3033
2156
1934
1930
1903
1875
1920
2016
3442
2084
2398
2175
1876
1792
1862
3317
1964
2232
2038
1777
1823
1907
3447
2001
2297
2092
1817
1823
1892
3250
1972
2014
2062
1795
1822
1893
3151
2003
2044
2083
1792
1826
1883
2845
3433
1998
1712
1738
1810
3166
1894
2101
1995
1765
1852
2876
3214
1932
1671
1749
1810
2434
2931
1922
1640
1751
1824
3338
1917
1965
2024
1763
1851
1939
3407
2026
2290
2120
1813
1844
1905
1998
2002
2605
2089
1837
1830
1927
2803
3105
2004
1727
1743
1814
2870
3402
1893
1688
1793
1878
2132
3500
1986
1763
1845
1960
1972
2347
2038
1765
1840
1899
3049
2001
2334
2085
1828
1850
1930
3492
2027
2231
2120
1842
1854
1926
3358
2004
2420
2114
1828
1854
1909
3657
2000
2608
2049
1823
1813
1899
2889
3197
1983
1764
1767
1864
3376
1954
2114
2046
1777
1885
1951
2042
2446
3380
2112
1870
1849
1931
3363
2028
2296
2115
1850
1860
1955
2032
3742
2128
2976
2203
1944
1946
2027
2092
2126
2574
2211
1927
1857
1958
2045
3185
2136
2654
2219
1945
1992
2051
2152
3008
2215
2847
2306
326
1427
1542
1585
1716
1821
1549
2063
2099
2155
2207
2268
2325
2846
3158
2093
1894
1864
1853
1920
1996
3382
2091
2303
2177
1888
1830
1917
3263
3639
2017
1742
1736
1842
2854
3270
1924
1688
1770
1879
3441
1961
2046
2063
1782
1854
1908
2022
2760
2084
2287
2163
1897
1911
2002
3188
3442
2053
1824
1743
1866
1914
2118
2808
1999
1750
1863
1932
2005
2045
2397
2113
1840
1853
326
1426
1536
1352
1565
1790
325
768
904
1127
1313
1139
1649
1709
2011
1992
2114
2104
2126
2165
2208
2259
2309
2273
2315
2085
2059
2044
2038
1959
1971
1974
2061
2192
2223
2134
1824
1697
1773
1906
1933
1847
1627
1705
1837
1870
1779
1631
1709
1740
1750
1777
1623
1700
1761
1782
1772
1621
1699
1773
1805
1772
1624
1700
1800
1829
1779
1629
1703
1787
1807
1776
1630
1699
1782
1812
1772
1625
1709
1810
1837
1776
1626
1701
1878
1939
1776
1625
1706
1897
1962
1775
1622
1699
1890
1939
1773
1627
1703
1835
1891
1773
1627
1705
1867
1911
1777
1623
1701
1853
1927
1774
1626
1702
1842
1924
1773
1628
1714
1889
1927
1772
1656
1724
1913
1958
1797
1624
1702
1883
1921
1781
1633
1715
2006
2093
1781
1628
1704
2016
2096
1778
1636
1711
1923
1967
1784
1636
1711
1917
2026
1792
1634
1711
2010
2063
1782
1636
1709
1916
1999
1780
1631
1711
1932
2022
1779
1628
1707
2069
2193
1779
1635
1710
1952
2019
1788
1635
1715
1927
2030
1791
1632
1706
1953
2004
1780
1640
1707
1927
2005
1784
1639
1707
1957
2063
1779
1632
1711
1977
2039
1787
1630
1710
1994
2086
1789
1636
1711
1977
2038
1788
1642
1716
2051
2232
1785
1633
1711
2113
2199
1782
1635
1708
1997
2076
1787
1637
1711
1993
2112
1786
1647
1712
2031
2136
1783
1640
1712
1958
2063
1787
1636
1710
1976
2052
1788
1646
1711
1972
2072
1787
1635
1711
2023
2105
1792
1639
1717
2053
2163
1785
1641
1712
2031
2119
1791
1634
1709
2051
2162
1787
1637
1709
2017
2155
1784
1641
1717
2113
2196
1791
1633
1711
2050
2172
1780
1637
1711
2089
2188
1784
1637
1728
2058
2186
1782
1660
1737
2101
2220
1813
1641
1713
2052
2154
1785
1646
1717
2066
2155
1792
1631
1710
2052
2150
1782
1641
1712
2062
2139
1785
1643
1713
2055
2170
1790
1639
1715
2167
2268
1788
1636
1714
2153
2231
1793
1633
1733
2158
2256
1806
1630
1718
2133
2227
1784
1669
1738
2105
2262
1806
1640
1714
2089
2230
1784
1642
1723
2077
2173
1788
1640
1717
2067
2192
1791
1638
1717
2047
2167
1792
1645
1719
2077
2168
1795
1640
1717
2107
2223
1796
1647
1713
2093
2214
1797
1639
1748
2217
2360
1810
1654
1732
2170
2276
1806
1640
1711
2074
2230
1788
1645
1718
2128
2283
1804
1642
1738
2082
2201
1812
1632
1715
2374
2471
1785
1643
1719
2105
2199
1791
1644
1721
2108
2249
1798
1641
1737
2146
2312
1808
1631
1713
2219
2344
1786
1643
1723
2142
2271
1790
1645
1725
2177
2314
1790
1640
1723
2339
2575
1795
1640
1722
2137
2274
1789
1645
1723
2201
2351
1794
1642
1722
2165
2328
1789
1667
1747
2232
2359
1814
1639
1713
2110
2255
1789
1647
1716
2160
2294
1792
1651
1729
2249
2406
1793
1676
1739
2465
2648
1814
1634
1709
2364
2623
1786
1652
1731
2429
2645
1796
1663
1737
2237
2391
1810
1646
1718
2322
2557
1788
1651
1725
2148
2305
1807
1643
1714
2161
2304
1795
1653
1753
2227
2358
1811
1655
1735
2193
2344
1804
1642
1719
2261
2439
1791
1648
1721
2303
2457
1793
1638
1712
2198
2325
1791
1641
1725
2475
2675
1794
1647
1724
2511
2664
1792
1643
1722
2290
2515
1787
1643
1722
2254
2382
1788
1643
1715
2150
2331
1799
1661
1740
2243
2389
1816
1642
1721
2295
2415
1784
1643
1723
2196
2358
1798
1650
1745
2249
2425
1820
1646
1707
2192
2350
1783
1653
1723
2194
2358
1796
1646
1716
2202
2450
1789
1647
1720
2093
2242
1794
1650
1724
2300
2534
1794
1644
1723
2327
2529
1790
1644
1715
2483
2709
1792
1645
1722
2314
2449
1800
1646
1724
2230
2369
1799
1643
1714
2221
2354
1792
1655
1722
2501
2746
1805
1641
1747
2375
2529
1817
1665
1740
2300
2477
1813
1649
1724
2472
2738
1793
1654
1727
2259
2495
1798
1646
1719
2537
2804
1795
1642
1721
2314
2464
1801
1643
1745
2579
2780
1822
1654
1759
2273
2435
1824
1664
1740
2262
2421
1810
1652
1733
2391
2556
1796
1675
1736
2227
2382
1816
1641
1742
2350
2523
1810
1638
1716
2400
2526
1795
1651
1729
2223
2361
1810
1653
1742
2332
2492
1812
1642
1729
2450
2622
1800
1676
1769
2431
2603
1836
1625
1712
2318
2468
1779
1652
1738
2334
2536
1810
1673
1768
2450
2629
1841
1629
1705
2223
2459
1781
1650
1726
2442
2606
1801
1647
1721
2317
2495
1802
1647
1755
2444
2680
1818
1665
1738
2384
2606
1807
1660
1720
2482
2718
1793
1651
1721
2473
2621
1798
1645
1720
2600
2767
1791
1649
1725
2275
2475
1790
1652
1724
2295
2516
1802
1651
1747
2547
2731
1837
1652
1739
2366
2577
1808
1646
1716
2270
2454
1791
1648
1729
2519
2712
1802
1658
1722
2342
2520
1809
1651
1750
2384
2591
1822
1643
1719
2510
2695
1791
1652
1722
2294
2486
1795
1651
1725
2241
2397
1805
1655
1741
2361
2599
1800
1682
1747
2402
2570
1821
1638
1725
2377
2601
1788
1665
1734
2424
2617
1803
1677
1749
2447
2642
1818
1644
1726
2400
2587
1796
1675
1751
2306
2590
1826
1642
1726
2306
2534
1790
1671
1750
2541
2748
1820
1649
1720
2563
2741
1790
1652
1728
2451
2674
1803
1651
1725
2488
2661
1792
1667
1744
2684
2899
1816
1644
1720
2490
2690
1795
1656
1728
2516
2820
1800
1640
1713
2355
2553
1794
1647
1750
2613
2838
1815
1678
1754
2418
2627
1812
1663
1745
2458
2709
1817
1654
1726
2600
2881
1798
1655
1729
2467
2679
1799
1653
1724
2396
2616
1798
1658
1730
2494
2762
1799
1650
1727
2497
2728
1794
1644
1728
2439
2705
1805
1651
1745
2597
2878
1820
1641
1719
2725
3009
1794
1651
1722
2676
2933
1802
1652
1731
2402
2604
1804
1671
1769
2439
2623
1847
1657
1750
2442
2688
1827
1656
1738
2583
2842
1815
1652
1718
2645
2855
1796
1653
1723
2431
2697
1802
1647
1732
2700
2901
1798
1656
1738
2510
2828
1799
1670
1748
2546
2776
1825
1647
1742
2460
2660
1809
1649
1716
2688
2883
1801
1650
1755
2509
2771
1823
1669
1749
2376
2593
1810
1683
1752
2581
2811
1820
1656
1723
2466
2684
1798
1651
1736
2772
2993
1804
1645
1726
2492
2856
1798
1646
1721
2487
2735
1796
1645
1749
2519
2801
1824
1672
1739
2637
2877
1808
1646
1724
2765
2942
1806
1662
1749
2694
2992
1816
1672
1745
2777
2966
1815
1649
1729
2347
2563
1794
1680
1751
2519
2751
1820
1648
1717
2453
2722
1794
1662
1736
2756
3135
1819
1658
1746
2896
3116
1824
1647
1745
2500
2751
1816
1637
1719
2677
2929
1794
1648
1730
2700
2942
1803
1646
1734
2660
2986
1794
1687
1744
2708
2949
1825
1664
1729
2500
2778
1819
1717
1775
2523
2862
1861
1660
1730
2732
3107
1803
1668
1722
2410
2658
1829
1670
1768
2561
2789
1840
1661
1737
2807
3031
1811
1653
1746
2714
3015
1827
1648
1744
2722
3046
1814
1643
1726
2779
2993
1792
1681
1743
2711
3003
1817
1639
1718
2534
2787
1798
1658
1728
2705
3006
1811
1647
1754
2528
2768
1813
1670
1751
2599
2867
1813
1671
1735
2547
2727
1819
1650
1752
2504
2756
1819
1672
1741
2658
2940
1822
1648
1759
2783
3074
1820
1676
1740
2641
3003
1811
1647
1731
2887
3143
1797
1683
1756
2871
3215
1816
1672
1749
2828
3096
1813
1655
1728
2778
3011
1809
1662
1758
2893
3106
1819
1666
1753
2887
3145
1814
1668
1756
2944
3256
1828
1676
1781
2953
3251
1840
1669
1746
2578
2864
1809
1674
1749
2592
2969
1834
1649
1747
2606
2899
1816
1641
1727
2553
2741
1796
1684
1750
2588
2954
1830
1652
1744
2936
3177
1821
1677
1761
2571
2826
1841
1644
1741
2913
3306
1810
1659
1718
2908
3150
1801
1656
1739
2794
3195
1816
1647
1722
2803
3046
1800
1656
1744
2989
3237
1804
1684
1751
2718
3091
1832
1652
1743
2653
2858
1826
1646
1744
2522
2929
1822
1643
1733
2897
3225
1788
1672
1752
2620
2867
1836
1667
1770
2892
3140
1835
1670
1733
2573
2855
1809
1651
1729
2559
2829
1795
1657
1733
2721
2931
1804
1661
1727
2431
2693
1805
1650
1738
2590
2930
1796
1683
1768
2954
3312
1824
1673
1739
2837
3165
1812
1651
1727
2696
3027
1800
1659
1725
2567
2899
1810
1662
1742
2531
2830
1816
1649
1725
2546
2812
1794
1658
1725
2565
2901
1807
1663
1753
2658
2967
1812
1672
1754
2394
2602
1815
1685
1743
2635
2961
1817
1652
1727
2623
2809
1803
1665
1734
2882
3196
1807
1651
1752
3058
3421
1824
1665
1744
2954
3259
1809
1680
1761
2732
3153
1821
1673
1749
2867
3122
1819
1667
1735
3009
3397
1807
1685
1769
2895
3241
1845
1651
1727
2968
3310
1801
1682
1795
3016
3424
1856
1655
1761
3104
3355
1828
1676
1757
2957
3343
1824
1677
1764
3064
3404
1827
1672
1765
2685
3017
1848
1643
1734
2714
2922
1817
1656
1758
2760
3139
1815
1669
1746
3018
3308
1818
1657
1728
2630
2910
1803
1664
1746
2654
3004
1803
1675
1760
2676
3028
1831
1671
1778
2680
3038
1839
1667
1732
2606
2848
1807
1655
1735
2629
2962
1808
1684
1777
2701
2986
1857
1641
1733
2657
2986
1806
1661
1729
2943
3398
1805
1651
1732
2494
2760
1810
1658
1756
2960
3247
1827
1675
1745
2932
3311
1818
1647
1726
2777
3199
1800
1658
1741
3043
3460
1810
1692
1754
3092
3499
1845
1666
1766
2806
3067
1838
1664
1744
2670
2992
1821
1658
1757
2407
2643
1829
1673
1778
3109
3484
1843
1666
1754
3036
3339
1838
1652
1741
2980
3418
1823
1658
1743
2925
3218
1824
1645
1731
2547
2813
1802
1679
1785
2620
2983
1845
1670
1748
2632
2935
1817
1695
1763
2655
2996
1846
1688
1768
2752
3182
1840
1649
1716
2620
2953
1791
1655
1735
2959
3408
1812
1655
1756
2634
2953
1822
1668
1744
2990
3477
1814
1660
1723
2673
2953
1795
1660
1731
2383
2679
1808
1654
1750
2662
3001
1835
1647
1752
2660
3030
1817
1676
1748
2988
3385
1809
1665
1719
2989
3413
1794
1684
1731
3006
3427
1827
1676
1751
2659
2971
1825
1665
1727
3071
3476
1801
1666
1728
3020
3346
1808
1656
1757
3143
3526
1819
1681
1754
2686
3032
1829
1665
1757
2725
3080
1827
1682
1778
3214
3576
1845
1667
1772
3124
3533
1836
1681
1746
3058
3556
1820
1661
1736
2877
3356
1806
1671
1731
2995
3397
1811
1663
1754
3160
3640
1829
1668
1746
3180
3498
1825
1647
1765
2765
3191
1814
1677
1749
2657
3033
1813
1649
1724
2762
3283
1798
1664
1738
3040
3395
1809
1680
1783
2739
3251
1849
1667
1766
3156
3483
1834
1673
1748
3058
3531
1822
1667
1757
2733
3142
1824
1672
1747
3210
3561
1820
1658
1726
3002
3340
1800
1662
1731
3083
3499
1808
1654
1743
3053
3563
1809
1685
1755
3037
3392
1832
1651
1749
2717
3082
1828
1645
1745
3229
1814
1840
1924
1735
1825
3287
1892
1967
1996
1725
1816
1882
3292
3619
1973
1692
1767
1831
2783
3109
1927
1678
1759
3153
3669
1845
1655
1745
2689
3033
1819
1652
1760
3220
1824
1906
1918
1750
1854
3216
1921
1965
2006
1754
1821
1896
2835
3172
1970
1690
1733
1806
3118
3509
1894
1677
1749
2621
3183
1825
1695
1783
3129
3627
1881
1678
1779
3202
1844
1862
1941
1715
1811
3125
3652
1882
1642
1721
3036
3412
1802
1666
1766
2780
3228
1831
1670
1779
2455
2765
1857
1666
1764
2716
3144
1843
1646
1724
2767
3098
1802
1666
1758
3132
3632
1830
1654
1732
2748
3168
1790
1680
1762
2978
3294
1836
1679
1764
3176
3658
1837
1652
1725
3203
1797
1818
1864
1715
1810
3221
1866
1936
1963
1716
1816
3292
1905
1985
1957
1716
1782
2688
3084
1867
1659
1763
3324
1840
1955
1934
1756
1841
3281
1930
2032
1987
1723
1782
1848
2826
3086
1937
1671
1757
1848
3275
1912
1940
1994
1742
1848
1915
2573
2867
2007
1731
1756
1846
3298
3642
1914
1678
1778
3195
1847
1927
1924
1760
1827
3139
3553
1908
1662
1742
3142
3658
1817
1654
1730
3146
3654
1799
1671
1726
3114
3612
1812
1660
1760
3260
1830
1994
1913
1754
1834
2966
3566
1906
1662
1757
3325
1846
1990
1907
1729
1820
3230
1888
1994
1981
1715
1813
2808
3065
1887
1670
1780
2970
3368
1828
1685
1749
3125
3691
1831
1695
1787
2789
3257
1849
1668
1750
2738
3132
1825
1701
1781
2741
3475
1888
1692
1782
2726
3156
1874
1640
1740
3130
1808
1850
1896
1756
1803
3201
1906
1940
1961
1743
1828
2778
3149
1894
1676
1770
2662
3063
1849
1669
1759
2711
3139
1847
1644
1748
3248
1816
1916
1917
1735
1840
3036
3512
1890
1664
1741
3131
1813
1816
1907
1727
1820
3228
1896
1984
1979
1685
1782
2778
3342
1875
1658
1745
3103
3630
1819
1668
1727
3009
3495
1812
1658
1755
3147
1832
1883
1923
1741
1835
3301
1917
1957
1971
1733
1795
1883
2835
3203
1970
1719
1775
1850
3346
1921
2116
1990
1727
1823
1891
3303
1988
2140
2072
1799
1845
1918
3444
1983
2084
2058
1768
1789
1869
3317
1932
2071
2012
1740
1801
1870
3332
1961
2035
2027
1749
1837
1906
3298
1999
2023
2066
1796
1817
1884
3364
1950
2140
2034
1735
1806
1861
3203
3579
1951
1701
1770
1854
3314
1944
2070
2027
1750
1842
1911
2633
3141
1996
1743
1774
1852
3338
1926
1990
2006
1766
1843
1904
3550
1999
2403
2071
1791
1817
1889
3301
1974
1982
2026
1776
1799
1878
3284
1952
2082
2045
1771
1870
1923
3427
2013
2221
2084
1813
1815
1886
3376
1962
2166
2029
1787
1814
1909
2573
3011
1980
1722
1737
1808
3320
1885
2033
1957
1730
1814
3296
1880
2090
1967
1750
1835
3301
1915
1995
1978
1729
1795
1865
3187
1961
2187
2024
1755
1837
1909
3265
1999
2031
2083
1827
1848
1934
3330
2031
2045
2121
1839
1831
1900
3244
1967
2131
2034
1758
1769
1830
2718
3062
1928
1640
1744
2851
3161
1827
1675
1777
3191
3511
1841
1689
1743
3257
3634
1839
1684
1785
3327
1839
1895
1944
1722
1814
3207
1888
2110
1977
1738
1816
3120
3702
1906
1693
1799
2707
3127
1860
1679
1760
2686
3062
1867
1712
1782
3216
3630
1872
1671
1747
2789
3235
1810
1685
1767
3152
1824
1902
1941
1732
1826
2962
3396
1903
1676
1782
3284
1842
2049
1926
1756
1839
3007
3257
1905
1678
1744
1806
3218
3525
1932
1671
1763
3448
1847
2095
1910
1732
1832
3426
1890
2044
1981
1722
1823
3303
1894
2104
1978
1741
1842
3306
1904
2070
1994
1727
1805
1874
3396
3732
1967
1717
1788
1874
3496
1932
2222
2038
1755
1830
1910
3446
1970
2218
2063
1769
1815
1876
2918
3264
1978
1693
1765
1849
2865
3287
1929
1687
1783
3271
1860
1914
1964
1740
1843
3343
1918
2054
2001
1742
1835
3215
1895
1999
1999
1734
1808
1892
3174
1991
2066
2058
1789
1829
1918
3427
1983
2259
2069
1789
1834
1904
2886
3290
1992
1741
1798
1862
2540
2800
1960
1704
1793
1851
2791
3359
1941
1677
1754
1855
3005
3339
1915
1678
1773
3625
1842
2070
1941
1739
1855
3077
3531
1919
1698
1742
1845
3059
3417
1910
1666
1755
1836
3614
1894
2196
1992
1711
1814
1885
3336
3735
1974
1698
1770
1850
3436
1932
2216
2010
1766
1842
2954
3387
1916
1650
1756
2706
3152
1825
1676
1769
3199
1829
1873
1914
1766
1826
3420
1900
2026
1965
1715
1770
3042
3527
1863
1666
1762
2758
3422
1850
1679
1777
3417
1848
2167
1943
1742
1833
3413
1910
2022
1976
1727
1783
1855
3333
1921
1941
2032
1717
1816
1882
2886
3506
1977
1702
1760
1840
2936
3356
1908
1684
1749
3447
1811
2107
1917
1738
1847
3413
1924
2150
2009
1745
1855
3407
1901
2113
2009
1729
1817
1891
3588
1959
2309
2059
1763
1846
1908
3096
3692
2000
1727
1782
1862
3146
3670
1961
1702
1817
1858
3256
1950
2132
2007
1754
1814
1898
2980
3356
1957
1713
1763
1849
2801
3206
1906
1672
1734
1819
2789
3033
1898
1679
1781
2587
3053
1832
1672
1748
2800
3116
1820
1705
1763
3013
3423
1878
1671
1785
3333
1850
2224
1952
1748
1859
3411
1908
2204
2015
1720
1831
1877
3587
1970
2417
2046
1777
1840
1905
3367
1992
2122
2065
1796
1821
1892
2864
3464
1967
1708
1743
1811
2705
3101
1923
1662
1778
2728
3146
1853
1686
1769
2983
3265
1863
1700
1766
2840
3187
1848
1662
1754
3144
3488
1830
1681
1753
2753
3090
1839
1659
1757
3655
1825
2157
1929
1742
1834
3510
1904
2262
1998
1729
1814
3420
1899
2081
1987
1748
1831
3255
1907
1955
1982
1706
1800
1882
3288
1969
1993
2058
1771
1861
1933
3515
2020
2258
2102
1832
1842
1921
3009
3601
2004
1748
1799
1849
3509
1935
2323
2032
1780
1856
1933
3375
2022
2208
2120
1822
1835
1915
3549
1983
2557
2070
1804
1838
1901
2735
3013
1994
1732
1789
1861
2735
3170
1946
1699
1794
1857
2847
3321
1958
1695
1786
1845
3647
1944
2290
2012
1750
1827
1906
3544
1975
2387
2064
1799
1822
1903
3489
1969
2882
2071
1782
1831
1896
3582
1990
2352
2070
1808
1848
1913
3003
3327
1996
1744
1758
1841
2943
3534
1896
1663
1757
3159
1818
1836
1919
1740
1841
3437
1911
2039
2002
1757
1852
2876
3596
1961
1705
1787
1864
3338
1946
2372
2046
1780
1848
1925
3307
1988
2178
2068
1764
1783
1868
3352
1926
2048
2035
1737
1828
1892
3422
1982
2290
2083
1799
1855
1933
2659
3003
1995
1755
1737
1839
3028
3382
1908
1674
1763
1834
3446
1923
2267
2000
1735
1834
1902
3478
2009
2423
2065
1793
1830
1891
3387
3643
1978
1704
1771
1823
1936
1940
2283
2009
1748
1856
1911
1915
2304
2012
1734
1834
2956
3392
1914
1648
1765
1831
2795
3238
1931
1695
1783
2953
3407
1876
1643
1744
3366
1811
2011
1917
1758
1847
3377
1907
2147
2021
1731
1810
3374
1902
2049
1956
1726
1831
3099
1897
1929
1991
1747
1838
3032
3510
1909
1680
1750
1809
3352
1899
2067
1978
1765
1845
3256
1937
2087
2023
1773
1865
1931
3541
2018
2390
2112
1842
1857
1914
3282
3702
1996
1737
1740
1814
2776
3209
1910
1695
1801
3129
3487
1860
1669
1735
3109
3617
1822
1667
1744
2678
3002
1833
1647
1756
2912
3306
1839
1703
1790
3520
1868
2358
1980
1763
1865
2983
3556
1925
1691
1754
1837
1890
1967
2296
1997
1732
1812
2956
3330
1892
1665
1758
3258
1817
2067
1926
1746
1835
2903
1917
2059
1992
1746
1860
1917
2895
3285
2009
1772
1790
1875
3347
3708
1957
1730
1778
1875
3539
1936
2490
2030
1776
1831
1902
3634
1997
2325
2081
1818
1855
1934
3492
2010
2283
2099
1830
1847
1924
3096
3666
2012
1759
1776
1870
3192
3670
1956
1717
1777
1843
1942
2036
2776
2023
1764
1835
1930
3310
2019
2127
2100
1841
1828
1934
3620
1987
2405
2087
1778
1803
1883
3446
1957
2211
2059
1764
1854
1902
3318
1994
2134
2057
1793
1816
1893
3037
3371
1970
1726
1762
1876
1926
2019
2670
2023
1769
1801
1889
2864
3337
1989
1741
1788
1881
3479
1965
2117
2062
1795
1838
1924
1993
2156
2967
2082
1802
1821
1896
3326
3726
1982
1732
1769
1822
3110
1928
1930
1985
1748
1830
3250
1894
1917
1988
1752
1830
3612
1935
2403
2015
1775
1878
3494
1928
2147
2030
1778
1830
1930
2919
3296
2005
1738
1756
1823
2841
3333
1922
1697
1795
3383
1857
2322
1966
1723
1835
3323
3611
1890
1671
1770
2848
3233
1845
1688
1779
3229
3699
1867
1707
1802
3618
1859
2333
1965
1707
1817
3429
1884
2190
1989
1752
1836
2744
3234
1915
1653
1752
1818
2792
3494
1924
1713
1793
2650
2993
1909
1698
1799
3193
1855
2021
1961
1741
1827
3319
1895
2027
1983
1762
1854
3512
1947
2081
2053
1762
1863
1943
3555
2020
2213
2116
1837
1832
1909
2853
3251
1981
1716
1750
1819
3457
1917
2146
2014
1786
1876
2996
3496
1953
1701
1783
1835
2819
3487
1950
1671
1766
2916
3242
1845
1666
1746
3548
1829
2089
1900
1726
1802
3100
1867
1875
1964
1760
1869
2855
3277
1937
1696
1772
1833
2717
3231
1929
1712
1794
2980
3456
1883
1696
1801
2783
3357
1858
1695
1756
2492
2782
1855
1716
1805
3363
1893
1934
1991
1776
1863
3433
1971
2085
2039
1785
1858
1913
2873
3473
2007
1751
1755
1853
3551
1952
2732
2037
1783
1847
1921
3369
1988
2150
2052
1762
1782
1839
3441
1939
2107
2019
1746
1849
3077
3459
1923
1683
1786
1838
3104
3724
1931
1692
1765
1886
2084
2663
1954
1797
1897
1981
2035
2465
2053
1794
1845
1955
3275
3579
1998
1760
1742
1851
3555
1924
2185
2028
1756
1864
3244
3579
1925
1695
1746
1823
1908
2024
2536
1997
1776
1880
1947
2032
2857
2042
1796
1840
1913
2933
3275
2011
1747
1775
1850
3466
1921
2317
2020
1771
1837
1932
3410
2000
2250
2097
1825
1828
1883
3439
1972
2024
2055
1799
1834
1933
1991
2117
2927
2093
1793
1820
1875
2797
3169
1972
1707
1806
1869
3333
1965
2128
2043
1793
1870
1957
3279
2028
2270
2145
1823
1829
1909
3487
1982
2302
2095
1815
1858
1942
3580
2039
2481
2112
1828
1810
1900
3492
1968
2292
2057
1787
1838
1928
3005
3608
2008
1772
1783
1861
3063
3557
1953
1727
1776
1879
3119
1943
2061
2046
1771
1817
1900
3660
1960
2726
2082
1773
1813
1878
3418
1974
2324
2038
1778
1835
1907
2706
3573
2004
1720
1785
1859
2995
3429
1928
1699
1773
2903
3433
1862
1671
1776
1865
2611
3114
1947
1809
1890
3618
1979
2379
2087
1799
1859
1937
3313
3699
2051
1752
1786
1866
2838
3458
1939
1708
1795
1838
3624
1940
2356
2053
1766
1880
1952
2038
2748
2040
1777
1855
1938
2010
2217
2564
2118
1841
1858
1961
3571
2042
2548
2109
1846
1815
1931
3505
2012
2356
2088
1830
1860
1939
3359
2017
2245
2096
1862
1866
1958
3282
3661
2030
1776
1786
1850
3436
1931
2171
2026
1781
1861
3097
3556
1929
1715
1755
1861
3091
3691
1922
1702
1782
1856
1864
3228
1942
1777
1866
3166
1950
1958
2045
1776
1831
1899
3667
1995
2317
2086
1826
1878
1982
3442
2048
2242
2143
1857
1834
1917
3277
1985
2167
2091
1827
1857
1953
2865
3247
2037
1786
1765
1867
3157
1921
2808
2015
1750
1828
1884
3326
1981
2267
2095
1798
1871
1949
3537
2015
2479
2111
1829
1847
1935
2791
3291
2008
1749
1782
1868
1946
1964
2698
2019
1763
1858
1915
2010
2312
2896
2104
1829
1866
1941
3551
2039
2370
2111
1841
1883
1921
3313
2011
2332
2078
1804
1845
1913
3097
3641
1996
1740
1791
1855
2751
3505
1946
1726
1805
1886
3690
1972
2908
2063
1817
1852
1922
2986
3564
2028
1755
1747
1828
3245
1895
1965
1996
1732
1840
3506
1893
2067
2006
1739
1816
3366
3677
1909
1656
1751
2731
3521
1825
1681
1788
3254
1858
1922
1969
1774
1853
3385
1940
2292
2028
1780
1884
1950
2898
2034
2410
2119
1854
1925
1995
3653
2080
2517
2181
1889
1837
1927
3481
2001
2159
2096
1815
1850
1931
3179
3727
2005
1762
1810
1852
3210
3659
1950
1733
1772
1840
2694
3109
1953
1696
1811
1864
1868
2282
1963
1752
1827
3353
1932
2212
2015
1786
1874
2858
3170
1936
1719
1756
1877
3227
1918
2202
2024
1754
1842
1907
3517
2001
2267
2099
1814
1859
1947
3413
2013
2247
2139
1822
1834
1915
3311
1989
2034
2076
1792
1850
1922
2014
2019
2536
2099
1828
1878
1939
2021
2040
2577
2116
1833
1862
1928
3324
3736
2026
1808
1795
1887
3437
1948
2679
2043
1773
1826
1906
2960
3242
1983
1745
1804
1900
2919
3286
1980
1755
1772
1863
3245
3689
1961
1698
1783
1890
2766
3164
1940
1706
1758
1847
3287
1927
2215
2015
1784
1869
1942
2038
2450
2042
1771
1839
1919
3363
2006
2184
2087
1825
1877
1950
3012
3430
2011
1761
1785
1853
2963
3533
1947
1706
1793
1881
3211
1975
2109
2053
1799
1872
1930
3032
2023
2047
2119
1851
1853
1957
2031
2121
2473
2141
1849
1836
1931
3473
2028
2184
2098
1819
1877
1940
2025
2385
2963
2115
1835
1871
1929
3569
2024
2360
2110
1843
1849
1945
3438
2036
2176
2126
1843
1844
1916
2972
3357
1999
1760
1806
1908
1966
2000
2598
2075
1789
1823
1910
3128
1986
1992
2065
1771
1850
1921
3495
2019
2809
2098
1842
1849
1942
3426
2040
2476
2120
1878
1841
1945
3269
1991
2033
2108
1813
1807
1913
1974
2173
2746
2059
1808
1883
1951
3203
2049
2320
2141
1868
1841
1948
3272
2003
2245
2128
1811
1810
1898
1977
2126
2747
2058
1831
1867
1961
2052
2468
2932
2134
1856
1837
1917
2014
2156
2672
2098
1823
1876
1946
2041
2149
2801
2116
1845
1865
1933
2009
2663
2113
2170
2202
326
1403
1547
1579
1500
1796
1437
2059
2093
2145
2187
2233
2095
2167
1920
1857
1893
1926
1938
1989
2052
2569
2702
2120
1820
1702
1791
2605
2771
1852
1667
1736
2498
2744
1822
1646
1735
2659
2861
1805
1640
1717
2327
2570
1790
1674
1765
2729
3143
1862
1681
1769
3126
3501
1838
1628
1701
3079
3374
1786
1660
1757
3185
3585
1851
1677
1776
2560
2894
1863
1647
1759
2791
3289
1820
1670
1739
3459
1828
2066
1874
1725
1808
3226
1876
1994
1966
1745
1846
3006
3416
1917
1664
1759
1840
1917
1921
2739
2031
1771
1870
3390
1946
2108
2039
1781
3516
2015
2519
2729
331
830
1063
1072
1668
1912
1309
2120
331
369
459
485
630
1130
1157
1627
1557
1778
1735
2140
2459
2261
1871
1975
1889
1876
1874
1871
1883
1898
1930
1972
2218
2333
2003
