5
5
6
6
168
308
455
614
773
928
1053
1192
99
242
395
552
742
914
1095
1251
1299
1324
1357
1580
207
618
863
1259
1558
1597
1635
1677
1729
1781
1840
1904
1972
2035
2106
2164
2253
1929
1913
1915
1872
1858
1751
1763
1843
1912
2002
2088
3103
3484
2194
1862
1631
1656
1743
1823
1900
2003
2084
3450
2161
2315
2264
1944
1690
1745
1831
1908
2418
2768
2007
1740
1722
1792
3532
1917
3287
1959
1702
1704
1764
1889
2965
1969
1981
2018
1765
1810
1897
3395
1974
2180
2086
1790
1729
1850
208
237
321
343
1521
1563
1625
1682
1770
1490
1555
1580
1659
1737
2469
2823
1816
1588
1530
1608
2390
2730
1694
1524
1597
1671
2895
1747
1823
1823
1562
1652
1730
3038
3577
1829
1569
1646
1722
1814
1972
3071
1913
1649
1741
1780
1900
2064
2939
1949
1680
1695
1743
2865
3291
1841
1564
1617
1695
3223
1776
1896
1879
1614
1709
1783
2803
3467
1854
1599
1618
1687
3077
1788
1812
1897
1632
1745
2761
2999
3619
3804
1504
1657
1733
321
349
423
471
855
1410
1418
1508
1623
1799
2071
2106
2178
2228
2315
2368
2560
2776
2123
1903
1878
1849
1886
1962
3342
2038
2177
2122
1830
1827
1892
2820
3237
1996
1735
1747
1852
3422
1934
1980
2024
1762
1815
1900
2852
3494
1953
1705
1732
1784
3152
3416
1864
1677
1761
3155
1843
1873
1944
1757
1851
2563
2837
1933
1707
1762
1851
1940
1988
2329
2039
1761
1825
1875
3385
1981
1993
2035
1766
1804
1867
1965
2013
2403
2021
1761
1802
1872
3226
3566
1961
1704
1784
1833
3215
1938
1961
2014
1756
1839
1916
3418
1994
2030
2100
1810
1835
1916
3076
3532
2001
1744
1774
1841
3447
1947
2032
2020
1772
1831
1891
2776
3136
1994
1730
1762
1855
3031
3371
1923
1699
1774
1867
3685
1965
2943
2052
1788
1846
1931
2000
2266
2616
2104
1825
1842
1940
2034
2100
2629
2133
1845
1845
1938
2011
2249
3013
2115
1806
1817
1884
1976
2076
2822
2076
1808
1869
1950
2042
2675
3164
2114
1859
1820
1901
2008
2022
2548
2089
1819
1864
1941
3005
2014
2116
2094
1834
1847
1958
2054
2386
2916
2108
1861
1823
1927
2000
2122
3120
2072
1808
1880
1935
2999
3699
2020
1769
1776
1878
1942
2080
2644
2038
1844
1876
1968
2060
2257
2136
2580
2220
1942
1888
1985
2096
2988
3413
2219
322
359
438
470
1399
2025
2387
1903
1937
1794
1848
1892
1951
1997
2062
2129
2773
3052
2142
1864
1705
1771
1845
3151
1931
2017
2010
1784
1827
1906
2740
3348
1987
1732
1743
1818
3340
1913
1969
1995
1756
1843
1938
3732
2038
2760
2113
1831
1813
1886
3474
1980
2282
2081
1814
1817
1926
1991
2057
2745
2071
1806
1819
1884
2702
3036
1979
1719
1762
1878
1937
2130
2717
2038
1789
1841
1942
2746
3406
2023
1758
1781
1844
1937
2387
3011
2028
1775
1866
1973
2005
3247
2057
1790
1867
1945
2025
3069
2119
2909
2213
1919
1957
2026
2111
3243
2190
2610
2287
2001
1931
2022
2125
2443
3323
2236
1976
1912
322
360
493
576
1334
2023
2286
1687
1687
321
360
555
639
664
1049
1059
1428
1401
1568
1589
1828
2339
1986
2050
1830
1853
1871
1899
1934
1980
2035
2089
2154
2256
2306
2204
1936
1757
1733
1804
1911
1946
1877
1636
1694
1768
1936
1969
1842
1610
1689
1706
1709
1758
1625
1697
1745
1765
1769
1617
1689
1748
1765
1761
1614
1692
1780
1790
1763
1617
1690
1793
1828
1764
1616
1695
1824
1856
1764
1614
1691
1791
1837
1768
1613
1691
1793
1832
1760
1619
1691
1786
1823
1763
1616
1696
1824
1856
1768
1618
1695
1819
1869
1767
1617
1699
1833
1859
1766
1615
1698
1845
1896
1767
1619
1697
1856
1897
1767
1622
1700
1854
1936
1770
1617
1699
1867
1912
1766
1617
1695
1888
1934
1766
1617
1695
1867
1924
1769
1626
1698
1897
1955
1772
1616
1695
1918
1959
1767
1629
1707
1946
1997
1778
1625
1701
1993
2079
1773
1629
1710
1946
2009
1778
1624
1701
1892
1986
1775
1627
1702
1919
1996
1776
1629
1706
1969
2032
1778
1625
1705
1944
2000
1772
1627
1711
2078
2183
1789
1627
1728
1966
2077
1805
1620
1694
1954
2017
1770
1639
1707
1966
2013
1783
1631
1709
1980
2067
1779
1629
1703
1933
1994
1780
1629
1706
1983
2051
1779
1627
1708
1998
2114
1789
1631
1735
2124
2229
1799
1645
1728
2162
2224
1800
1629
1715
2120
2209
1788
1656
1752
2017
2165
1827
1624
1701
2137
2257
1768
1636
1714
2025
2115
1787
1636
1712
2016
2101
1783
1638
1712
2005
2124
1788
1636
1719
1978
2072
1784
1645
1713
2058
2137
1789
1634
1711
1997
2077
1779
1640
1711
2057
2134
1787
1633
1712
2041
2127
1789
1631
1708
2058
2198
1787
1639
1714
2066
2169
1782
1641
1713
2077
2162
1786
1634
1708
1997
2107
1780
1632
1706
2058
2162
1788
1632
1732
2094
2193
1802
1624
1702
2032
2143
1775
1637
1715
2057
2167
1788
1634
1706
2075
2197
1786
1635
1711
2060
2136
1786
1633
1718
2127
2242
1782
1630
1705
2033
2182
1783
1633
1709
2070
2240
1787
1634
1714
2161
2284
1780
1633
1709
2081
2263
1784
1636
1705
2251
2370
1782
1639
1711
2092
2198
1782
1634
1717
2152
2272
1788
1633
1711
2228
2327
1783
1636
1713
2127
2249
1784
1631
1709
2211
2347
1780
1631
1712
2110
2264
1780
1632
1711
2178
2337
1787
1649
1712
2110
2240
1788
1641
1714
2195
2287
1784
1633
1711
2107
2218
1786
1634
1713
2151
2251
1791
1638
1708
2139
2269
1783
1644
1716
2124
2235
1787
1638
1718
2160
2252
1789
1637
1713
2094
2210
1792
1636
1738
2091
2230
1812
1630
1703
2171
2299
1783
1635
1712
2160
2270
1784
1635
1712
2146
2288
1787
1648
1718
2233
2370
1788
1635
1719
2209
2403
1789
1634
1721
2131
2241
1787
1659
1729
2226
2353
1805
1633
1716
2152
2302
1785
1673
1761
2201
2354
1830
1619
1699
2219
2329
1774
1642
1722
2184
2346
1800
1643
1734
2141
2328
1810
1628
1706
2343
2523
1777
1646
1726
2293
2431
1794
1643
1713
2240
2398
1787
1646
1716
2234
2312
1788
1636
1710
2190
2424
1780
1640
1714
2240
2404
1783
1649
1715
2302
2482
1787
1637
1712
2109
2243
1786
1643
1719
2272
2505
1795
1644
1712
2257
2443
1791
1645
1714
2202
2387
1788
1639
1718
2140
2260
1786
1644
1713
2265
2415
1786
1637
1716
2187
2428
1795
1643
1739
2313
2508
1816
1633
1708
2237
2402
1784
1642
1721
2446
2625
1790
1640
1716
2240
2372
1798
1651
1723
2215
2421
1795
1646
1715
2281
2422
1789
1641
1720
2404
2611
1791
1636
1715
2299
2477
1791
1641
1724
2237
2413
1787
1638
1712
2218
2383
1789
1642
1714
2444
2591
1789
1652
1714
2231
2405
1790
1643
1719
2337
2467
1796
1629
1724
2237
2395
1799
1666
1768
2386
2539
1836
1654
1727
2319
2498
1800
1645
1717
2335
2485
1793
1643
1727
2376
2597
1794
1668
1749
2292
2456
1817
1641
1726
2355
2499
1798
1663
1743
2261
2425
1817
1640
1708
2504
2647
1782
1648
1724
2499
2678
1800
1645
1715
2257
2426
1788
1642
1719
2411
2589
1787
1644
1727
2377
2524
1787
1672
1735
2293
2464
1810
1640
1711
2233
2383
1788
1644
1724
2263
2412
1800
1638
1738
2300
2458
1809
1632
1718
2392
2602
1787
1653
1723
2501
2641
1795
1643
1718
2248
2425
1794
1657
1724
2270
2426
1805
1646
1755
2398
2558
1816
1659
1729
2342
2487
1799
1638
1716
2335
2489
1790
1639
1720
2237
2389
1794
1663
1717
2317
2605
1799
1639
1737
2499
2678
1811
1631
1710
2421
2634
1784
1653
1719
2406
2642
1793
1643
1726
2474
2706
1789
1665
1740
2494
2750
1808
1656
1719
2246
2435
1784
1645
1725
2489
2631
1789
1642
1714
2478
2645
1787
1643
1715
2407
2664
1784
1644
1713
2549
2851
1798
1643
1744
2658
2905
1813
1657
1735
2631
2982
1805
1645
1722
2384
2534
1789
1647
1733
2462
2743
1793
1672
1744
2354
2630
1817
1642
1721
2432
2603
1785
1653
1725
2373
2547
1799
1642
1723
2311
2522
1791
1640
1719
2529
2717
1791
1646
1721
2517
2691
1795
1636
1724
2266
2466
1792
1667
1738
2508
2682
1806
1633
1709
2458
2641
1789
1652
1732
2627
2957
1792
1665
1741
2556
2886
1819
1641
1731
2473
2713
1801
1644
1721
2497
2750
1795
1650
1730
2614
2858
1791
1663
1734
2344
2581
1810
1648
1717
2283
2444
1788
1656
1724
2322
2541
1802
1640
1742
2465
2680
1812
1634
1716
2380
2545
1786
1648
1734
2416
2609
1790
1667
1739
2430
2608
1815
1643
1720
2384
2678
1790
1649
1726
2307
2541
1803
1639
1723
2285
2537
1795
1640
1714
2352
2579
1801
1651
1744
2584
2844
1819
1663
1755
2741
3041
1818
1630
1714
2539
2811
1777
1673
1750
2635
2934
1818
1634
1710
2517
2815
1788
1650
1747
2437
2690
1817
1632
1708
2436
2652
1794
1643
1746
2463
2704
1811
1668
1726
2516
2799
1808
1644
1726
2477
2660
1803
1642
1741
2724
2981
1825
1631
1739
2823
3096
1812
1666
1748
2581
2950
1812
1667
1748
2689
2959
1817
1666
1742
2492
2818
1806
1667
1740
2562
2845
1811
1643
1715
2591
2866
1790
1648
1722
2484
2760
1804
1641
1739
2604
2836
1823
1635
1753
2578
2802
1806
1671
1743
2643
2897
1811
1639
1718
2444
2657
1789
1657
1732
2586
2971
1791
1674
1744
2604
2839
1812
1634
1724
2484
2777
1788
1677
1750
2416
2695
1817
1663
1739
2719
2936
1815
1649
1750
2486
2755
1816
1661
1733
2379
2649
1816
1650
1742
2560
2802
1815
1646
1718
2437
2770
1783
1655
1721
2481
2773
1798
1648
1724
2494
2798
1792
1663
1717
2465
2723
1790
1643
1716
2316
2539
1789
1651
1723
2737
3027
1796
1646
1724
2681
2875
1791
1643
1722
2398
2648
1792
1659
1719
2499
2833
1797
1651
1727
2624
2956
1811
1650
1750
2740
3152
1805
1663
1744
2764
3020
1800
1668
1746
2598
2888
1816
1646
1717
2418
2648
1800
1647
1749
2601
2899
1818
1661
1732
2697
3015
1811
1646
1716
2854
3204
1792
1649
1726
2620
3074
1811
1646
1743
2771
3007
1809
1643
1731
2451
2779
1785
1673
1748
2490
2745
1815
1643
1709
2550
2824
1788
1648
1723
2515
2727
1791
1653
1712
2620
2960
1790
1657
1725
2708
2906
1803
1652
1741
2344
2523
1819
1642
1736
2613
2874
1810
1639
1718
2885
3192
1800
1655
1759
2603
2938
1831
1663
1761
2525
2790
1832
1659
1766
2556
2933
1840
1657
1764
2772
3026
1823
1658
1741
2753
2989
1808
1648
1738
2598
2938
1792
1678
1766
2945
3189
1818
1659
1742
2766
3179
1819
1642
1749
2865
3283
1820
1662
1740
2790
3184
1808
1644
1718
2722
2994
1792
1663
1734
2618
2817
1806
1649
1726
2800
3184
1788
1652
1730
2897
3221
1800
1657
1730
2918
3307
1808
1647
1746
2728
3170
1819
1653
1710
2780
2962
1783
1654
1730
2602
2882
1802
1668
1773
2619
3015
1836
1664
1729
2555
2884
1803
1653
1731
2811
3297
1797
1676
1740
2810
3160
1817
1650
1728
2606
2921
1789
1661
1733
2820
3085
1805
1648
1719
2598
2860
1801
1648
1733
2885
3203
1796
1681
1743
2497
2828
1837
1664
1764
2918
3351
1833
1669
1755
2880
3249
1835
1636
1739
2885
3202
1832
1670
1766
2642
2915
1837
1675
1741
2898
3305
1824
1701
1767
2799
3253
1846
1642
1742
2805
3170
1811
1671
1772
2903
3208
1830
1655
1741
2843
3163
1810
1656
1735
2562
2843
1805
1679
1779
2691
2998
1841
1666
1736
2602
2869
1801
1676
1743
2732
3116
1823
1651
1739
2923
3341
1818
1646
1724
2938
3263
1798
1683
1782
2932
3360
1835
1657
1736
2872
3244
1813
1675
1762
2738
3102
1838
1634
1713
2847
3091
1783
1657
1730
2922
3262
1805
1644
1734
2640
3022
1809
1678
1770
2650
2921
1841
1629
1710
2544
2828
1788
1660
1769
2649
2977
1822
1664
1731
2529
2749
1807
1653
1726
2682
3005
1801
1657
1747
2961
3200
1818
1658
1746
2614
3040
1809
1675
1740
2542
2871
1833
1650
1740
2634
2933
1810
1642
1726
2676
2958
1795
1652
1717
2571
2816
1801
1660
1750
2644
2928
1829
1640
1744
3028
3346
1815
1667
1755
2879
3349
1826
1632
1714
2860
3164
1788
1681
1768
2890
3255
1844
1634
1748
3134
3445
1794
1673
1755
2613
2874
1822
1675
1745
2616
2948
1826
1650
1743
2956
3361
1814
1646
1719
2917
3259
1789
1650
1727
2784
3133
1802
1649
1737
2870
3299
1814
1678
1771
3139
3508
1850
1659
1760
2646
3111
1832
1675
1753
2681
3086
1831
1631
1712
2932
3274
1781
1661
1734
2634
2972
1799
1672
1751
2629
2985
1818
1647
1723
2983
3373
1803
1653
1756
3086
3376
1835
1678
1762
2728
3012
1844
1654
1740
2568
2916
1809
1670
1752
3018
3360
1816
1660
1735
2948
3397
1816
1651
1752
2610
2953
1818
1665
1744
2322
2768
1816
1645
1732
2648
2964
1803
1683
1748
2483
2729
1823
1652
1720
2642
2952
1795
1654
1731
3155
3562
1802
1673
1746
3070
3366
1816
1654
1724
2983
3382
1795
1666
1732
2986
3404
1814
1659
1768
2770
3365
1828
1679
1772
3096
3624
1855
1693
1760
2486
2796
1838
1645
1743
3087
3348
1816
1654
1717
3025
3380
1795
1660
1753
2662
3038
1826
1646
1738
3058
3407
1815
1671
1769
3153
3473
1831
1664
1736
2530
2884
1802
1650
1732
2952
3255
1811
1656
1749
2689
2982
1827
1639
1716
2556
2884
1794
1658
1726
2616
3124
1801
1656
1726
3016
3477
1799
1656
1727
3019
3472
1801
1652
1760
2748
3100
1828
1667
1768
2630
2974
1841
1667
1758
2974
3472
1823
1644
1717
3061
3422
1793
1658
1729
2709
3031
1808
1660
1746
2796
3092
1837
1658
1744
2809
3297
1816
1674
1744
3016
3358
1817
1650
1734
2994
3304
1802
1677
1777
2737
3151
1853
1650
1748
2628
3022
1814
1643
1724
2380
2688
1797
1680
1779
3101
3585
1852
1660
1753
2777
3229
1826
1667
1767
3085
3564
1838
1665
1730
3010
3411
1815
1662
1760
3090
3589
1824
1676
1742
3000
3461
1817
1642
1745
3005
3497
1808
1677
1739
2653
2907
1816
1646
1728
2638
3034
1808
1664
1753
2645
3101
1837
1669
1768
2506
2882
1839
1664
1770
2688
3012
1830
1664
1744
3020
3508
1810
1674
1763
2789
3193
1818
1663
1753
2637
3121
1826
1680
1769
3113
3461
1845
1666
1758
2994
3296
1823
1658
1742
2622
3162
1803
1677
1761
3104
3595
1823
1680
1771
3077
1848
1881
1933
1754
1840
2836
3424
1943
1697
1773
1844
3202
1920
1990
1979
1719
1775
1865
3399
1922
2181
2027
1721
1811
1886
3151
3626
1973
1729
1771
1848
3248
3594
1925
1674
1761
1825
2735
3075
1925
1662
1771
1824
3174
3504
1920
1661
1752
1825
2827
3383
1913
1642
1738
3140
3512
1814
1669
1773
2943
3234
1835
1664
1739
2999
3365
1808
1673
1771
2803
3099
1847
1665
1753
3127
3471
1835
1657
1740
3054
3436
1808
1655
1731
2703
3085
1795
1676
1768
3168
3654
1844
1651
1761
2521
2785
1827
1687
1765
2851
3212
1858
1689
1781
2793
3265
1869
1661
1758
3078
3494
1828
1660
1774
2659
3006
1841
1670
1736
3057
3509
1814
1644
1746
3044
3252
1826
1641
1742
3122
3618
1818
1663
1761
2747
3351
1844
1634
1739
2697
2999
1802
1672
1754
3070
3565
1825
1673
1766
2856
3120
1837
1638
1734
2430
2638
1793
1677
1771
2537
2820
1839
1636
1711
2577
2927
1784
1659
1726
3040
3500
1814
1676
1750
3112
3487
1844
1658
1772
3166
1835
1930
1932
1718
1827
3251
1889
1974
1978
1737
1833
2775
3119
1911
1664
1753
1818
3202
3563
1909
1638
1729
1803
2669
3045
1887
1639
1734
3078
3638
1815
1653
1743
3307
1823
1925
1888
1739
1813
2723
3232
1904
1698
1788
3216
1859
1907
1954
1724
1822
2864
3202
1898
1654
1762
3142
3510
1841
1665
1757
3145
3614
1834
1654
1733
3005
3517
1811
1678
1784
3134
3588
1861
1661
1758
3292
1821
1824
1931
1724
1806
2548
3034
1899
1634
1738
3094
3436
1812
1678
1755
3238
1814
1960
1922
1732
1834
2754
3150
1902
1663
1745
1813
3095
3554
1907
1689
1779
3181
1846
1860
1929
1712
1792
3078
3646
1859
1690
1777
2955
3437
1882
1677
1785
3207
1855
1985
1935
1729
1821
3113
3607
1882
1662
1750
3058
1817
1856
1910
1718
1830
3210
3581
1892
1667
1731
2507
2883
1821
1672
1757
3297
3694
1853
1697
1787
3209
1858
1978
1945
1736
1824
3202
1889
1976
1985
1715
1811
1866
2798
3180
1961
1694
1764
1830
2858
3256
1924
1658
1757
3017
3425
1844
1661
1760
3140
3626
1831
1655
1754
3210
1815
1863
1908
1768
1855
2889
3271
1954
1704
1764
1836
3318
1919
1979
2002
1717
1822
1887
3433
1977
2134
2071
1789
1839
1912
3270
1982
2140
2065
1784
1805
1877
3393
1956
2103
2052
1770
1809
1894
3322
1959
2135
2045
1782
1818
1913
3328
1963
2135
2061
1765
1805
1867
3295
3668
1952
1696
1736
1797
3159
3483
1884
1658
1755
2859
3363
1828
1673
1764
3248
1841
1931
1913
1717
1803
3343
1881
1973
1951
1725
1816
2916
3317
1885
1666
1773
2949
3477
1841
1664
1769
2879
3361
1839
1670
1777
3177
3507
1837
1660
1767
3127
3649
1831
1675
1753
2921
3479
1803
1683
1754
2776
3165
1830
1669
1777
3273
1831
2172
1932
1720
1819
3427
1882
2086
1969
1720
1809
3167
1891
1898
1972
1731
1823
3197
1875
2155
1972
1720
1808
3280
1886
2028
1969
1714
1815
3311
1882
2188
1972
1741
1828
3292
1912
2040
1979
1717
1808
1869
3303
1978
2079
2032
1778
1805
1882
2982
3300
1936
1699
1745
1813
2719
3217
1908
1679
1771
2724
3088
1829
1671
1753
2641
3079
1828
1687
1765
3231
3731
1878
1654
1753
2707
3183
1840
1647
1730
2848
3258
1818
1655
1754
2736
3118
1822
1680
1759
2721
3128
1847
1653
1739
2857
3353
1848
1668
1761
3262
1840
2051
1909
1733
1792
2802
3342
1884
1705
1791
3185
3539
1863
1664
1768
3404
1821
1963
1922
1708
1828
3494
1891
2141
1985
1751
1842
3116
3586
1919
1674
1762
1834
2968
3638
1917
1691
1779
1850
2610
3174
1946
1688
1771
1829
2886
3230
1932
1677
1769
1832
2810
3264
1943
1666
1768
3148
3488
1848
1670
1766
3300
1841
1987
1919
1759
1811
2889
3274
1926
1660
1777
3259
1840
2204
1929
1728
1815
3341
1885
1929
1983
1744
1828
3258
1904
1916
2000
1744
1840
1903
3289
1991
2138
2083
1816
1856
1907
3265
3586
2003
1738
1744
1839
3343
1906
2222
1991
1728
1799
1880
3308
1943
2120
2040
1761
1834
1901
3199
1999
2098
2056
1799
1809
1875
2751
3405
1966
1724
1773
1888
3382
1943
2157
2048
1740
1796
1857
3239
1959
2026
2023
1776
1836
1926
3357
2017
2225
2076
1811
1787
1863
3273
1924
2130
2018
1737
1812
1883
3225
1960
2076
2022
1754
1826
1900
2876
3424
1984
1731
1777
1845
3283
1938
2054
1990
1749
1813
1896
2888
3266
1976
1727
1778
1855
2875
3402
1946
1675
1754
1829
3241
1907
1956
1997
1744
1841
1907
2906
3338
1996
1750
1771
1861
2901
3427
1930
1704
1766
1818
3232
1921
2075
1983
1744
1843
3247
3629
1911
1678
1763
1837
2539
3209
1926
1693
1775
1865
3309
1949
2461
2027
1749
1837
1890
2830
3194
1979
1697
1766
1824
3492
1913
2073
1986
1732
1829
3459
1882
2088
1974
1754
1844
1904
2274
3107
1996
1734
1800
1866
3324
1978
2079
2019
1766
1816
1889
2727
3078
1966
1700
1768
1835
3339
1923
2016
1999
1743
1828
1903
3215
3601
1990
1739
1777
1846
2956
3590
1951
1670
1769
1840
3654
1926
2366
2030
1764
1856
1935
3553
2037
2194
2106
1836
1840
1923
2951
3691
2006
1758
1781
1868
3478
1956
2254
2041
1783
1857
1908
3344
2007
2168
2062
1790
1803
1874
3226
1963
2087
2043
1767
1834
1907
3305
1994
2238
2055
1790
1796
1865
3383
1942
2286
2004
1740
1825
1877
3135
1980
2006
2049
1781
1833
1889
3061
3393
1986
1704
1761
1823
3135
1920
1924
1980
1736
1823
3209
1889
2211
1986
1753
1859
3281
1924
1954
2027
1755
1819
1895
2991
3519
1986
1728
1784
1845
3117
1930
2098
2026
1745
1840
1903
3453
1987
2201
2085
1814
1859
1939
3171
2013
2057
2111
1832
1845
1916
2976
3486
2013
1749
1785
1862
1936
2120
3160
2018
1758
1859
1908
3266
2006
2140
2061
1802
1791
1865
3385
1934
2164
2002
1726
1787
1872
3576
1943
2593
2036
1763
1833
1915
2987
3357
1993
1756
1773
1870
3458
1962
2394
2061
1793
1848
1916
3104
3652
2008
1755
1770
1838
3246
1927
2069
1978
1721
1800
1867
3462
1973
2223
2058
1776
1854
1931
3471
2010
2292
2122
1809
1803
1903
1954
2162
2710
2059
1761
1823
1901
2911
3265
1982
1742
1799
1881
3327
1977
2215
2069
1788
1842
1915
3539
1994
2314
2094
1788
1806
1900
3306
1952
2348
2041
1776
1803
1898
3344
1975
2203
2070
1789
1814
1890
2812
3434
1955
1719
1722
1811
2818
3361
1877
1685
1764
2812
3250
1849
1720
1804
2822
3424
1885
1699
1768
2890
3416
1874
1709
1795
3193
1897
2107
1982
1773
1845
3299
3656
1932
1675
1738
1803
3305
1886
1966
1963
1727
1815
2821
3185
1899
1672
1757
2800
3241
1861
1701
1798
3458
1873
2055
1946
1729
1817
3265
3649
1882
1686
1774
2808
3247
1862
1694
1799
2737
3225
1857
1670
1735
3529
1834
1979
1899
1733
1820
3388
1912
2106
1964
1724
1816
1882
3070
3481
1975
1697
1749
1822
3334
1886
1999
1952
1695
1784
3104
3654
1856
1687
1770
3038
3435
1852
1643
1744
3478
1801
2529
1907
1756
1832
3370
1933
2021
2002
1738
1826
1906
3102
3628
1963
1722
1750
1815
2790
3153
1917
1693
1791
2659
3067
1864
1673
1756
3174
1835
1839
1899
1751
1836
3326
1932
2024
2015
1775
1860
2854
3206
1937
1699
1756
1846
3331
1942
2021
2020
1768
1835
1900
2973
3484
2004
1746
1788
1894
3680
1968
2496
2067
1788
1850
1930
2900
3240
2001
1748
1773
1851
2921
3420
1919
1683
1747
1816
3464
1909
2083
1971
1742
1827
3137
1888
1910
1993
1725
1821
2829
3103
1902
1674
1754
3212
3594
1851
1658
1746
3272
1829
1973
1925
1783
1849
3475
1952
2434
2038
1770
1843
1914
2900
3710
2007
1744
1777
1852
3376
1937
2458
2024
1771
1856
1925
3355
2018
2340
2098
1830
1848
1931
3261
2016
2064
2106
1822
1839
1922
3342
1988
2105
2086
1815
1834
1918
3644
2008
2516
2118
1827
1851
1894
3486
2001
2303
2053
1795
1804
1860
3297
1948
2190
2011
1735
1812
1872
3304
3702
1960
1706
1736
1816
3164
1870
1953
1962
1748
1819
3321
1906
2052
1988
1723
1824
3340
1900
2038
1985
1756
1853
3231
1914
2017
2016
1730
1815
1884
3182
1966
2076
2072
1797
1866
1935
3379
2018
2236
2093
1821
1825
1895
3269
1979
2059
2109
1828
1847
1938
3214
2026
2396
2118
1846
1831
1905
3303
1977
2076
2081
1789
1819
1890
3348
1977
2132
2029
1782
1795
1899
3653
1973
2317
2075
1796
1837
1895
3451
1984
2266
2053
1787
1836
1921
3399
3694
1983
1744
1759
1819
3403
1935
2239
1983
1742
1823
2643
3055
1891
1681
1763
2711
3178
1858
1637
1758
1833
3431
1920
2422
2018
1769
1866
3338
1938
2086
2014
1756
1826
1879
3219
1983
2131
2063
1787
1861
1917
3423
2016
2224
2084
1803
1812
1899
3269
1949
2164
2054
1782
1798
1904
3516
1959
2125
2049
1773
1805
1877
2481
2747
1974
1714
1792
1863
2735
3115
1968
1703
1792
1857
2925
3411
1945
1703
1789
1863
3253
3700
1941
1705
1782
1858
1944
1984
2487
1992
1734
1813
1877
3447
1988
2222
2031
1773
1805
1888
2772
3086
1952
1712
1770
1839
2867
3408
1935
1718
1791
1876
1969
1973
3067
2043
1801
1832
1921
3413
2018
2452
2107
1829
1842
1921
3479
1993
2117
2078
1822
1833
1914
2986
3584
2023
1766
1772
1849
3691
1934
2223
2028
1782
1869
1947
3043
3335
2035
1780
1767
1825
3304
1934
2102
1987
1738
1826
3434
1908
2125
1987
1762
1854
2916
3487
1930
1683
1773
1851
1919
1923
2498
2023
1768
1850
1935
2026
2029
2586
2092
1833
1832
1908
1990
2136
2714
2060
1791
1839
1908
3034
3462
1998
1758
1793
1887
2851
3237
1967
1735
1784
1863
3525
1944
2166
2040
1768
1845
1925
3029
3633
2004
1756
1782
1881
2765
3075
1946
1716
1742
1809
3539
1898
2298
2006
1774
1888
1950
2337
2867
2042
1777
1820
1889
3651
1990
2350
2075
1800
1857
1932
3438
2029
2393
2104
1836
1857
1908
2008
2013
2946
2066
1810
1810
1900
3372
1969
2375
2073
1795
1860
1921
3483
2007
2121
2114
1821
1833
1902
3280
1987
2063
2079
1813
1857
1929
2885
3271
2022
1754
1732
1831
3449
1899
2417
1994
1749
1825
1908
3386
1976
2091
2062
1790
1834
1904
3476
2005
2179
2102
1811
1847
1910
3122
2029
2036
2057
1805
1814
1880
3220
1977
2317
2063
1806
1863
1958
2035
2038
3088
2111
1853
1812
1884
1955
1958
2587
2048
1785
1851
1920
3112
1994
2120
2080
1792
1801
1894
3216
1963
2325
2059
1789
1868
1937
3425
2017
2199
2116
1835
1850
1913
3295
3643
2005
1751
1768
1866
2866
1964
1985
2029
1781
1864
1935
3479
2012
2368
2104
1855
1842
1947
3383
2011
2267
2090
1830
1825
1898
2956
3592
1996
1728
1790
1867
3439
1955
2183
2033
1781
1864
1928
2928
3606
2025
1764
1778
1845
3199
3577
1932
1700
1766
1880
2816
3140
1961
1731
1779
1869
3235
1944
2274
2029
1782
1835
1928
2015
2107
3069
2095
1858
1838
1936
2026
2807
3634
2106
1840
1831
1946
2012
2080
2784
2099
1836
1824
1938
1996
2152
3194
2079
1811
1814
1893
1993
2814
3405
2089
1804
1862
1922
2016
2220
2765
2085
1812
1826
1903
3699
1995
2429
2075
1823
1866
1912
3238
3626
1985
1762
1784
1880
3422
1934
2200
2039
1776
1846
1946
3127
3710
2015
1816
1780
1885
1941
2495
3329
2032
1782
1848
1925
3723
2009
2533
2115
1845
1857
1934
3684
2038
2654
2115
1845
1831
1915
2000
2288
2928
2090
1824
1863
1961
2051
2713
3296
2137
1856
1842
1915
2006
3141
2105
2327
2181
1916
1926
2002
2107
2579
3099
2185
1917
1840
1938
2009
2851
2092
2392
2187
1903
1908
1981
2058
2506
2153
2189
2217
1952
1897
1995
3339
2054
2111
2145
1867
1811
1883
1983
1988
2640
2071
1815
1859
1942
2014
2134
2500
2098
1832
1816
1923
2747
3133
2002
1767
1799
1892
1964
2132
3718
2065
1802
1869
1943
2025
2065
2532
2096
1833
1848
1925
2951
2008
2194
2094
1830
1874
1919
2011
2223
2868
2109
1838
1863
1925
3337
2018
2172
2103
1824
1854
1937
2945
3453
2029
1780
1788
1868
3050
3458
1953
1718
1812
1879
3663
1947
2329
2051
1772
1838
1932
3198
1999
2020
2096
1816
1858
1917
3141
2022
2125
2087
1829
1841
1938
2038
2652
2111
2323
2198
1918
1903
1990
2069
2605
3527
2158
1885
1854
1940
2916
3257
2004
1790
1757
1866
1922
2422
2993
2004
1772
1833
1903
3705
1995
3035
2074
1813
1866
1933
3325
2025
2491
2086
1832
1829
1905
3169
1973
1981
2102
1806
1879
1930
2034
2574
2091
2322
2169
1909
1917
1998
2112
2552
2208
2520
2297
2015
1945
2019
3279
2100
2262
2168
1923
1851
1952
2029
2960
2106
2412
2193
1903
1889
1967
2044
2442
3430
2110
1868
1838
1930
2027
2445
2119
2207
2196
1927
1954
2010
2101
2175
2705
2202
1919
1863
1949
3135
2049
2341
2126
1860
1884
1987
3043
3502
2066
1808
1813
1911
1977
2733
2061
2407
2139
1860
1946
2009
3319
2086
2098
2219
1905
1857
1976
2031
2413
3353
2133
1856
1836
1951
2011
2105
2768
2123
1827
1857
1964
3704
2027
2637
2121
1859
1888
1976
3556
2068
2454
2144
1851
1895
1950
2058
2077
2964
2145
1853
1905
1937
2046
2993
3731
2133
1897
1865
1964
2016
2139
2349
2625
2190
1933
1887
1959
2079
2146
2213
3678
2245
1960
1973
2069
2144
2878
3626
2224
1948
1867
1982
3446
2056
2360
2134
1856
1872
1966
3450
2030
2858
2115
1839
1834
1954
2060
3139
2149
3469
2238
1961
1977
2064
2152
2172
3240
2233
1948
1877
1946
2030
2402
3013
2138
1906
1898
1963
2073
2814
2172
2762
2274
1990
2004
2044
2129
2957
2242
2348
2309
2016
1917
2034
2111
2344
2889
2193
1906
1884
1959
3195
2027
2491
2132
1855
1867
1957
3655
2029
2387
2121
1839
1885
1923
3491
2027
2227
2102
1865
1891
1982
2068
2546
3214
2144
1848
1856
1962
2048
2235
3318
2130
1853
1911
1999
322
1476
1486
2091
2270
2165
2198
2243
1863
1914
1759
1838
1888
1926
2002
2378
2465
2058
1796
1676
1756
2282
2447
1835
1639
1715
1793
2412
2626
1865
1625
1689
2302
2485
1776
1634
1724
2527
2786
1805
1634
1718
2739
3029
1799
1620
1717
3007
3343
1791
1621
1698
2530
2830
1792
1638
1731
2645
2993
1802
1652
1747
2705
3019
1816
1639
1724
2656
2954
1808
1667
1764
3168
3647
1849
1661
1759
2653
3253
1846
1692
1773
3531
1864
2144
1964
1737
1841
3263
1909
1987
2012
1736
1823
1887
3417
1976
2102
2078
1794
1847
1913
2752
3464
2012
1750
1761
1876
3440
1952
2370
2059
1775
1859
1859
2397
2544
330
357
493
542
1445
2008
2017
2302
2302
330
368
511
565
752
1148
1197
1597
1787
1433
1673
2221
2326
1926
2010
1947
1958
1973
1987
2007
2003
2034
2192
2328
1968
1751
