204
101
6
6
231
344
478
626
786
946
1117
1245
1398
307
424
580
763
957
1164
1366
1537
1635
1859
2221
1720
1177
1119
1433
1791
2072
2333
2465
2786
2890
3077
3251
2594
2439
2241
3156
3268
3300
3378
2704
3477
3513
3542
3598
3660
3679
3682
3411
3761
2351
3766
3779
3739
3669
3619
3676
3723
3752
3414
3768
2186
3760
3777
3737
3678
3671
3645
2053
3091
3723
3740
3690
3670
3611
3080
3506
3704
3717
3668
3654
3685
2774
3708
1964
3666
3715
3674
3641
3684
2230
3643
3707
3726
3689
3686
2460
281
297
319
2857
2233
2719
2076
1943
2524
3283
3393
3485
3546
2359
2655
3609
3656
3615
3646
2678
2991
3651
3643
3655
2908
3504
3652
3640
3676
2964
3262
3648
3713
3689
3032
3642
2005
3721
3728
3697
3528
3642
2490
3724
3659
3694
3660
2363
2885
3653
3644
3681
3662
2892
3348
3652
3646
3691
3023
3543
3639
3704
3679
3353
3697
1858
3712
3719
3703
3257
3257
4004
3798
1613
2077
2072
2523
419
491
576
2178
2456
1877
2046
2261
2061
2329
2611
2852
2973
3175
3302
3326
2974
3033
3214
3442
3396
3444
3481
3503
3562
3442
3626
2398
3672
3711
3630
3618
3317
3660
2232
3694
3726
3665
3689
3447
3719
2297
3743
3758
3713
3657
3250
3728
2014
3750
3766
3729
3672
3151
3749
2044
3739
3753
3728
3674
2845
3433
3747
3648
3706
3662
3166
3724
2101
3742
3751
3719
2876
3214
3668
3740
3709
3657
2434
2931
3736
3650
3718
3661
3338
3736
1965
3747
3742
3721
3673
3407
3739
2290
3746
3748
3723
3660
3735
2002
2605
3750
3759
3713
3722
2803
3105
3663
3744
3719
3657
2870
3402
3718
3737
3708
3721
2132
3500
3734
3738
3701
3723
1972
2347
3726
3736
3707
3662
3049
3745
2334
3675
3749
3710
3714
3492
3730
2231
3745
3758
3728
3672
3358
3740
2420
3758
3752
3724
3662
3657
3737
2608
3670
3773
3667
3725
2889
3197
3739
3757
3650
3719
3376
3724
2114
3736
3748
3717
3649
3725
2446
3380
3734
3752
3716
3715
3363
3731
2296
3744
3765
3728
3722
3727
3742
3742
2976
3754
3771
3726
3712
3725
2126
2574
3750
3667
3709
3703
3714
3189
3727
2654
3742
3761
3729
3658
3733
3016
3744
2847
3767
3067
3122
1673
1650
2120
1821
2079
2367
2649
2991
3139
3359
3364
3150
3158
3235
3525
3518
3548
3581
3626
3382
3670
2303
3703
3729
3684
3686
3263
3639
3719
3663
3694
3702
2854
3270
3718
3734
3698
3720
3441
3729
2046
3745
3751
3716
3648
3730
2760
3650
2287
3736
3749
3703
3705
3188
3442
3712
3737
3664
3699
3636
2118
2808
3724
3681
3698
3691
3710
2045
2397
3731
3663
3700
2658
3118
1666
1596
1565
2390
2280
1537
1168
1223
1313
1498
2329
1762
2303
2321
2114
2370
2600
2790
2907
3106
3163
2559
2315
3061
3325
3387
3406
3480
3449
3045
3550
2192
2223
3621
3676
3588
3573
1906
1933
3629
3675
3631
1837
1870
3669
3667
3665
1740
1750
3663
3665
3675
1761
1782
3670
3666
3671
1773
1805
3671
3666
3672
1800
1829
3670
3659
3667
1787
1807
3669
3664
3666
1782
1812
3671
3668
3673
1810
1837
3663
3666
3672
1878
1939
3669
3666
3673
1897
1962
3666
3665
3674
1890
1939
3671
3667
3671
1835
1891
3667
3671
3671
1867
1911
3667
3665
3673
1853
1927
3671
3666
3672
1842
1924
3668
3669
3672
1889
1927
3656
3750
3664
1913
1958
3670
3669
3676
1883
1921
3670
3659
3671
2006
2093
3663
3669
3670
2016
2096
3670
3670
3672
1923
1967
3671
3668
3670
1917
2026
3671
3658
3674
2010
2063
3671
3668
3674
1916
1999
3673
3670
3675
1932
2022
3663
3665
3676
2069
2193
3671
3665
3671
1952
2019
3672
3664
3673
1927
2030
3667
3659
3674
1953
2004
3672
3668
3668
1927
2005
3675
3666
3669
1957
2063
3669
3669
3672
1977
2039
3665
3659
3676
1994
2086
3668
3657
3674
1977
2038
3671
3666
3670
2051
2232
3668
3671
3677
2113
2199
3667
3668
3673
1997
2076
3670
3663
3673
1993
2112
3673
3664
3665
2031
2136
3670
3671
3670
1958
2063
3670
3663
3672
1976
2052
3672
3662
3664
1972
2072
3673
3663
3671
2023
2105
3673
3658
3671
2053
2163
3667
3669
3669
2031
2119
3668
3659
3674
2051
2162
3673
3663
3669
2017
2155
3673
3670
3673
2113
2196
3669
3665
3673
2050
2172
3669
3668
3673
2089
2188
3669
3668
3675
2058
2186
3654
3748
3670
2101
2220
3665
3663
3671
2052
2154
3669
3665
3670
2066
2155
3671
3666
3679
2052
2150
3672
3666
3669
2062
2139
3672
3667
3667
2055
2170
3675
3666
3671
2167
2268
3667
3664
3672
2153
2231
3668
3659
3735
2158
2256
3669
3664
3676
2133
2227
3662
3752
3669
2105
2262
3670
3674
3670
2089
2230
3668
3666
3676
2077
2173
3665
3670
3676
2067
2192
3673
3667
3678
2047
2167
3671
3664
3667
2077
2168
3669
3665
3676
2107
2223
3671
3662
3665
2093
2214
3677
3661
3731
2217
2360
3662
3758
3674
2170
2276
3666
3664
3672
2074
2230
3675
3666
3673
2128
2283
3674
3658
3734
2082
2201
3670
3664
3674
2374
2471
3663
3665
3671
2105
2199
3671
3667
3670
2108
2249
3663
3658
3727
2146
2312
3669
3668
3679
2219
2344
3671
3664
3671
2142
2271
3665
3668
3669
2177
2314
3663
3670
3674
2339
2575
3661
3663
3674
2137
2274
3664
3669
3671
2201
2351
3667
3664
3670
2165
2328
3660
3747
3673
2232
2359
3665
3668
3673
2110
2255
3669
3665
3667
2160
2294
3674
3666
3665
2249
2406
3657
3747
3662
2465
2648
3671
3666
3674
2364
2623
3673
3662
3664
2429
2645
3657
3746
3673
2237
2391
3669
3670
3666
2322
2557
3668
3668
3669
2148
2305
3673
3661
3673
2161
2304
3672
3663
3729
2227
2358
3659
3749
3675
2193
2344
3667
3668
3672
2261
2439
3667
3667
3672
2303
2457
3669
3669
3676
2198
2325
3672
3665
3671
2475
2675
3665
3664
3671
2511
2664
3664
3664
3671
2290
2515
3666
3669
3675
2254
2382
3664
3670
3675
2150
2331
3675
3657
3727
2243
2389
3674
3666
3672
2295
2415
3661
3670
3673
2196
2358
3667
3660
3728
2249
2425
3669
3660
3664
2192
2350
3677
3667
3667
2194
2358
3669
3670
3668
2202
2450
3672
3669
3669
2093
2242
3666
3662
3666
2300
2534
3668
3668
3674
2327
2529
3667
3670
3672
2483
2709
3675
3668
3671
2314
2449
3670
3660
3672
2230
2369
3666
3657
3671
2221
2354
3670
3664
3665
2501
2746
3670
3655
3731
2375
2529
3665
3755
3665
2300
2477
3662
3663
3669
2472
2738
3668
3669
3666
2259
2495
3665
3664
3672
2537
2804
3669
3663
3676
2314
2464
3665
3657
3733
2579
2780
3665
3750
3738
2273
2435
3659
3756
3670
2262
2421
3666
3668
3670
2391
2556
3659
3748
3663
2227
2382
3672
3662
3737
2350
2523
3666
3666
3678
2400
2526
3670
3663
3673
2223
2361
3669
3656
3729
2332
2492
3668
3668
3670
2450
2622
3655
3738
3728
2431
2603
3661
3668
3683
2318
2468
3664
3663
3676
2334
2536
3664
3750
3733
2450
2629
3664
3659
3675
2223
2459
3671
3665
3672
2442
2606
3672
3667
3673
2317
2495
3669
3660
3731
2444
2680
3659
3752
3667
2384
2606
3664
3669
3660
2482
2718
3672
3667
3667
2473
2621
3671
3664
3671
2600
2767
3672
3673
3671
2275
2475
3665
3672
3666
2295
2516
3668
3662
3735
2547
2731
3667
3647
3722
2366
2577
3669
3666
3670
2270
2454
3672
3665
3674
2519
2712
3665
3662
3662
2342
2520
3670
3655
3729
2384
2591
3666
3662
3673
2510
2695
3669
3663
3668
2294
2486
3670
3665
3669
2241
2397
3671
3661
3669
2361
2599
3655
3744
3658
2402
2570
3663
3665
3678
2377
2601
3661
3668
3657
2424
2617
3662
3743
3661
2447
2642
3661
3666
3672
2400
2587
3664
3744
3671
2306
2590
3665
3664
3674
2306
2534
3662
3748
3667
2541
2748
3662
3664
3665
2563
2741
3668
3666
3674
2451
2674
3670
3665
3667
2488
2661
3667
3748
3675
2684
2899
3668
3666
3672
2490
2690
3668
3661
3668
2516
2820
3668
3664
3676
2355
2553
3677
3662
3739
2613
2838
3664
3761
3658
2418
2627
3654
3744
3675
2458
2709
3665
3661
3664
2600
2881
3666
3664
3671
2467
2679
3669
3667
3667
2396
2616
3672
3668
3668
2494
2762
3670
3671
3670
2497
2728
3667
3666
3678
2439
2705
3666
3659
3727
2597
2878
3671
3664
3671
2725
3009
3667
3662
3671
2676
2933
3674
3662
3666
2402
2604
3659
3742
3733
2439
2623
3665
3749
3727
2442
2688
3668
3663
3724
2583
2842
3672
3661
3666
2645
2855
3672
3666
3673
2431
2697
3677
3664
3675
2700
2901
3662
3666
3670
2510
2828
3660
3749
3674
2546
2776
3668
3663
3733
2460
2660
3668
3667
3669
2688
2883
3672
3655
3734
2509
2771
3663
3751
3667
2376
2593
3661
3750
3661
2581
2811
3662
3668
3664
2466
2684
3667
3664
3677
2772
2993
3664
3664
3673
2492
2856
3666
3662
3674
2487
2735
3669
3662
3737
2519
2801
3665
3756
3664
2637
2877
3671
3672
3674
2765
2942
3668
3654
3728
2694
2992
3669
3754
3666
2777
2966
3663
3667
3675
2347
2563
3663
3752
3666
2519
2751
3667
3672
3672
2453
2722
3673
3666
3666
2756
3135
3668
3655
3728
2896
3116
3668
3658
3729
2500
2751
3667
3662
3679
2677
2929
3665
3660
3674
2700
2942
3664
3659
3678
2660
2986
3660
3756
3655
2708
2949
3672
3667
3656
2500
2778
3733
3743
3647
2523
2862
3733
3671
3670
2732
3107
3672
3665
3656
2410
2658
3734
3651
3726
2561
2789
3668
3752
3671
2807
3031
3663
3663
3729
2714
3015
3670
3659
3728
2722
3046
3664
3664
3673
2779
2993
3660
3746
3659
2711
3003
3673
3667
3675
2534
2787
3670
3660
3668
2705
3006
3670
3657
3735
2528
2768
3662
3753
3670
2599
2867
3659
3755
3667
2547
2727
3675
3659
3730
2504
2756
3660
3747
3668
2658
2940
3669
3660
3726
2783
3074
3657
3746
3662
2641
3003
3668
3673
3677
2887
3143
3665
3753
3663
2871
3215
3662
3756
3668
2828
3096
3659
3669
3665
2778
3011
3666
3657
3724
2893
3106
3662
3753
3672
2887
3145
3655
3748
3672
2944
3256
3656
3742
3730
2953
3251
3653
3748
3665
2578
2864
3658
3743
3672
2592
2969
3669
3656
3729
2606
2899
3669
3666
3675
2553
2741
3665
3752
3662
2588
2954
3670
3660
3726
2936
3177
3668
3747
3725
2571
2826
3667
3657
3726
2913
3306
3667
3666
3663
2908
3150
3674
3663
3726
2794
3195
3671
3666
3667
2803
3046
3668
3660
3674
2989
3237
3658
3752
3662
2718
3091
3665
3662
3730
2653
2858
3671
3654
3730
2522
2929
3668
3656
3677
2897
3225
3657
3748
3672
2620
2867
3662
3744
3733
2892
3140
3660
3753
3666
2573
2855
3675
3669
3673
2559
2829
3665
3667
3667
2721
2931
3665
3662
3663
2431
2693
3667
3657
3674
2590
2930
3658
3748
3665
2954
3312
3650
3746
3669
2837
3165
3673
3670
3669
2696
3027
3663
3658
3665
2567
2899
3667
3652
3718
2531
2830
3670
3666
3667
2546
2812
3661
3664
3668
2565
2901
3673
3657
3729
2658
2967
3663
3752
3668
2394
2602
3656
3747
3657
2635
2961
3673
3669
3670
2623
2809
3669
3659
3661
2882
3196
3666
3661
3729
3058
3421
3664
3752
3673
2954
3259
3662
3757
3666
2732
3153
3655
3747
3671
2867
3122
3667
3671
3659
3009
3397
3661
3739
3725
2895
3241
3671
3667
3661
2968
3310
3659
3739
3730
3016
3424
3653
3744
3723
3104
3355
3657
3748
3668
2957
3343
3655
3746
3671
3064
3404
3652
3741
3722
2685
3017
3667
3654
3721
2714
2922
3670
3655
3728
2760
3139
3656
3751
3671
3018
3308
3662
3662
3665
2630
2910
3664
3663
3666
2654
3004
3656
3745
3673
2676
3028
3658
3749
3733
2680
3038
3654
3749
3671
2606
2848
3672
3665
3667
2629
2962
3661
3748
3732
2701
2986
3661
3657
3721
2657
2986
3669
3666
3663
2943
3398
3667
3665
3673
2494
2760
3666
3658
3728
2960
3247
3664
3755
3663
2932
3311
3667
3666
3677
2777
3199
3668
3664
3670
3043
3460
3663
3750
3656
3092
3499
3736
3663
3730
2806
3067
3668
3756
3672
2670
2992
3662
3659
3732
2407
2643
3657
3743
3729
3109
3484
3652
3745
3728
3036
3339
3668
3654
3724
2980
3418
3673
3657
3724
2925
3218
3669
3656
3673
2547
2813
3659
3742
3729
2620
2983
3651
3749
3666
2632
2935
3658
3741
3655
2655
2996
3731
3746
3672
2752
3182
3668
3666
3669
2620
2953
3674
3667
3675
2959
3408
3667
3660
3731
2634
2953
3660
3752
3670
2990
3477
3664
3666
3662
2673
2953
3671
3669
3666
2383
2679
3667
3660
3732
2662
3001
3666
3649
3727
2660
3030
3658
3745
3664
2988
3385
3662
3671
3657
2989
3413
3673
3670
3648
3006
3427
3737
3669
3668
2659
2971
3665
3665
3659
3071
3476
3669
3663
3660
3020
3346
3672
3662
3728
3143
3526
3661
3753
3661
2686
3032
3662
3659
3715
2725
3080
3657
3737
3718
3214
3576
3654
3739
3723
3124
3533
3654
3744
3663
3058
3556
3668
3668
3669
2877
3356
3666
3664
3659
2995
3397
3669
3659
3725
3160
3640
3664
3749
3672
3180
3498
3666
3657
3731
2765
3191
3649
3746
3665
2657
3033
3663
3669
3675
2762
3283
3672
3666
3662
3040
3395
3662
3747
3738
2739
3251
3651
3745
3727
3156
3483
3662
3752
3665
3058
3531
3662
3660
3721
2733
3142
3661
3744
3668
3210
3561
3667
3664
3666
3002
3340
3672
3666
3666
3083
3499
3671
3662
3670
3053
3563
3659
3745
3663
3037
3392
3663
3660
3729
2717
3082
3669
3656
3733
3229
3667
1840
3758
3654
3731
3287
3671
1967
3760
3664
3725
3668
3292
3619
3748
3667
3734
3667
2783
3109
3751
3667
3726
3153
3669
3675
3653
3727
2689
3033
3667
3663
3732
3220
3658
1906
3746
3754
3740
3216
3664
1965
3763
3766
3742
3677
2835
3172
3670
3672
3730
3669
3118
3509
3750
3670
3665
2621
3183
3663
3743
3723
3129
3627
3735
3747
3732
3202
3661
1862
3754
3665
3741
3125
3652
3675
3668
3676
3036
3412
3669
3652
3730
2780
3228
3656
3741
3730
2455
2765
3649
3733
3722
2716
3144
3668
3659
3674
2767
3098
3664
3656
3728
3132
3632
3664
3662
3664
2748
3168
3658
3742
3668
2978
3294
3658
3744
3723
3176
3658
3668
3665
3668
3203
3669
1818
3665
3672
3681
3221
3656
1936
3752
3661
3736
3292
3676
1985
3651
3763
3680
2688
3084
3680
3665
3735
3324
3661
1955
3746
3752
3736
3281
3679
2032
3660
3765
3689
3668
2826
3086
3756
3671
3735
3677
3275
3652
1940
3760
3764
3744
3666
2573
2867
3761
3669
3727
3676
3298
3642
3648
3736
3710
3196
3653
1927
3731
3750
3664
3139
3553
3667
3660
3708
3142
3658
3672
3661
3670
3146
3654
3664
3663
3659
3114
3612
3676
3656
3724
3260
3660
1994
3746
3763
3672
2966
3566
3662
3752
3734
3325
3675
1990
3652
3755
3729
3230
3666
1994
3754
3665
3731
2808
3065
3673
3753
3724
2970
3368
3648
3744
3655
3125
3691
3725
3743
3673
2789
3257
3657
3749
3672
2738
3132
3662
3747
3723
2741
3475
3731
3738
3724
2726
3156
3672
3648
3722
3130
3668
1850
3750
3676
3650
3201
3739
1940
3656
3761
3681
2778
3149
3668
3754
3734
2662
3063
3664
3743
3731
2711
3139
3671
3649
3730
3248
3664
1916
3750
3661
3735
3036
3512
3660
3760
3676
3131
3665
1816
3751
3665
3741
3228
3674
1984
3668
3661
3731
2778
3342
3682
3649
3722
3103
3630
3673
3667
3660
3009
3495
3669
3654
3722
3147
3667
1883
3746
3751
3737
3301
3675
1957
3659
3771
3669
3737
2835
3203
3747
3764
3741
3669
3346
3664
2116
3667
3760
3747
3663
3303
3751
2140
3752
3756
3739
3673
3444
3670
2084
3679
3680
3750
3681
3317
3659
2071
3762
3684
3680
3667
3332
3752
2035
3669
3763
3739
3675
3298
3762
2023
3673
3768
3748
3671
3364
3672
2140
3682
3668
3729
3658
3203
3579
3745
3673
3721
3730
3314
3746
2070
3670
3757
3734
3662
2633
3141
3749
3760
3731
3676
3338
3664
1990
3754
3764
3730
3665
3550
3752
2403
3667
3757
3737
3683
3301
3675
1982
3666
3776
3674
3665
3284
3738
2082
3752
3757
3739
3660
3427
3755
2221
3679
3766
3735
3679
3376
3674
2166
3674
3765
3729
3736
2573
3011
3661
3754
3728
3677
3320
3670
2033
3669
3757
3724
3296
3666
2090
3748
3763
3736
3301
3673
1995
3661
3766
3673
3667
3187
3753
2187
3665
3764
3735
3667
3265
3751
2031
3759
3765
3733
3738
3330
3752
2045
3753
3759
3737
3675
3244
3672
2131
3679
3688
3678
3673
2718
3062
3676
3648
3726
2851
3161
3674
3743
3731
3191
3511
3659
3753
3649
3257
3634
3731
3661
3724
3327
3657
1895
3747
3660
3730
3207
3674
2110
3756
3675
3718
3120
3702
3734
3750
3721
2707
3127
3651
3734
3705
2686
3062
3722
3733
3706
3216
3630
3726
3670
3663
2789
3235
3659
3734
3661
3152
3649
1902
3738
3645
3722
2962
3396
3670
3745
3712
3284
3650
2049
3730
3748
3724
3007
3257
3669
3755
3672
3660
3218
3525
3748
3638
3713
3448
3675
2095
3655
3754
3728
3426
3654
2044
3746
3669
3724
3303
3667
2104
3740
3752
3733
3306
3668
2070
3756
3676
3733
3667
3396
3732
3748
3755
3725
3670
3496
3654
2222
3752
3746
3723
3676
3446
3660
2218
3762
3675
3741
3667
2918
3264
3750
3660
3735
3675
2865
3287
3653
3747
3713
3271
3723
1914
3742
3658
3732
3343
3671
2054
3746
3759
3728
3215
3667
1999
3759
3669
3724
3676
3174
3748
2066
3745
3768
3689
3681
3427
3660
2259
3755
3757
3735
3672
2886
3290
3750
3760
3735
3656
2540
2800
3738
3744
3720
3659
2791
3359
3747
3677
3731
3680
3005
3339
3645
3747
3716
3625
3655
2070
3738
3745
3735
3077
3531
3661
3751
3658
3728
3059
3417
3651
3738
3718
3671
3614
3660
2196
3754
3668
3735
3670
3336
3735
3759
3670
3736
3668
3436
3742
2216
3754
3770
3680
2954
3387
3672
3668
3738
2706
3152
3660
3747
3674
3199
3651
1873
3741
3756
3660
3420
3676
2026
3672
3681
3669
3042
3527
3678
3651
3724
2758
3422
3664
3738
3723
3417
3657
2167
3738
3743
3730
3413
3675
2022
3666
3764
3671
3673
3333
3665
1941
3759
3652
3731
3674
2886
3506
3754
3671
3734
3676
2936
3356
3660
3758
3662
3447
3667
2107
3745
3661
3738
3413
3661
2150
3744
3753
3725
3407
3649
2113
3741
3661
3709
3665
3588
3729
2309
3751
3673
3733
3662
3096
3692
3744
3752
3733
3670
3146
3670
3744
3741
3722
3635
3256
3734
2132
3672
3765
3684
3674
2980
3356
3658
3759
3725
3669
2801
3206
3649
3750
3672
3676
2789
3033
3655
3744
3717
2587
3053
3647
3736
3672
2800
3116
3660
3744
3647
3013
3423
3731
3640
3717
3333
3659
2224
3738
3746
3728
3411
3653
2204
3744
3657
3724
3657
3587
3743
2417
3674
3758
3737
3672
3367
3753
2122
3678
3763
3734
3675
2864
3464
3672
3669
3716
3673
2705
3101
3739
3649
3720
2728
3146
3658
3735
3712
2983
3265
3729
3747
3662
2840
3187
3666
3656
3718
3144
3488
3662
3740
3667
2753
3090
3665
3649
3717
3655
3669
2157
3743
3659
3724
3510
3668
2262
3750
3666
3719
3420
3670
2081
3739
3745
3718
3255
3671
1955
3665
3670
3724
3666
3288
3734
1993
3737
3748
3729
3673
3515
3749
2258
3760
3770
3750
3676
3009
3601
3751
3762
3738
3651
3509
3739
2323
3755
3760
3736
3672
3375
3749
2208
3752
3750
3738
3681
3549
3663
2557
3757
3762
3736
3662
2735
3013
3743
3750
3724
3657
2735
3170
3731
3746
3721
3660
2847
3321
3739
3744
3725
3662
3647
3749
2290
3668
3760
3732
3683
3544
3666
2387
3761
3764
3737
3676
3489
3663
2882
3759
3745
3734
3669
3582
3748
2352
3760
3768
3744
3668
3003
3327
3755
3770
3680
3666
2943
3534
3657
3754
3683
3159
3657
1836
3746
3657
3734
3437
3663
2039
3745
3748
3717
2876
3596
3730
3733
3707
3669
3338
3732
2372
3750
3756
3738
3680
3307
3669
2178
3682
3672
3750
3683
3352
3656
2048
3760
3657
3733
3668
3422
3746
2290
3760
3757
3735
3677
2659
3003
3667
3773
3667
3727
3029
3382
3652
3742
3714
3665
3446
3740
2267
3667
3760
3735
3674
3478
3762
2423
3655
3763
3741
3666
3387
3643
3751
3676
3738
3661
3749
1940
2283
3654
3745
3726
3658
1915
2304
3739
3746
3728
2956
3392
3678
3662
3722
3653
2795
3238
3733
3737
3717
2953
3407
3675
3648
3713
3366
3666
2011
3739
3651
3722
3377
3663
2147
3747
3649
3713
3374
3684
2049
3652
3748
3724
3099
3661
1929
3739
3751
3723
3032
3510
3672
3751
3662
3658
3352
3739
2067
3669
3756
3725
3256
3735
2087
3749
3763
3739
3665
3541
3757
2390
3762
3760
3740
3667
3282
3702
3748
3680
3669
3664
2776
3209
3730
3736
3721
3129
3487
3655
3746
3667
3109
3617
3673
3654
3725
2678
3002
3672
3657
3733
2912
3306
3662
3739
3705
3520
3714
2358
3730
3734
3717
2983
3556
3667
3747
3715
3670
3657
1967
2296
3752
3661
3724
2956
3330
3680
3664
3711
3258
3658
2067
3739
3652
3720
2903
3673
2059
3743
3758
3728
3652
2895
3285
3743
3751
3718
3720
3347
3708
3737
3753
3722
3734
3539
3659
2490
3754
3760
3734
3673
3634
3752
2325
3753
3759
3736
3673
3492
3746
2283
3760
3765
3742
3673
3096
3666
3744
3750
3717
3722
3192
3670
3736
3750
3719
3665
3745
2036
2776
3664
3749
3718
3731
3310
3746
2127
3757
3772
3735
3742
3620
3658
2405
3761
3671
3746
3671
3446
3743
2211
3759
3663
3730
3660
3318
3746
2134
3678
3777
3681
3676
3037
3371
3667
3752
3716
3730
3646
2019
2670
3746
3671
3709
3719
2864
3337
3733
3739
3707
3712
3479
3725
2117
3743
3754
3723
3686
3662
2156
2967
3755
3756
3734
3677
3326
3726
3750
3766
3680
3661
3110
3748
1930
3660
3767
3676
3250
3664
1917
3752
3668
3720
3612
3734
2403
3743
3753
3727
3494
3650
2147
3736
3746
3712
3730
2919
3296
3658
3747
3716
3664
2841
3333
3733
3744
3713
3383
3655
2322
3741
3654
3717
3323
3611
3655
3728
3709
2848
3233
3664
3735
3710
3229
3699
3721
3737
3717
3618
3656
2333
3743
3657
3731
3429
3667
2190
3752
3751
3728
2744
3234
3676
3661
3727
3662
2792
3494
3744
3742
3719
2650
2993
3731
3735
3716
3193
3657
2021
3745
3663
3719
3319
3669
2027
3741
3761
3724
3512
3734
2081
3743
3731
3720
3667
3555
3737
2213
3752
3752
3721
3686
2853
3251
3675
3675
3722
3664
3457
3735
2146
3745
3744
3722
2996
3496
3670
3745
3721
3649
2819
3487
3735
3646
3713
2916
3242
3674
3661
3716
3548
3678
2089
3663
3668
3666
3100
3660
1875
3743
3752
3738
2855
3277
3663
3751
3730
3652
2717
3231
3733
3745
3712
2980
3456
3724
3739
3722
2783
3357
3651
3742
3649
2492
2782
3718
3723
3712
3363
3727
1934
3741
3753
3716
3433
3731
2085
3737
3755
3725
3666
2873
3473
3749
3671
3721
3725
3551
3739
2732
3746
3751
3729
3681
3369
3671
2150
3682
3690
3688
3662
3441
3745
2107
3659
3743
3720
3077
3459
3673
3747
3719
3644
3104
3724
3736
3667
3704
3719
2084
2663
3720
3734
3709
3713
2035
2465
3717
3731
3706
3723
3275
3579
3649
3752
3678
3720
3555
3723
2185
3738
3744
3724
3244
3579
3668
3753
3675
3662
3735
2024
2536
3748
3761
3734
3660
2032
2857
3745
3748
3714
3720
2933
3275
3739
3749
3731
3669
3466
3660
2317
3747
3750
3719
3735
3410
3662
2250
3756
3755
3729
3664
3439
3741
2024
3676
3759
3721
3734
3661
2117
2927
3757
3667
3733
3658
2797
3169
3731
3742
3723
3656
3333
3741
2128
3749
3765
3731
3734
3279
3745
2270
3764
3657
3735
3671
3487
3729
2302
3740
3735
3709
3726
3580
3676
2481
3741
3754
3732
3682
3492
3654
2292
3734
3745
3713
3724
3005
3608
3738
3754
3724
3719
3063
3557
3731
3743
3707
3722
3119
3655
2061
3743
3742
3721
3687
3660
3668
2726
3764
3650
3717
3677
3418
3740
2324
3664
3762
3728
3673
2706
3573
3749
3666
3726
3659
2995
3429
3725
3742
3675
2903
3433
3671
3652
3705
3712
2611
3114
3723
3735
3713
3618
3730
2379
3745
3747
3723
3667
3313
3699
3737
3727
3714
3668
2838
3458
3726
3745
3670
3635
3624
3724
2356
3732
3729
3712
3656
2038
2748
3726
3742
3721
3657
3718
2217
2564
3732
3736
3705
3720
3571
3657
2548
3732
3749
3716
3721
3505
3723
2356
3734
3752
3722
3666
3359
3725
2245
3741
3756
3716
3720
3282
3661
3728
3750
3732
3648
3436
3724
2171
3739
3756
3719
3097
3556
3679
3755
3657
3725
3091
3691
3719
3738
3668
3652
1864
3228
3724
3732
3715
3166
3728
1958
3748
3675
3716
3673
3667
3739
2317
3749
3760
3720
3726
3442
3734
2242
3750
3753
3729
3672
3277
3725
2167
3743
3751
3717
3727
2865
3247
3737
3753
3720
3721
3157
3649
2808
3743
3673
3720
3656
3326
3736
2267
3747
3733
3712
3667
3537
3729
2479
3751
3675
3721
3709
2791
3291
3717
3734
3709
3672
3656
1964
2698
3734
3751
3719
3650
3735
2312
2896
3744
3750
3721
3668
3551
3733
2370
3741
3755
3725
3643
3313
3731
2332
3679
3758
3736
3667
3097
3641
3745
3758
3738
3653
2751
3505
3737
3748
3712
3715
3690
3728
2908
3744
3755
3715
3718
2986
3564
3738
3658
3715
3685
3245
3664
1965
3747
3666
3726
3506
3660
2067
3747
3658
3715
3366
3677
3678
3649
3700
2731
3521
3663
3727
3717
3254
3658
1922
3736
3743
3708
3385
3721
2292
3734
3748
3720
3658
2898
3740
2410
3752
3763
3732
3663
3653
3743
2517
3754
3749
3725
3691
3481
3661
2159
3741
3744
3725
3674
3179
3727
3729
3743
3722
3646
3210
3659
3726
3662
3715
3660
2694
3109
3730
3735
3708
3647
1868
2282
3730
3667
3700
3353
3715
2212
3726
3743
3710
2858
3170
3670
3744
3667
3716
3227
3633
2202
3728
3658
3702
3668
3517
3737
2267
3749
3743
3728
3681
3413
3741
2247
3761
3655
3728
3686
3311
3667
2034
3745
3756
3730
3676
3744
2019
2536
3756
3765
3742
3652
3731
2040
2577
3741
3756
3723
3672
3324
3736
3744
3756
3700
3709
3437
3663
2679
3740
3675
3715
3662
2960
3242
3726
3739
3711
3722
2919
3286
3730
3750
3661
3718
3245
3689
3727
3735
3730
3681
2766
3164
3634
3742
3676
3662
3287
3725
2215
3737
3749
3722
3671
2038
2450
3746
3746
3719
3665
3363
3735
2184
3744
3757
3729
3655
3012
3430
3716
3733
3705
3663
2963
3533
3721
3735
3714
3667
3211
3735
2109
3739
3755
3721
3656
3032
3736
2047
3753
3757
3725
3731
3737
2121
2473
3749
3737
3721
3690
3473
3727
2184
3728
3742
3719
3655
3728
2385
2963
3745
3761
3737
3657
3569
3735
2360
3746
3758
3719
3725
3438
3743
2176
3754
3756
3737
3674
2972
3357
3746
3761
3726
3718
3718
2000
2598
3732
3657
3701
3681
3128
3654
1992
3730
3735
3725
3668
3495
3741
2809
3751
3764
3722
3727
3426
3744
2476
3752
3766
3722
3725
3269
3657
2033
3749
3662
3713
3681
3713
2173
2746
3726
3741
3706
3715
3203
3735
2320
3753
3757
3724
3729
3272
3658
2245
3747
3654
3713
3682
3724
2126
2747
3739
3758
3713
3723
3739
2470
2932
3746
3758
3732
3673
3741
2156
2672
3744
3760
3727
3660
3734
2149
2801
3739
3758
3725
3665
3723
2663
3743
2170
3753
2950
3118
1687
1608
1910
1796
1945
2251
2647
2891
3005
2945
2479
2167
2913
3226
3273
3363
3438
3488
3551
2569
2702
3612
3668
3582
3570
2605
2771
3621
3666
3633
2498
2744
3672
3656
3666
2659
2861
3665
3667
3666
2327
2570
3661
3730
3708
2729
3143
3725
3742
3715
3126
3501
3667
3668
3672
3079
3374
3673
3654
3718
3185
3585
3729
3737
3723
2560
2894
3664
3743
3719
2791
3289
3649
3738
3660
3459
3663
2066
3644
3742
3675
3226
3660
1994
3742
3754
3733
3006
3416
3666
3751
3718
3659
3732
1921
2739
3747
3743
3715
3390
3724
2108
3742
3755
3852
3563
2537
2729
3471
1823
1292
1066
1812
1912
2076
2771
2246
432
459
485
1045
2038
1203
2073
1677
1778
1935
2479
2594
2861
2317
1975
2535
2639
2748
2862
3057
3175
3316
3400
2220
2333
3480
