
===================================
Domain Marker;critical-jOPS;4162.0
Domain Marker;max-jOPS;12315.0
jOPS;min;median;90-th percentile;95-th percentile;99-th percentile;max
0.0;NaN;NaN;NaN;NaN;NaN;NaN
138.0;300.0;400.0;500.0;600.0;800.0;1300.0
277.0;300.0;500.0;700.0;800.0;1000.0;48000.0
415.0;300.0;600.0;900.0;1000.0;1200.0;107000.0
553.0;300.0;700.0;1100.0;1200.0;1400.0;129000.0
692.0;300.0;900.0;1300.0;1400.0;2400.0;147000.0
830.0;300.0;1000.0;1400.0;1500.0;5000.0;80000.0
969.0;300.0;1100.0;1500.0;1700.0;2400.0;147000.0
1107.0;300.0;1100.0;1700.0;1800.0;6025.0;167000.0
1245.0;300.0;1300.0;1800.0;2000.0;4700.0;151000.0
1384.0;300.0;1300.0;2000.0;2200.0;34000.0;103000.0
1522.0;300.0;1400.0;2100.0;2300.0;6500.0;138000.0
1660.0;300.0;1500.0;2200.0;2400.0;3800.0;106000.0
1799.0;300.0;1600.0;2400.0;2600.0;5700.0;127000.0
1937.0;300.0;1700.0;2500.0;2700.0;4600.0;91000.0
2076.0;300.0;1800.0;2700.0;3200.0;90000.0;155000.0
2214.0;300.0;1800.0;2800.0;3100.0;5500.0;112000.0
2352.0;300.0;1900.0;2900.0;3300.0;7000.0;102000.0
2491.0;300.0;2000.0;3100.0;3500.0;10200.0;129000.0
2629.0;300.0;2100.0;3300.0;3800.0;17900.0;970000.0
2767.0;300.0;2200.0;3400.0;3800.0;8000.0;107000.0
2906.0;300.0;2300.0;3600.0;4000.0;9800.0;135000.0
3044.0;300.0;2400.0;3700.0;4200.0;10798.000000001048;117000.0
3183.0;300.0;2500.0;4000.0;4600.0;18000.0;920000.0
3321.0;300.0;2600.0;4200.0;5800.0;229000.0;345000.0
3459.0;300.0;2600.0;4100.0;4700.0;15600.0;134000.0
3598.0;300.0;2700.0;4400.0;5100.0;17800.0;125000.0
3736.0;300.0;2800.0;4700.0;6000.0;58000.0;940000.0
3874.0;300.0;2900.0;4700.0;5500.0;22000.0;127000.0
4013.0;300.0;3000.0;5100.0;6800.0;269000.0;445000.0
4151.0;300.0;3100.0;5100.0;6100.0;27000.0;148000.0
4289.0;300.0;3200.0;5400.0;7500.0;58000.0;990000.0
4428.0;300.0;3200.0;5300.0;6400.0;23000.0;127000.0
4566.0;300.0;3400.0;5800.0;8200.0;123000.0;251000.0
4705.0;300.0;3500.0;5900.0;7500.0;31000.0;162000.0
4843.0;300.0;3600.0;6300.0;10600.0;33000.0;950000.0
4981.0;300.0;3700.0;6400.0;8100.0;28000.0;124000.0
5120.0;200.0;3900.0;7400.0;21000.0;411000.0;940000.0
5258.0;300.0;3900.0;6800.0;9600.0;38000.0;148000.0
5396.0;300.0;4100.0;7600.0;17700.0;441000.0;1200000.0
5535.0;300.0;4100.0;7100.0;9900.0;35000.0;128000.0
5673.0;300.0;4100.0;7600.0;15100.0;177000.0;940000.0
5812.0;300.0;4300.0;8000.0;22000.0;335000.0;576000.0
5950.0;300.0;4300.0;7900.0;12600.0;45000.0;160000.0
6088.0;300.0;4600.0;10000.0;34000.0;568000.0;1300000.0
6227.0;300.0;4700.0;10100.0;31000.0;517000.0;960000.0
6365.0;300.0;4900.0;10300.0;28000.0;84000.0;980000.0
6503.0;300.0;4800.0;9400.0;17400.0;50000.0;143000.0
6642.0;300.0;4900.0;10600.0;27000.0;154000.0;960000.0
6780.0;300.0;4900.0;10200.0;21000.0;62000.0;204000.0
6918.0;300.0;5100.0;11900.0;33000.0;129000.0;348000.0
7057.0;300.0;5200.0;13200.0;38000.0;151000.0;226000.0
7195.0;300.0;5400.0;15000.0;36000.0;105000.0;1000000.0
7334.0;200.0;5100.0;12400.0;29000.0;65000.0;198000.0
7472.0;300.0;5300.0;18100.0;42000.0;134000.0;990000.0
7610.0;300.0;5700.0;40000.0;122000.0;286000.0;400000.0
7749.0;300.0;5200.0;12900.0;30000.0;59000.0;220000.0
7887.0;300.0;5500.0;26000.0;54000.0;127000.0;1100000.0
8025.0;300.0;5500.0;25000.0;53000.0;487000.0;990000.0
8164.0;300.0;5700.0;28000.0;57000.0;180000.0;1200000.0
8302.0;300.0;5600.0;27000.0;51000.0;230000.0;425000.0
8441.0;200.0;5900.0;36000.0;80000.0;740000.0;1100000.0
8579.0;300.0;5800.0;31000.0;63000.0;281849.9999999767;1200000.0
8717.0;200.0;6000.0;36000.0;69000.0;255000.0;1200000.0
8856.0;300.0;6200.0;42000.0;72000.0;195000.0;321000.0
8994.0;200.0;6200.0;45000.0;85000.0;750000.0;1100000.0
9132.0;300.0;6600.0;65000.0;100000.0;312000.0;1200000.0
9271.0;200.0;6600.0;55000.0;104000.0;640000.0;1100000.0
9409.0;200.0;7000.0;98000.0;235000.0;437000.0;1100000.0
9548.0;200.0;6800.0;60000.0;97000.0;272000.0;1200000.0
9686.0;300.0;6900.0;53000.0;96000.0;860000.0;1000000.0
9824.0;300.0;7000.0;62000.0;108000.0;298000.0;1100000.0
9963.0;300.0;8000.0;163000.0;397000.0;630000.0;1100000.0
10101.0;300.0;7600.0;78000.0;198000.0;476000.0;1500000.0
10239.0;300.0;7900.0;87000.0;147000.0;527940.0000000023;1100000.0
10378.0;300.0;8800.0;95000.0;194000.0;855700.0000000698;1100000.0
10516.0;300.0;11000.0;177000.0;405000.0;860000.0;1400000.0
10654.0;200.0;10500.0;96000.0;176000.0;597000.0;970000.0
10793.0;200.0;12000.0;118000.0;211000.0;482000.0;790000.0
10931.0;300.0;16000.0;286000.0;515000.0;890000.0;1200000.0
11070.0;300.0;14500.0;148000.0;452000.0;710000.0;1500000.0
11208.0;200.0;17400.0;170000.0;376000.0;650000.0;1100000.0
11346.0;300.0;25000.0;198000.0;378000.0;640000.0;1000000.0
11485.0;300.0;33000.0;357000.0;610000.0;870000.0;1600000.0
11623.0;300.0;49000.0;410000.0;690000.0;1100000.0;1500000.0
11761.0;300.0;127000.0;527000.0;710000.0;1200000.0;1600000.0
11900.0;300.0;163000.0;720000.0;860000.0;1200000.0;2400000.0
12038.0;400.0;563000.0;980000.0;1100000.0;1300000.0;2700000.0
12177.0;400.0;630000.0;1200000.0;1300000.0;1700000.0;2200000.0
12315.0;700.0;880000.0;1600000.0;1900000.0;2300000.0;2600000.0
12453.0;400.0;1800000.0;4000000.0;4800000.0;5700000.0;7600000.0
12592.0;5600.0;2900000.0;5200000.0;5300000.0;6100000.0;7800000.0
12730.0;1900.0;1500000.0;3100000.0;3600000.0;5000000.0;7100000.0
12868.0;231000.0;2500000.0;5500000.0;6300000.0;6700000.0;8900000.0
