
===================================
Domain Marker;critical-jOPS;3697.0
Domain Marker;max-jOPS;11663.0
jOPS;min;median;90-th percentile;95-th percentile;99-th percentile;max
0.0;NaN;NaN;NaN;NaN;NaN;NaN
115.0;300.0;400.0;500.0;500.0;700.0;1600.0
231.0;300.0;500.0;700.0;800.0;900.0;67000.0
346.0;300.0;500.0;800.0;900.0;1100.0;98000.0
462.0;300.0;700.0;1000.0;1100.0;1300.0;9300.0
577.0;300.0;800.0;1200.0;1300.0;1700.0;119000.0
693.0;300.0;900.0;1300.0;1400.0;1800.0;103000.0
808.0;300.0;1000.0;1400.0;1600.0;2200.0;125000.0
924.0;300.0;1100.0;1600.0;1800.0;2600.0;122000.0
1039.0;300.0;1200.0;1700.0;1900.0;3300.0;126000.0
1155.0;300.0;1300.0;1900.0;2100.0;15127.999999999884;114000.0
1270.0;300.0;1300.0;2000.0;2200.0;3000.0;124000.0
1386.0;300.0;1400.0;2100.0;2300.0;3600.0;124000.0
1501.0;300.0;1500.0;2300.0;2600.0;5300.0;122000.0
1617.0;300.0;1600.0;2400.0;2700.0;5600.0;129000.0
1732.0;300.0;1700.0;2600.0;3000.0;63000.0;134000.0
1848.0;300.0;1800.0;2800.0;3100.0;8400.0;131000.0
1963.0;300.0;1800.0;2800.0;3200.0;7400.0;127000.0
2079.0;300.0;1900.0;2900.0;3400.0;10300.0;141000.0
2194.0;300.0;2000.0;3200.0;4000.0;13100.0;141000.0
2310.0;300.0;2100.0;3300.0;3800.0;9800.0;135000.0
2425.0;300.0;2100.0;3400.0;4100.0;17200.0;174000.0
2541.0;300.0;2200.0;3500.0;4200.0;16400.0;185000.0
2656.0;300.0;2300.0;3700.0;4800.0;23000.0;137000.0
2772.0;300.0;2400.0;4000.0;5600.0;55000.0;184000.0
2887.0;300.0;2500.0;4100.0;5500.0;23000.0;136000.0
3002.0;300.0;2600.0;4200.0;5400.0;19100.0;149000.0
3118.0;300.0;2700.0;4500.0;5800.0;18600.0;162000.0
3233.0;300.0;2800.0;4800.0;7300.0;80000.0;208000.0
3349.0;300.0;2800.0;4900.0;6600.0;27000.0;171000.0
3464.0;300.0;2800.0;4800.0;6800.0;28000.0;175000.0
3580.0;300.0;2900.0;5000.0;6900.0;31000.0;274000.0
3695.0;300.0;3000.0;5300.0;8000.0;27000.0;228000.0
3811.0;300.0;3200.0;6200.0;11500.0;65000.0;173000.0
3926.0;300.0;3200.0;5900.0;9100.0;56000.0;260000.0
4042.0;300.0;3300.0;6200.0;9800.0;38000.0;194000.0
4157.0;300.0;3400.0;6600.0;11300.0;41000.0;200000.0
4273.0;300.0;3500.0;7100.0;17000.0;113000.0;800000.0
4388.0;300.0;3500.0;6400.0;10700.0;41000.0;277000.0
4504.0;300.0;3600.0;6500.0;11200.0;52000.0;173000.0
4619.0;300.0;3700.0;7100.0;14200.0;48000.0;180000.0
4735.0;300.0;3700.0;7300.0;15000.0;47000.0;235000.0
4850.0;300.0;3900.0;7800.0;21000.0;81000.0;233000.0
4966.0;300.0;4000.0;8000.0;14800.0;39000.0;195000.0
5081.0;300.0;4000.0;8300.0;17700.0;58000.0;221000.0
5197.0;300.0;4200.0;9700.0;22000.0;63000.0;173000.0
5312.0;300.0;4400.0;10300.0;28000.0;108000.0;238000.0
5428.0;300.0;4400.0;10000.0;23000.0;63000.0;185000.0
5543.0;300.0;4500.0;11200.0;31000.0;94000.0;228000.0
5659.0;300.0;4500.0;11400.0;25000.0;89000.0;224000.0
5774.0;300.0;4700.0;17300.0;52000.0;149000.0;359000.0
5889.0;300.0;4900.0;14500.0;35000.0;73000.0;200000.0
6005.0;300.0;5000.0;12900.0;27000.0;69000.0;213000.0
6120.0;300.0;5200.0;18100.0;44000.0;94000.0;240000.0
6236.0;300.0;5100.0;14700.0;30000.0;86000.0;227000.0
6351.0;300.0;5600.0;26000.0;50000.0;124000.0;660000.0
6467.0;300.0;5500.0;27000.0;53000.0;118000.0;254000.0
6582.0;300.0;5600.0;26000.0;49000.0;107000.0;214000.0
6698.0;300.0;5800.0;36000.0;61000.0;109000.0;280000.0
6813.0;300.0;5700.0;24000.0;45000.0;108000.0;272000.0
6929.0;300.0;6000.0;50000.0;103000.0;223000.0;431000.0
7044.0;300.0;6000.0;40000.0;72000.0;208000.0;415000.0
7160.0;300.0;6300.0;65000.0;115000.0;199000.0;630000.0
7275.0;300.0;6200.0;46000.0;72000.0;136000.0;349000.0
7391.0;300.0;6400.0;75000.0;129000.0;246000.0;445000.0
7506.0;200.0;6200.0;63000.0;104000.0;178000.0;552000.0
7622.0;300.0;6300.0;49000.0;72000.0;133000.0;322000.0
7737.0;300.0;6400.0;68000.0;107000.0;223000.0;533000.0
7853.0;300.0;6800.0;91000.0;153000.0;306000.0;720000.0
7968.0;300.0;6400.0;77000.0;124000.0;192000.0;540000.0
8084.0;300.0;6900.0;77000.0;115000.0;194000.0;534000.0
8199.0;200.0;6800.0;95000.0;137000.0;206000.0;640000.0
8315.0;300.0;7000.0;116000.0;176000.0;396000.0;670000.0
8430.0;300.0;7400.0;129000.0;178000.0;244000.0;485000.0
8546.0;300.0;7700.0;141000.0;192000.0;286000.0;660000.0
8661.0;300.0;7900.0;155000.0;217000.0;319000.0;730000.0
8776.0;300.0;8500.0;185000.0;249000.0;367000.0;850000.0
8892.0;200.0;7600.0;126000.0;184000.0;268000.0;620000.0
9007.0;300.0;8000.0;165000.0;259000.0;358000.0;870000.0
9123.0;300.0;7800.0;153000.0;234000.0;385000.0;790000.0
9238.0;300.0;7400.0;107000.0;183000.0;330000.0;840000.0
9354.0;300.0;8200.0;123000.0;193000.0;291000.0;479000.0
9469.0;300.0;8300.0;151000.0;237000.0;343000.0;740000.0
9585.0;300.0;15100.0;317000.0;414000.0;549000.0;1200000.0
9700.0;300.0;12600.0;253000.0;346000.0;458000.0;670000.0
9816.0;300.0;10100.0;192000.0;302000.0;407000.0;790000.0
9931.0;300.0;28000.0;352000.0;427000.0;564000.0;930000.0
10047.0;300.0;11000.0;194000.0;323000.0;465000.0;710000.0
10162.0;300.0;13400.0;245000.0;346000.0;485000.0;1200000.0
10278.0;300.0;16500.0;262000.0;400000.0;520000.0;850000.0
10393.0;300.0;98000.0;403000.0;461000.0;582000.0;1400000.0
10509.0;300.0;35000.0;420000.0;495000.0;610000.0;1100000.0
10624.0;300.0;41000.0;340000.0;434000.0;630000.0;1100000.0
10740.0;300.0;106000.0;910000.0;1300000.0;1700000.0;2100000.0
10855.0;300.0;77000.0;419000.0;495000.0;650000.0;860000.0
10971.0;300.0;87000.0;400000.0;494000.0;660000.0;1100000.0
11086.0;300.0;126000.0;493000.0;588000.0;780000.0;1400000.0
11202.0;300.0;407000.0;890000.0;980000.0;1300000.0;2100000.0
11317.0;300.0;223000.0;555000.0;660000.0;810000.0;1800000.0
11433.0;300.0;302000.0;640000.0;730000.0;900000.0;1500000.0
11548.0;500.0;1300000.0;2300000.0;2700000.0;3500000.0;4800000.0
11663.0;300.0;710000.0;1100000.0;1200000.0;1400000.0;2000000.0
11779.0;700.0;2200000.0;5900000.0;7000000.0;8800000.0;1.1E7
11894.0;400.0;2100000.0;4100000.0;5500000.0;6900000.0;9200000.0
12010.0;12900.0;1700000.0;3900000.0;4300000.0;5100000.0;8000000.0
12125.0;309000.0;2400000.0;5700000.0;7000000.0;1.2E7;1.3E7
