Request Mix Accuracy
===================================
Domain Marker;max-jOPS;11070.0
Domain Marker;critical-jOPS;4066.0
Domain Marker;Validation Start jOPS;1383.7
Range Marker;Main Tx Limit;-5.0
Range Marker;Main Tx Limit;5.0
Range Marker;Minor Tx Limit;-1.0
Range Marker;Minor Tx Limit;1.0
jOPS;In-store Purchase [50%];Online Purchase [35%];Installment Purchase [10%];Associativity of Category [0.1%];Associativity of Product [1%];Business Report [0.25%];Customer Buying Behavior [1%];Product Return [2.65%]
138.0;-0.030167732593220364;0.006636901170509191;0.0036201279111871543;0.020670930372873153;-0.010498370942439994;0.027543139857608256;0.0015687220948472635;-0.01937371787136488
277.0;-0.01201201201201485;-0.003003003003001936;-0.006006006006005649;-0.0039039039039039103;0.01501501501501501;0.008258258258258211;-0.0030030030030030463;0.004654654654654422
415.0;-0.008021819348627446;0.0072196374137689645;0.015241456762394634;0.012305470880795769;-0.005294400770094687;0.0026873094817904675;-0.01331622011872291;-0.010821434301299337
553.0;0.009039956608205557;-0.021394563972762626;0.016271921894775332;-0.003573796179111688;0.006448502380521859;-0.002907852708973646;4.218646417162297E-4;-0.00430603266437668
692.0;0.019261328068566286;0.005056098617998828;-9.630664034290248E-4;0.0011219723599942139;-0.0032262724514855456;-0.0020104011171570013;-8.186064429143158E-4;-0.018421052631579116
830.0;0.036089501964873705;-0.027267623706791255;0.006816905926697814;-0.0017563557622904818;-0.001523778971850187;-0.001383430908653449;-0.003528751303231936;-0.007446467238751975
969.0;0.022341376228773413;-0.009967690932839446;-0.004811988726197924;0.0013954767305973809;2.062280882655365E-4;9.108407231731563E-4;-0.010105176325015508;3.093421323985268E-5
1107.0;-0.007497375918433136;7.497375918390503E-4;0.010496326285799995;-0.0010346378767431413;-0.004348478032688563;4.123556755135649E-4;-0.0013495276653171517;0.0025715999400213185
1245.0;0.010700623311308277;0.021802519996789727;-0.02300634011931102;3.1834354351140126E-4;-0.0075171878761938205;-0.0025480859260051947;0.004521013349027436;-0.004270886279125641
1384.0;-0.008422369814226727;0.015400904803158255;-0.009866204639523701;-1.3475791702763362E-4;0.007074790643950335;-0.0021416883241890394;-0.0025507748580230194;6.40100105881114E-4
1522.0;0.008752735229755615;-0.01312910284464408;0.012035010940918411;-4.3763676148797503E-4;0.001094091903719896;-5.47045951859948E-4;-0.004376367614879695;-0.003391684901531633
1660.0;-0.005521367692971069;-0.0065754469798164905;0.0077299147701612725;3.8850350857817795E-4;-0.0011343900896468861;9.712587714454934E-4;0.002881150050696224;0.0012603776615502937
1799.0;-0.012943308309601775;0.008875411412297751;-0.003143374875190119;7.729004104877757E-4;-0.0024407381383824145;5.454679930476103E-4;0.005879960060648726;0.002453681446692446
1937.0;-0.02409597080944792;0.019190719608957352;-0.0027538252353647152;-1.7383521798249035E-4;-0.0025989225658766824;0.0012865527271475607;-8.777817937729582E-4;0.010023063286346279
2076.0;-0.031674244428941734;0.030912458803435072;-0.0021650749356485477;-5.669288812977791E-4;0.002349507244982174;9.883166141435584E-4;0.0047551460623702635;-0.004599180479042619
2214.0;-0.0018814109076643604;-0.01102506791892921;0.026415009143658352;8.436246509982703E-4;-0.004357347662158784;-1.486314617057949E-4;-0.004357347662158784;-0.005488828182030225
2352.0;-0.007050694493408116;-0.005993090319400096;0.011986180638793087;-0.0012902770922935958;-2.1152083480235895E-4;2.9965451596980497E-4;-9.165902841430373E-4;0.003176337869280399
2491.0;-0.008998260336333885;0.01056462417265891;-0.005265648641262999;-6.858673989695446E-4;-8.598337654720511E-4;0.001284751614687829;-8.598337654720511E-4;0.004820068120163334
2629.0;0.0;0.015635088430038024;-0.014432389320031547;-0.0012520730734659202;1.3925989694762997E-4;6.678145058172658E-4;-0.0017597386977933338;0.0010020382584916554
2767.0;-0.03521487090890929;0.016824882767586757;0.01547046465570645;-0.0012779687340103568;-0.0019443424450557023;0.0010188234019370968;0.002269402791907238;0.0028536084708319365
2906.0;-0.03203111594120145;-0.0020019447463255347;0.033747068580908035;6.692215294857862E-4;-0.0013155636904421675;-6.148830292283802E-4;-0.002459532116913521;0.004006749413716371
3044.0;0.00956833155635195;-0.01052516471199283;0.0013669045080515474;0.0011509335957790023;-0.002706470925941118;4.169058749555754E-4;5.74099893381419E-4;1.5446020940990124E-4
3183.0;-0.02427856124723604;0.00603048134205153;0.011643267006741453;2.4696256924611193E-4;0.0029917452891758956;0.0011395260198300838;0.0029917452891758956;-7.651662689855954E-4
3321.0;0.026568280480830708;-0.034639022287279886;0.00972499323260756;2.5766219183299965E-4;-9.323962583840384E-4;-3.5842114233580746E-4;-9.323962583840384E-4;3.1130004110568876E-4
3459.0;0.010834340525732955;-0.0017094181718348977;-0.0039966678383809295;-3.240671632807335E-4;0.0020561170686608232;-5.694047854078454E-4;-0.0013145666504553732;-0.004976332985029419
3598.0;0.004154472520468744;-0.00133866336771149;-0.0066471560327556745;-2.9265950866438906E-4;7.662693759982186E-4;-2.7004071383068817E-4;-1.5694673966226702E-4;0.003784724466150191
3736.0;-0.007357236176197546;-0.0018504563715922018;0.008962451341915312;3.259478572606861E-4;0.0010300130646678785;1.4602999077001355E-4;-0.0020912386464468913;8.344889396219024E-4
3874.0;0.01306943081556966;-0.011205430027125374;-8.141612639214202E-4;2.703872408074681E-4;0.0014183546229360466;-1.8104375474031764E-4;-0.005009234302756571;0.002451696669223402
4013.0;-0.005597827213733808;0.005079509879131194;0.0035245578753144713;-4.830717558517994E-4;-0.001928140484730445;4.5093608110630123E-4;-0.001928140484730445;8.821761034978337E-4
4151.0;-0.02090758845901064;0.004081957746755904;0.012146313295234634;-4.18151769180225E-5;0.0015730471316779404;9.458194779077278E-5;0.001174807351506324;0.0018786961629597698
4289.0;0.01142972270330489;-0.024273631435995924;0.005075571776721688;-0.0012007020561877468;-3.8357374495823215E-4;-4.833416634701937E-4;0.004653253209039976;0.005182701211550622
4428.0;0.0;-0.005965467820239212;2.2511199321684217E-4;-2.003496739627908E-4;0.0021235564693433684;-0.002001620806351162;9.979965032602678E-4;0.004820773334734074
4566.0;-0.010759472895244926;0.001477147973751869;0.007039248368753803;6.648989521367554E-4;0.0026369826790721973;0.0012975194855877614;-0.0035633915317477838;0.00120706696768913
4705.0;0.003533244295574889;-0.004628550027206302;-0.0033919145237550907;6.974624239469152E-4;2.6146007787275494E-4;5.070205564153274E-4;9.681089369881768E-4;0.0020531682601596657
4843.0;-0.0020585873973288926;-0.008474518119001573;0.009195023708064909;0.0012138803686243677;-0.0019282101954970488;-0.0012540228228722916;-2.1272069772382274E-4;0.00351915515573209
4981.0;-0.023603252594696755;0.01758608538393247;0.004454698377026389;-6.003869603664752E-4;-0.0010172669428136771;-0.001999627667001319;9.77374121526653E-4;0.004202376282387732
5120.0;0.0016250650025995128;0.009425377015077174;-0.0035751430057207045;1.040041601663988E-4;-0.0018850754030161898;-6.500260010397496E-5;-5.850234009360245E-4;-0.005044201768070522
5258.0;0.0034645451052242038;0.0057637432205126515;-0.004787371418132125;1.568494056730374E-4;-0.002525968340356899;-0.0011826697154663779;-3.212578188483972E-4;-5.678704386111733E-4
5396.0;-6.16256855856534E-4;-0.00308128427928267;0.0;4.498675047759776E-4;0.0017255191964009597;0.002665310901583784;-1.2325137117152885E-4;-0.001019905096443896
5535.0;0.02668793705245065;-0.012414388696306844;-0.017212220076526563;-7.448633217785744E-4;0.003346487387700714;8.696069376645799E-5;-2.518861474614109E-4;5.019731081552514E-4
5673.0;-5.8349865795293E-4;0.00408449060567051;-0.002042245302835255;-5.134788189987277E-4;-0.0033842922161279043;3.209242618741892E-4;0.002450694363402839;-3.3259423503295693E-4
5812.0;0.004280724184383189;0.002054747608504215;-0.0070774639848405485;-4.0181731010707766E-4;0.0011186959201845426;-5.764708568297416E-4;-5.935937535672675E-4;0.0011951781922787674
5950.0;0.0037571699326193198;0.003186636720627689;-3.618015490669535E-4;1.9119820323784675E-4;5.204376128891131E-4;-3.5693114359902633E-4;-0.0014277245743961053;-0.005508985202316463
6088.0;0.007191335661694609;-0.008317525963434491;-0.0013297186695222507;-4.067853644107722E-4;0.0013595694967964977;-0.0011526489895494763;5.454560256608065E-4;0.002110317802762385
6227.0;0.007989560307862575;-0.00759008229247371;-0.002396868092358062;-6.631335055527349E-4;-0.0015712801938798648;6.058749900130778E-4;-2.3968680923602825E-4;0.0038656155956218186
6365.0;0.0026107888237305588;0.006500864171101739;-0.00511714609452163;2.5429083143178877E-4;0.0028039871966916152;-0.0019750617451556596;-6.788050941708423E-5;-0.0050098426738651725
6503.0;0.01078984180822573;-0.012224256072144613;-0.004036670229430328;0.0010436950511438364;0.0025667129572037872;-4.373059415216096E-4;0.0020589556956400745;2.3902673088116444E-4
6642.0;-0.01020962094914779;0.027466370504654947;-0.013994651154682458;-8.919722497522375E-4;-0.0036904044503985878;-4.8682460867266464E-4;0.001040883306522744;7.662196014761591E-4
6780.0;-0.07174750704728439;0.08149594159194606;-0.010221895251067536;5.193499748701452E-4;5.802928657969719E-4;-0.0021008301344385416;5.802928657969719E-4;8.943551343780776E-4
6918.0;0.019689314549331982;-0.009820791438848175;-0.008090518342086739;-7.181229997446498E-4;-0.0028853795503198665;-6.020157084931088E-4;4.55837464111708E-4;0.0019716760260521937
7057.0;-0.013631311471975494;0.015460470361801981;-0.0020738234547099665;-2.700630768549678E-4;5.615634298710148E-4;-4.421438208216666E-4;-6.035059267078813E-4;9.988139593950507E-4
7195.0;0.053434083851463754;-0.0486170069132541;0.00601848567577612;-4.5470460219641795E-4;-8.856098694011161E-4;-5.646621066530411E-4;-4.279303503308407E-4;-0.008502655685409088
7334.0;0.01129468389422783;-0.033671577431206856;0.0032877594702007684;-4.725874667030616E-4;0.0015365243238287807;2.72302527548951E-4;-9.237038511517026E-4;0.018676598533256872
7472.0;0.003731539852850574;-0.0326180483607601;0.03191564085904375;-0.001004442727448332;-0.0012643335030818603;1.3170140657103868E-5;2.7218290691344293E-4;-0.001045709168173481
7610.0;0.010999422802569825;0.03239928993824748;-0.03735447545821913;4.105725145116118E-4;-0.00482449930845219;-8.249567101924482E-4;-0.0024285854306654864;0.001623231652200463
7749.0;0.20431556937707995;-0.14938917605103086;-0.040226286126708644;1.9423246335587008E-4;-3.9271044503641495E-4;-3.635225065539982E-4;-0.0012418141099801439;-0.012896292601122905
7887.0;0.06686296677522563;-0.023707878440170305;-0.057455748105901705;-8.656328569259242E-4;-0.001273982079881164;-8.985370298499606E-4;-0.0023286030069351593;0.019667414744444223
8025.0;-0.11266641105709141;0.07093165587843941;0.02987351426937046;4.668633630154767E-4;0.005693805705287547;7.570895774856035E-4;0.00261828947988918;0.002325192783608987
8164.0;0.06973557080080894;0.0674919046098239;-0.09977239926747394;0.0014703088174059797;-0.010765555074930377;-5.690018313167511E-4;-0.005510120753710157;-0.02208070730060685
8302.0;-0.06756904246431361;0.09919056057499631;-0.051376285151281564;-5.812326736504697E-4;0.0027206213573736093;-9.569800507611137E-4;0.0023237400506816996;0.016248618356951017
8441.0;-0.33095743087148577;0.22006008089632445;0.08720403062391213;3.319430098794318E-4;-3.1538528254548837E-5;0.001125531227085308;-0.001608464940983545;0.023875848583525983
8579.0;-0.3783041511524132;0.4138458934670908;0.007846878173369376;-1.830938240452995E-4;-2.923346770471458E-4;-0.0017078499553804805;-0.007600701603224902;-0.03360464042834721
8717.0;-0.10288844169402722;0.016114145647669886;0.06926056497859001;-1.3768894403172471E-4;0.01564509539876835;0.0011688429589505334;-0.004024753748619325;0.004862235402702364
8856.0;0.4121174296429331;-0.492008976704291;0.05730964210903977;3.43259903991866E-4;0.010346380448573722;5.77861324493667E-4;0.005488047566816201;0.005826355708447917
8994.0;0.11785820011841253;-0.15430728241562974;0.04181468324452453;0.001206335109532261;3.700414446417E-5;0.0014431616341030185;-0.009399052693901733;0.001346950858496232
9132.0;-0.24256304626990755;0.16999535361887297;0.07057377319074654;2.447581869601395E-4;0.008301290376869108;9.777522491045687E-4;0.0015329399153407586;-0.009062821267986187
9271.0;-0.06040516565873588;0.03534984584742773;0.006562318143306101;1.1515011081648929E-4;-2.635540170761175E-4;-7.734160668896595E-4;-0.0032705461582137607;0.02268536779935948
9409.0;0.005514985879884193;0.03276601928318712;-0.026279345414945254;-2.993849477653243E-5;0.0012763253036305322;-0.0024384116140350465;-0.005026515701952672;-0.005783119240997614
9548.0;0.23733905873798733;-0.24063162371469815;-0.0010632241070620552;-1.941241434186558E-4;-0.0019412414341863915;5.436161966758668E-4;0.002174464786703467;0.003773073678000838
9686.0;0.053769277218783884;-0.10950613682160792;0.05044474146645861;7.53109119405182E-5;-0.0012823209330410368;1.8658108814073593E-5;0.004315111711185926;0.0021653583374607877
9824.0;0.4224371865181453;-0.37236374100334046;0.0034798786057734787;-6.226975082061631E-4;-0.010911427051371714;-0.0010548382023750358;0.0023054195763247964;-0.0432697809349496
9963.0;-0.08851438649399768;0.0025408444903547434;0.1592262547287948;1.391652080337119E-4;0.0023880616843972025;-0.0015618720543640885;-0.005583215148083132;-0.06863485241513079
10101.0;0.04039149435421052;0.005251713566131855;-0.08237243087974733;7.73910863427596E-4;0.013965789305512066;5.0386955431747094E-5;-0.0038949526198759354;0.02583408845491464
10239.0;0.27886974303797984;-0.14322659260387383;-0.09696435458101504;-0.0013180281754043705;-0.0018375263719062618;-1.3530286777263534E-4;-0.005726471074353423;-0.029661467363651717
10378.0;-0.0516061520258404;-0.026773176251310815;0.07647888600686059;-4.4545094552966846E-4;-0.0011148201100189548;-0.0017497586676865906;-1.606231542253811E-4;0.005371095147749472
10516.0;-0.53395668904394;0.6856991443798108;-0.10792356816105375;-0.0012443526079825296;-0.003951798437836662;-0.002953627304363937;-0.017318406763189298;-0.01835070206144529
10654.0;-0.03214269823759963;0.029864325594026297;0.0707139361227167;3.360024302641318E-5;-0.020990179216638816;-8.365539958973822E-4;0.002330537404434896;-0.048972967914069354
10793.0;-0.32340514318502045;0.13287532946515057;0.17376122636212088;4.887897467682478E-4;7.456114781210221E-4;0.0012986833667273379;-0.0058513625052545315;0.02008686527138126
10931.0;-0.272045510191127;0.23760152587303907;0.024574777753931798;5.229319251451314E-5;0.013520661856498917;-0.0024385857260743604;-0.009300933720645554;0.008035770961862365
11070.0;0.0315240280796516;0.006904255814312421;-0.015698542842352836;2.397800793529914E-6;-0.01633748623027631;-6.452905076709259E-5;0.0042553911729901195;-0.010585514744358981
11208.0;-0.2862178460104303;0.7087715209601768;-0.48198211320534945;0.0034171351996970384;-0.008797739388819226;0.009271127683747493;0.007952923354793695;0.04758499140618211
11346.0;0.05987026374152293;-0.0774148540727424;-0.053206443081599275;-4.269010110266591E-5;0.09258892903378069;-0.0035774651798016754;-0.012574490755684287;-0.0056432495843790065
11485.0;-0.3972194637537214;0.8123417765780374;-0.27336811334741284;0.002451851126620691;-0.00590234555296032;0.005954795306096772;0.009832580387988177;-0.15409108074464672
11623.0;-0.21611907285378607;-0.1671965961630022;0.32702026020306185;-0.0020014438658740724;0.016850221955977407;-8.563353455294243E-4;0.013470961399628223;0.028832004669523403
