5.711
3.100
0.837
0.013
64.444
73.908
76.713
81.992
77.995
72.056
78.937
67.097
54.081
68.362
61.196
62.515
73.552
71.493
84.716
27.561
22.799
34.961
35.908
199.525
151.749
109.514
207.146
70.687
45.166
38.335
55.662
57.872
60.068
66.766
70.845
77.192
84.890
89.250
94.930
96.268
98.912
4.727
0.254
114.616
107.537
110.417
115.146
105.220
91.336
131.462
119.424
107.331
109.696
108.663
121.659
108.735
89.987
144.793
78.597
7.147
0.382
126.991
112.393
106.442
148.664
144.495
104.441
120.202
105.800
125.447
88.594
96.907
109.164
131.552
85.873
3.614
0.353
75.945
105.198
127.517
145.890
138.467
147.525
4.199
0.196
121.283
116.491
41.684
12.957
1.936
0.064
481.482
189.413
62.548
9.292
0.099
81.421
95.579
124.548
115.788
118.767
6.277
0.175
118.829
130.605
121.823
127.266
3.675
0.162
125.555
130.079
121.475
4.754
0.132
126.869
145.077
120.847
5.589
0.152
121.696
137.465
124.488
5.338
0.135
126.261
182.197
126.175
45.942
0.136
120.744
141.474
126.764
5.238
0.140
134.240
182.093
97.553
121.518
4.060
127.747
0.143
122.594
148.028
131.727
2.955
0.161
126.126
183.455
108.744
126.115
5.211
0.149
126.324
180.724
129.269
122.964
99.055
2.123
0.171
122.079
135.434
132.894
128.200
2.623
0.188
118.731
35.412
8.845
1.795
0.079
36.300
14.762
1.743
0.083
483.658
200.513
60.151
3.761
0.085
75.910
95.114
113.790
116.992
112.177
3.160
0.197
116.325
132.633
128.736
118.532
2.421
0.136
119.860
132.670
118.279
2.230
0.123
116.536
129.554
117.075
2.013
0.133
118.751
133.430
117.925
2.156
0.115
116.966
133.970
117.953
2.211
0.126
117.700
134.136
120.028
2.344
0.111
116.733
130.792
115.878
2.356
0.107
116.698
135.143
117.517
2.305
0.106
117.225
129.028
116.604
2.538
0.116
115.960
133.114
116.160
2.469
0.134
119.535
129.438
119.198
2.790
0.121
118.949
132.944
116.995
2.388
0.115
117.438
128.880
116.601
2.271
0.110
116.228
131.301
116.561
2.325
0.122
115.848
128.692
120.612
2.894
0.114
115.691
129.534
118.901
2.383
0.115
115.948
129.694
117.712
2.554
0.110
120.920
137.860
119.277
2.605
0.120
117.137
131.059
115.988
2.542
0.115
116.929
134.581
116.142
2.601
0.114
115.437
138.374
120.100
2.836
0.124
115.480
130.781
117.668
2.900
0.114
118.683
130.468
115.836
2.709
0.124
117.754
132.154
116.489
2.877
0.123
116.174
130.479
115.884
2.753
0.120
116.863
130.984
117.739
2.704
0.125
117.451
130.920
116.462
3.357
0.120
118.371
132.142
116.172
3.020
0.104
115.836
131.439
116.282
3.290
0.106
115.724
129.078
115.883
3.321
0.128
120.691
130.292
115.851
2.989
0.126
116.981
132.843
115.634
3.316
0.109
117.249
130.316
116.784
3.163
0.115
116.998
132.049
114.922
3.491
0.110
115.423
130.944
119.707
3.061
0.110
117.245
130.448
118.743
3.288
0.116
118.449
128.687
116.821
2.935
0.110
118.489
132.682
117.685
3.125
0.114
115.824
131.946
116.715
2.895
0.108
117.752
134.361
115.831
3.880
0.120
115.675
133.970
115.742
2.925
0.131
121.704
133.134
116.649
3.092
0.127
117.567
131.632
115.692
4.538
0.120
115.930
131.683
115.507
3.637
0.124
115.660
134.378
114.144
3.767
0.106
117.665
130.595
115.601
2.928
0.119
119.068
133.211
115.986
3.682
0.121
114.986
132.469
118.874
3.679
0.129
116.712
135.339
116.565
3.321
0.121
116.368
131.700
115.656
3.532
0.112
120.036
138.204
122.301
4.097
0.122
122.170
130.941
118.401
2.700
0.111
115.842
135.340
117.076
4.639
0.135
118.004
134.365
116.772
3.752
0.117
118.420
129.361
115.024
3.752
0.107
119.368
133.919
117.198
3.826
0.139
117.108
135.852
114.744
3.453
0.127
114.878
136.909
118.985
3.776
0.119
116.555
128.791
116.947
3.648
0.118
116.155
132.146
115.648
3.444
0.113
117.635
130.047
116.079
3.767
0.119
115.653
131.528
119.500
3.171
0.122
116.121
136.087
121.446
2.996
0.133
117.011
129.550
116.796
3.473
0.122
117.281
128.294
113.824
4.048
0.134
123.928
134.797
116.630
2.960
0.118
118.148
130.771
115.088
3.279
0.115
114.401
129.996
114.770
4.004
0.111
118.310
134.471
117.231
3.727
0.121
116.337
130.695
116.347
2.963
0.130
119.057
139.959
119.823
4.457
0.118
119.706
131.359
118.262
4.092
0.112
123.369
133.241
118.132
3.632
0.143
115.682
132.866
115.583
4.257
0.125
116.071
128.444
121.435
4.263
0.117
115.274
133.271
117.267
3.214
0.119
119.329
131.472
116.178
3.576
0.113
120.639
135.310
115.427
4.169
0.106
115.647
134.717
115.940
3.648
0.111
118.505
130.203
116.306
3.259
0.126
117.312
132.643
116.531
4.275
0.125
115.646
132.268
117.179
4.369
0.120
114.097
129.709
115.007
4.613
0.122
117.982
133.961
118.716
3.928
0.123
116.107
134.764
116.202
3.895
0.115
116.294
131.684
118.772
5.788
0.114
117.054
137.522
116.664
4.903
0.122
118.843
133.409
116.846
3.498
0.121
119.304
131.070
113.716
3.715
0.119
114.691
134.541
116.106
4.701
0.121
116.195
135.109
117.933
3.828
0.111
114.962
133.355
116.581
5.492
0.131
116.920
131.907
117.381
4.161
0.126
115.963
129.899
118.414
3.535
0.106
118.629
136.435
118.074
4.940
0.104
118.758
133.651
117.624
4.662
0.110
118.152
134.183
116.335
4.446
0.115
117.859
133.493
117.485
3.820
0.098
117.045
135.809
115.608
4.617
0.119
116.013
134.806
120.069
3.982
0.102
116.413
129.551
118.007
3.537
0.118
115.514
131.284
116.599
3.517
0.103
122.082
133.591
117.183
5.737
0.111
116.360
132.924
118.432
4.129
0.110
117.650
130.475
116.880
4.139
0.114
115.733
133.113
118.483
4.020
0.112
119.120
132.657
115.645
4.576
0.116
119.531
134.656
115.534
3.734
0.117
115.449
135.856
115.575
3.855
0.113
120.427
134.084
117.419
3.858
0.121
115.085
135.410
116.544
6.201
0.109
118.138
128.934
114.877
4.186
0.100
124.767
137.727
117.192
4.176
0.117
117.489
128.953
115.995
4.999
0.100
116.665
129.176
117.180
5.072
0.116
115.916
132.927
116.555
3.785
0.114
118.421
131.013
114.719
4.189
0.101
117.316
131.571
118.167
3.625
0.104
114.999
131.503
117.313
5.267
0.123
114.624
135.771
115.503
3.918
0.115
118.200
132.527
114.573
4.548
0.095
119.662
133.257
115.981
6.145
0.112
120.025
131.683
116.064
5.145
0.114
119.134
130.602
117.606
4.399
0.115
114.329
136.260
115.627
4.361
0.102
119.526
132.270
115.348
5.617
0.105
120.478
136.913
116.223
4.155
0.120
117.256
135.292
119.131
4.777
0.108
116.886
136.985
115.356
5.055
0.116
120.563
133.175
117.753
5.648
0.127
116.086
132.214
122.149
5.355
0.109
117.071
132.402
118.527
4.652
0.115
119.307
136.983
115.963
4.145
0.114
116.284
137.630
118.743
4.256
0.124
116.196
135.009
121.638
4.605
0.099
118.562
136.065
115.049
5.233
0.113
116.425
134.345
118.124
4.870
0.114
116.216
133.047
117.687
4.279
0.112
118.924
131.861
117.211
4.297
0.107
117.441
132.360
116.321
6.826
0.111
117.796
137.385
117.836
4.924
0.104
115.333
134.828
118.324
6.342
0.104
118.183
131.835
115.122
5.114
0.095
120.837
136.855
113.684
4.133
0.120
114.613
134.307
116.568
4.106
0.112
117.359
132.719
114.547
4.249
0.112
116.261
132.413
115.691
6.364
0.103
119.161
133.433
123.400
4.698
0.128
114.628
131.953
115.697
5.227
0.104
116.538
136.262
127.885
4.836
0.119
119.218
129.750
116.617
5.615
0.105
118.256
132.479
120.948
5.073
0.116
118.715
129.650
115.139
4.453
0.113
115.964
134.612
119.539
4.746
0.112
119.523
133.682
118.227
5.559
0.130
116.309
132.038
117.341
5.306
0.119
119.229
134.320
118.526
4.912
0.122
125.034
134.142
119.253
4.733
0.117
114.935
131.598
118.783
7.029
0.109
116.998
131.458
115.944
4.776
0.113
116.070
135.798
119.049
5.534
0.109
116.871
133.290
116.075
4.387
0.118
119.117
130.581
117.502
4.357
0.112
122.644
131.928
117.109
4.845
0.107
115.087
131.811
115.124
4.922
0.099
115.685
135.569
116.557
5.747
0.118
115.037
134.660
116.360
4.554
0.130
116.833
132.914
118.745
4.540
0.106
117.933
134.795
122.079
5.176
0.099
119.680
134.362
116.668
4.414
0.097
117.536
135.387
115.596
3.985
0.114
114.956
130.676
117.772
5.566
0.139
119.031
137.007
121.197
5.628
0.113
119.876
133.221
123.279
5.803
0.114
117.977
136.978
123.181
4.830
0.100
124.730
130.548
118.707
6.007
0.113
119.952
132.795
115.794
3.401
0.106
116.361
136.164
116.498
5.534
0.110
121.729
138.385
117.090
5.306
0.117
116.825
132.413
116.602
5.922
0.101
123.677
135.546
119.387
4.992
0.118
119.471
138.702
119.431
4.618
0.111
120.349
131.793
115.214
5.956
0.118
115.931
138.627
121.113
5.776
0.103
117.061
130.379
116.519
5.200
0.108
116.757
132.343
121.042
4.546
0.120
122.284
135.610
116.892
4.569
0.106
124.941
128.828
117.074
4.429
0.152
118.363
135.377
119.655
5.085
0.113
115.031
129.941
119.270
4.513
0.111
121.005
134.018
114.898
4.925
0.122
119.874
133.846
119.567
5.577
0.117
118.388
134.940
114.457
5.614
0.135
126.379
132.779
116.915
4.389
0.119
123.503
134.159
122.377
4.762
0.121
115.787
136.094
120.372
5.550
0.110
117.687
137.938
115.384
6.040
0.109
116.814
129.775
117.523
5.248
0.130
119.654
132.026
114.254
4.633
0.110
114.656
134.962
116.363
5.258
0.106
122.840
132.606
117.062
5.264
0.124
121.116
130.863
116.798
4.828
0.118
118.959
139.502
116.710
5.898
0.118
116.917
132.599
115.385
4.164
0.117
118.190
133.437
115.655
5.680
0.132
115.570
141.854
124.441
3.419
0.153
117.020
131.136
119.490
6.197
0.111
118.097
134.450
122.786
6.193
0.108
119.959
135.565
119.639
4.233
0.131
120.729
130.908
117.945
4.027
0.121
122.329
133.996
116.921
4.593
0.112
116.333
136.876
119.670
4.176
0.119
124.316
138.389
120.591
4.696
0.140
123.881
137.010
116.030
5.255
0.113
120.812
134.404
115.308
5.930
0.125
122.051
135.976
120.772
5.231
0.117
115.783
133.195
121.505
4.423
0.119
125.401
133.427
119.404
4.242
0.120
122.346
134.455
117.124
2.615
0.105
116.137
139.268
117.130
4.487
0.138
117.724
138.471
119.120
2.795
0.119
119.645
136.450
115.145
5.942
0.110
118.019
131.040
123.897
4.286
0.121
122.914
130.823
120.151
3.647
0.133
115.328
137.478
119.229
6.775
0.111
118.507
136.535
117.589
4.759
0.130
116.557
138.941
121.422
4.437
0.119
121.680
128.111
122.091
5.260
0.141
117.951
135.381
119.721
6.637
0.116
119.546
137.775
118.613
5.590
0.122
118.182
135.203
119.651
5.929
0.125
116.880
133.136
122.862
5.289
0.138
120.538
137.607
118.792
5.002
0.122
123.217
137.301
118.590
5.775
0.773
123.175
131.181
117.489
5.401
0.127
119.110
140.838
118.095
4.920
0.135
116.591
134.509
119.673
4.844
0.123
117.826
139.880
119.531
5.174
0.132
118.791
131.492
118.606
5.995
0.137
123.201
136.970
117.900
4.398
0.138
117.524
134.833
115.939
6.136
0.109
115.441
133.453
118.641
5.373
0.102
127.792
130.829
119.372
5.426
0.124
116.108
144.336
117.424
5.286
0.109
119.842
136.804
128.947
4.232
0.099
116.458
136.511
125.019
6.277
0.128
119.803
135.140
118.304
6.663
0.111
117.907
136.985
118.572
8.067
0.105
127.897
129.467
116.253
6.547
0.130
118.445
137.770
120.139
6.480
0.139
118.271
136.523
118.593
4.276
0.133
119.634
133.075
117.490
5.508
0.136
120.168
135.243
117.423
5.746
0.117
117.118
139.344
115.988
4.739
0.114
124.753
134.417
121.408
4.105
0.110
118.059
137.399
115.967
6.272
0.101
119.145
133.726
117.005
5.847
0.134
122.693
134.950
116.622
6.222
0.106
114.361
132.270
119.946
5.628
0.121
117.136
134.325
118.402
5.479
0.101
117.140
135.061
124.325
4.778
0.140
122.241
133.461
122.494
5.036
0.127
123.956
137.192
120.237
5.461
0.134
118.934
135.490
122.283
4.964
0.132
120.033
137.939
116.449
3.019
0.120
121.936
135.833
115.121
7.174
0.125
122.374
130.929
116.338
6.702
0.093
121.513
133.601
117.239
4.693
0.128
122.878
128.646
121.063
6.374
0.128
117.891
137.422
124.999
4.815
0.146
116.451
136.577
114.227
5.195
0.175
116.231
138.892
118.511
3.181
0.118
117.124
130.452
115.425
6.197
0.114
120.832
137.501
118.532
5.064
0.136
121.657
133.344
119.882
6.025
0.127
119.050
133.826
116.706
5.900
0.120
116.182
133.062
120.302
7.036
0.121
115.195
137.445
118.088
5.751
0.109
118.440
129.884
121.267
5.785
0.122
115.937
136.051
119.509
4.854
0.135
119.418
136.666
119.764
5.310
0.120
119.173
130.168
119.058
5.056
0.121
121.307
134.275
118.212
5.092
0.133
119.958
136.109
120.001
5.148
0.114
119.068
131.733
119.228
4.263
0.112
122.464
135.520
119.221
8.262
0.112
120.488
137.506
115.815
5.300
0.105
125.337
138.666
118.794
5.669
0.105
117.239
137.606
117.427
49.584
0.116
122.090
136.846
114.488
6.512
0.108
120.474
137.339
117.839
4.785
0.139
121.876
137.998
118.831
5.030
0.123
117.652
133.714
118.195
8.088
0.110
117.655
138.335
120.851
6.050
0.126
116.209
136.291
119.730
5.529
0.117
124.179
135.949
120.441
4.917
0.129
117.380
133.846
119.592
5.640
0.113
120.897
139.582
120.746
4.775
0.134
117.364
136.854
118.449
3.508
0.137
124.222
133.692
117.561
4.642
0.116
125.275
135.374
122.276
4.536
0.160
120.464
141.849
116.242
5.276
0.126
121.680
134.700
125.680
6.894
0.131
119.293
139.359
119.094
5.264
0.125
118.072
139.012
119.989
5.533
0.137
117.970
139.026
118.746
5.133
0.126
118.637
129.888
118.457
3.814
0.133
119.787
135.109
117.155
4.383
0.116
122.237
136.096
118.913
4.266
0.110
121.255
136.170
124.291
5.896
0.111
123.473
139.831
120.685
5.118
0.113
118.201
134.201
117.776
4.250
0.128
123.825
136.937
122.094
6.559
0.125
124.205
133.757
119.187
7.297
0.131
120.350
135.834
118.352
3.221
0.124
120.913
133.271
120.578
4.847
0.113
123.292
133.632
115.875
4.839
0.115
120.270
140.938
119.281
5.427
0.122
121.518
135.003
118.418
4.010
0.112
121.601
140.612
116.912
4.488
0.132
120.466
133.933
123.529
5.066
0.115
120.200
132.272
116.645
6.289
0.139
128.759
138.375
116.717
4.262
0.140
125.142
137.712
119.995
5.284
0.109
124.582
135.093
117.963
4.914
0.730
118.710
136.173
119.088
4.853
0.123
119.739
136.093
119.093
5.030
0.134
118.151
133.672
117.275
3.964
0.126
121.037
136.954
118.945
5.526
0.144
113.262
131.852
119.793
6.729
0.135
122.224
133.374
118.401
6.556
0.134
116.861
129.734
119.041
6.455
0.140
123.309
134.093
116.705
5.024
0.138
125.126
135.141
120.826
5.511
0.114
116.567
131.773
120.807
4.051
0.132
124.114
140.026
120.548
5.060
0.129
116.511
134.101
118.190
3.418
0.133
122.122
136.394
117.534
5.602
0.134
114.350
132.485
119.283
2.512
0.116
122.127
137.338
117.365
5.507
0.130
122.786
137.901
120.147
7.371
0.110
123.323
138.637
115.436
5.036
0.111
122.621
134.278
120.285
6.049
0.122
121.278
135.842
119.625
5.762
0.141
116.390
141.676
116.014
5.317
0.117
120.673
138.143
123.317
5.258
0.123
116.060
138.107
123.347
3.122
0.119
128.934
132.411
119.341
3.518
120.295
0.133
119.313
133.704
124.802
4.632
0.136
121.860
136.559
117.096
6.763
0.123
122.161
137.412
117.921
5.386
0.129
118.512
129.888
116.469
4.035
0.117
120.476
138.256
122.663
6.121
0.132
117.088
136.379
114.947
5.581
0.131
144.662
138.797
122.094
5.912
0.115
122.354
134.929
125.440
5.239
0.126
116.902
133.224
115.833
8.344
0.133
124.254
135.338
124.122
5.260
0.136
120.467
134.433
117.485
6.089
0.132
124.981
140.004
119.219
5.382
0.135
120.034
134.058
123.212
2.906
0.122
118.971
135.922
123.547
6.757
0.124
162.358
135.974
120.157
6.013
0.131
120.716
141.754
121.915
6.237
0.133
123.142
140.000
119.262
4.641
0.137
120.254
133.150
117.164
5.988
0.138
122.300
134.724
115.897
2.972
0.129
122.240
137.467
125.446
6.580
0.102
115.898
134.318
117.700
5.936
0.119
124.656
133.069
116.855
6.083
0.112
124.416
138.913
116.104
3.913
0.132
122.350
136.956
118.389
5.401
0.112
121.510
139.398
120.359
6.084
0.139
123.880
139.268
115.652
4.350
0.136
115.176
131.704
120.479
3.619
0.124
120.171
138.798
120.115
5.243
0.148
161.880
135.751
122.184
5.664
0.133
118.801
135.035
118.155
8.070
0.130
122.973
138.196
121.992
5.409
0.146
124.923
142.418
121.452
6.083
0.117
120.643
140.042
115.948
3.905
0.129
118.813
133.561
125.249
6.276
0.503
120.405
135.130
116.248
6.449
0.156
118.445
130.962
120.678
5.023
0.115
117.037
134.791
115.029
5.182
0.133
117.181
133.779
121.954
4.669
0.131
162.147
134.658
115.892
4.418
0.124
118.409
134.313
119.321
4.599
0.123
116.484
130.640
119.645
5.498
0.137
127.060
134.180
117.226
6.757
0.137
161.119
136.738
122.925
3.410
0.136
119.212
136.461
115.738
5.303
0.113
118.601
134.323
119.478
4.770
0.131
122.966
137.532
126.636
6.728
0.136
123.504
141.880
115.665
5.952
0.136
127.985
136.817
122.568
5.914
0.140
121.456
132.338
122.123
6.098
0.126
122.528
136.976
121.042
7.310
0.140
124.424
130.980
119.503
5.234
0.105
162.763
133.965
118.056
5.981
0.131
122.244
136.805
117.810
4.283
0.113
119.824
130.736
116.136
5.169
0.117
119.888
135.349
117.292
4.579
0.121
118.049
133.585
117.136
5.534
0.138
160.729
140.123
116.800
2.910
0.124
118.601
135.677
116.952
5.484
0.155
119.919
135.946
119.748
2.327
0.133
119.534
136.107
117.678
3.303
0.107
158.660
132.856
118.176
5.517
0.117
120.414
134.540
116.905
6.012
0.133
120.145
132.142
117.207
3.209
0.125
124.592
133.206
116.622
5.970
0.137
115.974
137.937
122.610
8.244
0.135
125.976
135.819
119.157
4.755
0.121
125.791
136.636
121.208
3.907
0.128
123.634
142.938
119.046
5.542
0.119
122.570
133.056
119.607
3.719
0.131
157.626
134.965
117.023
4.959
0.127
117.531
133.027
122.485
4.306
0.132
117.746
144.431
117.986
4.875
0.120
121.213
138.908
119.718
6.281
0.123
120.885
132.594
118.745
5.134
0.146
124.001
133.975
120.973
4.438
0.133
165.601
135.420
118.565
3.839
0.124
121.650
133.179
116.983
3.694
0.135
122.362
141.837
123.027
2.856
0.123
126.898
136.757
121.552
5.407
0.138
126.136
142.586
121.274
4.874
0.123
125.407
131.722
118.054
4.767
0.154
118.031
138.366
124.717
5.316
0.132
125.574
140.315
116.546
4.346
0.118
120.459
136.749
115.987
4.659
0.134
120.297
135.611
118.196
4.753
0.133
119.657
137.052
124.698
4.566
0.139
128.340
135.764
95.551
4.523
0.145
118.292
155.271
120.848
5.649
0.130
118.741
135.125
123.780
3.395
0.122
121.805
180.285
120.481
5.438
0.130
158.473
132.304
114.688
6.351
0.152
122.888
141.273
117.629
5.282
0.118
124.753
169.465
116.467
3.778
0.108
164.884
128.580
119.159
5.094
0.125
117.619
144.192
123.417
5.117
0.131
121.835
135.742
117.290
5.085
0.104
122.402
137.108
118.725
6.273
0.126
117.250
146.392
119.721
4.678
0.127
122.614
136.333
116.731
5.492
0.129
128.083
140.084
102.669
7.518
0.158
158.435
148.138
125.599
5.329
0.114
121.758
132.177
122.336
4.224
0.153
126.159
161.070
118.978
6.453
0.127
156.700
132.911
118.955
5.763
0.127
123.560
141.164
122.977
4.860
0.130
120.643
133.060
120.851
4.461
0.128
120.892
131.952
118.717
4.724
0.120
124.176
133.048
126.171
6.931
0.128
120.348
135.860
117.597
5.935
0.112
119.881
128.673
120.642
6.194
0.120
124.819
140.783
119.773
4.962
0.148
123.273
140.010
124.130
3.496
0.124
124.649
134.318
121.078
6.532
0.129
123.990
132.377
119.255
3.355
0.150
115.975
144.390
122.706
5.602
0.173
121.660
175.248
121.040
5.299
0.135
121.469
146.134
121.001
7.410
0.133
120.258
167.401
117.115
4.921
0.150
121.438
136.518
123.318
6.099
0.123
124.270
173.716
120.458
4.742
0.119
115.393
134.700
119.676
4.885
0.133
114.790
139.303
120.498
5.340
0.132
120.429
135.255
113.744
4.760
0.129
118.588
133.811
118.252
5.171
0.137
119.138
148.232
121.728
4.242
0.134
162.696
131.529
121.452
6.816
0.133
124.149
168.074
119.124
8.514
0.123
159.066
140.570
119.612
6.047
0.136
125.221
139.866
142.588
5.829
0.123
124.529
136.033
114.430
5.008
0.127
119.439
144.406
115.359
4.407
0.107
162.560
134.082
124.771
5.420
0.123
118.640
139.266
123.872
3.651
0.140
158.745
135.354
122.065
4.899
0.152
120.269
177.810
124.564
5.648
0.135
119.593
133.190
121.713
5.869
0.130
117.320
136.389
122.247
7.010
0.131
120.155
136.382
121.256
5.344
0.109
122.643
139.934
117.505
5.030
0.115
118.031
140.904
119.944
6.539
0.133
127.114
145.631
117.468
6.200
0.140
121.798
148.863
122.986
6.439
0.129
120.259
142.774
119.719
5.812
0.130
158.240
129.472
125.940
6.944
0.141
123.693
179.702
120.440
5.633
0.127
125.946
143.547
117.180
5.047
0.123
123.085
135.102
124.310
7.508
0.125
122.558
138.865
120.363
2.984
0.108
159.310
137.916
121.080
8.318
0.115
118.173
139.591
116.918
5.191
133.715
0.117
125.000
131.126
113.707
7.327
0.173
122.775
152.539
131.780
119.086
6.668
0.136
166.922
137.124
95.867
6.283
0.160
119.306
153.515
115.682
5.864
0.130
118.605
131.597
118.274
6.512
0.132
159.941
136.317
118.892
5.158
0.163
121.651
176.678
119.497
4.806
0.102
118.448
130.039
123.935
3.985
0.130
117.923
141.882
116.127
4.615
0.125
123.355
140.707
121.980
6.436
0.121
124.277
139.839
116.102
7.834
0.133
120.292
139.969
120.958
7.636
0.136
121.780
136.183
120.967
6.501
121.935
0.140
162.556
138.485
120.564
7.035
0.163
118.716
175.601
114.237
5.183
0.116
124.924
137.665
117.109
7.739
0.143
119.251
141.186
117.868
4.830
0.138
123.783
146.321
123.574
4.628
0.122
158.850
134.287
119.789
6.095
0.119
124.731
182.083
120.097
5.311
0.117
127.603
141.066
123.120
4.707
0.123
129.528
141.743
121.293
5.273
0.132
121.559
186.480
116.474
5.602
0.141
129.572
142.402
110.637
121.651
3.477
0.130
160.192
147.167
163.117
122.182
4.394
123.136
0.152
122.132
134.442
120.932
116.675
4.344
0.159
121.258
137.104
122.764
5.871
0.103
116.275
141.973
121.571
4.952
0.132
116.217
136.338
155.601
5.563
0.116
122.015
142.085
126.434
4.874
0.122
121.890
176.970
125.042
2.175
0.141
121.024
135.483
121.858
130.159
7.333
0.139
121.262
112.078
118.684
119.513
5.938
0.146
117.762
139.499
126.728
5.040
126.309
0.152
120.213
126.157
122.811
8.295
118.366
0.122
121.020
134.130
155.587
4.279
0.170
118.058
138.938
122.897
5.024
0.139
127.576
141.743
117.343
3.808
0.125
118.544
148.540
159.545
4.071
0.136
129.258
130.095
119.456
6.766
121.634
0.101
162.436
129.019
120.763
4.718
0.130
120.534
144.256
125.567
3.926
0.129
121.082
173.438
125.932
121.910
4.708
0.130
125.351
131.299
124.103
122.865
5.791
0.146
118.631
128.043
124.676
6.519
0.127
121.292
117.287
121.052
6.800
0.129
123.440
147.279
121.888
128.965
5.384
0.133
122.460
113.184
130.279
7.036
120.363
0.166
101.205
143.108
124.086
7.158
0.144
126.505
115.065
98.041
3.188
0.162
161.056
168.408
170.677
125.618
5.281
125.377
0.132
124.243
135.152
124.795
159.025
5.941
0.159
164.387
136.616
116.293
5.674
120.521
0.132
120.740
138.784
159.800
5.749
115.826
0.126
132.826
126.436
130.825
5.319
0.151
127.284
156.538
109.242
4.426
0.106
125.018
151.596
129.698
7.920
0.138
129.176
175.852
97.088
5.523
0.131
118.176
144.994
125.052
119.962
4.295
0.129
116.482
181.425
129.079
4.262
0.138
134.612
115.801
102.146
6.007
0.157
118.076
137.870
163.768
124.293
3.470
121.953
0.134
120.703
140.977
129.021
120.599
4.306
0.162
121.709
146.780
120.624
4.078
0.141
116.864
141.365
161.783
4.953
127.159
0.121
127.360
131.531
97.348
4.463
0.154
163.159
167.667
169.820
5.242
122.744
0.118
162.956
129.050
163.803
121.536
5.941
0.134
117.491
139.184
121.646
5.416
0.125
118.335
139.549
160.490
7.831
0.104
128.503
136.434
101.065
6.526
121.863
0.113
167.671
147.273
127.966
6.183
124.067
0.127
120.340
179.623
125.682
6.523
0.790
129.234
137.191
105.090
121.832
122.834
5.029
0.154
168.710
139.504
112.016
122.985
9.855
121.412
0.154
103.136
135.130
110.463
119.545
6.281
0.135
110.929
144.713
97.241
5.816
123.241
0.155
117.308
135.266
126.231
2.500
0.134
120.985
115.511
129.256
7.391
125.580
0.138
114.108
184.183
123.536
8.132
0.155
118.173
141.930
119.056
124.339
3.899
0.134
131.131
178.097
121.023
4.708
0.158
126.872
140.154
102.327
117.561
6.684
0.160
121.043
160.111
125.945
97.006
122.020
7.781
0.131
121.211
183.674
130.690
7.611
122.215
0.115
132.067
129.140
107.438
5.459
127.054
0.159
105.209
116.519
141.519
5.334
162.542
0.159
95.292
132.811
119.288
3.128
0.156
116.980
136.917
127.712
138.555
6.223
0.136
127.275
162.006
115.520
123.511
6.288
0.173
96.027
149.007
132.468
109.090
117.126
121.780
5.373
0.164
116.870
104.312
137.157
124.179
8.370
98.539
0.164
116.172
132.110
116.547
164.164
4.966
0.131
117.804
113.146
123.664
5.745
129.599
0.126
126.236
128.718
118.963
117.193
7.692
0.154
171.159
152.893
103.800
165.008
7.214
93.027
0.169
103.900
139.926
110.356
4.236
157.554
0.170
108.866
142.207
99.369
116.826
121.070
7.295
0.172
117.049
144.406
137.528
8.588
123.184
0.162
107.234
135.961
99.397
131.856
7.526
0.130
158.430
119.141
161.998
119.626
3.129
0.142
124.003
188.642
111.004
125.373
3.755
0.145
99.085
140.673
126.462
131.828
5.900
113.136
0.120
103.447
146.750
97.274
7.613
0.181
126.021
131.000
113.288
116.443
4.677
0.122
117.656
188.766
140.695
3.613
0.119
123.162
120.642
127.388
137.338
7.727
0.141
123.649
158.711
139.669
121.004
4.995
0.146
109.429
118.538
118.297
118.915
3.312
0.168
125.664
147.269
138.180
124.028
115.450
8.849
0.146
150.174
116.067
106.607
115.135
6.758
0.179
92.930
136.702
136.202
137.842
8.767
116.722
0.158
95.546
143.471
143.125
119.935
8.188
0.168
102.877
152.986
120.674
2.677
0.152
122.238
155.877
127.803
149.295
120.605
3.971
109.720
0.155
131.158
126.720
131.203
8.717
126.390
0.113
103.672
167.507
114.676
164.675
101.154
5.605
0.179
111.507
144.761
132.597
114.333
7.375
0.179
115.574
152.332
104.055
123.076
5.227
167.468
0.180
130.645
130.915
127.132
143.416
137.626
5.628
0.160
137.819
114.032
117.424
117.339
5.208
0.193
121.491
132.626
130.781
130.165
97.644
7.013
0.150
103.041
137.952
117.173
129.737
9.011
0.158
103.051
109.845
120.715
141.070
5.479
0.148
134.160
119.884
111.754
4.243
0.173
114.867
137.005
165.761
3.823
0.136
121.556
134.139
122.104
4.395
128.040
0.140
138.999
130.921
112.210
8.374
123.200
0.165
112.263
145.715
100.960
7.267
119.134
0.127
131.328
143.374
141.038
9.597
0.160
130.850
202.985
121.285
151.907
4.498
94.294
0.156
165.011
143.460
147.711
138.339
7.050
0.132
102.153
110.606
101.144
9.342
0.161
113.317
188.156
151.455
153.314
5.099
100.803
0.143
128.072
102.337
91.047
5.872
127.941
0.162
182.861
153.167
102.689
125.349
9.014
0.162
122.560
129.593
118.208
108.061
7.435
110.232
0.111
130.035
150.984
100.669
6.207
0.239
80.246
103.567
128.233
132.004
4.611
0.173
131.945
119.230
120.149
6.794
126.198
0.136
98.449
159.675
107.482
6.449
137.755
0.158
122.503
117.353
114.514
121.882
8.764
0.162
124.329
168.303
159.944
5.504
105.093
0.151
121.291
120.056
132.961
2.620
0.143
96.394
205.131
114.103
46.096
486.821
185.757
2.469
0.083
59.164
87.090
107.764
107.069
111.729
5.455
0.163
112.176
137.851
128.581
120.289
4.231
0.141
129.187
143.026
116.829
3.381
0.112
125.240
128.940
119.383
5.928
0.112
118.152
139.075
120.511
5.304
0.116
127.297
133.971
120.400
4.900
0.107
121.518
138.650
120.650
4.495
0.122
119.624
136.390
121.421
2.454
0.132
118.957
139.705
128.591
4.655
0.117
121.679
134.650
127.252
4.308
0.147
123.282
138.807
125.098
5.531
0.135
120.719
138.472
125.225
4.425
0.144
121.534
133.447
122.409
5.926
0.110
158.345
139.690
122.970
7.424
0.116
122.462
135.376
124.771
5.842
166.529
0.128
128.869
127.167
122.910
2.512
0.141
165.207
142.331
93.950
1.818
0.111
41.185
624.107
214.429
1.882
0.075
38.161
16.606
1.742
0.070
352.864
474.782
119.044
2.004
0.081
103.465
73.940
41.006
54.694
67.154
82.581
76.572
3.131
0.160
67.186
