5.753
3.450
0.789
0.009
65.518
83.068
70.301
71.718
67.986
76.513
90.373
44.474
54.165
71.454
61.310
62.559
65.705
74.085
80.599
31.634
25.600
45.242
36.815
153.546
153.679
144.150
147.574
48.127
41.228
56.733
57.626
59.411
69.647
69.843
78.709
79.980
92.973
96.459
99.222
100.397
109.058
104.984
7.186
0.262
102.379
107.613
110.047
117.270
107.023
104.093
135.405
111.817
111.240
111.615
111.419
152.668
105.965
109.504
106.010
125.890
4.647
81.767
0.346
130.733
150.047
110.564
133.519
202.649
91.377
122.428
113.281
94.745
157.440
100.370
82.064
4.162
0.269
80.089
103.863
149.583
184.856
143.691
139.667
4.189
101.289
0.207
112.964
105.602
116.942
135.263
2.006
0.176
121.857
120.455
176.807
35.441
13.708
1.728
0.068
481.564
199.187
57.530
5.314
0.093
78.325
90.470
101.766
111.230
118.452
118.093
5.786
0.196
120.178
132.298
124.397
120.679
5.621
0.169
161.525
149.303
117.533
4.642
0.123
121.314
141.952
122.882
4.491
0.159
122.934
146.111
123.939
4.072
0.155
123.941
138.680
124.597
4.589
0.130
166.763
152.130
128.729
7.410
103.827
0.127
179.218
115.815
155.444
3.928
0.149
171.732
134.620
105.895
157.280
132.335
7.057
0.177
38.654
13.576
1.749
0.066
38.369
14.821
1.656
0.067
483.000
182.329
58.605
3.960
0.093
77.533
100.394
118.705
119.752
114.529
3.058
0.178
117.559
142.220
147.707
117.560
2.531
0.138
119.557
161.252
133.439
119.937
2.598
0.133
117.481
152.408
117.675
2.109
0.113
116.030
148.319
118.031
2.175
0.118
117.576
142.621
117.900
2.226
0.118
117.803
135.935
118.700
2.230
0.112
117.777
131.701
116.966
2.381
0.123
116.891
132.799
116.632
2.505
0.115
117.053
134.688
116.663
2.672
0.111
117.032
130.720
116.135
2.569
0.123
117.024
135.186
116.926
2.948
0.113
117.036
131.238
117.414
2.560
0.125
116.802
138.514
117.309
2.719
0.125
119.371
135.955
117.676
2.575
0.121
115.641
131.113
117.113
2.393
0.116
119.274
138.334
116.873
2.739
0.117
116.434
134.765
86.392
2.908
0.103
103.775
131.928
123.154
2.749
0.139
119.436
133.626
116.449
2.877
0.122
119.229
143.024
117.304
2.924
0.108
118.496
135.183
119.195
2.990
0.120
118.474
136.351
118.561
2.890
0.127
123.476
138.002
117.951
2.853
0.119
115.894
137.790
118.363
2.799
0.116
117.556
133.022
121.881
3.636
0.112
117.269
135.439
117.173
3.542
0.119
116.961
140.812
116.949
3.465
0.117
116.529
133.789
117.323
3.057
0.116
118.720
135.501
118.787
3.069
0.125
120.016
133.420
118.759
3.245
0.126
120.805
132.506
117.123
2.991
0.122
117.578
139.227
116.406
2.927
0.122
117.633
136.757
116.816
3.046
0.121
117.950
138.560
117.807
3.278
0.113
117.014
135.026
117.476
3.058
0.112
122.197
136.936
116.845
4.175
0.108
120.338
133.737
119.662
3.362
0.118
119.858
134.706
118.106
2.605
0.122
118.289
138.796
117.216
4.145
0.121
120.047
140.420
118.982
3.099
0.128
122.611
142.843
115.229
3.377
0.121
117.075
135.187
118.119
3.352
0.123
116.654
132.998
119.107
2.981
0.118
117.655
140.650
117.566
3.131
0.122
116.803
133.359
117.777
3.618
0.115
119.700
138.672
118.382
3.205
0.130
116.711
134.707
120.139
3.588
0.110
116.698
138.974
115.336
3.443
0.125
116.892
135.799
117.011
3.291
0.134
119.315
134.075
117.275
3.325
0.119
117.335
134.283
122.094
3.564
0.132
117.316
132.548
116.981
3.916
0.137
121.702
139.496
116.942
4.063
0.118
117.450
137.423
116.184
2.978
0.139
116.500
134.057
118.039
3.161
0.121
117.646
134.215
118.143
3.655
0.125
117.682
137.830
120.168
4.735
0.112
116.014
142.597
118.297
4.318
0.130
121.612
131.200
120.996
4.012
0.125
116.935
134.678
119.762
3.744
0.118
118.081
134.824
117.608
4.433
0.122
120.187
133.029
120.220
3.736
0.123
117.462
137.717
116.175
3.750
0.112
118.973
135.076
117.312
4.094
0.143
117.935
133.957
120.083
4.477
0.117
116.167
133.573
122.429
3.453
0.114
120.072
136.007
116.889
4.126
0.110
119.812
134.890
119.667
3.844
0.133
119.353
132.913
116.728
3.556
0.122
121.990
136.645
117.524
3.655
0.115
121.618
133.730
120.499
3.906
0.127
117.543
134.712
118.687
4.536
0.125
117.328
135.960
117.105
3.146
0.118
120.114
137.259
119.335
4.052
0.114
116.848
138.989
118.658
3.932
0.133
116.787
136.640
117.658
3.771
0.119
117.580
136.975
117.376
3.952
0.114
127.974
149.942
129.557
4.181
0.115
126.558
145.261
126.752
4.156
0.122
128.218
145.015
128.652
4.892
0.166
119.585
136.450
117.754
4.683
0.108
120.218
133.741
125.360
3.853
0.128
119.715
139.403
117.768
4.171
0.110
117.558
137.841
116.047
3.865
0.127
120.961
134.619
120.060
4.318
0.113
118.556
134.995
118.864
4.502
0.122
116.657
133.347
117.679
5.876
0.121
119.549
130.835
116.759
4.634
0.126
116.991
136.031
116.173
6.425
0.111
118.688
134.970
116.979
4.940
0.170
116.470
134.049
126.107
5.167
0.105
117.504
134.670
120.192
5.013
0.109
118.248
137.525
116.997
4.023
0.108
118.059
132.179
120.329
6.195
0.119
122.211
133.865
122.646
5.280
0.117
118.071
138.480
118.796
3.679
0.115
117.924
133.726
118.196
5.323
0.114
119.175
141.005
117.466
5.050
0.124
119.524
134.717
116.474
4.747
0.125
117.064
134.451
117.250
5.049
0.117
120.855
132.610
117.604
4.588
0.107
119.822
138.988
117.706
4.485
0.099
121.620
129.373
115.379
3.805
0.099
120.134
130.773
118.024
5.285
0.105
118.156
134.979
118.704
5.047
0.101
118.611
135.174
116.252
4.571
0.102
120.052
138.520
116.079
4.625
0.102
118.888
132.511
117.582
4.865
0.104
120.538
139.292
120.622
5.609
0.115
122.027
130.741
115.429
5.283
0.096
120.749
133.659
115.184
4.823
0.108
120.139
131.773
118.478
4.634
0.123
119.620
134.532
120.518
4.337
0.118
117.266
137.388
113.867
4.333
0.140
117.800
134.716
117.202
3.830
0.106
117.157
134.225
115.560
5.039
0.103
119.328
139.166
117.512
5.006
0.093
116.502
133.195
116.985
4.545
0.119
118.102
141.843
118.280
5.062
0.107
115.763
133.421
114.979
4.951
0.115
120.742
131.264
116.584
6.150
0.107
116.834
133.259
119.028
3.672
0.113
116.707
137.575
117.996
5.036
0.102
117.403
134.984
116.563
5.918
0.117
115.719
136.066
115.133
3.622
0.102
117.334
130.794
117.715
5.055
0.109
118.670
135.275
114.110
4.847
0.103
116.402
134.244
121.704
5.387
0.103
116.806
140.066
119.652
5.026
0.107
117.034
131.607
121.369
5.535
0.100
120.834
134.000
115.243
5.596
0.099
117.756
136.364
118.569
5.960
0.096
117.969
141.064
119.592
5.333
0.112
119.031
134.336
119.618
5.865
0.105
117.362
132.605
119.806
5.474
0.095
120.249
138.159
117.675
4.994
0.103
115.979
132.209
122.873
4.784
0.110
115.002
137.404
119.343
4.958
0.103
117.319
134.250
117.004
5.451
0.113
119.251
134.504
119.043
5.499
0.110
118.431
140.779
116.949
4.063
0.107
120.282
133.768
116.812
4.719
0.125
122.746
133.592
118.014
4.612
0.107
115.918
135.986
121.044
3.896
0.123
120.773
139.109
115.454
5.203
0.110
118.562
133.687
119.638
4.576
0.111
116.998
133.231
123.083
6.459
0.099
120.413
134.695
121.329
5.697
0.112
121.158
137.619
116.691
5.401
0.105
116.433
134.706
117.094
5.000
0.122
119.192
136.067
117.260
5.506
0.112
120.499
136.274
119.502
5.513
0.101
118.071
136.465
115.645
5.396
0.102
120.247
133.889
119.552
5.882
0.115
116.281
133.883
119.548
5.067
0.111
115.452
133.607
114.635
4.942
0.106
117.348
141.203
119.356
6.081
0.101
117.926
134.336
119.155
4.697
0.103
119.464
138.825
115.679
4.851
0.105
118.182
141.241
116.179
5.118
0.102
117.370
136.550
117.491
4.871
0.111
116.462
135.316
117.019
5.627
0.113
119.852
134.493
116.312
5.227
0.105
116.747
134.386
115.263
5.242
0.111
116.186
133.202
117.519
3.851
0.108
117.287
132.409
116.328
6.262
0.108
117.336
139.921
115.882
5.532
0.113
119.711
134.870
116.148
5.912
0.119
119.832
136.403
116.439
5.356
0.107
117.168
134.993
117.605
6.666
0.101
117.217
139.496
119.930
6.573
0.110
115.715
134.147
118.081
5.414
0.109
115.963
132.196
118.974
6.375
0.106
116.879
135.254
121.352
5.536
0.119
119.520
140.893
118.865
5.450
0.104
117.115
138.348
118.739
6.207
0.113
124.607
135.733
116.059
5.745
0.122
119.101
136.551
117.430
5.066
0.111
124.455
140.467
120.041
5.317
0.119
118.840
138.934
117.463
5.795
0.111
118.113
136.079
117.774
5.108
0.104
118.843
144.053
118.378
6.432
0.112
117.670
133.345
116.562
5.966
0.109
118.634
135.132
119.189
5.329
0.115
115.866
136.857
119.736
6.691
0.112
121.933
139.396
114.946
6.102
0.120
116.633
138.613
116.901
4.733
0.107
119.236
133.204
116.063
6.177
0.097
117.263
135.965
117.461
7.260
0.106
119.015
136.019
116.292
6.660
0.109
115.280
139.324
121.680
3.523
0.112
116.278
134.324
117.992
5.928
0.123
117.117
137.280
120.489
5.040
0.101
117.422
139.411
118.551
4.984
0.131
119.318
134.742
116.885
7.133
0.108
118.899
141.254
119.079
5.892
0.113
117.927
134.483
121.151
5.154
0.126
121.180
137.519
121.009
4.739
0.096
118.976
140.139
119.956
5.395
0.116
118.683
131.850
123.934
7.224
0.121
118.607
133.802
118.241
5.111
0.113
120.007
142.183
120.438
7.031
0.137
121.481
138.314
118.818
6.914
0.116
118.247
134.470
118.026
5.963
0.104
118.105
134.858
119.656
6.051
0.110
115.997
135.009
121.750
7.139
0.115
116.924
133.852
118.010
6.833
0.113
121.429
138.101
116.304
5.546
0.111
121.505
142.002
114.760
5.333
0.125
119.300
136.415
118.898
7.159
0.114
119.759
139.403
114.379
6.697
0.114
117.939
136.213
115.370
4.330
0.108
119.144
137.359
115.951
6.337
0.116
124.255
136.300
114.258
6.409
0.123
118.553
136.728
117.863
6.924
0.113
119.469
138.796
114.980
3.645
0.111
121.909
135.942
118.798
6.040
0.123
120.501
132.058
121.879
6.231
0.107
120.792
138.436
120.479
5.794
0.113
117.357
138.202
117.794
6.203
0.100
116.896
133.857
118.700
5.531
0.116
116.330
136.703
118.344
5.825
0.115
119.516
138.708
116.953
5.183
0.127
124.581
133.287
116.964
4.254
0.113
120.591
135.515
119.725
6.250
0.103
117.060
135.512
120.349
6.868
0.121
116.972
132.387
117.333
7.482
0.105
118.327
135.081
120.510
5.378
0.121
116.761
134.859
120.389
6.051
0.109
121.156
135.574
117.115
4.748
0.108
117.973
135.493
115.222
7.273
0.113
118.373
136.881
120.323
6.323
0.115
121.784
134.599
118.666
7.191
0.110
115.176
138.408
116.010
6.947
0.117
120.820
139.541
121.714
5.238
0.114
117.859
141.181
118.254
6.205
0.145
122.543
136.564
117.316
5.354
0.104
117.972
140.903
116.002
5.866
0.113
117.632
136.873
120.575
5.419
0.112
120.672
140.097
117.677
5.269
0.118
118.565
134.865
121.644
6.435
0.112
119.919
133.934
119.975
5.099
0.135
122.927
136.675
119.034
6.864
0.107
122.060
135.418
117.997
6.132
0.106
115.017
137.072
115.370
5.960
0.105
120.017
135.212
119.336
5.298
0.106
119.124
137.866
121.102
6.803
0.132
116.556
139.880
118.190
4.396
0.105
122.974
137.071
116.445
6.377
0.102
118.554
133.365
117.823
7.133
0.103
117.609
136.439
116.861
6.254
0.129
119.477
140.778
119.830
6.980
0.109
124.194
142.958
114.924
5.065
0.123
116.947
137.386
117.507
5.629
0.139
119.243
140.953
117.988
6.052
0.114
119.697
135.593
123.578
7.690
0.131
117.353
135.054
116.253
6.980
0.117
125.585
134.107
118.602
6.158
0.105
117.243
142.154
122.533
6.770
0.111
116.063
133.076
116.327
5.002
0.131
119.574
140.151
117.802
6.892
0.107
120.112
133.213
121.422
6.612
0.117
114.887
133.963
114.389
5.795
0.138
118.809
135.858
118.440
6.548
0.107
120.087
134.647
116.579
5.425
0.112
119.250
133.444
119.882
5.553
0.119
122.365
133.492
118.166
5.316
0.110
118.242
136.436
119.500
6.951
0.119
117.122
139.826
119.217
4.809
0.115
119.359
134.905
115.400
5.464
0.146
119.668
133.903
117.883
6.704
0.120
116.929
137.387
118.876
5.484
0.114
117.730
135.476
116.822
5.711
0.097
118.331
132.906
118.019
5.614
0.114
118.727
132.816
118.598
5.815
0.110
120.429
139.466
116.274
4.979
0.138
119.060
135.805
119.344
6.274
0.123
119.426
147.235
119.319
3.874
0.720
123.010
142.734
116.069
5.750
0.136
119.417
137.222
116.623
7.173
0.131
117.657
140.524
119.060
5.510
0.120
122.726
134.624
116.198
5.849
0.105
120.447
135.000
118.418
4.311
0.140
117.647
141.239
118.269
7.591
0.110
121.809
137.650
119.447
5.206
0.144
120.664
138.225
116.660
5.422
0.140
120.379
143.308
117.827
8.008
0.136
120.048
133.312
120.059
5.282
0.124
120.619
136.741
119.716
5.845
0.112
116.349
135.726
123.724
6.928
0.122
125.299
133.729
116.488
3.123
0.140
123.844
132.239
116.846
6.003
0.114
121.608
137.113
119.499
4.972
0.121
115.946
143.791
117.010
5.900
0.129
121.726
133.039
124.947
6.418
0.111
121.204
136.877
118.345
5.765
0.112
116.211
133.031
119.388
4.449
0.139
123.835
132.028
116.487
6.217
0.130
117.991
145.204
118.160
5.542
0.134
119.805
132.707
125.794
4.758
0.113
116.801
134.491
128.091
5.679
0.113
116.704
137.552
120.771
5.287
0.131
118.698
137.609
116.304
4.502
0.123
117.467
135.138
118.564
7.468
0.130
119.744
132.516
125.361
7.471
0.135
114.820
134.227
120.568
4.870
0.111
127.072
129.098
117.262
5.834
0.114
125.596
141.011
119.725
7.966
0.155
116.808
135.014
120.178
6.589
0.113
123.859
130.540
118.095
6.002
0.106
118.505
143.673
127.322
6.679
0.108
118.851
135.876
120.824
5.536
0.119
120.111
132.456
119.484
6.357
0.112
118.233
134.303
124.502
6.007
0.113
116.430
134.812
121.611
5.211
0.148
117.302
136.119
117.071
8.119
0.121
125.286
135.755
123.135
5.951
0.120
115.888
136.060
119.822
4.087
0.130
118.080
137.668
118.224
7.009
0.138
116.428
137.722
121.054
4.767
0.133
117.517
140.341
130.372
5.467
0.117
120.808
141.166
118.272
5.370
0.147
120.938
136.091
118.310
4.844
0.138
116.690
142.425
120.876
5.443
0.120
121.209
131.107
117.781
5.578
0.111
120.036
134.086
119.746
4.887
0.122
120.420
140.139
125.260
6.762
0.137
122.760
134.599
118.394
5.896
0.147
120.590
137.148
117.814
4.544
0.127
117.762
139.913
121.422
5.727
0.134
119.841
136.897
119.220
4.878
0.125
125.315
138.266
122.306
4.759
0.115
123.525
141.694
116.713
5.725
0.112
121.783
137.075
118.104
7.794
0.155
121.553
132.495
117.704
6.914
0.141
121.430
135.061
119.557
48.291
0.115
120.793
132.986
115.895
5.985
0.149
118.860
133.391
118.751
8.784
0.128
120.485
136.265
117.236
5.668
0.125
121.175
136.092
121.069
5.796
0.108
124.215
136.059
118.407
5.995
0.131
119.409
134.176
124.340
5.222
0.160
116.502
133.646
118.156
5.071
0.115
125.398
142.316
121.540
4.844
0.117
157.225
135.678
120.127
5.724
0.116
118.041
137.030
118.851
4.116
0.168
119.652
140.425
121.332
5.219
0.106
116.750
133.428
121.735
5.498
0.124
127.026
136.065
118.071
7.088
0.117
131.930
140.083
116.929
6.920
0.142
115.039
137.067
118.615
7.160
0.132
126.336
132.718
120.701
7.382
0.133
120.105
137.326
115.373
6.484
0.135
117.408
137.704
123.278
6.325
0.128
123.569
138.208
121.727
8.645
0.133
121.031
136.387
118.578
6.952
0.149
118.930
133.428
119.378
5.115
0.108
120.222
140.915
125.986
4.063
0.104
130.386
143.683
101.383
9.015
0.144
124.052
158.812
121.924
4.931
0.109
122.426
128.651
117.821
5.458
0.120
119.690
139.809
122.093
4.352
0.123
122.855
134.359
123.316
6.893
0.142
163.204
133.782
127.603
5.671
0.110
119.300
133.918
120.778
3.404
0.129
117.737
134.310
118.363
6.029
0.122
122.617
135.898
118.205
5.526
0.140
125.120
138.979
119.431
3.982
0.130
115.635
141.839
119.747
4.574
0.136
120.958
137.714
121.012
4.885
0.110
118.252
141.070
121.578
3.335
0.186
120.445
133.793
117.498
6.340
0.142
120.910
134.822
119.560
6.157
0.122
121.151
135.354
119.913
6.374
0.141
123.683
133.904
116.232
3.238
0.138
117.989
140.763
123.209
7.575
0.133
120.366
135.723
116.544
7.384
0.110
121.673
137.353
117.246
6.241
0.133
124.710
141.195
123.845
5.460
0.131
122.558
132.657
127.386
5.712
0.192
121.789
135.407
118.501
5.821
0.125
119.836
134.463
115.898
6.708
0.119
116.524
138.500
115.574
4.188
0.135
121.915
133.748
125.136
5.109
0.112
118.912
135.851
116.162
5.478
0.116
119.552
134.832
119.530
5.427
0.131
121.105
137.614
118.679
5.532
0.133
119.658
141.516
126.029
4.734
0.136
120.953
142.916
117.161
5.068
0.133
119.621
131.325
122.942
2.594
0.133
121.727
138.076
121.648
3.746
0.134
121.837
139.250
125.202
7.005
0.126
119.951
137.750
118.352
5.857
0.143
123.854
138.055
123.360
8.237
0.138
159.027
139.953
125.797
5.259
0.133
126.932
138.289
117.750
5.620
0.112
119.894
141.993
125.287
8.800
0.108
121.839
139.604
126.078
5.685
0.129
118.047
133.687
125.807
7.640
0.135
123.324
137.758
124.080
5.849
0.136
121.201
137.887
120.025
6.557
0.145
119.701
137.734
121.043
6.007
0.128
123.915
138.289
116.426
6.920
0.161
119.981
140.024
117.021
5.431
0.117
118.675
133.495
121.419
5.735
0.114
119.714
139.676
116.669
4.420
0.151
127.005
137.839
118.949
8.165
0.121
121.048
145.244
120.678
6.576
0.124
130.062
135.963
100.995
7.107
0.112
122.337
157.061
118.030
4.717
0.140
124.265
132.428
120.102
5.857
0.112
118.268
133.692
127.905
6.614
0.112
125.287
142.113
116.459
7.479
0.145
118.798
132.596
120.986
3.805
0.111
126.393
130.907
114.478
5.580
0.126
120.927
139.237
120.859
3.705
0.146
121.906
131.895
116.650
6.141
0.110
120.311
139.654
126.340
121.109
6.153
0.109
124.214
130.721
122.987
5.628
0.745
119.536
132.841
115.582
4.403
0.132
123.813
136.200
116.350
5.900
0.142
125.893
131.381
116.792
3.661
0.120
120.872
138.525
124.602
5.548
0.122
160.383
132.122
116.781
6.370
117.354
0.118
126.225
135.006
115.305
2.422
0.152
121.552
132.223
122.122
6.235
0.130
116.445
138.560
119.462
6.272
0.126
119.561
136.352
117.983
6.896
0.137
126.639
139.536
121.607
4.014
0.126
120.739
135.859
119.123
6.939
0.124
117.420
137.443
118.704
7.151
0.129
121.832
137.387
120.434
6.848
0.136
118.426
138.011
115.768
4.581
0.135
121.031
137.417
126.935
5.507
0.120
120.288
143.364
117.749
4.996
0.141
119.368
138.897
114.170
6.041
0.116
117.491
140.107
129.719
5.292
0.124
124.070
136.258
119.907
3.315
0.121
126.164
137.219
120.128
4.838
0.139
129.547
133.297
129.633
5.280
0.130
119.003
139.516
118.790
7.272
0.132
167.590
142.077
118.602
6.196
0.116
118.866
135.246
126.761
4.541
0.126
119.612
135.475
122.874
4.247
0.135
166.473
133.622
123.950
7.105
0.113
120.624
139.036
120.237
5.757
0.111
119.194
139.787
119.473
5.045
0.124
121.969
132.189
118.480
6.055
0.109
115.075
134.576
123.008
5.103
0.140
164.340
141.223
116.704
5.724
0.144
127.131
137.824
118.601
6.299
0.176
119.572
134.050
116.613
6.145
0.109
119.665
145.074
121.036
4.333
0.121
119.685
137.177
120.518
7.170
0.127
120.776
132.334
123.933
5.530
0.136
122.239
133.308
117.741
5.524
0.130
119.664
136.544
120.392
5.269
0.123
126.357
138.276
122.475
6.440
0.141
118.028
140.768
118.039
5.393
0.135
118.804
140.017
122.891
5.449
0.122
118.528
132.212
121.915
5.610
0.127
119.907
138.220
121.346
2.987
0.110
116.725
132.399
124.466
5.740
0.117
121.835
141.927
119.695
7.233
0.134
118.251
139.607
123.375
5.860
0.147
118.292
136.777
123.239
5.933
0.121
119.333
142.281
124.379
6.444
0.141
130.965
136.110
98.612
6.558
0.151
122.694
149.692
123.064
5.811
0.101
124.575
133.055
118.871
7.261
0.108
118.983
137.083
117.837
5.774
121.613
0.118
120.171
132.981
117.421
7.401
0.125
125.647
175.092
119.725
3.889
0.100
161.671
134.327
123.596
6.647
0.149
130.445
137.800
116.225
6.592
0.165
120.793
144.236
119.251
6.450
0.129
164.682
132.723
118.905
5.212
0.112
121.729
142.855
122.119
4.599
0.135
130.802
134.439
101.346
7.854
0.137
118.962
139.818
122.999
5.679
0.114
119.051
140.659
119.503
8.043
0.131
128.620
135.836
115.849
6.666
0.119
121.148
139.429
117.871
5.168
0.142
122.833
140.818
119.962
6.639
0.115
124.585
133.180
122.670
7.009
0.126
160.063
137.507
118.112
6.619
0.118
119.966
133.273
124.941
8.242
0.116
121.828
138.975
123.735
5.204
0.104
121.160
142.600
122.514
4.223
0.136
117.335
143.474
118.461
4.499
0.126
119.312
147.274
119.447
4.613
0.129
118.755
132.852
122.316
3.427
0.123
122.691
134.152
116.608
6.180
0.135
121.120
165.382
122.099
5.481
0.118
119.696
138.807
123.718
4.809
0.126
117.690
173.222
122.923
5.684
0.146
125.996
139.506
117.094
6.563
0.139
121.532
133.547
122.637
4.890
0.110
124.581
138.534
121.510
3.333
0.145
122.679
132.302
122.556
7.062
0.124
161.000
141.406
119.501
6.545
0.157
121.086
134.220
124.165
5.788
0.144
117.983
141.014
117.780
5.765
0.143
128.951
133.088
123.869
6.248
0.124
162.807
142.398
117.571
5.989
0.107
122.266
140.231
125.329
5.603
0.121
125.146
136.805
114.671
4.630
0.117
121.969
140.396
118.273
5.369
0.109
119.445
133.754
124.313
6.473
0.115
160.933
139.186
118.028
5.264
0.120
117.595
133.374
122.534
7.742
0.134
161.497
139.834
117.039
6.774
0.127
123.590
137.087
123.831
5.174
0.148
120.758
140.479
118.002
7.623
0.118
118.711
136.189
117.307
4.620
0.140
122.810
134.214
125.572
5.410
0.129
117.060
140.089
120.250
6.297
0.137
124.771
132.870
122.245
6.857
0.135
157.433
137.998
123.189
6.157
0.135
121.051
173.920
122.518
5.597
0.107
121.731
141.046
121.215
5.063
0.131
171.165
135.801
94.940
6.795
0.125
120.148
147.378
117.333
6.373
0.126
117.116
130.694
124.585
6.236
0.128
121.477
136.194
119.059
6.328
0.125
125.228
138.654
123.980
5.186
119.358
0.139
125.070
176.952
124.423
5.926
0.127
124.997
138.885
127.144
5.913
0.126
169.152
138.914
117.939
7.282
0.109
118.773
178.926
125.699
6.153
0.127
119.871
138.277
128.421
4.842
0.139
159.195
138.319
117.743
7.043
0.129
118.118
131.949
117.232
7.921
0.105
119.631
137.251
123.699
1.932
0.129
121.612
181.397
124.863
4.790
0.113
121.013
142.317
126.096
5.618
159.851
0.111
120.762
130.527
119.542
6.166
0.128
120.255
134.316
125.579
6.142
0.133
164.019
132.618
122.337
4.256
0.132
128.350
138.071
120.050
7.574
0.125
116.978
143.648
117.896
6.859
0.101
166.728
139.770
118.577
6.623
0.146
123.653
138.377
121.688
4.208
0.118
128.203
137.474
121.588
4.202
0.133
122.412
139.079
122.195
6.481
0.139
128.800
142.620
119.518
5.541
0.161
123.776
136.427
126.628
6.311
161.430
0.132
124.191
174.145
121.836
5.260
0.150
119.902
143.695
127.181
5.554
0.134
158.985
137.938
124.549
7.192
0.832
121.153
138.289
119.945
6.320
0.111
123.750
136.142
123.332
6.309
120.782
0.108
119.141
174.517
120.944
4.926
123.782
0.120
118.205
136.704
116.728
6.007
0.135
119.371
139.184
123.353
6.330
121.343
0.128
128.926
132.892
96.252
124.724
5.410
0.147
162.034
143.265
121.020
6.551
0.149
119.442
141.542
119.114
6.552
0.135
123.803
146.362
122.924
4.457
128.089
0.100
124.251
136.148
124.623
5.426
0.136
122.838
174.997
123.208
5.762
0.131
124.516
170.646
124.221
2.330
0.160
147.766
135.212
171.246
6.565
124.838
0.114
105.942
133.996
98.801
7.255
120.912
0.132
124.862
159.419
124.636
167.680
6.653
115.570
0.132
99.675
132.714
117.602
6.255
0.746
118.383
135.480
164.493
8.248
0.133
121.045
142.972
124.217
5.847
135.992
0.128
168.129
110.292
145.299
118.556
5.216
0.191
96.560
145.329
120.682
4.416
0.104
159.395
137.572
159.305
6.009
0.141
124.479
151.052
125.890
7.627
125.117
0.122
124.664
128.821
163.707
4.862
0.143
124.051
150.446
121.082
6.958
127.229
0.126
123.590
133.613
122.600
6.752
160.349
0.135
129.005
175.069
94.401
3.156
126.470
0.137
122.624
140.393
139.425
163.011
6.535
0.174
168.398
132.442
97.497
7.549
0.124
121.653
159.622
122.241
120.791
6.248
0.133
119.319
129.617
126.616
4.167
0.148
130.319
179.814
97.740
9.091
130.372
0.126
132.926
145.646
125.908
7.135
0.152
120.282
158.914
123.293
5.817
0.110
126.089
181.638
122.861
5.981
0.134
132.704
129.717
110.827
123.931
130.131
6.340
0.165
125.407
120.996
95.203
114.480
7.873
0.141
165.537
128.444
155.668
122.945
6.958
0.161
128.482
129.338
117.191
118.890
5.280
0.162
116.997
140.760
128.088
165.722
2.185
0.135
120.053
143.054
123.948
6.078
121.616
0.106
135.228
138.752
142.655
124.188
8.659
0.173
107.103
122.210
99.882
119.257
8.329
0.150
116.252
144.996
117.402
122.087
7.755
0.138
170.356
138.698
106.486
7.007
0.135
118.493
123.444
130.346
6.704
129.829
0.110
99.404
113.957
167.901
4.125
0.175
124.241
145.051
125.224
5.502
127.213
0.107
126.129
142.689
127.396
129.005
8.933
0.141
96.631
178.858
116.261
119.883
6.442
0.151
127.511
135.601
102.715
5.090
0.157
113.840
202.021
140.060
99.738
4.828
0.108
133.665
140.411
117.044
114.351
6.332
0.136
157.154
162.319
130.302
5.959
105.424
0.124
98.812
136.793
122.560
7.801
131.038
0.142
119.412
123.658
126.590
3.229
0.143
123.242
130.393
129.147
6.165
0.139
124.285
166.334
127.716
6.339
0.132
127.224
132.835
121.083
128.144
6.921
112.240
0.142
99.640
119.378
121.230
117.072
7.313
0.140
104.474
140.386
97.118
121.053
6.328
0.168
119.287
126.059
137.407
5.760
123.260
0.133
123.651
154.408
128.921
121.137
4.235
0.133
101.244
178.140
122.657
3.381
0.165
120.342
178.518
128.029
128.654
5.818
0.142
120.473
130.686
135.944
139.427
7.183
0.120
104.737
132.177
98.515
7.504
0.174
156.446
142.126
132.480
102.525
6.005
133.539
0.141
107.004
115.961
99.219
5.582
126.403
0.137
116.090
121.857
115.758
162.206
3.905
0.743
128.278
141.241
103.231
125.313
7.609
0.144
125.520
126.535
97.173
6.409
0.148
121.947
152.137
123.787
6.595
117.459
0.099
130.012
132.417
167.143
5.963
164.546
0.118
127.326
182.990
96.155
6.972
0.136
121.152
151.452
140.379
121.392
6.436
129.989
0.150
38.908
488.780
183.254
2.827
0.070
58.834
83.411
108.179
100.583
107.453
117.095
113.454
5.494
0.162
113.826
126.088
135.296
120.582
4.654
0.135
121.554
164.630
119.901
4.136
0.104
117.833
150.701
121.977
4.078
0.109
118.431
145.669
118.909
4.230
0.133
117.927
139.274
120.976
5.706
0.108
120.468
133.966
118.063
4.654
0.114
117.693
148.769
121.433
6.254
0.111
120.621
146.510
118.050
6.232
0.133
118.851
135.592
118.818
7.734
0.117
124.350
143.384
126.231
6.532
0.137
125.274
137.704
121.834
6.831
0.127
120.206
138.252
125.284
6.753
0.118
120.775
141.581
114.946
5.533
0.123
125.444
151.525
119.864
6.788
0.127
119.365
143.115
124.640
5.775
0.097
123.008
42.136
532.584
219.701
1.940
0.082
38.383
12.484
1.712
0.068
346.701
433.495
123.515
1.741
189.335
0.072
93.708
37.329
26.800
36.692
46.051
55.140
55.146
3.611
0.129
49.935
62.679
69.654
96.096
