5.939
3.456
0.941
0.012
63.637
73.124
69.233
74.182
93.540
74.282
104.644
47.671
55.495
75.743
71.767
73.503
68.629
86.886
91.186
35.328
21.658
34.030
38.562
160.024
148.968
119.610
188.883
67.114
45.576
42.141
53.742
59.424
60.136
67.760
71.661
79.250
87.793
93.830
95.837
94.034
5.992
0.230
95.605
106.425
116.853
112.453
108.503
97.259
120.447
137.049
107.884
107.811
115.004
111.554
116.265
111.304
84.004
5.542
0.282
105.346
87.308
137.685
140.870
187.918
95.562
159.901
134.676
126.849
85.677
95.525
112.346
129.263
83.884
7.070
0.335
85.408
104.261
103.151
139.445
101.885
108.857
5.623
0.188
145.119
123.028
152.977
101.035
6.667
126.955
0.220
96.391
127.702
145.502
167.044
125.638
3.775
129.544
0.189
131.809
125.988
115.683
118.742
40.980
14.209
2.017
0.075
483.385
194.739
62.575
7.328
0.102
81.870
93.000
105.687
118.139
119.310
5.897
0.189
119.308
134.759
122.716
125.713
4.428
0.167
127.408
143.737
122.066
2.462
0.152
123.066
138.326
119.514
5.920
0.145
121.727
140.093
121.007
5.448
0.124
128.032
176.488
125.054
4.354
0.150
125.261
146.748
163.228
6.553
129.259
0.137
129.092
143.219
168.782
3.381
0.188
124.708
127.477
124.845
5.193
102.599
0.159
142.563
140.655
41.124
8.620
1.742
0.072
36.448
13.854
1.643
0.085
482.849
187.342
60.712
3.564
0.092
79.456
94.599
118.749
116.280
118.182
3.087
0.160
117.088
137.306
120.516
2.578
0.125
120.719
126.856
117.391
2.423
0.145
117.441
134.299
118.315
2.787
0.129
118.155
130.786
115.647
2.366
0.115
116.659
128.787
118.447
2.216
0.119
119.474
132.260
118.405
2.230
0.144
121.406
131.648
116.646
2.459
0.122
128.826
133.581
118.495
2.332
0.123
120.527
129.938
118.291
2.273
0.131
117.600
129.150
116.761
2.301
0.113
116.374
128.430
114.961
2.489
0.114
118.336
128.915
116.463
2.497
0.119
116.329
131.353
116.476
2.896
0.127
116.416
130.048
117.801
2.901
0.120
115.650
132.238
117.661
2.499
0.114
116.451
130.708
118.452
2.457
0.134
117.555
128.775
115.521
2.459
0.132
117.128
133.943
119.080
2.613
0.115
115.599
129.622
115.692
2.928
0.122
116.138
128.540
116.924
3.357
0.108
118.504
134.197
118.535
2.734
0.124
117.595
129.076
117.578
2.560
0.119
115.648
132.179
116.258
2.904
0.124
116.435
131.693
115.919
2.825
0.120
117.314
130.665
116.299
2.765
0.122
117.013
130.799
116.215
2.843
0.121
115.740
129.761
115.933
2.892
0.116
121.003
130.886
115.950
2.939
0.112
120.142
131.050
115.499
2.924
0.124
117.236
128.537
116.543
3.127
0.120
120.423
129.438
115.815
3.147
0.120
117.593
132.310
114.889
2.951
0.116
117.186
130.498
115.434
2.880
0.126
116.956
131.374
106.810
2.576
0.113
105.957
121.024
108.728
2.666
0.112
107.637
131.322
118.518
3.061
0.123
117.818
129.931
118.347
3.043
0.122
118.614
136.768
116.794
2.965
0.133
116.745
132.041
121.340
3.107
0.131
121.533
128.769
115.967
3.075
0.147
119.756
135.686
114.136
3.638
0.107
117.521
130.005
115.962
3.290
0.120
116.707
133.860
116.374
3.525
0.110
119.174
136.246
114.724
3.870
0.128
117.271
133.337
116.833
3.596
0.196
116.814
130.120
117.666
3.132
0.120
118.949
131.306
119.470
3.059
0.128
115.355
145.849
126.803
3.377
0.132
128.421
135.529
117.123
3.173
0.143
119.002
128.363
115.652
3.013
0.116
122.673
133.076
116.987
3.261
0.121
116.267
132.041
115.791
3.382
0.116
119.268
129.263
116.391
3.210
0.125
117.527
130.287
119.434
3.966
0.132
116.254
132.719
117.098
4.089
0.124
117.786
131.742
116.779
3.378
0.116
119.038
131.035
117.726
3.435
0.113
116.177
132.186
118.143
3.376
0.108
115.853
130.802
118.702
3.462
0.112
115.487
134.559
117.813
4.112
0.113
116.636
129.820
118.550
4.168
0.137
116.466
132.424
121.279
3.623
0.129
117.706
130.779
118.678
3.585
0.116
120.141
132.069
120.422
3.771
0.114
115.873
132.371
116.126
3.445
0.130
115.798
133.311
116.412
4.238
0.120
116.234
133.379
116.951
3.003
0.124
119.318
128.636
120.312
3.737
0.129
120.497
129.808
118.914
3.795
0.131
115.118
131.329
119.230
4.451
0.135
115.909
133.264
115.903
4.082
0.125
115.618
129.551
116.020
3.443
0.128
116.722
131.741
119.425
3.884
0.127
119.532
129.067
114.694
3.632
0.135
115.579
132.317
115.990
3.391
0.132
118.407
130.333
116.086
3.517
0.140
115.373
132.316
118.809
3.635
0.118
119.312
131.099
116.190
3.760
0.131
117.716
130.408
115.266
4.025
0.113
119.419
132.911
118.122
3.717
0.116
119.999
129.977
120.710
3.516
0.137
118.045
130.120
116.825
4.578
0.123
117.610
134.877
117.444
3.598
0.128
119.738
130.438
117.862
3.564
0.118
118.274
133.711
118.528
4.166
0.126
116.883
134.615
115.451
4.577
0.117
117.890
130.164
118.201
3.947
0.137
114.871
132.159
116.477
4.030
0.110
115.684
132.507
119.069
4.905
0.120
114.298
131.028
119.196
3.405
0.140
116.625
132.156
116.241
3.637
0.124
117.393
132.807
117.230
4.904
0.111
119.463
130.098
118.980
4.665
0.126
117.768
128.950
115.317
3.721
0.104
116.687
133.049
117.787
4.176
0.134
121.672
133.381
117.290
4.553
0.101
114.375
129.690
117.162
3.463
0.114
118.527
132.250
114.827
4.146
0.101
116.052
129.158
116.198
3.702
0.107
120.589
131.848
114.739
3.860
0.104
119.315
133.226
120.275
4.150
0.102
118.907
130.585
117.582
5.032
0.101
115.759
128.021
120.405
3.995
0.101
119.077
134.581
119.589
3.972
0.096
117.948
128.951
117.013
4.734
0.105
121.157
131.265
114.807
4.162
0.108
115.747
135.716
119.019
4.115
0.113
122.729
129.080
116.511
4.013
0.096
123.389
131.130
117.229
3.664
0.102
115.295
140.669
120.013
4.424
0.106
114.815
133.737
116.672
4.056
0.103
116.473
132.115
118.469
4.561
0.097
120.282
130.932
116.171
4.277
0.102
116.748
130.716
116.714
4.619
0.098
116.079
128.411
116.456
4.703
0.104
116.835
131.264
116.850
4.718
0.112
117.229
130.411
113.968
4.167
0.101
116.211
130.096
115.257
4.103
0.104
117.912
131.892
112.946
4.216
0.107
116.927
133.917
124.273
6.075
0.094
115.330
133.313
118.078
4.643
0.108
116.870
135.409
118.887
4.983
0.099
118.941
129.758
118.040
4.654
0.096
115.414
133.542
114.970
5.319
0.097
119.262
129.201
115.647
3.777
0.106
117.583
136.090
113.325
4.042
0.120
115.773
127.274
116.448
4.644
0.101
116.557
134.456
118.701
4.818
0.095
117.528
130.795
116.314
4.864
0.102
119.639
131.067
115.149
4.006
0.103
115.653
134.114
115.895
5.099
0.100
114.513
133.026
115.749
4.861
0.111
114.307
129.474
117.085
5.099
0.102
115.924
134.846
117.419
3.905
0.112
119.381
127.854
115.613
3.576
0.105
116.068
130.340
119.668
4.222
0.125
121.353
135.204
117.246
4.501
0.123
116.347
132.818
115.996
4.352
0.109
119.693
132.734
113.700
5.073
0.104
116.013
132.394
114.010
4.848
0.116
115.304
136.549
118.480
4.780
0.099
118.276
136.366
117.905
5.155
0.103
115.440
132.067
117.973
5.015
0.097
115.343
131.058
119.125
4.230
0.099
120.209
138.469
116.748
4.914
0.106
114.729
131.208
115.578
5.207
0.117
121.198
129.600
115.510
4.947
0.104
115.036
133.669
115.252
5.181
0.099
115.319
134.877
117.572
5.045
0.109
118.891
134.151
115.037
5.090
0.108
116.016
132.415
119.260
4.819
0.103
119.367
129.189
120.010
4.220
0.105
118.973
133.321
119.296
6.667
0.113
120.990
130.413
116.360
4.420
0.101
117.921
136.613
117.907
5.178
0.099
117.760
132.160
114.428
4.965
0.109
116.988
132.059
117.522
4.548
0.117
116.933
134.945
118.395
4.305
0.106
119.722
131.643
118.241
5.068
0.137
115.970
134.428
122.923
5.667
0.095
115.288
135.564
116.100
4.254
0.125
116.576
140.626
118.079
5.406
0.098
120.097
135.231
115.327
5.975
0.107
116.311
130.938
117.993
5.813
0.102
114.238
134.521
116.743
5.509
0.104
114.771
133.300
115.663
6.159
0.130
117.709
132.793
115.949
5.285
0.122
122.949
134.536
118.136
4.393
0.133
119.285
131.505
121.587
5.560
0.103
122.864
133.660
118.220
4.838
0.119
118.471
133.593
119.253
5.982
0.110
119.005
132.775
117.041
5.929
0.112
117.645
134.603
113.666
8.145
0.101
114.233
130.158
114.422
4.847
0.113
118.318
133.404
113.312
5.320
0.096
120.945
133.713
120.643
6.288
0.108
121.672
138.656
120.281
5.706
0.114
116.216
131.210
115.791
4.594
0.096
116.943
137.088
116.356
4.040
0.095
115.583
128.240
120.522
5.026
0.098
116.630
134.859
116.012
4.804
0.094
123.500
129.792
117.993
4.783
0.106
113.587
130.924
115.913
5.084
0.104
118.982
136.351
117.247
5.097
0.112
116.594
134.674
113.594
5.353
0.105
113.018
135.294
119.411
5.365
0.138
119.750
132.502
122.078
4.988
0.099
117.121
127.611
121.358
5.673
0.117
118.953
136.135
115.766
4.783
0.104
114.476
132.094
116.757
6.423
0.112
120.149
132.219
117.637
6.259
0.104
117.800
129.969
120.219
5.780
0.124
123.947
133.511
114.510
5.674
0.123
118.041
134.768
121.188
6.510
0.108
119.090
135.088
118.571
4.923
0.122
120.374
134.014
118.612
5.030
0.127
114.318
137.684
116.027
5.170
0.124
117.310
132.162
117.798
6.442
0.107
120.441
137.995
114.593
4.838
0.103
116.410
134.372
119.341
6.496
0.109
117.807
132.270
115.594
6.102
0.135
117.481
131.999
114.142
5.075
0.118
123.291
133.946
117.222
5.077
0.121
117.712
136.342
123.372
5.687
0.106
118.224
130.875
117.764
3.938
0.100
116.624
131.378
118.370
6.407
0.102
116.847
133.536
115.219
6.748
0.115
120.650
133.867
118.973
5.753
0.112
124.233
137.344
119.292
5.653
0.099
114.857
137.050
116.350
4.976
0.104
114.497
134.441
122.612
3.733
0.123
118.383
132.329
119.502
4.646
0.102
117.211
137.295
115.541
5.983
0.102
115.382
132.672
116.490
6.173
0.101
114.276
136.542
120.601
5.428
0.107
116.695
138.618
120.095
6.329
0.121
114.918
137.513
115.672
5.442
0.097
120.751
131.624
115.144
6.025
0.103
115.724
136.853
116.029
6.988
0.134
117.617
134.805
116.921
5.110
0.110
117.866
132.728
113.543
4.093
0.112
119.383
133.673
117.635
4.372
0.103
121.240
134.257
116.721
5.889
0.099
117.909
132.995
117.043
5.533
0.119
118.073
132.050
117.356
3.546
0.769
120.654
138.882
118.702
4.555
0.103
118.041
133.947
116.764
6.106
0.111
123.599
131.249
124.055
6.125
0.113
116.683
137.383
116.620
5.035
0.102
116.983
137.813
117.631
5.388
0.128
116.315
129.895
114.388
6.258
0.118
116.070
131.560
117.965
4.830
0.097
121.322
132.970
115.385
6.085
0.125
121.094
137.107
116.528
4.960
0.114
121.803
138.902
121.824
5.993
0.116
117.500
132.642
115.405
5.603
0.128
118.623
145.295
115.619
6.090
0.102
117.534
134.849
119.245
5.973
0.134
114.748
136.742
116.483
6.661
0.117
117.566
136.430
120.061
4.810
0.121
115.683
134.078
115.942
5.943
0.149
119.277
134.872
117.938
6.559
0.098
115.150
133.765
114.673
6.731
0.119
122.834
135.528
120.532
6.679
0.135
118.362
131.788
117.517
5.194
0.110
117.003
134.472
114.167
5.185
0.114
119.228
130.524
117.448
6.157
0.104
114.774
139.408
123.127
5.532
0.128
115.947
139.466
116.720
5.414
0.107
124.383
134.473
124.105
5.099
0.120
123.343
137.265
116.076
5.235
0.116
121.566
132.040
116.608
5.200
0.104
119.618
133.196
116.018
4.650
0.107
122.704
136.395
114.076
6.031
0.097
123.573
132.997
114.739
5.588
0.104
118.629
131.609
114.569
7.129
0.118
117.199
134.790
115.589
3.727
0.107
116.210
132.167
120.075
6.141
0.108
114.732
138.165
118.083
7.381
0.114
124.755
134.102
122.170
6.557
0.131
117.659
133.130
119.959
5.709
0.094
118.535
133.585
116.599
3.857
0.109
123.433
132.786
118.551
5.182
0.114
119.861
136.213
120.934
5.551
0.133
116.152
134.423
117.435
6.371
0.115
118.453
130.373
114.531
6.880
0.120
115.997
137.568
118.807
6.299
0.125
117.238
135.791
115.351
3.468
0.112
117.786
130.389
117.236
5.472
0.136
122.486
130.596
118.747
4.480
0.114
115.737
139.734
120.578
6.852
0.120
116.414
136.706
113.575
7.460
0.123
117.056
136.885
116.848
6.633
0.117
118.783
131.861
116.476
6.013
0.124
120.314
129.152
121.671
4.899
0.125
125.168
135.978
118.759
3.944
0.144
120.089
135.210
117.052
6.653
0.117
122.539
130.278
120.034
7.109
0.119
121.773
134.022
120.583
6.862
0.120
122.955
134.888
116.887
5.692
0.135
122.466
134.977
119.251
5.753
0.104
120.796
139.616
126.422
6.336
0.130
117.036
134.656
119.838
5.848
0.105
116.638
137.519
126.552
3.519
0.115
119.298
131.332
115.494
5.582
0.104
118.717
132.948
120.533
6.182
0.123
120.716
138.070
117.099
5.998
0.141
118.356
129.682
117.268
5.557
0.116
118.420
134.252
121.890
5.275
0.136
120.137
131.606
118.705
4.661
0.132
124.315
133.449
114.880
5.354
0.135
120.940
142.266
125.942
5.169
0.131
120.775
131.831
118.262
5.534
0.151
117.630
137.049
117.881
6.873
0.121
118.615
133.621
117.047
5.673
0.123
121.060
130.080
124.489
3.741
0.104
122.050
134.361
115.258
6.404
0.142
123.121
139.553
117.994
7.179
0.145
118.594
133.160
125.910
4.819
0.120
114.139
135.449
118.608
4.810
0.130
114.625
129.927
115.648
6.563
0.120
119.414
139.414
119.735
7.490
0.134
122.255
129.576
120.748
6.728
0.130
117.292
132.936
117.509
6.263
0.124
118.881
137.919
125.810
7.224
0.104
120.542
130.818
116.717
6.912
0.134
122.101
134.969
120.922
3.781
0.164
119.943
138.567
119.454
5.627
0.133
125.771
139.468
118.192
7.132
0.134
120.825
133.550
115.064
7.429
0.134
118.199
134.208
115.239
5.096
0.136
117.606
132.793
119.047
7.165
0.117
118.802
132.286
119.424
5.134
0.115
118.635
133.502
116.600
5.777
0.120
120.543
137.258
121.149
3.683
0.127
118.892
140.929
118.135
4.661
0.126
120.629
139.637
122.000
5.510
0.126
121.847
138.872
116.258
5.222
0.127
125.954
134.664
118.625
7.785
0.109
123.839
132.776
115.322
7.808
0.131
118.251
134.088
113.598
5.127
0.160
116.386
133.951
123.401
7.125
0.118
120.336
138.774
116.803
5.627
0.134
119.898
134.816
120.853
5.137
0.142
118.389
137.257
115.760
4.467
0.106
119.651
133.573
118.705
5.250
0.115
121.222
132.383
119.214
6.051
0.120
118.817
133.207
113.676
5.894
0.126
116.758
133.013
121.502
4.810
0.124
116.047
131.893
116.251
4.958
0.141
125.056
138.552
119.629
5.583
0.120
119.475
133.010
120.974
5.264
0.113
120.906
138.729
117.654
5.525
0.138
114.726
135.408
118.657
4.752
0.484
123.690
133.299
122.503
5.159
0.125
115.519
139.764
120.880
5.070
0.129
122.425
138.653
118.505
4.969
0.116
115.164
137.051
118.381
4.344
0.119
120.326
138.050
116.870
6.340
0.115
116.106
134.082
120.928
6.299
0.113
122.660
131.022
118.023
5.830
0.143
122.495
137.968
123.124
5.034
0.115
119.225
137.830
117.292
6.462
0.140
117.991
134.403
121.722
5.104
0.109
124.724
138.626
118.642
3.338
0.124
114.732
132.911
115.816
7.512
0.132
160.630
138.915
120.504
4.997
0.138
122.648
136.547
124.416
6.159
0.127
114.970
134.436
117.480
6.620
0.106
161.803
134.339
120.844
5.158
0.137
123.358
136.564
117.130
4.733
0.104
122.026
137.798
120.816
5.593
0.127
122.295
135.145
119.618
5.630
0.147
121.618
137.584
112.989
7.429
0.131
118.729
132.915
116.776
7.673
0.122
118.713
136.446
120.590
4.914
0.105
123.609
132.194
122.809
6.737
0.124
119.727
131.627
119.547
5.141
0.133
120.028
135.725
121.616
6.029
0.160
119.422
128.855
120.364
5.577
0.136
116.903
135.789
118.901
5.260
0.124
139.829
136.306
119.103
5.722
0.134
122.984
134.104
118.004
6.461
0.131
124.883
137.730
113.022
5.413
0.128
116.975
133.528
121.348
3.954
0.139
123.876
136.667
116.954
5.168
0.125
120.585
131.881
121.755
4.749
0.125
119.913
137.516
119.092
5.967
0.138
120.768
130.536
118.787
4.617
0.136
119.417
137.912
116.117
5.615
0.126
123.026
136.860
119.901
5.609
0.151
122.961
134.364
114.206
4.706
0.142
119.814
135.395
116.341
4.540
0.123
121.753
140.317
124.565
7.235
0.114
122.970
136.621
117.012
7.227
0.158
119.616
136.908
115.337
5.132
0.133
119.080
133.810
117.484
5.574
0.137
115.836
134.070
116.903
6.472
0.120
158.756
134.592
119.998
3.974
0.133
120.852
140.764
120.618
6.081
0.121
121.540
138.465
119.859
7.900
0.148
121.531
135.586
124.438
7.328
0.104
115.944
137.771
118.731
5.282
0.109
121.660
135.787
114.487
5.505
0.132
120.430
138.474
116.811
5.902
0.126
121.760
134.167
115.384
6.429
0.138
121.555
134.908
118.300
4.337
0.104
118.968
136.269
124.688
5.495
0.122
126.413
135.863
117.375
5.397
0.130
116.880
136.840
122.770
4.893
0.130
122.456
136.344
118.879
5.348
0.101
124.379
132.902
122.116
4.098
0.125
119.477
133.405
118.731
5.686
0.123
123.671
139.450
120.581
5.543
0.113
117.326
138.525
122.455
4.235
0.168
120.496
141.057
121.101
5.388
0.135
125.315
133.818
118.137
6.462
0.122
118.245
140.067
118.629
5.484
0.665
126.813
137.733
118.486
7.338
0.134
119.153
139.233
116.693
5.178
0.137
120.663
139.659
116.747
4.169
0.141
123.915
137.112
120.570
6.067
0.135
117.051
139.385
117.510
3.920
0.125
118.491
134.875
119.473
5.417
0.147
164.326
133.229
120.047
3.074
0.138
119.352
130.956
120.227
6.671
0.113
120.220
136.097
116.272
7.427
0.137
163.130
131.571
116.780
5.809
0.129
117.780
134.825
116.004
7.112
0.122
122.247
134.716
120.258
6.417
0.140
118.513
136.772
118.631
6.162
0.119
114.892
133.779
123.742
4.677
0.110
118.336
143.182
119.831
4.936
0.136
128.066
139.952
124.152
6.047
0.137
117.409
134.672
119.188
5.019
0.133
122.564
132.120
117.069
4.941
0.126
123.031
134.807
120.443
5.837
0.135
121.012
139.010
118.459
4.819
0.109
116.228
136.066
123.176
7.666
0.119
160.908
133.340
116.432
5.366
0.148
120.996
135.278
120.359
5.608
0.126
125.431
135.068
121.706
6.276
0.133
124.038
134.940
116.601
5.892
0.155
163.175
136.921
118.990
4.620
0.124
118.791
134.420
116.957
4.185
0.128
124.349
138.550
121.565
5.386
0.138
126.434
132.228
101.454
4.727
0.124
122.920
171.512
121.285
6.119
0.126
119.278
125.296
114.327
5.190
0.135
124.446
131.163
117.867
6.484
0.109
116.600
134.278
122.931
5.221
0.716
124.609
134.571
120.367
4.216
0.133
117.871
137.015
117.033
6.857
0.136
120.996
139.148
116.623
7.380
0.124
115.800
135.185
127.083
6.071
0.120
124.845
135.681
120.634
5.290
0.130
120.590
130.083
116.087
7.721
0.107
115.426
137.296
119.863
6.701
0.137
120.667
135.216
122.712
5.468
0.128
126.163
133.889
117.143
5.569
0.147
157.280
133.859
120.411
6.775
0.134
119.898
137.812
118.377
7.178
0.133
123.867
139.185
116.396
4.135
0.131
124.382
131.435
121.712
6.741
0.111
119.140
136.813
115.208
4.939
123.451
0.138
124.670
137.074
115.714
7.321
0.153
120.840
135.950
122.022
6.500
0.116
121.835
129.836
121.389
5.273
0.139
127.274
179.620
117.082
6.324
0.119
157.878
127.992
119.466
7.327
0.143
116.840
134.545
123.704
6.222
0.115
121.940
172.952
118.599
2.925
0.143
161.408
139.160
124.836
3.898
0.129
119.163
139.318
120.934
6.793
0.132
124.483
175.151
114.818
6.884
0.138
121.337
145.903
124.897
6.228
0.131
122.629
134.177
122.875
5.071
0.125
159.592
134.642
115.686
4.273
0.119
116.644
138.877
120.760
4.822
0.102
126.023
178.599
121.071
5.344
0.134
156.574
134.503
126.068
6.383
0.125
121.248
134.923
117.534
5.444
0.113
119.416
137.507
118.461
4.721
0.104
121.353
136.392
123.265
4.956
0.110
121.826
131.876
117.692
7.727
0.152
120.105
142.973
153.054
6.505
0.109
117.513
136.201
115.069
6.658
0.137
121.722
138.117
127.438
6.218
0.133
119.073
173.394
117.504
3.925
0.124
160.727
129.316
118.095
7.438
0.124
116.256
139.950
119.670
6.074
0.180
122.720
144.229
119.323
5.824
120.408
0.131
122.595
127.187
114.395
3.755
0.150
118.961
132.919
117.770
4.150
0.109
119.723
136.278
119.210
4.565
0.144
121.606
134.904
121.746
2.960
0.113
122.361
139.169
122.318
5.043
0.122
117.015
141.165
122.389
6.005
0.126
122.536
136.179
120.645
5.787
0.137
164.918
136.918
121.617
5.730
0.118
118.673
130.827
125.266
7.331
0.118
122.559
130.537
124.161
4.858
0.126
122.712
178.077
117.958
5.515
0.123
117.940
148.921
122.731
6.450
0.125
100.541
176.381
116.963
5.015
0.147
121.613
130.452
120.707
5.380
0.136
120.253
139.971
119.737
7.235
0.145
159.386
142.561
119.426
6.478
0.141
123.117
139.002
122.841
6.363
119.763
0.090
125.546
170.701
117.842
2.807
0.110
115.228
145.420
120.346
5.861
0.112
122.502
134.911
123.341
5.666
0.127
122.879
138.324
120.417
6.829
0.133
121.425
140.667
125.401
6.055
0.141
117.926
137.094
123.094
5.764
0.131
160.438
144.582
119.230
5.962
0.110
97.742
132.931
114.749
5.907
0.136
116.440
141.148
122.278
5.787
118.554
0.136
119.937
138.696
123.541
6.393
0.135
123.470
170.832
124.968
4.655
0.145
123.076
137.901
118.486
5.602
121.804
0.114
120.467
129.444
115.288
3.099
0.144
159.310
146.175
122.183
4.593
0.139
116.072
178.047
127.405
5.439
116.976
0.130
132.126
173.147
100.914
124.358
6.876
114.046
0.128
160.238
133.617
145.992
119.346
5.547
0.163
159.911
134.655
119.762
5.754
0.128
120.289
182.590
129.252
4.002
121.690
0.108
104.570
133.665
103.523
4.775
0.143
123.181
118.224
97.360
8.253
0.166
157.735
154.303
135.993
118.820
5.947
0.139
162.455
140.547
124.227
6.652
0.130
128.391
171.087
103.195
3.747
120.653
0.155
118.168
146.983
172.724
113.662
122.432
5.838
0.326
123.452
134.841
107.625
117.452
4.138
0.172
118.609
144.463
125.071
121.171
4.807
127.022
0.121
126.410
146.597
114.711
7.157
0.151
166.746
141.460
119.613
3.768
0.149
125.856
130.762
120.146
3.203
0.139
122.881
184.349
121.310
6.047
122.317
0.139
124.189
175.336
121.670
3.969
0.160
121.989
131.555
134.364
119.141
99.313
9.201
0.131
118.190
166.604
118.661
3.205
0.137
119.354
148.682
121.887
127.726
5.856
0.100
118.515
166.793
128.062
4.755
0.156
122.095
129.152
137.199
124.342
4.882
0.140
125.418
142.399
118.855
4.950
0.131
122.104
186.987
150.020
123.165
4.452
0.131
120.628
143.175
139.661
120.985
118.009
7.304
0.147
159.310
149.628
114.859
3.985
0.129
120.881
146.309
135.363
120.135
4.932
0.132
119.164
194.279
129.489
4.785
0.113
120.059
141.226
158.498
5.369
0.134
119.251
153.903
133.211
120.462
7.458
120.474
0.120
122.939
145.138
157.381
2.802
117.018
0.159
122.981
150.423
122.611
162.593
4.574
0.144
129.528
142.852
114.172
118.868
5.907
97.607
0.160
165.218
149.925
159.044
125.445
115.758
7.419
0.142
96.743
134.565
137.626
128.989
4.913
118.304
0.151
128.500
168.838
118.849
124.613
4.205
0.154
115.279
137.682
122.737
5.407
0.127
104.678
147.118
134.538
121.676
120.303
8.258
0.153
125.024
146.024
95.405
115.081
5.472
0.163
127.977
144.613
123.156
114.935
122.126
6.904
0.156
120.356
186.573
139.290
117.685
48.780
125.884
0.157
156.910
138.080
120.243
4.953
0.126
115.950
152.960
124.962
6.966
123.181
0.138
117.255
135.454
122.917
5.723
124.022
0.130
120.955
152.028
124.793
4.059
0.148
118.008
184.209
123.428
7.958
0.137
127.025
142.667
145.811
128.509
4.565
0.135
120.202
123.458
118.207
164.257
4.747
0.142
121.792
160.919
124.131
131.985
3.197
0.167
117.635
124.406
128.711
122.745
4.909
0.174
115.473
158.140
129.017
163.343
6.866
122.762
0.146
96.044
152.759
151.322
119.167
105.219
6.233
0.162
121.374
110.943
119.575
118.986
5.821
0.152
119.054
165.974
126.888
4.926
0.131
122.849
120.338
129.389
126.826
7.947
0.143
122.961
129.996
122.793
119.090
3.297
0.164
124.961
136.487
132.355
5.677
0.116
115.203
117.347
126.086
4.238
123.155
0.152
150.660
140.627
94.854
4.601
122.654
0.144
123.918
144.724
100.795
128.041
7.960
0.160
123.719
144.081
119.756
123.012
6.724
0.131
125.867
185.796
119.257
4.418
0.131
127.860
140.933
117.344
8.370
123.123
0.147
98.645
156.663
128.760
7.629
112.881
0.150
114.728
110.884
121.630
126.006
7.146
0.159
103.890
128.007
138.187
166.099
4.666
0.163
123.870
117.550
92.534
7.497
0.178
117.602
190.380
131.143
5.897
126.197
0.106
95.432
103.921
130.786
5.257
0.143
117.206
114.240
118.584
139.803
4.572
0.117
114.614
129.164
123.284
6.142
0.156
99.340
157.094
118.300
4.464
0.142
106.589
148.649
113.525
120.806
5.727
0.150
107.985
135.962
89.732
123.488
6.786
0.177
175.886
119.070
100.903
3.372
124.670
0.157
128.788
118.400
116.420
127.290
8.186
114.417
0.152
113.991
146.287
96.262
2.699
116.938
0.169
122.687
134.579
105.335
119.063
3.826
0.147
111.040
166.464
125.856
145.004
6.753
0.124
120.882
111.396
169.853
4.595
139.930
0.130
100.222
122.503
153.639
6.691
0.172
113.841
142.808
136.235
3.468
0.142
95.069
115.181
173.114
2.957
100.018
0.115
117.137
134.549
104.272
125.877
3.766
0.143
95.000
135.521
147.748
138.620
7.653
0.160
102.508
115.865
92.511
6.919
0.176
119.493
148.325
113.100
157.359
5.200
0.125
93.468
165.024
121.874
2.511
0.110
105.268
135.257
109.054
2.968
0.152
121.386
130.203
130.091
3.586
0.108
121.053
117.863
145.353
3.959
0.143
111.795
123.064
185.428
45.544
492.584
188.915
2.490
0.081
55.806
87.224
108.444
108.627
108.434
5.708
0.149
118.182
139.577
127.086
121.497
3.191
0.132
122.902
129.210
117.308
3.450
0.117
118.253
136.178
122.030
4.507
0.109
118.147
134.707
118.235
4.775
0.119
122.375
145.092
117.523
4.581
0.136
121.439
139.099
120.019
4.377
0.130
119.178
143.847
121.543
5.012
0.109
125.071
138.245
118.723
3.980
0.123
121.200
139.646
122.297
6.419
0.117
122.632
138.845
121.152
4.905
0.120
165.195
140.744
119.985
4.880
0.142
123.372
133.601
119.224
4.240
0.135
121.872
137.863
158.933
3.801
0.108
128.699
146.662
118.854
4.682
0.112
130.781
141.012
102.153
122.737
3.980
0.131
119.172
153.534
91.048
1.902
0.108
41.414
537.029
214.102
1.892
0.095
37.339
16.975
1.657
0.072
364.490
447.322
112.193
209.986
1.766
0.071
59.553
22.758
32.211
43.021
51.845
60.379
60.995
62.005
2.473
0.163
58.356
89.223
