5.771
3.364
0.833
0.010
62.876
72.963
72.450
70.749
71.875
87.202
110.133
49.662
54.162
70.547
62.864
62.477
62.874
81.232
86.299
29.126
22.900
34.316
35.796
157.208
144.305
146.271
161.410
50.682
43.231
57.275
57.991
60.594
70.388
73.389
76.581
83.827
88.740
97.140
98.441
104.251
105.102
5.316
0.308
99.522
106.045
116.041
117.761
108.699
100.722
130.487
126.090
117.881
113.452
114.574
112.326
110.954
104.737
87.087
5.608
0.327
113.592
91.617
161.010
147.173
145.911
90.011
123.319
135.980
94.323
104.297
119.377
99.946
93.079
3.035
0.355
84.786
89.576
102.479
181.161
128.720
4.780
0.198
138.898
116.253
140.648
4.737
0.142
150.465
128.139
97.417
40.063
14.145
1.840
0.080
477.298
199.290
62.770
5.629
0.102
81.546
93.657
117.117
120.536
117.982
9.335
0.187
117.678
136.067
124.437
121.653
5.292
0.164
123.711
141.537
125.807
2.968
0.150
133.083
153.650
122.456
3.648
0.142
120.606
146.853
123.227
5.476
0.158
124.394
133.017
131.452
5.157
0.166
117.867
162.387
124.905
6.833
97.948
0.171
120.547
156.125
129.962
107.431
2.692
0.165
122.496
120.733
129.646
160.267
7.774
0.151
162.815
144.937
132.304
41.887
8.475
1.826
0.072
38.517
14.104
1.798
0.064
478.109
190.302
62.009
3.903
0.096
78.273
102.377
116.720
112.505
115.027
3.379
0.195
116.940
131.498
120.932
118.592
3.372
0.148
118.692
137.914
117.538
3.206
0.115
116.432
133.315
117.276
2.324
0.140
116.857
132.308
118.050
2.348
0.117
118.210
133.196
119.261
2.598
0.118
118.880
133.248
116.631
2.365
0.110
117.094
131.930
117.918
2.401
0.120
117.382
138.135
116.879
2.492
0.124
117.490
132.355
116.879
2.713
0.119
117.459
129.465
116.581
2.786
0.118
117.730
134.319
116.356
2.635
0.123
116.991
138.427
117.033
2.608
0.113
117.822
136.791
117.026
2.635
0.120
118.425
131.788
118.367
3.187
0.117
118.264
132.518
116.323
2.826
0.114
115.384
130.173
116.633
2.656
0.112
117.001
134.203
120.145
2.824
0.114
119.971
134.804
116.405
2.870
0.120
117.348
130.007
116.015
3.040
0.116
118.581
132.356
115.517
3.007
0.115
120.068
134.420
119.469
2.764
0.113
116.740
132.325
116.040
3.054
0.119
124.056
132.497
118.701
2.974
0.123
116.745
133.159
116.355
3.152
0.112
118.983
131.298
117.149
3.094
0.117
117.790
130.901
117.559
3.775
0.126
118.430
133.532
118.866
3.837
0.137
116.298
132.573
115.646
3.918
0.134
117.861
133.883
115.640
3.615
0.117
116.217
131.655
120.406
3.503
0.116
116.337
134.078
120.023
3.655
0.113
118.002
130.168
115.892
3.065
0.118
120.717
137.827
115.417
3.274
0.124
120.346
131.976
118.836
3.656
0.129
116.874
135.508
116.709
3.340
0.114
117.694
129.305
115.575
4.067
0.117
116.234
132.995
119.030
3.856
0.110
119.534
132.591
119.179
2.917
0.115
116.977
133.078
120.120
3.256
0.128
118.757
133.177
116.183
3.301
0.113
119.757
131.790
118.805
3.504
0.127
116.871
133.666
120.080
3.558
0.133
119.698
133.594
118.919
4.380
0.149
117.252
133.609
117.073
3.374
0.141
116.112
131.007
118.538
3.439
0.110
115.673
134.880
116.399
3.352
0.134
117.867
133.679
120.023
4.300
0.121
118.878
134.015
123.634
4.077
0.125
116.411
132.580
121.685
3.544
0.115
120.267
134.162
117.387
3.740
0.132
116.993
130.698
120.514
3.377
0.118
119.581
134.241
118.353
4.002
0.124
119.657
138.781
118.109
3.664
0.121
123.735
129.828
116.018
4.147
0.118
114.784
131.722
118.976
3.516
0.138
115.308
131.659
117.902
3.542
0.132
120.098
130.407
115.325
2.985
0.120
115.883
133.532
114.626
3.400
0.131
115.833
131.257
117.611
3.970
0.131
127.571
132.917
121.417
4.644
0.125
119.928
133.927
115.678
3.528
0.755
117.144
132.787
116.465
3.941
0.120
116.669
132.546
116.352
3.691
0.140
117.709
133.139
117.467
3.543
0.136
118.854
132.481
117.859
4.437
0.116
119.490
132.370
119.714
4.683
0.140
117.828
132.645
121.824
4.577
0.148
118.936
131.825
121.544
4.185
0.120
122.300
132.895
120.365
4.226
0.129
116.627
136.963
118.468
3.758
0.122
116.262
129.319
123.276
4.522
0.126
116.756
132.658
117.928
4.672
0.116
116.581
135.084
116.054
3.795
0.128
125.606
136.435
114.946
4.152
0.132
118.500
135.689
118.699
3.992
0.135
116.606
135.927
117.523
4.198
0.127
118.909
135.098
121.021
4.882
0.130
116.590
133.772
116.868
4.002
0.134
117.232
134.230
117.882
4.063
0.112
119.158
130.713
119.829
5.071
0.129
116.364
133.286
118.391
3.956
0.777
117.853
130.661
117.382
3.693
0.136
117.664
132.455
118.673
3.920
0.141
115.395
130.915
119.967
3.863
0.128
117.789
129.479
115.473
4.050
0.149
120.733
134.903
115.894
3.455
0.116
117.111
136.046
119.345
5.333
0.140
116.780
133.871
121.495
3.963
0.119
118.632
137.660
119.408
4.669
0.116
119.762
132.546
118.274
4.357
0.132
118.153
131.257
118.392
5.074
0.129
117.210
130.819
116.213
4.821
0.123
120.252
134.146
117.410
5.916
0.123
120.037
131.651
118.928
5.052
0.114
114.637
136.534
115.855
4.693
0.115
116.238
133.119
114.821
4.279
0.111
115.526
130.152
117.527
4.539
0.110
120.329
133.588
115.133
4.319
0.118
119.266
131.157
116.686
4.499
0.111
116.996
134.484
118.486
4.564
0.120
122.695
127.315
117.616
4.782
0.119
119.176
134.770
116.372
4.430
0.116
116.024
133.289
117.447
4.094
0.112
121.417
134.020
117.652
4.838
0.113
116.458
130.915
115.363
5.323
0.122
121.492
130.117
119.491
5.125
0.110
118.363
130.556
117.615
5.114
0.126
120.998
130.896
116.291
4.544
0.113
117.274
136.060
117.313
4.642
0.113
117.588
134.183
119.082
3.539
0.112
115.768
132.624
116.591
5.133
0.121
118.691
130.824
117.176
4.347
0.124
118.317
133.747
118.858
4.694
0.114
116.608
134.064
122.065
3.738
0.114
116.594
131.111
119.152
4.139
0.111
117.326
132.577
114.992
4.406
0.113
117.871
133.491
121.980
5.567
0.119
122.273
129.744
114.804
4.188
0.120
116.797
132.306
120.927
5.086
0.120
116.039
131.180
116.948
5.174
0.122
123.473
134.230
115.836
5.473
0.118
118.451
133.796
116.557
7.117
0.115
122.235
131.678
115.838
5.643
0.129
121.469
132.808
118.248
6.311
0.101
119.347
134.413
115.328
4.634
0.123
118.240
133.229
117.975
5.716
0.120
118.339
138.984
114.629
5.876
0.118
121.911
137.423
116.289
5.471
0.144
119.734
131.562
118.908
5.949
0.124
119.325
135.054
125.819
4.687
0.111
118.253
135.398
117.074
5.060
0.120
117.895
129.687
120.019
4.358
0.126
121.451
136.002
120.261
4.106
0.119
117.419
131.008
118.748
5.312
0.111
115.325
135.024
118.205
4.918
0.113
121.634
132.813
117.234
4.748
0.134
121.930
131.505
120.054
5.217
0.132
115.565
135.084
117.544
4.574
0.123
115.490
131.209
121.764
5.498
0.119
123.263
134.551
116.383
5.543
0.124
120.491
131.236
117.453
5.647
0.112
117.277
135.424
118.032
6.214
0.116
122.400
136.068
116.575
5.878
0.124
115.564
132.601
119.862
4.389
0.123
124.228
136.055
117.309
4.082
0.127
117.051
135.920
117.944
4.766
0.131
116.582
132.838
118.296
5.091
0.123
124.961
132.616
121.926
5.621
0.131
116.522
134.785
125.956
6.900
0.134
117.771
133.538
117.760
5.312
0.113
123.822
135.113
120.576
5.837
0.110
120.205
135.281
117.739
3.841
0.779
118.714
131.423
120.746
4.602
0.140
118.177
132.601
115.006
5.544
0.125
120.526
132.427
119.472
4.894
0.109
119.534
134.208
120.220
5.759
0.125
121.515
134.974
121.071
6.116
0.124
120.888
135.114
117.558
5.232
0.120
121.919
134.588
117.982
4.951
0.109
118.780
133.382
117.105
6.336
0.112
119.924
134.614
116.240
5.477
0.122
115.089
139.149
117.037
5.025
0.112
117.827
137.072
116.173
5.184
0.109
116.169
136.701
118.071
6.547
0.117
116.748
135.186
117.950
3.944
0.113
116.623
135.403
117.118
6.325
0.112
119.059
135.574
117.285
5.614
0.117
117.268
136.020
118.271
5.475
0.111
118.549
133.062
120.063
5.781
0.111
117.847
135.456
120.229
5.060
0.135
120.238
135.407
119.113
6.323
0.128
121.060
134.643
119.606
6.314
0.109
117.441
134.051
118.049
4.508
0.125
120.701
131.252
120.186
6.763
0.119
117.365
130.790
115.723
4.899
0.127
122.269
133.336
118.619
4.004
0.133
119.592
135.940
119.449
5.125
0.126
119.250
138.354
115.743
5.351
0.122
115.691
133.152
119.218
5.605
0.111
120.823
132.408
117.550
5.821
0.130
119.652
133.317
120.166
6.584
0.129
118.380
134.109
118.806
5.853
0.121
118.285
132.241
122.229
6.339
0.121
115.573
139.838
116.246
5.366
0.116
118.633
133.868
118.407
4.706
0.117
120.926
135.239
121.623
5.399
0.128
117.736
135.640
121.542
6.167
0.126
127.670
133.410
117.485
5.198
0.118
118.796
139.355
119.106
4.518
0.118
117.049
134.251
120.921
5.523
0.112
115.954
135.655
123.422
5.490
0.112
123.252
136.454
115.361
5.667
0.121
116.367
138.796
119.793
5.241
0.127
121.794
135.585
120.402
5.175
0.110
118.251
137.047
116.276
4.910
0.120
118.064
142.198
117.550
6.719
0.124
119.877
133.592
118.647
6.002
0.121
118.016
142.222
122.498
4.967
0.119
114.957
134.572
118.492
5.805
0.123
122.535
134.287
116.259
6.570
0.122
123.102
136.992
119.963
6.970
0.124
120.226
138.802
120.795
6.555
0.121
116.762
136.751
117.669
6.701
0.125
116.384
141.922
117.508
4.683
0.125
124.528
132.111
123.951
5.834
0.111
121.088
130.926
117.957
6.692
0.112
120.710
134.195
118.103
4.948
0.152
122.679
135.133
126.148
4.607
0.115
115.949
135.653
118.116
6.062
0.139
117.127
138.137
117.938
5.507
0.129
117.073
137.221
121.347
6.922
0.130
119.583
136.788
117.330
6.296
0.108
118.881
129.200
117.220
6.838
0.116
121.182
137.809
119.150
3.885
0.122
119.145
131.862
120.791
4.710
0.122
117.172
136.845
116.876
6.848
0.133
115.880
135.472
121.800
6.958
0.137
119.154
140.685
120.029
5.745
0.134
117.217
130.202
118.917
5.305
0.131
116.956
132.832
117.108
4.995
0.132
115.995
139.181
118.844
5.310
0.123
120.830
132.248
118.229
6.076
0.121
121.668
133.814
115.939
6.743
0.121
125.308
136.573
114.248
6.703
0.111
126.511
135.971
123.690
4.765
0.112
117.899
129.651
119.548
4.668
0.132
120.141
136.103
117.102
5.050
0.110
118.911
140.517
118.241
5.863
0.109
120.278
132.396
117.069
4.948
0.135
122.392
129.930
122.158
3.763
0.133
116.552
133.391
119.208
5.569
0.134
126.628
133.491
121.938
5.432
0.135
120.134
130.080
124.103
6.899
0.143
118.581
139.156
116.263
6.749
0.113
123.020
133.053
118.304
7.604
0.128
122.077
139.232
116.386
5.962
0.128
125.906
138.785
115.847
6.500
0.124
115.907
131.416
120.945
4.756
0.137
121.521
140.362
116.732
4.977
0.129
123.003
137.347
123.563
5.522
0.141
118.488
134.921
120.239
4.397
0.122
120.632
132.526
116.620
6.597
0.118
119.506
135.723
118.988
5.555
0.116
117.576
132.340
119.270
6.914
0.116
118.510
133.787
118.296
4.933
0.131
123.262
140.361
121.804
4.403
0.139
118.671
134.664
120.327
6.906
0.119
116.097
139.148
116.054
3.783
0.135
120.954
136.725
115.515
7.121
0.151
123.526
132.943
120.402
5.686
0.112
121.657
138.300
114.139
5.077
0.144
121.120
130.237
122.776
4.297
0.134
119.810
136.799
116.770
4.663
0.133
125.279
135.992
122.543
6.513
0.118
116.754
137.317
119.576
8.098
0.108
115.805
133.505
118.857
5.948
0.126
120.728
135.300
119.204
7.452
0.125
116.023
144.242
120.902
4.728
0.119
121.313
133.739
116.741
4.371
0.125
116.926
136.551
118.627
6.453
0.121
125.663
131.296
116.832
5.664
0.118
116.591
135.370
127.738
7.828
0.120
120.136
133.880
122.344
5.647
0.148
118.682
129.733
120.514
5.231
0.127
119.585
138.020
120.033
5.823
0.146
115.159
136.063
121.221
4.819
0.114
123.030
136.883
119.231
6.688
0.514
115.822
138.326
118.659
5.645
0.140
119.972
136.791
122.942
48.372
0.112
121.036
135.717
118.184
6.864
0.131
123.405
135.057
122.227
5.501
0.137
119.410
132.071
127.078
4.775
0.126
117.484
135.693
114.066
4.987
0.110
117.794
135.175
118.099
6.942
0.108
122.197
137.446
118.491
3.124
0.127
119.989
134.526
124.468
4.925
0.149
123.380
138.982
115.321
4.588
0.131
116.852
136.963
119.098
7.881
0.125
123.350
131.979
123.953
6.772
0.135
124.389
137.873
119.862
3.774
0.129
124.481
139.175
124.417
7.277
0.118
117.962
136.543
123.425
4.620
0.127
116.590
137.192
124.206
4.921
0.128
120.341
135.966
127.631
4.912
0.107
116.393
138.692
114.181
5.934
0.114
122.121
135.919
118.800
5.015
0.142
118.201
135.044
118.061
6.958
0.148
116.403
141.607
119.154
7.353
0.137
117.294
143.670
118.832
7.011
0.130
119.923
138.129
119.312
7.026
0.138
120.225
131.558
120.948
7.286
0.131
125.700
139.724
123.125
4.763
0.136
118.685
132.769
117.645
5.129
0.132
116.853
136.731
117.843
3.479
0.126
119.829
133.928
119.539
4.423
0.128
123.374
137.988
118.319
5.774
0.130
120.887
139.761
121.043
7.861
0.124
118.529
137.029
118.188
6.533
0.112
120.130
132.383
119.180
7.158
0.117
119.557
137.138
119.031
6.852
0.130
118.108
141.398
120.330
2.939
0.122
121.300
138.293
116.832
5.697
0.125
122.783
143.871
119.435
5.417
0.125
119.278
139.611
115.170
5.901
0.131
120.699
136.072
120.287
5.355
0.138
123.282
140.135
118.021
7.688
0.122
118.454
134.849
117.708
4.839
0.129
126.954
134.860
121.909
4.126
0.153
117.306
135.006
113.950
5.220
0.145
116.040
135.525
122.481
3.176
0.140
123.793
135.615
117.174
7.468
0.132
119.155
135.476
118.246
5.697
0.437
120.902
138.817
123.820
7.998
0.133
119.719
137.535
118.861
4.954
0.142
127.931
134.363
114.296
6.170
0.139
117.784
133.520
120.563
3.138
0.154
120.178
137.470
121.675
5.125
0.135
157.832
133.185
120.943
7.248
0.125
118.188
133.879
119.727
7.228
0.117
130.183
137.017
118.072
4.462
0.124
117.595
137.988
120.352
5.925
0.130
126.707
136.648
125.170
5.159
0.134
120.863
132.165
118.504
5.778
0.151
121.647
132.144
117.350
7.001
0.147
119.478
139.512
119.936
7.095
0.139
121.204
134.270
119.305
7.022
0.146
140.474
136.423
122.614
5.213
0.128
118.275
135.984
122.293
6.530
0.115
124.012
144.534
117.234
5.299
0.123
116.911
144.715
122.327
7.230
0.136
123.008
131.424
118.697
5.514
0.119
117.007
136.557
120.019
4.864
0.122
121.594
132.251
117.094
4.923
0.141
126.775
135.933
116.978
3.616
0.128
125.102
138.269
123.112
6.733
0.139
120.881
137.695
116.421
5.646
0.115
117.211
137.787
123.618
7.096
0.115
126.927
133.467
116.012
6.664
0.138
122.073
133.460
118.005
3.954
0.118
122.873
140.403
120.089
3.270
0.132
123.333
135.912
121.746
4.918
0.113
124.016
145.797
124.131
6.865
0.122
120.212
138.470
117.246
5.844
0.122
130.353
145.440
118.685
5.767
0.116
119.485
137.039
126.823
6.962
0.143
122.791
143.064
117.336
4.824
0.157
126.871
139.291
116.567
7.454
0.132
119.290
135.029
118.037
4.169
0.116
124.079
135.934
121.788
5.968
0.120
121.256
140.752
122.725
5.620
0.139
115.681
137.479
119.569
6.112
0.139
124.066
134.745
118.083
5.563
0.124
163.521
145.048
117.367
5.099
0.129
118.473
136.152
120.112
7.132
0.120
118.393
136.843
119.272
4.297
0.115
124.660
137.256
123.767
5.507
0.133
118.279
132.241
115.870
5.004
0.120
119.107
136.835
122.156
6.856
0.121
122.340
141.928
122.014
5.637
0.126
120.208
140.388
120.108
4.163
0.132
119.522
133.908
119.446
4.998
0.132
120.562
137.124
122.394
6.875
0.135
121.594
137.284
116.930
5.301
0.116
120.575
139.228
125.682
7.099
0.125
115.281
133.625
120.311
7.261
0.126
127.554
133.768
116.672
5.376
0.118
164.575
143.202
125.642
4.329
0.141
119.976
136.718
119.156
5.946
0.148
119.643
137.486
117.683
6.730
0.127
163.656
138.935
116.106
4.954
0.139
129.056
134.384
100.141
7.093
0.156
118.202
153.670
120.985
5.542
0.126
122.700
131.404
116.307
7.067
0.120
121.825
137.274
125.386
7.170
0.149
121.273
134.407
117.784
6.250
0.129
164.757
139.168
119.919
7.479
0.123
121.751
135.622
118.085
6.351
0.129
122.192
130.948
119.233
4.763
0.128
121.226
137.265
116.961
4.660
0.133
123.797
133.879
119.190
6.114
0.121
127.775
131.945
119.769
5.252
0.142
164.725
138.008
117.703
6.639
0.125
127.020
133.102
118.272
6.526
0.146
116.001
133.273
117.699
6.891
0.148
122.489
135.007
120.025
6.338
0.124
123.366
136.327
121.480
6.725
0.137
122.624
142.132
119.587
6.006
0.129
123.224
138.685
120.922
4.878
0.124
122.109
138.140
123.443
3.687
0.124
161.738
136.178
123.338
6.337
0.131
128.137
130.876
101.390
5.382
0.152
120.554
146.880
116.209
5.427
0.118
120.871
123.952
125.733
4.182
0.133
121.821
129.768
120.892
5.485
0.139
120.782
139.264
123.435
6.918
0.152
119.978
134.993
117.161
4.417
0.126
121.215
133.815
120.305
5.479
0.143
124.704
138.494
118.927
4.579
0.124
120.745
134.651
124.722
5.779
0.131
121.029
137.813
125.624
6.229
0.137
118.391
136.695
127.111
4.127
0.116
120.269
133.791
121.218
5.044
0.130
128.891
138.158
123.127
7.297
0.132
129.270
138.706
117.774
5.973
0.152
123.580
133.006
117.863
6.185
0.127
123.964
131.864
118.151
4.304
0.704
122.510
137.964
121.754
7.247
0.134
121.693
131.891
123.043
6.492
0.133
129.871
139.531
122.563
3.393
0.130
123.833
139.496
120.320
4.485
0.133
164.828
134.713
122.556
5.751
0.126
122.736
135.018
117.670
5.594
0.154
119.686
135.952
119.551
6.095
0.128
119.339
134.891
115.548
7.367
0.137
118.868
140.169
120.508
4.925
0.143
121.419
139.725
125.158
6.043
0.138
127.916
136.059
119.527
5.471
0.133
120.806
130.865
119.930
5.057
0.134
160.719
136.183
122.051
7.291
0.126
122.919
138.300
115.983
6.901
0.133
130.190
139.305
95.926
8.955
0.152
122.984
142.509
119.274
4.402
0.141
121.828
127.462
126.712
7.214
0.128
120.339
136.328
120.542
4.747
0.142
126.291
141.036
122.038
4.974
0.127
122.453
136.713
121.072
7.728
0.129
120.466
136.110
117.641
6.930
0.130
116.509
133.179
126.741
5.991
0.134
120.361
171.777
119.437
7.697
0.137
133.883
135.427
98.443
8.996
0.161
162.255
154.094
123.668
7.351
0.154
123.722
132.443
119.813
5.611
0.134
119.001
132.008
120.126
7.377
0.127
123.537
175.868
120.918
4.384
0.122
161.805
135.378
118.146
4.127
0.137
122.247
135.823
118.793
4.517
0.126
123.465
136.251
121.785
3.919
0.127
125.068
139.648
121.271
7.516
0.136
122.076
134.507
122.196
4.707
0.122
129.164
136.544
121.466
7.609
0.134
122.011
174.037
120.043
5.138
0.131
160.308
134.518
119.418
4.886
0.134
124.348
132.808
117.124
7.633
0.121
122.175
127.920
123.226
4.963
0.126
126.632
135.491
120.470
3.456
0.130
119.963
181.136
121.987
6.374
0.128
163.558
133.768
125.067
6.096
0.142
163.410
144.253
125.381
6.765
0.126
115.168
132.244
122.185
4.897
0.134
122.473
135.809
119.742
5.416
0.138
123.053
134.340
116.467
6.754
0.143
116.425
130.955
127.085
6.227
0.122
124.235
138.686
121.207
6.371
0.148
123.485
132.385
120.462
5.827
120.666
0.119
130.496
130.190
98.620
7.052
0.162
162.727
147.823
120.546
5.309
0.129
124.143
134.872
119.364
5.639
0.127
127.101
133.798
118.391
5.037
0.140
119.634
136.232
118.173
5.163
0.122
119.969
136.497
124.885
6.295
0.133
127.279
133.055
120.944
5.087
0.123
120.058
131.935
117.919
5.038
0.136
126.500
132.814
116.224
4.154
0.135
116.911
135.815
122.638
6.012
0.132
119.133
138.643
120.517
5.694
0.117
120.667
133.723
121.237
5.515
0.125
122.372
142.642
146.682
4.295
0.125
121.307
131.220
118.033
5.320
0.133
125.492
131.230
124.515
6.384
0.112
116.853
176.393
122.368
4.523
0.117
158.050
138.114
121.034
7.458
0.128
120.998
132.330
122.606
6.104
0.130
121.742
141.844
119.430
5.349
0.129
125.633
137.848
118.728
4.847
0.119
127.840
132.661
96.461
6.140
0.165
124.186
139.833
115.348
8.113
0.131
116.829
135.597
126.178
6.858
0.135
124.020
138.975
115.633
5.082
0.140
122.176
132.951
128.292
5.766
0.121
128.384
138.743
125.031
7.790
0.133
120.857
135.598
118.761
5.510
0.133
115.695
129.783
121.396
5.578
0.119
118.787
144.562
124.250
5.189
0.149
161.866
138.050
118.723
4.490
0.106
120.196
139.915
119.767
5.812
0.128
125.928
136.062
122.485
6.862
0.130
128.157
134.269
122.933
6.175
0.114
120.230
135.790
126.133
5.645
0.135
124.900
128.182
121.723
7.217
0.133
128.378
132.711
120.094
5.105
0.131
120.802
141.806
119.820
6.145
0.131
120.963
136.700
118.008
5.181
0.132
119.814
130.094
123.064
4.882
0.118
126.677
132.614
123.641
5.319
0.125
118.995
139.113
125.691
6.972
0.133
129.069
131.775
122.649
5.618
0.125
126.068
133.504
120.207
7.112
0.129
119.654
139.473
121.277
6.401
0.122
124.459
134.859
120.770
7.743
0.123
123.341
139.423
118.917
4.420
0.139
119.356
129.277
121.176
3.443
0.137
167.663
140.742
123.768
5.836
0.122
120.304
179.543
128.839
7.412
0.117
125.977
141.135
124.667
5.974
0.145
128.097
178.426
121.031
7.844
0.129
165.743
137.807
126.069
7.004
0.125
127.420
147.084
120.987
8.406
0.135
118.850
138.057
124.043
6.071
0.146
125.572
137.762
128.735
5.872
0.125
127.249
133.691
118.842
6.267
0.130
122.940
137.300
122.933
7.105
0.134
128.558
134.833
124.160
7.214
0.130
120.732
137.858
124.629
4.376
0.133
125.763
131.411
118.868
6.435
0.134
125.396
133.447
125.817
8.570
0.134
165.949
135.063
119.203
2.991
0.128
127.139
135.810
123.157
6.362
119.811
0.133
128.025
174.529
118.034
5.842
0.134
116.212
147.068
121.771
6.226
0.129
124.727
139.061
118.906
5.485
0.138
123.011
137.505
121.497
8.168
0.136
124.499
129.550
171.741
4.930
0.133
131.019
140.176
125.827
7.753
0.128
121.451
141.129
120.390
6.375
0.129
124.902
142.132
130.934
3.464
0.160
129.324
113.852
98.580
7.766
121.556
0.161
118.742
188.659
115.384
7.435
0.748
125.593
134.599
161.147
7.021
0.131
121.852
140.289
116.391
3.798
0.122
130.391
138.354
99.649
8.243
164.240
0.129
117.842
139.183
120.284
6.206
0.148
124.271
132.039
164.214
7.468
0.135
132.735
143.384
104.081
50.955
0.143
117.405
153.763
117.127
5.289
0.121
99.327
135.578
124.195
6.561
0.148
122.346
139.686
121.876
5.682
121.478
0.131
133.548
138.878
93.859
4.659
0.173
124.599
193.406
114.673
7.179
119.400
0.150
125.334
179.494
118.253
119.978
7.137
0.156
121.552
169.888
128.550
118.276
3.835
0.141
99.367
141.369
113.187
2.535
0.143
121.433
139.843
158.246
5.095
0.129
121.634
141.059
121.485
121.959
5.979
0.130
127.420
129.910
117.710
5.069
118.746
0.142
123.531
131.618
123.934
7.209
0.147
121.541
175.345
120.292
119.775
5.694
0.130
131.425
134.613
96.541
121.862
5.652
0.163
131.240
146.626
97.124
5.427
0.155
167.506
159.439
167.197
7.038
0.120
125.362
132.429
124.845
5.207
0.128
126.022
181.520
120.022
6.184
0.128
120.973
135.340
164.373
126.857
5.072
0.119
131.278
135.203
96.561
118.643
6.436
0.175
157.495
144.637
164.051
5.204
0.142
165.409
140.097
101.868
7.345
123.268
0.128
165.232
149.906
122.485
121.389
7.757
0.136
128.277
133.304
98.083
7.059
127.915
0.150
126.217
129.754
125.837
5.898
118.476
0.152
116.315
133.813
101.173
7.523
126.762
0.154
133.608
131.978
103.666
2.880
0.139
123.872
152.455
135.810
6.264
0.133
154.527
117.715
119.026
7.043
96.878
0.148
123.418
134.437
122.575
3.892
0.127
134.508
137.072
145.201
6.366
126.569
0.139
125.111
134.697
174.019
136.336
4.936
0.135
97.055
152.159
121.238
3.861
0.148
111.756
150.079
123.929
5.035
0.118
165.361
146.835
125.232
132.594
4.639
0.122
121.779
137.491
178.358
5.824
0.122
123.562
129.078
127.296
6.904
125.242
0.141
106.333
121.608
115.817
4.742
0.151
131.639
155.126
108.401
5.317
125.121
0.139
100.152
134.305
126.389
3.648
0.142
116.412
142.629
125.685
6.808
0.131
119.710
147.358
116.089
128.223
8.182
0.122
176.341
112.341
149.669
124.899
5.178
0.175
128.675
136.167
149.191
124.420
119.745
6.429
0.165
123.406
145.136
120.284
105.650
6.970
0.174
119.542
115.568
147.546
123.340
4.689
0.138
102.887
139.030
135.466
124.453
3.902
0.138
110.420
175.142
105.735
117.320
8.321
0.151
107.622
131.395
116.392
132.577
95.488
5.205
0.159
95.434
149.848
119.194
4.372
133.373
0.128
150.920
108.170
157.145
5.656
137.583
0.140
107.932
119.200
94.903
4.381
155.655
0.172
129.329
140.334
104.188
124.275
5.940
0.153
120.934
130.700
126.740
8.652
0.148
120.745
147.693
117.853
5.322
0.139
98.102
154.947
123.473
106.995
8.369
0.136
167.058
105.806
151.023
140.914
6.901
0.174
122.162
39.950
488.366
187.600
55.509
77.274
87.743
79.117
5.956
0.121
92.038
132.120
121.199
5.129
0.120
122.056
135.664
122.244
4.423
0.131
120.942
140.439
120.733
5.058
0.122
118.034
150.673
120.028
5.502
0.112
121.891
142.295
119.904
5.468
0.120
120.877
140.027
121.414
5.476
0.123
125.280
151.700
127.484
4.429
0.115
120.151
139.952
122.484
6.953
0.128
129.066
146.381
123.926
6.443
0.121
121.095
141.499
123.281
6.071
0.122
130.860
146.787
120.648
5.996
0.138
123.216
149.481
124.936
6.823
124.190
0.134
125.481
183.849
123.167
6.814
0.135
161.072
147.699
134.697
162.646
5.922
0.152
121.888
309.822
840.274
4.773
1.966
0.079
40.418
295.539
229.999
223.969
109.063
38.337
2.117
0.077
35.571
16.327
1.829
0.060
334.235
296.119
87.790
2.004
0.069
160.671
160.007
52.847
27.821
3.983
0.082
37.460
53.074
67.735
82.238
82.350
5.733
0.173
