0.02
0.02
0.00
0.00
0.30
0.41
0.39
0.47
0.50
0.43
0.44
0.22
0.32
0.41
0.38
0.37
0.39
0.43
0.56
0.16
0.13
0.17
0.18
0.93
0.89
0.84
0.94
0.29
0.24
0.32
0.33
0.34
0.38
0.42
0.45
0.48
0.51
0.58
0.57
0.61
0.62
0.02
0.00
0.59
0.63
0.66
0.70
0.66
0.57
0.77
0.83
0.65
0.67
0.70
0.69
0.51
0.53
0.63
0.02
0.00
0.50
0.64
0.70
0.82
0.78
0.67
0.69
0.73
0.74
0.54
0.53
0.63
0.52
0.03
0.64
0.00
0.51
0.49
0.64
0.83
0.76
0.03
0.74
0.00
0.64
0.71
0.72
0.83
0.03
0.25
0.08
0.01
0.00
2.83
1.14
0.34
0.04
0.00
0.49
0.52
0.61
0.69
0.76
0.69
0.03
0.00
0.74
0.82
0.85
0.73
0.01
0.00
0.76
0.89
0.74
0.02
0.00
0.73
0.86
0.72
0.02
0.01
0.72
0.85
0.73
0.01
0.00
0.73
0.86
0.71
0.01
0.75
0.00
0.78
0.88
0.61
0.03
0.71
0.00
0.78
0.95
0.84
0.74
0.66
0.04
0.00
0.68
0.74
0.76
0.02
0.84
0.00
0.71
0.20
0.53
0.02
0.00
0.19
0.08
0.01
0.00
2.82
1.12
0.30
0.40
0.47
0.02
0.00
0.54
0.62
0.68
0.76
0.82
0.87
0.69
0.01
0.00
0.70
0.71
0.78
0.70
0.01
0.00
0.73
0.80
0.69
0.01
0.00
0.70
0.78
0.70
0.01
0.00
0.70
0.79
0.71
0.01
0.00
0.70
0.79
0.73
0.01
0.00
0.71
0.77
0.69
0.01
0.00
0.70
0.79
0.69
0.02
0.00
0.69
0.77
0.69
0.01
0.00
0.70
0.80
0.70
0.02
0.00
0.68
0.78
0.71
0.02
0.00
0.70
0.79
0.70
0.02
0.00
0.69
0.79
0.68
0.02
0.00
0.70
0.79
0.70
0.01
0.00
0.69
0.79
0.68
0.02
0.00
0.73
0.78
0.69
0.02
0.00
0.69
0.79
0.70
0.01
0.00
0.73
0.78
0.69
0.01
0.01
0.69
0.81
0.70
0.01
0.00
0.70
0.78
0.71
0.02
0.00
0.69
0.78
0.69
0.01
0.00
0.69
0.82
0.70
0.02
0.00
0.73
0.78
0.70
0.01
0.00
0.70
0.78
0.69
0.02
0.00
0.70
0.79
0.71
0.02
0.00
0.70
0.80
0.70
0.02
0.01
0.70
0.81
0.69
0.01
0.00
0.72
0.78
0.70
0.02
0.00
0.69
0.81
0.69
0.01
0.00
0.70
0.77
0.73
0.02
0.00
0.70
0.76
0.70
0.02
0.00
0.70
0.78
0.69
0.02
0.00
0.72
0.78
0.70
0.02
0.00
0.70
0.77
0.68
0.02
0.00
0.70
0.79
0.71
0.02
0.00
0.70
0.80
0.69
0.01
0.00
0.72
0.79
0.70
0.02
0.00
0.72
0.79
0.71
0.02
0.00
0.70
0.78
0.71
0.02
0.00
0.70
0.79
0.70
0.03
0.00
0.69
0.79
0.69
0.03
0.00
0.72
0.80
0.70
0.02
0.00
0.69
0.80
0.73
0.02
0.00
0.71
0.81
0.71
0.02
0.00
0.69
0.80
0.73
0.02
0.00
0.70
0.78
0.69
0.02
0.00
0.71
0.79
0.69
0.02
0.00
0.70
0.77
0.70
0.02
0.00
0.73
0.78
0.70
0.02
0.00
0.76
0.80
0.70
0.02
0.00
0.71
0.79
0.72
0.02
0.00
0.69
0.78
0.72
0.02
0.00
0.69
0.78
0.69
0.02
0.00
0.71
0.78
0.70
0.02
0.00
0.71
0.98
0.70
0.02
0.00
0.69
0.79
0.72
0.02
0.00
0.70
0.82
0.69
0.02
0.00
0.69
0.79
0.71
0.02
0.00
0.73
0.80
0.71
0.03
0.00
0.72
0.79
0.71
0.03
0.00
0.70
0.78
0.69
0.02
0.00
0.70
0.80
0.74
0.02
0.00
0.72
0.79
0.72
0.03
0.00
0.69
0.80
0.69
0.02
0.00
0.72
0.80
0.69
0.02
0.00
0.69
0.80
0.70
0.02
0.00
0.70
0.79
0.68
0.02
0.00
0.70
0.81
0.73
0.02
0.00
0.71
0.79
0.69
0.02
0.00
0.69
0.79
0.71
0.03
0.00
0.69
0.79
0.70
0.03
0.00
0.69
0.79
0.72
0.02
0.00
0.71
0.78
0.69
0.02
0.00
0.70
0.80
0.69
0.02
0.00
0.70
0.79
0.68
0.01
0.00
0.70
0.80
0.69
0.02
0.00
0.71
0.77
0.72
0.03
0.00
0.69
0.79
0.71
0.03
0.00
0.73
0.79
0.69
0.03
0.00
0.69
0.80
0.71
0.03
0.00
0.70
0.80
0.70
0.03
0.00
0.69
0.79
0.71
0.02
0.00
0.71
0.79
0.69
0.02
0.00
0.70
0.81
0.71
0.03
0.00
0.73
0.79
0.69
0.02
0.00
0.71
0.81
0.68
0.03
0.00
0.70
0.81
0.70
0.03
0.00
0.69
0.78
0.72
0.03
0.00
0.70
0.78
0.71
0.03
0.00
0.70
0.81
0.71
0.03
0.00
0.72
0.77
0.70
0.03
0.00
0.69
0.80
0.69
0.02
0.00
0.70
0.78
0.71
0.03
0.00
0.72
0.79
0.70
0.03
0.00
0.72
0.78
0.71
0.03
0.00
0.70
0.79
0.70
0.04
0.00
0.70
0.80
0.70
0.03
0.00
0.71
0.79
0.71
0.03
0.00
0.69
0.80
0.71
0.03
0.00
0.71
0.79
0.69
0.03
0.00
0.69
0.78
0.72
0.04
0.00
0.70
0.79
0.69
0.03
0.00
0.69
0.80
0.70
0.03
0.00
0.69
0.79
0.71
0.03
0.00
0.71
0.79
0.69
0.03
0.00
0.69
0.79
0.75
0.02
0.00
0.69
0.80
0.68
0.02
0.00
0.70
0.80
0.72
0.03
0.00
0.70
0.79
0.69
0.03
0.00
0.70
0.80
0.73
0.03
0.00
0.71
0.78
0.72
0.03
0.00
0.70
0.78
0.68
0.03
0.00
0.69
0.79
0.69
0.03
0.01
0.72
0.77
0.69
0.02
0.00
0.72
0.78
0.71
0.02
0.00
0.69
0.79
0.70
0.03
0.00
0.71
0.79
0.71
0.03
0.00
0.70
0.79
0.70
0.03
0.00
0.68
0.78
0.70
0.02
0.00
0.70
0.79
0.68
0.03
0.00
0.73
0.80
0.69
0.04
0.00
0.71
0.82
0.69
0.02
0.00
0.68
0.80
0.69
0.02
0.01
0.72
0.81
0.72
0.03
0.00
0.69
0.79
0.73
0.03
0.00
0.75
0.81
0.71
0.03
0.00
0.70
0.79
0.72
0.03
0.00
0.69
0.78
0.71
0.03
0.00
0.72
0.77
0.70
0.03
0.00
0.69
0.79
0.69
0.03
0.00
0.69
0.79
0.70
0.03
0.00
0.71
0.78
0.70
0.03
0.00
0.73
0.82
0.69
0.03
0.00
0.69
0.82
0.71
0.03
0.00
0.68
0.80
0.73
0.04
0.00
0.73
0.79
0.68
0.03
0.00
0.70
0.79
0.72
0.03
0.01
0.71
0.77
0.68
0.03
0.00
0.70
0.78
0.71
0.02
0.00
0.70
0.80
0.69
0.01
0.00
0.72
0.78
0.69
0.04
0.00
0.72
0.79
0.68
0.04
0.00
0.71
0.80
0.70
0.02
0.00
0.69
0.79
0.69
0.04
0.00
0.73
0.78
0.68
0.02
0.00
0.70
0.78
0.72
0.03
0.00
0.69
0.80
0.72
0.03
0.00
0.68
0.80
0.72
0.04
0.00
0.69
0.78
0.71
0.02
0.00
0.70
0.79
0.69
0.03
0.00
0.73
0.79
0.71
0.04
0.00
0.69
0.77
0.69
0.03
0.00
0.69
0.78
0.71
0.04
0.00
0.73
0.77
0.71
0.03
0.00
0.70
0.79
0.71
0.02
0.00
0.74
0.80
0.68
0.03
0.00
0.71
0.79
0.70
0.03
0.00
0.70
0.80
0.69
0.03
0.00
0.71
0.81
0.71
0.03
0.00
0.70
0.78
0.71
0.03
0.00
0.71
0.82
0.68
0.03
0.00
0.71
0.81
0.69
0.03
0.00
0.69
0.77
0.69
0.03
0.00
0.70
0.79
0.70
0.03
0.00
0.71
0.80
0.72
0.03
0.00
0.72
0.81
0.70
0.03
0.00
0.69
0.81
0.69
0.02
0.00
0.72
0.80
0.69
0.04
0.00
0.71
0.79
0.70
0.04
0.00
0.68
0.77
0.70
0.03
0.00
0.69
0.80
0.74
0.04
0.00
0.72
0.81
0.70
0.03
0.00
0.70
0.79
0.68
0.03
0.00
0.71
0.77
0.72
0.03
0.00
0.70
0.80
0.70
0.03
0.00
0.69
0.79
0.73
0.03
0.00
0.69
0.83
0.71
0.02
0.00
0.74
0.85
0.71
0.03
0.00
0.70
0.78
0.68
0.03
0.00
0.68
0.78
0.72
0.03
0.00
0.73
0.82
0.71
0.03
0.00
0.69
0.79
0.69
0.02
0.00
0.71
0.80
0.69
0.03
0.00
0.70
0.81
0.68
0.03
0.00
0.70
0.79
0.72
0.04
0.00
0.70
0.79
0.69
0.02
0.00
0.73
0.76
0.71
0.03
0.00
0.71
0.76
0.72
0.04
0.00
0.69
0.78
0.70
0.04
0.00
0.70
0.79
0.71
0.04
0.00
0.70
0.77
0.72
0.04
0.00
0.73
0.82
0.71
0.04
0.00
0.70
0.80
0.69
0.03
0.00
0.71
0.77
0.72
0.04
0.00
0.69
0.80
0.68
0.03
0.00
0.69
0.79
0.72
0.03
0.00
0.68
0.77
0.73
0.04
0.00
0.71
0.83
0.71
0.03
0.00
0.70
0.80
0.68
0.04
0.00
0.72
0.81
0.71
0.03
0.00
0.76
0.79
0.72
0.04
0.00
0.72
0.77
0.68
0.03
0.00
0.69
0.82
0.69
0.02
0.00
0.72
0.80
0.69
0.02
0.00
0.72
0.79
0.69
0.03
0.00
0.71
0.80
0.72
0.03
0.01
0.72
0.77
0.71
0.03
0.00
0.71
0.79
0.71
0.04
0.00
0.70
0.78
0.69
0.03
0.00
0.72
0.81
0.70
0.04
0.00
0.71
0.78
0.69
0.03
0.00
0.70
0.83
0.69
0.05
0.00
0.70
0.78
0.70
0.02
0.00
0.73
0.78
0.73
0.04
0.00
0.69
0.83
0.71
0.03
0.00
0.70
0.81
0.73
0.04
0.00
0.73
0.80
0.71
0.04
0.00
0.70
0.79
0.72
0.03
0.00
0.69
0.82
0.68
0.02
0.00
0.68
0.83
0.72
0.02
0.00
0.70
0.79
0.71
0.03
0.00
0.71
0.80
0.70
0.04
0.00
0.74
0.80
0.68
0.01
0.00
0.74
0.80
0.70
0.04
0.00
0.69
0.79
0.68
0.04
0.00
0.69
0.80
0.73
0.04
0.00
0.69
0.81
0.69
0.04
0.00
0.69
0.81
0.71
0.04
0.00
0.71
0.81
0.72
0.03
0.00
0.69
0.83
0.74
0.04
0.00
0.70
0.82
0.72
0.03
0.00
0.71
0.77
0.69
0.04
0.00
0.70
0.80
0.70
0.03
0.00
0.69
0.78
0.68
0.04
0.00
0.71
0.80
0.69
0.05
0.00
0.73
0.82
0.70
0.03
0.00
0.70
0.82
0.73
0.04
0.00
0.71
0.80
0.71
0.04
0.00
0.72
0.81
0.70
0.04
0.00
0.70
0.81
0.71
0.04
0.00
0.71
0.81
0.70
0.05
0.00
0.69
0.82
0.69
0.03
0.00
0.71
0.82
0.73
0.05
0.00
0.71
0.80
0.71
0.04
0.00
0.73
0.79
0.70
0.04
0.00
0.72
0.79
0.70
0.03
0.00
0.71
0.78
0.70
0.02
0.00
0.69
0.79
0.71
0.04
0.00
0.69
0.78
0.70
0.02
0.00
0.70
0.81
0.74
0.03
0.00
0.70
0.79
0.70
0.04
0.00
0.73
0.79
0.72
0.02
0.00
0.71
0.81
0.69
0.03
0.00
0.69
0.79
0.70
0.03
0.00
0.69
0.80
0.72
0.03
0.00
0.71
0.78
0.69
0.04
0.00
0.73
0.80
0.70
0.04
0.00
0.72
0.81
0.72
0.04
0.00
0.70
0.80
0.70
0.03
0.00
0.70
0.83
0.71
0.04
0.00
0.71
0.78
0.70
0.04
0.00
0.72
0.82
0.68
0.03
0.00
0.69
0.85
0.70
0.02
0.00
0.73
0.81
0.69
0.05
0.00
0.76
0.77
0.72
0.03
0.00
0.70
0.78
0.70
0.02
0.00
0.71
0.84
0.72
0.03
0.00
0.72
0.79
0.71
0.04
0.00
0.70
0.81
0.71
0.03
0.00
0.73
0.79
0.72
0.03
0.00
0.70
0.79
0.72
0.03
0.00
0.70
0.81
0.72
0.03
0.00
0.70
0.79
0.71
0.02
0.00
0.71
0.80
0.69
0.04
0.00
0.69
0.82
0.72
0.03
0.00
0.69
0.80
0.68
0.03
0.00
0.71
0.82
0.69
0.05
0.00
0.71
0.84
0.68
0.03
0.00
0.72
0.81
0.72
0.02
0.00
0.73
0.80
0.72
0.03
0.00
0.69
0.79
0.72
0.04
0.00
0.72
0.79
0.76
0.04
0.00
0.72
0.83
0.70
0.05
0.00
0.70
0.82
0.74
0.04
0.00
0.71
0.79
0.72
0.04
0.00
0.70
0.80
0.76
0.05
0.00
0.74
0.79
0.75
0.03
0.00
0.71
0.82
0.71
0.03
0.00
0.75
0.79
0.70
0.04
0.00
0.71
0.85
0.72
0.02
0.00
0.70
0.81
0.73
0.04
0.00
0.71
0.81
0.73
0.03
0.00
0.70
0.78
0.69
0.03
0.00
0.69
0.82
0.73
0.04
0.00
0.70
0.80
0.72
0.04
0.00
0.70
0.82
0.71
0.02
0.00
0.73
0.78
0.70
0.03
0.00
0.71
0.79
0.69
0.03
0.00
0.71
0.81
0.69
0.03
0.00
0.72
0.80
0.72
0.03
0.00
0.70
0.78
0.73
0.04
0.00
0.69
0.80
0.68
0.03
0.00
0.71
0.78
0.72
0.03
0.00
0.70
0.81
0.70
0.03
0.00
0.74
0.81
0.70
0.04
0.00
0.70
0.80
0.73
0.03
0.00
0.74
0.81
0.72
0.03
0.00
0.69
0.81
0.73
0.02
0.00
0.72
0.76
0.69
0.03
0.00
0.71
0.81
0.68
0.02
0.00
0.70
0.78
0.71
0.04
0.00
0.72
0.82
0.71
0.03
0.00
0.73
0.82
0.70
0.04
0.00
0.70
0.81
0.71
0.03
0.00
0.69
0.81
0.69
0.04
0.00
0.72
0.80
0.69
0.05
0.00
0.73
0.78
0.72
0.04
0.00
0.69
0.81
0.71
0.02
0.00
0.74
0.84
0.73
0.03
0.00
0.71
0.85
0.71
0.04
0.00
0.73
0.81
0.70
0.03
0.00
0.74
0.82
0.70
0.04
0.01
0.71
0.82
0.71
0.05
0.00
0.74
0.81
0.71
0.04
0.00
0.70
0.81
0.75
0.03
0.00
0.73
0.80
0.70
0.03
0.00
0.72
0.79
0.74
0.05
0.00
0.71
0.81
0.70
0.04
0.00
0.73
0.80
0.68
0.03
0.00
0.72
0.84
0.72
0.03
0.00
0.74
0.81
0.69
0.05
0.00
0.69
0.82
0.69
0.03
0.00
0.75
0.80
0.71
0.03
0.00
0.71
0.81
0.71
0.03
0.00
0.69
0.81
0.70
0.04
0.00
0.72
0.79
0.73
0.03
0.00
0.74
0.82
0.69
0.04
0.00
0.74
0.82
0.72
0.02
0.00
0.71
0.81
0.72
0.04
0.00
0.73
0.80
0.69
0.03
0.00
0.73
0.81
0.74
0.03
0.00
0.73
0.77
0.70
0.02
0.00
0.75
0.83
0.71
0.03
0.00
0.70
0.80
0.73
0.04
0.00
0.76
0.82
0.71
0.04
0.00
0.71
0.81
0.73
0.04
0.00
0.73
0.80
0.73
0.03
0.00
0.73
0.81
0.67
0.02
0.00
0.73
0.80
0.70
0.04
0.00
0.69
0.83
0.73
0.04
0.00
0.70
0.78
0.69
0.03
0.00
0.70
0.81
0.73
0.04
0.00
0.75
0.84
0.71
0.03
0.00
0.71
0.81
0.76
0.03
0.00
0.71
0.80
0.71
0.04
0.00
0.69
0.79
0.69
0.03
0.00
0.72
0.80
0.70
0.04
0.00
0.70
0.81
0.68
0.03
0.00
0.69
0.79
0.69
0.04
0.00
0.73
0.80
0.72
0.04
0.00
0.74
0.80
0.68
0.05
0.00
0.72
0.79
0.72
0.04
0.00
0.69
0.81
0.74
0.05
0.00
0.75
0.84
0.70
0.04
0.00
0.71
0.78
0.69
0.05
0.00
0.69
0.78
0.72
0.04
0.00
0.71
0.81
0.73
0.04
0.00
0.69
0.79
0.68
0.03
0.00
0.73
0.77
0.72
0.03
0.00
0.71
0.84
0.70
0.03
0.00
0.75
0.81
0.70
0.03
0.00
0.69
0.80
0.71
0.02
0.00
0.72
0.84
0.74
0.04
0.00
0.77
0.84
0.72
0.04
0.00
0.76
0.81
0.72
0.02
0.00
0.69
0.79
0.68
0.03
0.00
0.70
0.79
0.68
0.04
0.00
0.72
0.80
0.74
0.04
0.00
0.70
0.79
0.71
0.04
0.00
0.75
0.84
0.70
0.02
0.00
0.72
0.82
0.73
0.05
0.00
0.72
0.80
0.70
0.03
0.00
0.70
0.81
0.69
0.04
0.00
0.70
0.83
0.72
0.03
0.00
0.72
0.82
0.69
0.04
0.00
0.73
0.79
0.71
0.03
0.00
0.72
0.82
0.72
0.03
0.00
0.76
0.80
0.72
0.03
0.00
0.69
0.81
0.71
0.03
0.00
0.69
0.77
0.69
0.03
0.00
0.72
0.80
0.69
0.03
0.00
0.71
0.78
0.68
0.03
0.00
0.74
0.79
0.72
0.04
0.00
0.72
0.80
0.70
0.04
0.00
0.71
0.82
0.72
0.03
0.00
0.71
0.78
0.73
0.01
0.00
0.75
0.79
0.71
0.03
0.01
0.72
0.80
0.71
0.03
0.00
0.76
0.80
0.71
0.03
0.00
0.74
0.82
0.71
0.03
0.00
0.72
0.81
0.73
0.03
0.00
0.75
0.80
0.72
0.05
0.00
0.74
0.81
0.74
0.04
0.00
0.73
0.86
0.72
0.03
0.00
0.76
0.82
0.62
0.02
0.00
0.74
0.93
0.73
0.03
0.00
0.73
0.76
0.71
0.03
0.00
0.72
0.79
0.70
0.04
0.00
0.74
0.81
0.69
0.04
0.00
0.72
0.78
0.71
0.03
0.00
0.71
0.79
0.71
0.04
0.00
0.73
0.83
0.69
0.03
0.00
0.70
0.81
0.71
0.03
0.00
0.75
0.79
0.72
0.02
0.00
0.72
0.80
0.70
0.05
0.00
0.76
0.79
0.72
0.04
0.00
0.74
0.80
0.69
0.05
0.00
0.72
0.83
0.69
0.03
0.00
0.74
0.80
0.69
0.04
0.00
0.73
0.81
0.71
0.04
0.00
0.72
0.80
0.71
0.03
0.00
0.75
0.76
0.69
0.03
0.00
0.73
0.80
0.71
0.02
0.00
0.78
0.80
0.59
0.05
0.00
0.71
0.87
0.70
0.03
0.00
0.74
0.77
0.72
0.04
0.00
0.69
0.76
0.71
0.04
0.00
0.72
0.81
0.70
0.02
0.00
0.71
0.76
0.68
0.03
0.00
0.71
0.77
0.72
0.03
0.00
0.69
0.83
0.78
0.02
0.00
0.71
0.72
0.72
0.03
0.00
0.73
0.84
0.73
0.04
0.00
0.78
0.81
0.70
0.04
0.00
0.72
0.79
0.72
0.04
0.00
0.69
0.83
0.72
0.02
0.00
0.75
0.78
0.73
0.03
0.00
0.72
0.81
0.70
0.04
0.00
0.71
0.80
0.69
0.04
0.00
0.68
0.78
0.72
0.03
0.00
0.74
0.83
0.75
0.03
0.00
0.70
0.80
0.71
0.03
0.00
0.77
0.85
0.76
0.04
0.00
0.73
0.91
0.84
0.04
0.00
0.71
0.88
0.79
0.04
0.00
0.80
0.92
0.78
0.03
0.00
0.75
0.90
0.71
0.05
0.00
0.77
0.86
0.77
0.04
0.00
0.83
0.89
0.84
0.04
0.00
0.82
0.89
0.76
0.03
0.77
0.00
0.75
0.64
0.70
0.71
0.04
0.00
0.73
0.84
0.71
0.02
0.00
0.70
0.80
0.70
0.03
0.00
0.76
0.79
0.68
0.04
0.00
0.74
0.81
0.74
0.04
0.00
0.72
0.82
0.71
0.03
0.00
0.72
0.79
0.73
0.03
0.00
0.69
0.83
0.74
0.02
0.00
0.72
0.79
0.71
0.03
0.00
0.70
0.81
0.71
0.02
0.00
0.70
0.82
0.73
0.03
0.00
0.71
0.83
0.74
0.04
0.00
0.73
0.81
0.70
0.03
0.00
0.71
0.83
0.70
0.03
0.00
0.73
0.80
0.69
0.04
0.00
0.74
0.81
0.70
0.02
0.00
0.69
0.78
0.73
0.04
0.00
0.77
0.80
0.72
0.05
0.00
0.69
0.78
0.69
0.04
0.00
0.70
0.85
0.72
0.03
0.00
0.74
0.81
0.68
0.03
0.00
0.69
0.78
0.75
0.04
0.00
0.71
0.83
0.71
0.03
0.01
0.69
0.79
0.72
0.02
0.00
0.74
0.81
0.73
0.03
0.00
0.73
0.80
0.69
0.04
0.00
0.73
0.83
0.71
0.03
0.00
0.72
0.83
0.71
0.03
0.00
0.72
0.79
0.72
0.02
0.00
0.71
0.83
0.72
0.03
0.00
0.72
0.83
0.74
0.04
0.00
0.72
0.77
0.74
0.04
0.00
0.75
0.84
0.72
0.04
0.00
0.71
0.79
0.69
0.02
0.00
0.71
0.81
0.72
0.02
0.00
0.71
0.82
0.71
0.04
0.00
0.71
0.82
0.73
0.04
0.00
0.72
0.80
0.71
0.04
0.00
0.74
0.83
0.70
0.04
0.00
0.70
0.81
0.72
0.03
0.00
0.73
0.82
0.70
0.03
0.00
0.71
0.82
0.73
0.02
0.00
0.73
0.81
0.69
0.02
0.00
0.73
0.81
0.74
0.03
0.73
0.00
0.73
0.79
0.68
0.04
0.00
0.73
0.81
0.72
0.02
0.01
0.74
0.81
0.73
0.04
0.00
0.73
0.81
0.69
0.02
0.00
0.75
0.79
0.74
0.02
0.00
0.76
0.79
0.70
0.02
0.00
0.72
0.79
0.74
0.03
0.00
0.72
0.78
0.74
0.02
0.00
0.72
0.81
0.68
0.04
0.00
0.72
0.79
0.70
0.04
0.00
0.72
0.82
0.73
0.03
0.00
0.70
0.81
0.71
0.03
0.00
0.76
0.85
0.73
0.03
0.00
0.71
0.78
0.71
0.03
0.00
0.70
0.85
0.71
0.03
0.00
0.74
0.87
0.72
0.04
0.00
0.70
0.84
0.72
0.03
0.00
0.71
0.80
0.75
0.03
0.01
0.73
0.83
0.69
0.04
0.00
0.70
0.83
0.69
0.04
0.00
0.69
0.80
0.73
0.03
0.00
0.75
0.82
0.71
0.03
0.00
0.75
0.84
0.70
0.03
0.00
0.71
0.79
0.75
0.03
0.01
0.73
0.79
0.71
0.03
0.00
0.71
0.82
0.72
0.03
0.00
0.69
0.82
0.74
0.04
0.00
0.77
0.85
0.70
0.04
0.00
0.73
0.82
0.70
0.03
0.00
0.72
0.80
0.73
0.04
0.00
0.68
0.81
0.72
0.03
0.00
0.73
0.84
0.73
0.03
0.00
0.75
0.81
0.70
0.02
0.00
0.72
0.79
0.71
0.04
0.00
0.74
0.80
0.71
0.04
0.00
0.75
0.78
0.70
0.04
0.00
0.71
0.83
0.72
0.03
0.72
0.00
0.76
0.79
0.71
0.02
0.00
0.73
0.82
0.70
0.04
0.69
0.00
0.70
0.81
0.72
0.04
0.01
0.69
0.83
0.72
0.03
0.00
0.68
0.80
0.74
0.04
0.00
0.75
0.82
0.71
0.02
0.72
0.00
0.74
0.82
0.70
0.74
0.02
0.00
0.74
0.80
0.74
0.03
0.00
0.73
0.84
0.69
0.05
0.00
0.71
0.80
0.73
0.03
0.75
0.00
0.72
0.77
0.73
0.05
0.74
0.00
0.72
0.83
0.71
0.03
0.00
0.73
0.84
0.70
0.04
0.00
0.69
0.83
0.73
0.02
0.00
0.71
0.79
0.74
0.04
0.00
0.72
0.84
0.72
0.76
0.03
0.00
0.70
0.66
0.71
0.05
0.74
0.00
0.75
0.88
0.62
0.06
0.76
0.00
0.74
0.81
0.73
0.74
0.05
0.00
0.74
0.75
0.69
0.04
0.00
0.70
0.84
0.73
0.03
0.72
0.00
0.73
0.83
0.71
0.02
0.70
0.00
0.73
0.77
0.75
0.74
0.04
0.00
0.59
0.79
0.70
0.05
0.76
0.00
0.70
0.78
0.71
0.03
0.00
0.72
0.82
0.76
0.03
0.00
0.72
0.66
0.74
0.04
0.00
0.68
0.83
0.73
0.03
0.00
0.72
0.80
0.71
0.03
0.00
0.71
0.81
0.70
0.03
0.00
0.72
0.83
0.75
0.03
0.00
0.73
0.81
0.71
0.05
0.76
0.00
0.75
0.70
0.61
0.72
0.04
0.00
0.73
0.84
0.63
0.03
0.73
0.00
0.61
0.85
0.70
0.04
0.71
0.00
0.70
0.75
0.71
0.03
0.00
0.75
0.86
0.72
0.04
0.76
0.00
0.73
0.71
0.75
0.05
0.00
0.61
0.72
0.77
0.05
0.73
0.00
0.71
0.84
0.75
0.05
0.00
0.63
0.79
0.63
0.03
0.74
0.00
0.58
0.78
0.73
0.03
0.72
0.00
0.72
0.81
0.69
0.71
0.05
0.00
0.75
0.86
0.66
0.04
0.78
0.00
0.75
0.70
0.78
0.03
0.00
0.75
0.76
0.58
0.05
0.75
0.00
0.71
0.82
0.75
0.71
0.03
0.74
0.00
0.69
0.67
0.70
0.02
0.00
0.71
0.90
0.70
0.05
0.00
0.67
0.75
0.62
0.03
0.73
0.00
0.71
0.80
0.73
0.03
0.71
0.00
0.74
0.80
0.70
0.04
0.00
0.74
0.87
0.78
0.03
0.71
0.00
0.61
0.77
0.73
0.71
0.03
0.71
0.00
0.71
0.75
0.71
0.70
0.05
0.00
0.78
0.80
0.60
0.02
0.00
0.78
0.87
0.59
0.04
0.00
0.69
0.90
0.72
0.05
0.59
0.00
0.71
0.77
0.76
0.02
0.70
0.00
0.69
0.80
0.72
0.03
0.71
0.00
0.71
0.86
0.70
0.02
0.00
0.70
0.85
0.74
0.76
0.04
0.00
0.74
0.86
0.71
0.03
0.00
0.56
0.85
0.72
0.67
0.05
0.00
0.75
0.65
0.76
0.03
0.73
0.00
0.57
0.84
0.73
0.03
0.00
0.70
0.88
0.68
0.62
0.05
0.00
0.72
0.79
0.69
0.03
0.00
0.72
0.78
0.75
0.72
0.03
0.00
0.73
0.77
0.73
0.05
0.73
0.00
0.71
0.80
0.73
0.01
0.00
0.72
0.82
0.73
0.03
0.00
0.71
0.80
0.71
0.74
0.05
0.00
0.72
0.78
0.71
0.03
0.68
0.00
0.60
0.80
0.74
0.03
0.00
0.74
0.63
0.74
0.74
0.05
0.00
0.73
0.93
0.68
0.04
0.00
0.57
0.86
0.73
0.59
0.05
0.00
0.72
0.76
0.70
0.05
0.77
0.00
0.70
0.88
0.71
0.02
0.00
0.63
0.85
0.74
0.04
0.00
0.73
0.76
0.77
0.03
0.00
0.69
0.74
0.72
0.64
0.04
0.00
0.72
0.72
0.68
0.65
0.04
0.00
0.72
0.68
0.70
0.77
0.03
0.00
0.68
0.75
0.82
0.03
0.00
0.74
0.64
0.73
0.02
0.00
0.72
0.75
0.76
0.02
0.00
0.60
0.69
0.73
0.05
0.84
0.00
0.75
0.72
0.71
0.77
0.03
0.00
0.72
0.70
0.78
0.03
0.74
0.00
0.61
0.84
0.57
0.03
0.69
0.00
0.72
0.86
0.74
0.03
0.00
0.63
0.82
0.78
0.02
0.70
0.01
0.64
0.83
0.60
0.74
0.03
0.00
0.73
0.81
0.71
0.04
0.78
0.00
0.77
0.83
0.61
0.70
0.02
0.00
0.61
0.70
0.58
0.78
0.06
0.00
0.71
0.69
0.71
0.04
0.00
0.78
0.86
0.70
0.03
0.74
0.00
0.77
0.84
0.70
0.02
0.00
0.76
0.81
0.63
0.71
0.05
0.76
0.00
0.75
0.65
0.60
0.04
0.72
0.00
0.78
0.80
0.64
0.73
0.02
0.00
0.55
0.86
0.75
0.03
0.76
0.00
0.75
0.75
0.71
0.72
0.03
0.00
0.76
0.82
0.72
0.01
0.00
0.74
0.86
0.72
0.58
0.04
0.00
0.72
0.85
0.77
0.02
0.60
0.00
0.71
0.76
0.72
0.03
0.71
0.00
0.70
0.84
0.78
0.02
0.00
0.72
0.65
0.78
0.75
0.05
0.00
0.62
0.82
0.75
0.72
0.03
0.00
0.75
0.22
2.90
1.12
0.01
0.00
0.36
0.53
0.63
0.63
0.67
0.67
0.03
0.00
0.68
0.83
0.80
0.76
0.02
0.00
0.72
0.91
0.72
0.02
0.00
0.69
0.75
0.72
0.02
0.00
0.68
0.79
0.72
0.03
0.00
0.71
0.84
0.72
0.02
0.00
0.72
0.84
0.76
0.04
0.00
0.72
0.80
0.73
0.02
0.00
0.73
0.82
0.72
0.02
0.00
0.73
0.84
0.72
0.03
0.00
0.73
0.81
0.71
0.02
0.00
0.78
0.81
0.62
0.02
0.00
0.74
0.90
0.74
0.70
0.05
0.00
0.70
0.78
0.74
0.02
0.00
0.72
0.87
0.73
0.02
0.00
0.74
0.87
0.76
0.01
0.00
0.22
3.60
1.33
0.00
0.00
0.60
0.19
0.10
0.01
0.00
1.11
1.86
0.55
0.01
0.00
0.94
0.96
1.02
0.26
0.02
0.00
0.14
0.22
0.30
0.38
0.45
0.52
0.47
0.02
0.00
