4
5
6
6
162
306
460
610
754
874
1009
86
233
382
531
680
820
928
1064
1085
1110
1222
193
491
692
1013
1339
1374
1407
1443
1483
1524
1582
1628
1686
1742
1808
1872
1941
2007
2077
2136
2652
2916
1951
1908
1854
1756
1708
1630
1595
1645
1721
1783
1848
1911
1965
2033
2090
2177
3493
2202
3110
2289
1938
1645
1597
1591
1664
1745
1799
1887
1953
2055
2107
3137
3537
2173
1834
1595
1551
1629
1690
3572
1790
1996
1837
1536
1510
1603
2364
2523
1651
1435
1510
194
221
391
450
1296
1341
1405
1453
1568
1233
1299
1370
1428
1481
1553
2270
2481
1624
1317
1358
1421
2261
2489
1487
1296
1353
2107
2423
1425
1306
1367
2229
2549
1436
1321
1379
2269
2644
1445
1308
1383
2115
2357
1448
1339
1390
2916
1477
1543
1566
1429
1546
2970
3575
1600
1357
1450
1504
1594
1856
2398
194
223
358
417
193
221
352
395
1300
1344
1406
1404
1458
1273
1300
1361
1441
1513
1633
1669
1589
1299
1344
1409
1525
1563
1478
1285
1346
1414
1530
1584
1475
1282
1347
1385
1393
1412
1294
1354
1409
1427
1417
1289
1355
1417
1434
1418
1295
1361
1437
1451
1424
1292
1354
1479
1503
1418
1291
1355
1457
1486
1419
1297
1362
1538
1591
1427
1298
1360
1459
1517
1428
1299
1362
1552
1590
1428
1296
1363
1498
1535
1426
1298
1361
1530
1567
1427
1301
1361
1511
1545
1424
1298
1360
1524
1583
1427
1306
1365
1535
1570
1430
1303
1310
1486
1527
1408
1336
1397
1585
1636
1465
1299
1365
1552
1617
1434
1312
1373
1586
1640
1437
1306
1370
1620
1683
1435
1304
1370
1579
1646
1441
1309
1372
1606
1674
1433
1307
1371
1607
1665
1434
1308
1379
1734
1851
1438
1308
1372
1705
1806
1438
1314
1375
1708
1803
1440
1312
1375
1627
1684
1443
1312
1378
1619
1683
1441
1309
1376
1650
1712
1441
1310
1372
1609
1680
1436
1312
1374
1595
1678
1439
1316
1375
1662
1741
1437
1311
1375
1658
1743
1439
1314
1380
1678
1744
1445
1310
1374
1792
1867
1442
1315
1378
1658
1730
1445
1314
1376
1744
1886
1439
1322
1381
1821
1903
1448
1314
1380
1690
1756
1450
1321
1370
1642
1745
1436
1315
1377
1663
1739
1441
1312
1379
1626
1711
1443
1313
1378
1716
1819
1441
1312
1378
1720
1808
1443
1311
1380
1762
1852
1438
1313
1382
1758
1848
1440
1313
1375
1743
1869
1440
1315
1373
1676
1787
1443
1313
1379
1725
1805
1442
1314
1384
1767
1915
1444
1313
1378
1868
2062
1446
1313
1380
1918
2021
1442
1321
1378
1679
1787
1443
1314
1379
1743
1829
1443
1318
1379
1741
1861
1443
1318
1383
1923
2059
1442
1322
1382
1897
2048
1452
1313
1385
1939
2121
1443
1317
1382
1774
1880
1443
1322
1381
1893
2052
1449
1316
1382
1861
1967
1442
1316
1378
1780
1890
1446
1323
1382
1788
1897
1445
1315
1381
1977
2083
1440
1315
1384
1762
1885
1445
1315
1375
1817
1923
1445
1315
1381
1955
2123
1445
1317
1377
1728
1865
1449
1318
1378
1768
1894
1452
1316
1385
1733
1851
1442
1316
1378
1942
2088
1442
1320
1381
1862
1957
1453
1318
1387
1839
1951
1446
1323
1378
1784
1920
1442
1320
1379
1806
1931
1444
1322
1379
1802
1927
1446
1319
1381
1877
2049
1443
1317
1377
1875
2016
1444
1315
1382
1846
1996
1447
1318
1380
1978
2094
1447
1312
1385
1855
1993
1445
1316
1380
1898
2090
1446
1323
1382
1838
2052
1449
1321
1386
1847
2008
1448
1318
1383
1884
2039
1443
1320
1382
1920
2094
1449
1314
1381
1935
2128
1445
1318
1382
2057
2309
1449
1319
1382
2013
2230
1447
1318
1395
2058
2267
1448
1321
1389
2071
2288
1449
1324
1384
1994
2079
1450
1320
1387
2019
2209
1456
1321
1391
2119
2321
1449
1325
1388
2093
2274
1449
1321
1386
2113
2287
1452
1330
1382
2068
2278
1451
1320
1382
1979
2168
1443
1316
1380
2108
2316
1451
1316
1384
1964
2135
1454
1325
1385
1963
2115
1457
1321
1383
1871
2057
1455
1315
1385
1923
2084
1451
1318
1384
2093
2250
1448
1321
1383
1937
2116
1451
1317
1379
1847
2014
1447
1317
1382
2092
2355
1447
1329
1387
2152
2350
1451
1317
1378
2092
2270
1451
1318
1378
1963
2140
1452
1317
1384
2098
2254
1453
1319
1380
2004
2166
1446
1324
1380
1944
2088
1450
1322
1387
1884
2033
1452
1326
1384
1958
2133
1454
1327
1389
2066
2334
1450
1326
1387
2049
2234
1452
1332
1386
2006
2175
1446
1320
1382
1882
2022
1457
1322
1388
1987
2165
1449
1313
1381
2006
2208
1441
1324
1383
1916
2077
1446
1321
1385
2161
2425
1449
1323
1382
1954
2186
1447
1314
1380
2136
2309
1443
1314
1374
1962
2143
1442
1318
1388
1980
2122
1444
1320
1382
2172
2437
1445
1318
1388
2184
2432
1448
1318
1378
2112
2337
1447
1327
1386
2137
2389
1448
1320
1385
2175
2458
1445
1316
1388
2229
2369
1444
1317
1387
1973
2143
1450
1321
1379
2015
2169
1440
1318
1388
2076
2342
1436
1311
1384
2025
2202
1438
1320
1383
2165
2341
1446
1321
1380
2145
2376
1444
1324
1378
1866
2055
1446
1318
1382
1974
2144
1458
1325
1387
2005
2219
1451
1319
1392
1984
2172
1454
1323
1378
2234
2430
1445
1318
1385
2064
2299
1445
1321
1393
2269
2521
1450
1316
1388
2247
2450
1453
1326
1378
2134
2272
1446
1325
1385
1942
2133
1449
1323
1379
2239
2502
1451
1321
1383
2203
2537
1449
1323
1383
2271
2546
1451
1317
1388
2260
2456
1448
1324
1390
2113
2305
1445
1316
1378
2106
2265
1445
1324
1388
2278
2589
1449
1324
1386
2045
2239
1449
1328
1379
2069
2294
1447
1325
1380
2060
2263
1445
1324
1385
2127
2308
1447
1322
1383
2204
2380
1452
1316
1383
2129
2289
1446
1323
1385
2050
2252
1450
1317
1386
2272
2578
1449
1320
1381
2289
2557
1448
1326
1382
2282
2576
1450
1323
1384
2284
2463
1453
1330
1386
2304
2540
1451
1321
1384
2302
2472
1449
1329
1392
2312
2524
1446
1319
1380
2114
2297
1444
1317
1387
2407
2643
1449
1321
1393
2195
2458
1455
1330
1387
2191
2528
1450
1325
1386
2334
2696
1458
1323
1383
2139
2352
1453
1323
1385
2272
2468
1463
1329
1387
2101
2367
1453
1322
1384
2073
2293
1446
1319
1382
2106
2363
1446
1337
1388
2268
2536
1448
1318
1383
2257
2487
1450
1320
1388
2296
2580
1446
1326
1390
2352
2690
1455
1325
1381
2340
2599
1447
1330
1387
2247
2511
1453
1316
1383
2315
2575
1446
1321
1383
2371
2621
1450
1320
1380
2225
2553
1443
1326
1391
2095
2293
1445
1321
1386
2078
2416
1444
1324
1390
2320
2707
1446
1325
1387
2197
2467
1447
1319
1380
2346
2652
1444
1325
1383
2219
2511
1444
1326
1392
2236
2474
1456
1322
1382
2102
2340
1447
1325
1389
2136
2359
1446
1316
1392
2511
2734
1449
1319
1387
2159
2522
1448
1328
1385
2365
2619
1449
1323
1386
2320
2520
1449
1320
1384
2426
2641
1447
1317
1385
2145
2527
1440
1322
1392
2411
2782
1447
1320
1386
2399
2727
1451
1325
1381
2325
2538
1453
1331
1380
2122
2382
1453
1330
1391
2491
2731
1456
1323
1380
2351
2689
1450
1324
1379
2229
2553
1449
1325
1381
2415
2711
1458
1321
1380
2346
2636
1451
1326
1385
2373
2597
1451
1323
1378
2408
2599
1453
1327
1391
2450
2757
1459
1319
1390
2296
2746
1450
1326
1388
2420
2786
1447
1328
1385
2365
2747
1446
1325
1384
2194
2448
1442
1321
1386
2426
2643
1452
1325
1382
2094
2498
1458
1318
1382
2482
2770
1450
1324
1389
2349
2693
1448
1327
1394
2424
2719
1451
1325
1386
2409
2615
1453
1321
1393
2152
2470
1447
1322
1388
2154
2391
1454
1327
1386
2084
2348
1453
1324
1380
2446
2777
1450
1318
1390
2453
2738
1451
1325
1389
2483
2792
1446
1322
1379
2437
2687
1452
1323
1391
2216
2520
1444
1333
1385
2123
2385
1459
1321
1389
2133
2448
1450
1329
1381
2119
2389
1451
1329
1394
2160
2506
1455
1330
1383
2101
2413
1450
1321
1392
2136
2400
1453
1320
1391
2445
2753
1455
1328
1387
2453
2780
1457
1319
1383
2383
2673
1442
1321
1377
2557
2799
1449
1325
1392
2552
2880
1453
1328
1392
2492
2890
1449
1325
1386
2226
2484
1461
1329
1389
2481
2824
1455
1322
1387
2483
2856
1447
1322
1386
2469
2846
1454
1328
1386
2458
2855
1455
1335
1377
2121
2421
1447
1322
1380
2086
2308
1449
1333
1390
2452
2877
1457
1325
1392
2530
2938
1447
1322
1383
2449
2860
1460
1316
1388
2488
2727
1445
1334
1397
2479
2731
1452
1321
1382
2416
2880
1452
1329
1389
2439
2827
1459
1322
1393
2529
2817
1446
1326
1382
2482
2858
1455
1328
1385
2475
2849
1454
1323
1386
2658
3051
1453
1320
1392
2508
2814
1461
1321
1389
2131
2482
1451
1322
1392
2483
2746
1447
1332
1392
2037
2230
1452
1321
1383
2201
2511
1454
1323
1387
2349
2762
1449
1321
1387
2547
2887
1447
1325
1380
2458
2901
1449
1319
1386
2454
2866
1452
1321
1391
2507
2889
1452
1332
1385
2522
2797
1453
1318
1390
2136
2529
1451
1341
1392
2524
2928
1458
1338
1383
2245
2575
1453
1325
1383
2461
2705
1448
1333
1385
2093
2485
1459
1325
1381
2115
2420
1449
1318
1384
2284
2732
1450
1333
1392
2460
2858
1458
1331
1387
2483
2993
1454
1334
1387
2583
2957
1454
1333
1385
2634
3027
1453
1322
1387
2374
2821
1451
1327
1389
2475
2897
1449
1323
1397
2721
3152
1461
1320
1386
2165
2458
1461
1317
1384
2212
2482
1455
1326
1388
2258
2543
1447
1334
1388
2614
2878
1459
1321
1397
2233
2537
1451
1327
1389
2299
2518
1446
1321
1387
2263
2637
1459
1318
1385
2175
2609
1450
1332
1384
2462
2856
1452
1325
1405
2587
2860
1451
1323
1399
2297
2590
1443
1329
1394
2548
2988
1451
1322
1377
2327
2602
1448
1326
1385
2472
2897
1458
1322
1398
2444
2932
1447
1321
1393
2667
3082
1464
1316
1388
2498
2786
1461
1330
1389
2573
2991
1447
1322
1390
2502
3069
1461
1318
1387
2579
2962
1453
1333
1399
2651
3028
1451
1325
1399
2501
2873
1458
1320
1391
2499
2892
1451
1324
1401
2245
2527
1451
1328
1398
2198
2566
1454
1325
1385
2571
2948
1462
1321
1397
2596
3051
1445
1324
1392
2628
3170
1452
1325
1388
2482
2938
1444
1329
1388
2606
2902
1449
1330
1407
2275
2578
1453
1327
1391
2497
3061
1461
1329
1391
2643
3079
1450
1339
1397
2563
2983
1465
1320
1388
2518
2792
1456
1322
1386
2576
2994
1454
1333
1401
2595
3077
1462
1323
1394
2514
3240
1460
1323
1383
2109
2673
1449
1330
1394
2782
3398
1449
1327
1390
2302
2657
1460
1331
1396
2156
2496
1460
1331
1384
2198
2458
1459
1329
1392
2542
2880
1462
1324
1394
2630
3058
1463
1324
1392
2630
3007
1458
1317
1383
2150
2567
1451
1323
1391
2695
3103
1459
1325
1385
2208
2659
1454
1326
1391
2121
2516
1462
1325
1391
2549
2967
1447
1322
1399
2071
2275
1451
1324
1388
2092
2296
1461
1333
1390
2207
2529
1449
1325
1391
2179
2424
1454
1320
1384
2026
2716
1453
1331
1395
2187
2498
1447
1323
1394
2173
2482
1468
1326
1395
2611
2998
1470
1334
1380
2210
2486
1449
1328
1390
2478
2926
1466
1324
1391
2535
2995
1460
1324
1382
2542
2958
1452
1330
1398
2598
3102
1462
1329
1394
2552
2988
1450
1326
1390
2590
3060
1456
1324
1388
2584
3373
1455
1335
1399
2365
2661
1471
1334
1423
2827
3129
1481
1317
1387
2479
2809
1453
1331
1394
2680
2958
1459
1337
1397
2543
3177
1462
1333
1402
2588
2822
1471
1334
1413
2345
2555
1460
1328
1394
2222
2760
1458
1327
1391
2725
3013
1465
1328
1388
2566
3118
1464
1337
1397
2635
3117
1451
1341
1399
2643
3149
1465
1333
1397
2749
3165
1458
1339
1400
2580
3004
1459
1325
1390
2548
2996
1457
1329
1394
2536
3064
1460
1334
1399
2685
2951
1469
1324
1386
2556
3008
1455
1332
1400
2578
3140
1463
1327
1392
2505
2922
1462
1335
1396
2268
2570
1470
1339
1402
2240
2678
1465
1333
1410
2266
2784
1461
1326
1388
2271
2748
1457
1327
1387
2525
2933
1455
1332
1389
1989
2407
1463
1327
1404
2560
3104
1458
1327
1385
2659
2937
1455
1330
1394
2294
2714
1461
1329
1391
2211
2695
1455
1335
1398
2538
3122
1456
1336
1392
2184
2484
1460
1329
1398
2288
2646
1460
1332
1398
2618
3026
1461
1336
1402
2584
2996
1457
1336
1391
2536
3175
1469
1334
1402
2794
3332
1457
1331
1398
2680
3084
1470
1334
1395
2221
2462
1462
1337
1398
2882
3109
1458
1337
1407
2233
2825
1458
1332
1406
2846
3350
1464
1327
1401
2150
2447
1458
1327
1389
2199
2567
1456
1330
1397
2581
3001
1468
1333
1389
2583
2985
1460
1332
1393
2165
2529
1458
1328
1396
2145
2477
1458
1336
1391
2593
2909
1468
1332
1393
2633
3097
1462
1342
1397
2587
2931
1476
1330
1424
2640
3089
1488
1326
1385
2539
3035
1459
1341
1403
2517
2921
1461
1326
1404
2648
3028
1464
1339
1393
2933
3185
1459
1326
1397
2139
2625
1466
1329
1390
2274
2660
1464
1331
1396
2586
3262
1465
1327
1394
2532
3084
1466
1341
1409
1465
1599
1867
1534
1383
1457
2591
3209
1516
1327
1393
2547
2943
1466
1335
1394
2520
2986
1474
1326
1389
2603
2997
1462
1326
1402
3110
3530
1466
1333
1393
3039
1459
1491
1536
1389
1446
2644
3102
1517
1321
1399
2773
3121
1452
1340
1396
2196
2648
1464
1333
1395
2497
2683
1473
1336
1400
2848
3348
1465
1332
1402
2490
3006
1464
1336
1401
2729
2957
1468
1331
1396
2484
2916
1456
1330
1388
2180
2428
1453
1332
1405
2315
2550
1459
1331
1393
2413
2725
1460
1332
1383
2821
3311
1453
1341
1410
2216
2502
1467
1327
1397
2603
3201
1467
1338
1396
2686
3186
1474
1327
1411
2743
2927
1457
1331
1396
2624
2864
1478
1344
1397
2737
3315
1462
1335
1404
2068
2390
1457
1328
1403
2135
2431
1476
1328
1402
2734
3230
1462
1333
1394
2632
3032
1459
1335
1394
2654
3108
1465
1321
1391
2669
3112
1456
1337
1403
2171
2695
1472
1333
1391
2557
3227
1472
1331
1395
2777
3277
1462
1327
1390
2484
2716
1459
1343
1399
2247
2573
1462
1338
1401
2645
2991
1465
1329
1402
2254
2628
1468
1326
1395
2491
2791
1459
1332
1398
2572
3230
1472
1335
1400
2580
2984
1463
1338
1397
3113
3515
1460
1337
1397
2335
2667
1454
1327
1400
2204
2414
1459
1329
1398
2597
2997
1453
1328
1408
2207
2505
1467
1344
1396
2608
3238
1457
1336
1397
2685
2965
1457
1329
1398
2228
2512
1452
1348
1405
2513
2811
1480
1331
1422
2350
2700
1491
1310
1391
2217
2495
1457
1342
1403
2739
2989
1468
1332
1397
2525
1470
1568
1529
1394
1456
2580
3028
1536
1333
1401
2379
2778
1471
1333
1406
2638
3290
1481
1337
1396
2866
3564
1468
1344
1400
2800
3237
1474
1336
1403
2337
2680
1472
1346
1401
2333
2795
1480
1332
1424
2508
3010
1480
1317
1389
2565
3157
1452
1354
1404
3062
3368
1479
1331
1390
2372
2656
1460
1339
1395
2420
2807
1469
1345
1402
2390
2680
1474
1331
1406
2862
3240
1467
1334
1396
2572
3047
1462
1328
1404
2690
3446
1463
1341
1403
2643
3306
1461
1339
1404
2520
3044
1459
1345
1394
2195
2630
1460
1349
1401
2951
3421
1466
1336
1407
2793
3329
1471
1332
1392
2566
3116
1460
1321
1400
2614
3008
1462
1334
1403
2733
3285
1457
1330
1397
2733
3281
1466
1333
1390
2202
2480
1466
1326
1400
2488
2755
1469
1340
1401
2207
2853
1467
1327
1407
2614
3071
1470
1338
1396
2598
3312
1464
1333
1407
2581
2933
1460
1342
1394
2648
3116
1479
1329
1408
2796
3133
1470
1342
1393
2657
3061
1466
1343
1406
2810
3142
1469
1335
1389
2127
2398
1467
1339
1394
2204
2492
1459
1331
1410
2710
3117
1469
1340
1397
2499
2973
1460
1331
1403
2558
2971
1467
1336
1392
2436
2912
1469
1328
1402
2222
2532
1466
1336
1393
2559
2977
1458
1339
1394
2306
2506
1468
1327
1409
2251
2591
1455
1334
1398
2234
2530
1474
1331
1404
3008
3484
1458
1332
1399
3037
3417
1464
1338
1406
2288
2533
1466
1330
1397
2255
2607
1482
1335
1415
2363
2728
1487
1327
1381
2569
3179
1443
1333
1408
2612
3276
1474
1334
1398
2838
3124
1467
1332
1402
3074
1455
1520
1528
1395
1463
2687
3195
1525
1323
1410
2608
3258
1472
1345
1399
2983
3235
1464
1342
1409
2637
2961
1463
1327
1411
2533
3137
1467
1336
1395
2599
3017
1458
1330
1397
2705
2919
1468
1339
1405
2800
3237
1465
1346
1409
3143
3519
1465
1344
1405
3117
1463
1657
1525
1381
1458
2308
2946
1523
1327
1410
2594
2942
1479
1331
1402
2448
2716
1481
1334
1396
2685
3374
1454
1342
1398
2776
3150
1475
1339
1395
2619
3391
1464
1338
1404
2076
2394
1474
1336
1404
2066
2336
1474
1335
1402
2294
2616
1474
1339
1392
2896
3526
1469
1337
1412
3074
1470
1596
1533
1391
1460
2366
2852
1519
1331
1412
2208
2708
1460
1335
1405
2764
3343
1466
1332
1403
2633
3081
1472
1339
1408
3234
1468
1545
1528
1392
1456
2840
1532
1618
1580
1385
1450
2848
3443
1511
1339
1404
3390
1466
1668
1549
1391
1480
1557
1578
2417
1615
1372
1448
2756
3116
1501
1345
1399
2887
3619
1468
1347
1404
2468
1480
1530
1536
1402
1473
2629
3191
1533
1333
1408
2226
2452
1476
1366
1404
2960
3474
1500
1359
1442
2716
1493
1578
1587
1410
1496
3562
1556
1792
1621
1377
1429
1515
3445
1551
1738
1647
1395
1468
2702
3529
1531
1325
1405
2905
3275
1458
1338
1402
3269
1483
1641
1541
1420
1528
1577
1767
2301
1663
1379
1453
3115
3297
1515
1333
1401
2093
2343
1475
1354
1412
3322
1474
1690
1542
1388
1469
2769
3277
1527
1347
1396
3510
1468
2020
1529
1399
1464
2836
1525
1649
1604
1389
1471
3553
1549
1925
1606
1385
1456
1519
2755
3269
1590
1326
1417
2693
3019
1489
1329
1393
1460
1638
2202
1524
1400
1480
2344
3588
1545
1334
1426
3410
1511
1772
1572
1419
1484
2931
3212
1540
1345
1397
2417
2807
1472
1364
1413
2445
2901
1496
1354
1429
1497
1568
1662
1880
1632
1403
1488
1549
1553
2015
1626
1442
1455
1526
2626
3022
1596
1444
1419
1477
3177
3533
1534
1336
1397
1465
2991
3305
1523
1342
1415
3479
1466
1742
1552
1397
1497
1560
1750
2164
1650
1425
1523
1580
1671
2109
1633
1371
1426
1500
1604
2142
1574
1403
1501
2593
2933
1548
1342
1447
3049
1500
1561
1570
1443
1514
2844
3484
1570
1332
1408
3502
1459
1696
1522
1413
1488
1548
1864
2602
1620
1432
1479
1548
1927
3036
1633
1387
1483
2745
3077
1532
1376
1414
1488
2800
3134
1585
1372
1441
1482
3002
3346
1549
1372
1429
3567
1500
1958
1586
1459
1519
3137
1608
1634
1653
1436
1495
2543
2900
1552
1362
1453
2439
3323
1504
1386
1440
2490
3105
1509
1368
1452
1516
3453
1618
2594
1683
1461
1534
1584
2685
3418
1685
1414
1507
1581
2137
3223
1636
1430
1480
3142
1545
1695
1608
1404
1471
1527
1565
1925
1607
1427
1489
2683
3625
1549
1360
1395
1485
2579
2951
1527
1383
1460
1538
1572
2069
1609
1480
1558
3112
3372
1617
1400
1407
1506
3210
1590
1688
1679
1450
1539
3321
1603
1955
1655
1402
1455
1532
1592
2158
1597
1392
1484
1553
1735
1997
1613
1406
1486
2260
2828
1561
1322
1387
2597
1441
1446
1519
1397
1472
3616
1526
2042
1605
1411
1478
2832
3647
1549
1359
1406
1458
3400
1541
1971
193
1297
1338
1277
1317
1214
1280
1340
1414
1494
1574
1643
1953
2057
1702
1394
1342
1413
2215
2377
1476
1293
1348
1850
1992
1419
1295
1368
2072
2268
1425
1301
1362
1986
2268
1424
1300
1365
2105
2364
1432
1298
1365
2066
2333
1423
1306
1370
2684
2976
1435
1319
1368
2343
2622
1436
1311
1375
2555
3235
1447
1310
1387
2603
2983
1455
1316
1382
2544
3066
1447
1322
1390
2764
3291
1442
1313
1370
2884
3203
1449
1337
1380
2606
3150
1444
1331
1391
2745
3590
1484
315
1287
1403
1333
1546
315
341
511
576
893
1514
1554
1517
1702
1808
1796
1815
1830
1851
1870
1893
1916
1891
1987
1650
1635
1631
1639
