4
5
6
6
160
293
444
602
753
871
1016
86
230
383
536
688
821
950
1085
1104
1124
1151
193
487
675
987
1340
1375
1409
1443
1484
1529
1581
1630
1687
1749
1812
1880
1944
2013
2080
2368
2596
1916
1877
1842
1770
1719
1643
1585
1629
1708
1764
1827
1887
1952
2004
2085
2993
3425
2149
1805
1532
1516
1510
1597
1676
1753
1818
1927
1977
2063
2142
3117
3524
2203
1875
1571
1515
1567
2903
3350
1645
1377
1491
2389
2602
1570
1410
1502
194
222
360
420
1298
1352
1419
1538
1663
1275
1344
1400
1436
1514
2230
2405
1587
1303
1359
1426
2408
2776
1493
1298
1368
2107
2576
1446
1311
1373
1972
2171
1433
1311
1369
2535
2885
1440
1306
1392
2774
3050
1439
1362
1422
3662
1503
2466
1574
1454
1462
1560
2838
3234
1614
1347
1406
1469
2763
3267
1534
1321
1399
194
211
398
452
194
222
352
407
1297
1354
1421
1395
1444
1273
1320
1370
1431
1510
1640
1667
1582
1287
1349
1418
1602
1660
1482
1292
1360
1565
1616
1424
1301
1358
1395
1408
1423
1294
1359
1411
1422
1427
1293
1359
1410
1426
1428
1298
1363
1437
1454
1427
1298
1363
1456
1491
1426
1306
1363
1473
1493
1426
1302
1363
1463
1497
1427
1299
1366
1538
1595
1428
1308
1366
1495
1536
1433
1309
1367
1494
1553
1431
1310
1369
1504
1544
1434
1306
1372
1649
1682
1434
1300
1365
1546
1602
1428
1307
1371
1541
1576
1434
1313
1376
1538
1592
1445
1318
1381
1565
1611
1445
1312
1378
1575
1615
1445
1312
1374
1578
1627
1444
1321
1382
1576
1636
1441
1314
1376
1584
1630
1444
1310
1376
1580
1628
1439
1316
1377
1614
1677
1446
1315
1376
1639
1687
1439
1311
1375
1692
1821
1441
1317
1386
1766
1892
1446
1318
1381
1735
1863
1447
1320
1382
1747
1814
1445
1315
1387
1667
1765
1443
1324
1387
1774
1842
1445
1315
1377
1667
1718
1447
1315
1376
1630
1708
1443
1315
1382
1803
1926
1439
1313
1380
1669
1738
1444
1316
1378
1766
1835
1444
1318
1384
1791
1913
1450
1313
1383
1655
1769
1443
1318
1383
1672
1759
1446
1317
1380
1714
1782
1451
1320
1386
1766
1832
1446
1317
1385
1696
1784
1447
1318
1387
1831
1922
1448
1319
1384
1727
1790
1449
1319
1386
1679
1775
1445
1322
1380
1688
1796
1449
1321
1389
1905
2009
1450
1321
1391
1825
1964
1443
1315
1389
1771
1877
1449
1316
1381
1800
1902
1444
1314
1384
1722
1871
1449
1318
1386
1910
2053
1449
1332
1388
1756
1846
1458
1322
1385
1913
2014
1445
1317
1382
1731
1832
1443
1318
1383
1697
1801
1452
1315
1381
1802
1894
1446
1319
1381
1734
1830
1446
1320
1385
1793
1910
1465
1317
1389
1926
2003
1450
1322
1382
1756
1866
1449
1319
1384
1790
1879
1448
1316
1378
1740
1836
1445
1316
1382
1701
1871
1450
1323
1385
1989
2132
1452
1319
1388
1955
2136
1446
1317
1391
1964
2122
1448
1317
1387
1809
1921
1451
1320
1388
1851
1932
1447
1323
1386
1818
2004
1448
1315
1393
1985
2129
1448
1320
1384
1963
2144
1445
1322
1382
1812
1927
1457
1329
1382
1853
1952
1449
1325
1388
1866
1972
1450
1322
1383
1868
2015
1444
1325
1392
2028
2246
1446
1319
1380
1796
1914
1447
1321
1386
1932
2075
1454
1317
1387
1904
2100
1443
1321
1386
1822
1918
1451
1320
1386
1819
1926
1449
1321
1388
1861
2001
1445
1320
1388
1893
2035
1447
1319
1384
1846
1986
1455
1323
1381
1817
1937
1447
1331
1385
1891
2050
1447
1317
1390
1847
1965
1451
1331
1393
2024
2148
1455
1326
1388
1930
2124
1454
1322
1386
1795
1935
1454
1325
1389
2043
2251
1456
1322
1386
2071
2282
1454
1322
1391
1841
1961
1447
1329
1388
2052
2217
1447
1328
1388
1958
2076
1452
1323
1387
2085
2316
1460
1327
1391
1929
2113
1456
1323
1386
1987
2202
1452
1326
1389
1988
2179
1458
1320
1390
1978
2145
1458
1324
1384
1918
2036
1448
1322
1383
1901
2030
1452
1326
1387
1975
2120
1450
1322
1383
2012
2163
1458
1323
1386
2130
2291
1450
1323
1391
2177
2379
1457
1321
1380
2031
2161
1445
1328
1387
1927
2089
1453
1328
1395
1905
2059
1453
1324
1386
2063
2209
1450
1319
1385
1923
2074
1449
1323
1388
2018
2214
1449
1322
1398
1891
2030
1451
1321
1391
1928
2153
1454
1326
1388
1967
2130
1453
1326
1391
2065
2208
1459
1321
1382
1850
2012
1450
1324
1394
1934
2110
1453
1323
1391
2167
2395
1462
1324
1384
2204
2421
1454
1328
1388
2210
2426
1456
1322
1380
2069
2321
1456
1322
1390
2104
2263
1453
1322
1385
2041
2213
1455
1326
1390
2030
2188
1453
1329
1380
2156
2308
1456
1326
1386
2025
2168
1454
1317
1387
2257
2423
1450
1322
1402
1990
2179
1452
1327
1386
2068
2233
1452
1317
1390
2028
2190
1457
1324
1392
1970
2154
1451
1321
1391
2287
2431
1447
1326
1384
1992
2144
1452
1323
1386
2003
2152
1453
1320
1386
1972
2230
1444
1322
1386
1972
2204
1445
1321
1390
2168
2384
1456
1320
1385
2251
2511
1453
1318
1384
2223
2480
1450
1322
1388
2222
2398
1455
1327
1389
2173
2401
1447
1325
1389
1877
2019
1463
1327
1386
1912
2065
1453
1326
1386
2119
2260
1449
1328
1391
2161
2341
1461
1319
1388
2125
2344
1447
1324
1397
2251
2491
1450
1317
1382
2186
2387
1460
1332
1395
2153
2424
1460
1322
1387
2221
2444
1454
1322
1391
1964
2197
1451
1323
1383
2285
2562
1453
1321
1390
2102
2298
1454
1321
1389
2147
2409
1457
1324
1391
2309
2547
1453
1320
1385
2064
2275
1457
1323
1384
2096
2271
1450
1326
1388
2264
2490
1453
1319
1384
2141
2325
1449
1331
1388
2080
2244
1454
1326
1388
2110
2276
1453
1327
1388
2303
2471
1450
1330
1393
2131
2394
1453
1323
1387
2365
2557
1457
1327
1387
2206
2486
1452
1327
1389
2061
2275
1453
1329
1393
2073
2288
1454
1328
1390
2098
2320
1456
1324
1392
2338
2674
1456
1325
1391
2328
2572
1450
1325
1384
2148
2392
1452
1319
1391
2236
2429
1448
1319
1385
2122
2355
1459
1329
1395
1953
2274
1457
1322
1388
2167
2348
1455
1334
1387
2107
2301
1451
1329
1395
2107
2325
1461
1324
1389
2263
2555
1453
1324
1391
2345
2601
1448
1319
1387
2309
2525
1454
1325
1395
2386
2657
1452
1332
1387
2407
2710
1453
1327
1391
2251
2494
1455
1323
1393
2276
2529
1451
1332
1391
2401
2595
1463
1323
1389
2063
2255
1453
1335
1392
2185
2402
1455
1329
1396
2158
2369
1451
1326
1399
2424
2586
1464
1331
1385
2121
2293
1449
1327
1388
2100
2343
1454
1327
1393
2105
2475
1452
1323
1383
2331
2635
1452
1338
1392
2391
2688
1460
1324
1389
2282
2511
1451
1336
1397
2118
2388
1451
1328
1393
2396
2634
1461
1326
1386
2432
2625
1461
1331
1390
2386
2602
1450
1337
1393
2395
2753
1452
1329
1388
2430
2748
1447
1335
1388
2082
2344
1456
1321
1397
2143
2334
1458
1327
1390
2361
2630
1458
1325
1388
2139
2366
1457
1329
1397
2140
2381
1449
1327
1388
2424
2722
1447
1328
1387
2201
2573
1450
1328
1395
2342
2623
1457
1324
1388
2320
2624
1454
1319
1389
2397
2640
1454
1325
1394
2518
2894
1453
1319
1395
2169
2549
1450
1328
1393
2355
2654
1455
1331
1395
2431
2771
1455
1333
1391
2126
2439
1452
1322
1392
2168
2418
1451
1318
1386
2082
2381
1448
1332
1392
2146
2403
1456
1325
1390
2451
2762
1457
1323
1384
2402
2687
1463
1331
1382
2458
2785
1464
1325
1401
2151
2405
1455
1324
1396
2185
2511
1459
1333
1393
2133
2470
1460
1343
1391
2297
2497
1461
1322
1391
2165
2413
1458
1318
1396
2280
2548
1454
1328
1392
2152
2393
1470
1330
1397
2216
2481
1455
1318
1396
2434
2798
1450
1330
1386
2446
2830
1458
1327
1393
2497
2843
1460
1334
1391
2481
2841
1462
1329
1386
2440
2698
1453
1327
1396
2304
2584
1458
1331
1389
2109
2385
1461
1332
1399
2229
2456
1453
1329
1396
2324
2559
1459
1324
1387
2384
2736
1457
1331
1392
2460
2836
1454
1329
1394
2472
2887
1458
1326
1390
2226
2512
1459
1335
1391
2132
2541
1455
1327
1396
2435
2684
1452
1333
1384
2214
2456
1458
1331
1392
2468
2698
1470
1324
1397
2205
2487
1462
1333
1388
2160
2418
1458
1324
1400
2514
2962
1458
1322
1386
2154
2442
1465
1330
1398
2500
2853
1449
1331
1396
2554
2864
1452
1327
1390
2464
2728
1459
1326
1393
2549
2819
1451
1334
1394
2464
2862
1452
1324
1381
2591
2939
1451
1329
1387
2467
2873
1463
1323
1391
2540
2927
1450
1329
1408
2562
2910
1459
1325
1393
2543
2825
1452
1323
1397
2259
2553
1455
1327
1388
2358
2622
1444
1328
1397
2487
2863
1453
1330
1387
2495
2825
1449
1335
1387
2177
2463
1456
1325
1392
2560
3010
1455
1329
1392
2504
2946
1465
1326
1395
2483
2751
1455
1327
1407
2189
2597
1453
1324
1379
2139
2406
1450
1332
1390
2424
2789
1460
1323
1390
2250
2638
1456
1329
1397
2157
2483
1461
1328
1386
2196
2488
1445
1328
1389
2498
2767
1459
1325
1396
2468
2676
1462
1325
1392
2480
2898
1461
1329
1403
2703
3089
1453
1327
1398
2168
2459
1450
1331
1401
2165
2479
1458
1331
1407
2663
3066
1452
1335
1383
2549
2829
1460
1329
1391
2291
2675
1455
1328
1388
2514
2950
1450
1333
1394
2484
2864
1450
1340
1397
2446
2751
1458
1335
1396
2594
2870
1459
1324
1395
2521
2925
1463
1326
1395
2281
2573
1448
1321
1390
2192
2474
1448
1328
1389
2483
2835
1460
1326
1390
2156
2606
1462
1322
1391
2591
3056
1456
1338
1388
2458
2842
1450
1330
1387
2491
2875
1455
1326
1392
2551
3000
1456
1334
1390
2478
2782
1449
1332
1389
2181
2515
1453
1331
1389
2227
2597
1458
1341
1392
2209
2481
1456
1336
1388
2654
3126
1458
1330
1390
2496
2772
1459
1333
1387
2483
2898
1448
1323
1391
2141
2493
1467
1322
1387
2229
2529
1446
1330
1383
2563
2921
1449
1324
1398
2704
3092
1463
1329
1386
2620
3060
1462
1330
1392
2666
3050
1459
1329
1400
2720
3104
1457
1331
1393
2648
3073
1469
1331
1387
2571
2967
1455
1326
1397
2419
2769
1460
1331
1398
2508
2932
1459
1327
1393
2513
3172
1456
1326
1393
2599
2905
1471
1333
1388
2269
2655
1455
1333
1397
2481
2941
1471
1327
1398
2142
2424
1459
1327
1394
2558
2850
1467
1321
1388
2596
2894
1457
1337
1394
2488
2948
1458
1323
1391
2735
3219
1454
1330
1398
2650
3230
1456
1335
1397
2535
2925
1465
1339
1390
2348
2697
1450
1334
1395
2606
3183
1463
1327
1392
2406
2626
1451
1329
1394
2202
2626
1460
1326
1390
2368
2700
1470
1324
1391
2361
2605
1469
1335
1398
2672
3346
1462
1335
1386
2268
2610
1451
1331
1402
2515
2876
1470
1331
1385
2735
3028
1462
1325
1390
2276
2642
1460
1333
1387
1947
2317
1461
1332
1396
2282
2554
1464
1338
1395
2565
2941
1458
1328
1388
2496
2972
1469
1344
1393
2537
3003
1457
1336
1410
2592
3100
1470
1340
1391
2171
2793
1468
1340
1389
2509
3011
1456
1321
1390
2190
2644
1459
1323
1395
2547
2959
1459
1337
1403
2627
3059
1451
1330
1391
2543
3095
1464
1328
1392
2246
2642
1464
1346
1391
2621
2985
1457
1331
1393
2495
2885
1454
1331
1395
2229
2518
1466
1332
1402
2320
2634
1457
1322
1387
2197
2549
1458
1326
1396
2734
3045
1465
1341
1400
2810
3140
1462
1336
1396
2278
2590
1459
1326
1394
2558
2908
1458
1330
1396
2487
2988
1460
1331
1391
2168
2538
1458
1336
1405
2523
3035
1450
1325
1394
2596
3006
1466
1321
1388
2240
2553
1462
1338
1400
2146
2560
1455
1331
1391
2383
2825
1459
1333
1394
2518
3078
1466
1335
1389
2652
3077
1478
1335
1426
2638
2948
1482
1323
1385
2763
3180
1456
1341
1395
2543
2896
1468
1334
1403
2629
3022
1466
1332
1394
2614
2932
1471
1334
1404
2638
3088
1469
1341
1396
2602
3014
1466
1326
1394
2264
2582
1466
1333
1391
2179
2479
1465
1329
1396
2648
3174
1479
1334
1401
2837
3153
1475
1344
1397
2391
2643
1476
1333
1396
2470
2912
1460
1328
1388
2584
2984
1463
1329
1395
2875
3313
1466
1332
1396
2714
3164
1468
1338
1397
2625
2890
1466
1341
1398
2599
3111
1469
1335
1406
2646
2978
1470
1334
1401
2489
3053
1478
1334
1425
2535
2803
1488
1322
1382
2572
2924
1457
1331
1412
2864
3134
1473
1328
1398
2756
3144
1462
1336
1404
2577
3015
1464
1334
1392
2370
2725
1466
1335
1398
2300
2610
1471
1341
1398
2616
3022
1467
1335
1406
2632
3096
1463
1335
1405
2701
3177
1455
1342
1415
2987
3231
1467
1330
1400
1964
2142
1474
1335
1400
2725
3144
1478
1342
1397
2493
3037
1470
1329
1393
2787
3239
1467
1327
1393
2265
2581
1467
1335
1401
2529
3061
1463
1331
1404
2710
3072
1477
1345
1402
2798
3056
1472
1338
1400
2303
2652
1471
1336
1402
2594
2976
1466
1331
1393
2659
2949
1463
1334
1392
2572
3000
1464
1330
1388
2566
2972
1458
1340
1397
2449
2953
1467
1339
1407
2595
2947
1478
1334
1397
2349
2613
1466
1331
1397
2245
2511
1466
1333
1400
2568
3030
1465
1335
1390
2646
3232
1475
1340
1422
2774
3241
1502
1322
1386
2202
2652
1456
1335
1413
2583
3041
1467
1336
1397
1959
2313
1472
1344
1398
2674
3198
1467
1338
1400
2848
3153
1464
1336
1396
2584
3084
1456
1329
1409
2780
3295
1462
1335
1397
2511
3081
1486
1333
1418
2660
3126
1488
1323
1384
2606
3032
1453
1334
1399
2229
2637
1468
1327
1401
2775
3117
1467
1337
1396
2252
2538
1464
1336
1395
2769
3198
1468
1335
1393
2639
2926
1467
1338
1398
2352
2718
1471
1340
1400
2579
2932
1467
1332
1401
2365
2637
1481
1344
1404
2602
2956
1467
1330
1400
2626
3060
1465
1332
1395
2810
3315
1469
1328
1395
2559
3021
1463
1326
1407
2571
2907
1470
1333
1400
2848
3504
1465
1344
1403
2571
2825
1473
1330
1407
2819
3213
1470
1347
1412
2570
2900
1456
1334
1401
2769
3329
1461
1333
1395
2553
2809
1467
1332
1395
2743
3177
1458
1327
1413
2258
2569
1467
1338
1396
2724
3263
1466
1327
1397
3239
1468
1542
1549
1396
1483
2759
3383
1551
1323
1384
2654
3414
1457
1352
1405
2621
3033
1479
1334
1395
2244
2699
1462
1336
1395
2299
2545
1464
1336
1408
2618
3028
1475
1332
1397
2232
2456
1464
1331
1394
2334
2604
1475
1327
1389
2409
2703
1457
1339
1403
2585
2911
1465
1342
1398
2576
2991
1467
1334
1398
3004
3476
1465
1344
1407
2543
3079
1467
1335
1397
2329
2725
1476
1329
1406
2448
2730
1459
1339
1404
2856
3286
1466
1339
1400
2968
3376
1467
1342
1406
3037
3274
1468
1345
1394
2470
2902
1472
1342
1398
2302
2738
1484
1332
1419
2737
3137
1494
1319
1381
2605
3287
1449
1347
1411
2855
3288
1473
1338
1393
2615
2991
1466
1329
1412
2838
3046
1480
1342
1409
2457
2797
1468
1336
1396
2252
2768
1459
1331
1406
2314
2592
1463
1345
1407
2481
2721
1470
1340
1398
2292
2574
1464
1349
1400
2508
2971
1476
1336
1400
2544
3114
1475
1342
1405
2661
3579
1471
1343
1405
2871
3515
1475
1324
1403
2525
2931
1477
1332
1394
2222
2473
1464
1351
1401
2345
2579
1471
1339
1397
2324
2855
1465
1328
1408
2341
2615
1477
1335
1403
2211
2501
1465
1340
1406
2626
3058
1478
1335
1401
2641
3181
1474
1331
1398
2668
3026
1468
1341
1403
2533
2970
1469
1332
1402
2612
2912
1469
1340
1397
2447
3033
1461
1331
1402
1958
2152
1480
1345
1404
2878
3468
1464
1345
1410
2688
3115
1475
1343
1406
3022
3412
1475
1338
1399
2995
3425
1472
1332
1408
2816
3290
1472
1344
1398
3244
3540
1459
1342
1411
3029
3255
1475
1335
1411
2849
3137
1469
1341
1396
2542
3120
1469
1338
1409
2723
3127
1479
1334
1405
2444
3483
1468
1343
1412
2518
3020
1484
1337
1397
2847
3278
1483
1338
1411
2709
3193
1477
1337
1401
2126
2999
1478
1344
1405
3265
1468
1544
1545
1390
1454
2354
2683
1517
1350
1407
2635
3079
1471
1346
1402
2595
3360
1475
1339
1411
2403
2855
1480
1332
1421
2449
2805
1484
1343
1409
2681
3337
1467
1350
1405
2711
3085
1472
1350
1423
2163
2653
1484
1361
1448
2862
1516
1602
1565
1368
1427
2975
3460
1508
1343
1409
2439
2711
1480
1355
1397
2236
2508
1499
1360
1443
2893
1507
1561
1557
1380
1447
2637
3099
1517
1330
1409
2552
3325
1492
1350
1442
3072
3493
1487
1351
1397
2665
3613
1490
1378
1439
2931
3261
1500
1349
1400
3116
1466
1612
1553
1406
1487
2421
2603
1572
1343
1388
3262
1462
1692
1540
1420
1465
1533
2351
3025
1605
1390
1485
1535
3489
3689
1618
1366
1418
2692
3582
1494
1347
1396
3122
3372
1472
1356
1409
1479
1755
2226
1558
1393
1461
3259
1527
2157
1593
1392
1464
3030
3519
1520
1341
1401
1473
1811
2297
1556
1397
1486
1556
1778
2688
1632
1395
1477
2666
3669
1558
1333
1400
2680
3083
1472
1363
1428
2484
2906
1495
1354
1407
2583
2900
1477
1353
1417
1485
1846
2579
1570
1413
1497
1560
1677
2618
1616
1408
1468
2492
2848
1538
1352
1437
3547
1498
1984
1565
1411
1464
1527
1529
1908
1606
1411
1493
3595
1567
2123
1631
1410
1501
2869
1550
1611
1676
1430
1526
3568
1591
2029
1665
1393
1483
2581
3429
1546
1331
1431
2981
3222
1451
1401
1446
3538
1523
1701
1597
1408
1481
2197
2680
1577
1344
1446
3485
1506
1931
1566
1391
1485
1571
2161
2441
1634
1474
1538
2390
2824
1584
1352
1409
2963
3595
1470
1351
1413
1493
2075
2641
1534
1416
1509
2829
3311
1538
1410
1459
2479
1520
1662
1610
1439
1591
2749
2964
1638
1374
1488
2919
1545
1652
1618
1444
1512
2710
3088
1563
1354
1417
2881
3335
1469
1366
1402
1495
1552
2121
1570
1448
1535
1595
1677
2209
1670
1384
1464
1536
1589
2483
3457
1659
1506
1503
1600
2960
3318
1648
1382
1466
1492
3018
3672
1575
1364
1466
1498
1572
2148
1598
1417
1532
1573
2119
3007
1673
1454
1527
1607
1665
1669
2349
1749
1455
1512
3114
1617
1769
1719
1452
1598
2781
1663
1676
1751
1456
1547
3059
1600
2386
1701
1378
1475
1549
2523
2891
1604
1376
1445
2999
3391
1487
1357
1397
2338
2805
1486
1414
1437
1535
2567
3058
1603
1454
1575
1659
2209
2967
1780
194
1298
1346
1405
1466
1538
1576
1590
1660
1397
1294
1375
1831
1937
1455
1300
1361
1918
2059
1430
1302
1368
2018
2203
1426
1300
1363
2336
2627
1428
1302
1362
2258
2452
1434
1305
1371
2183
2411
1442
1306
1378
2076
2381
1434
1310
1372
2534
2940
1447
1310
1377
2387
2833
1437
1308
1374
2517
2958
1451
1310
1375
2715
3047
1448
1312
1380
3038
1443
1661
1509
1382
1439
2625
2995
1502
1323
1375
1448
2232
2512
1508
3872
1258
1336
1859
2119
314
874
1114
1441
1569
1579
1704
1704
313
345
465
502
824
1270
1288
1392
1537
1468
1755
1769
1787
1799
1888
1544
1558
1580
1593
1622
1883
1975
