0.02
0.01
0.00
0.00
0.32
0.40
0.42
0.46
0.43
0.41
0.44
0.28
0.31
0.40
0.36
0.37
0.44
0.42
0.49
0.14
0.13
0.18
0.18
1.15
0.90
0.64
1.06
0.42
0.26
0.22
0.32
0.33
0.34
0.38
0.41
0.44
0.48
0.51
0.55
0.55
0.58
0.02
0.00
0.68
0.62
0.64
0.67
0.62
0.54
0.76
0.71
0.64
0.65
0.65
0.72
0.64
0.53
0.62
0.46
0.04
0.00
0.53
0.67
0.62
0.88
0.86
0.62
0.71
0.63
0.75
0.52
0.57
0.64
0.54
0.50
0.01
0.00
0.45
0.62
0.75
0.86
0.81
0.87
0.02
0.00
0.71
0.69
0.22
0.08
0.01
0.00
2.85
1.12
0.36
0.05
0.00
0.48
0.56
0.74
0.68
0.70
0.03
0.00
0.70
0.77
0.72
0.75
0.02
0.00
0.75
0.77
0.72
0.03
0.00
0.75
0.85
0.71
0.03
0.00
0.72
0.81
0.74
0.03
0.00
0.75
0.84
0.75
0.02
0.00
0.71
0.83
0.75
0.03
0.00
0.79
0.84
0.57
0.72
0.02
0.75
0.00
0.73
0.87
0.77
0.02
0.00
0.75
0.85
0.64
0.74
0.03
0.00
0.75
0.83
0.76
0.73
0.58
0.01
0.00
0.72
0.80
0.78
0.76
0.01
0.00
0.71
0.18
0.05
0.00
0.00
0.18
0.08
0.00
0.00
2.86
1.18
0.36
0.02
0.00
0.45
0.56
0.67
0.70
0.66
0.01
0.00
0.69
0.78
0.77
0.69
0.01
0.00
0.71
0.78
0.70
0.01
0.00
0.69
0.77
0.69
0.01
0.00
0.70
0.79
0.70
0.01
0.00
0.69
0.79
0.70
0.01
0.00
0.70
0.79
0.70
0.00
0.00
0.69
0.78
0.68
0.01
0.00
0.69
0.79
0.70
0.01
0.00
0.69
0.77
0.69
0.02
0.00
0.69
0.79
0.69
0.01
0.00
0.71
0.77
0.70
0.01
0.00
0.70
0.79
0.69
0.01
0.00
0.69
0.76
0.69
0.01
0.00
0.68
0.77
0.68
0.01
0.00
0.69
0.76
0.71
0.01
0.00
0.68
0.77
0.70
0.01
0.00
0.69
0.77
0.69
0.01
0.00
0.71
0.81
0.71
0.01
0.00
0.69
0.77
0.69
0.01
0.00
0.69
0.80
0.69
0.01
0.00
0.68
0.81
0.71
0.02
0.00
0.68
0.77
0.70
0.02
0.00
0.70
0.77
0.68
0.02
0.00
0.69
0.78
0.69
0.01
0.00
0.69
0.77
0.69
0.01
0.00
0.69
0.78
0.69
0.02
0.00
0.70
0.77
0.69
0.02
0.00
0.70
0.78
0.69
0.02
0.00
0.69
0.78
0.69
0.02
0.00
0.68
0.77
0.69
0.01
0.00
0.71
0.77
0.69
0.01
0.00
0.69
0.78
0.68
0.02
0.00
0.69
0.77
0.69
0.01
0.00
0.70
0.78
0.68
0.02
0.00
0.68
0.77
0.71
0.01
0.00
0.70
0.77
0.69
0.02
0.00
0.70
0.76
0.69
0.02
0.00
0.70
0.78
0.69
0.02
0.00
0.68
0.78
0.69
0.02
0.00
0.70
0.79
0.68
0.01
0.00
0.68
0.80
0.68
0.02
0.00
0.72
0.79
0.69
0.02
0.00
0.70
0.78
0.68
0.02
0.00
0.68
0.77
0.68
0.02
0.00
0.68
0.79
0.68
0.02
0.00
0.69
0.78
0.69
0.02
0.00
0.70
0.79
0.69
0.02
0.00
0.68
0.78
0.70
0.02
0.00
0.69
0.80
0.69
0.02
0.00
0.68
0.78
0.68
0.02
0.00
0.70
0.82
0.73
0.02
0.00
0.73
0.77
0.70
0.01
0.00
0.68
0.80
0.69
0.03
0.00
0.70
0.80
0.69
0.02
0.00
0.70
0.77
0.68
0.02
0.00
0.70
0.79
0.69
0.02
0.00
0.69
0.81
0.68
0.02
0.00
0.68
0.82
0.70
0.02
0.00
0.69
0.76
0.69
0.02
0.00
0.69
0.78
0.68
0.02
0.00
0.70
0.77
0.68
0.01
0.00
0.68
0.78
0.70
0.01
0.00
0.69
0.81
0.72
0.02
0.00
0.68
0.76
0.68
0.01
0.00
0.70
0.76
0.67
0.02
0.00
0.73
0.80
0.69
0.01
0.00
0.70
0.77
0.68
0.02
0.00
0.67
0.77
0.68
0.03
0.00
0.70
0.79
0.69
0.02
0.00
0.69
0.77
0.68
0.02
0.00
0.71
0.83
0.71
0.03
0.00
0.71
0.77
0.70
0.02
0.00
0.73
0.79
0.70
0.02
0.00
0.68
0.78
0.68
0.02
0.00
0.69
0.76
0.72
0.03
0.01
0.68
0.78
0.70
0.02
0.00
0.70
0.77
0.68
0.02
0.00
0.71
0.80
0.68
0.02
0.00
0.68
0.80
0.69
0.02
0.00
0.70
0.77
0.69
0.02
0.00
0.69
0.79
0.69
0.02
0.00
0.69
0.78
0.70
0.03
0.00
0.67
0.77
0.68
0.02
0.00
0.70
0.79
0.70
0.02
0.00
0.69
0.79
0.69
0.02
0.00
0.68
0.77
0.70
0.04
0.00
0.69
0.81
0.69
0.02
0.00
0.70
0.79
0.69
0.01
0.00
0.70
0.77
0.67
0.02
0.00
0.67
0.79
0.69
0.03
0.00
0.68
0.80
0.70
0.02
0.00
0.68
0.79
0.69
0.03
0.00
0.69
0.78
0.70
0.03
0.00
0.69
0.77
0.70
0.02
0.00
0.70
0.80
0.70
0.03
0.00
0.70
0.79
0.69
0.03
0.00
0.69
0.79
0.68
0.02
0.00
0.70
0.79
0.69
0.02
0.00
0.69
0.80
0.68
0.02
0.00
0.69
0.79
0.71
0.02
0.00
0.68
0.77
0.70
0.02
0.00
0.68
0.77
0.69
0.02
0.00
0.72
0.79
0.69
0.03
0.00
0.69
0.79
0.70
0.02
0.00
0.70
0.77
0.70
0.02
0.00
0.68
0.79
0.70
0.01
0.00
0.70
0.79
0.68
0.03
0.00
0.70
0.79
0.68
0.02
0.00
0.68
0.81
0.68
0.02
0.00
0.71
0.79
0.69
0.02
0.00
0.68
0.80
0.69
0.03
0.00
0.70
0.76
0.67
0.02
0.00
0.74
0.81
0.69
0.02
0.00
0.70
0.76
0.68
0.03
0.00
0.69
0.76
0.69
0.03
0.00
0.69
0.79
0.69
0.02
0.00
0.70
0.78
0.67
0.02
0.00
0.69
0.78
0.70
0.02
0.00
0.68
0.78
0.70
0.03
0.00
0.67
0.81
0.68
0.02
0.00
0.70
0.78
0.68
0.02
0.00
0.70
0.79
0.69
0.03
0.00
0.71
0.78
0.68
0.03
0.00
0.71
0.77
0.70
0.02
0.00
0.68
0.81
0.69
0.03
0.00
0.71
0.79
0.68
0.03
0.00
0.71
0.81
0.69
0.02
0.00
0.69
0.80
0.70
0.02
0.00
0.69
0.81
0.69
0.03
0.00
0.71
0.79
0.70
0.03
0.00
0.69
0.78
0.72
0.03
0.00
0.69
0.79
0.70
0.03
0.00
0.71
0.81
0.69
0.02
0.00
0.69
0.82
0.71
0.02
0.00
0.69
0.80
0.72
0.02
0.00
0.70
0.81
0.68
0.03
0.00
0.69
0.79
0.69
0.03
0.00
0.69
0.78
0.70
0.03
0.00
0.71
0.78
0.69
0.02
0.00
0.69
0.78
0.69
0.04
0.00
0.69
0.81
0.69
0.02
0.00
0.68
0.80
0.70
0.03
0.00
0.70
0.78
0.68
0.03
0.00
0.71
0.81
0.67
0.02
0.00
0.68
0.79
0.69
0.02
0.00
0.70
0.79
0.67
0.02
0.00
0.69
0.79
0.68
0.04
0.00
0.71
0.79
0.73
0.02
0.00
0.68
0.78
0.68
0.03
0.00
0.69
0.81
0.76
0.02
0.00
0.71
0.77
0.69
0.03
0.00
0.70
0.78
0.72
0.03
0.00
0.70
0.77
0.69
0.03
0.00
0.68
0.80
0.70
0.03
0.00
0.70
0.79
0.70
0.03
0.00
0.69
0.78
0.70
0.03
0.00
0.70
0.79
0.70
0.03
0.00
0.74
0.79
0.70
0.03
0.00
0.68
0.78
0.70
0.04
0.00
0.69
0.78
0.68
0.03
0.00
0.68
0.79
0.70
0.03
0.00
0.69
0.79
0.69
0.03
0.00
0.71
0.77
0.70
0.02
0.00
0.73
0.78
0.70
0.03
0.00
0.68
0.78
0.68
0.02
0.00
0.68
0.80
0.69
0.03
0.00
0.68
0.80
0.68
0.02
0.00
0.69
0.79
0.70
0.02
0.00
0.70
0.79
0.72
0.03
0.00
0.70
0.80
0.69
0.03
0.00
0.70
0.80
0.68
0.02
0.00
0.68
0.77
0.70
0.03
0.00
0.70
0.81
0.72
0.03
0.00
0.71
0.78
0.73
0.03
0.00
0.70
0.81
0.72
0.02
0.00
0.74
0.78
0.70
0.03
0.00
0.71
0.79
0.69
0.02
0.00
0.68
0.81
0.69
0.03
0.00
0.72
0.82
0.70
0.03
0.00
0.69
0.79
0.69
0.04
0.00
0.74
0.80
0.70
0.03
0.00
0.70
0.82
0.70
0.03
0.00
0.71
0.78
0.68
0.03
0.00
0.69
0.82
0.71
0.03
0.00
0.69
0.77
0.69
0.03
0.00
0.69
0.79
0.71
0.03
0.00
0.72
0.80
0.69
0.02
0.00
0.73
0.76
0.69
0.02
0.00
0.70
0.80
0.70
0.03
0.00
0.68
0.76
0.70
0.03
0.00
0.71
0.80
0.68
0.02
0.00
0.70
0.79
0.71
0.03
0.00
0.70
0.79
0.67
0.02
0.00
0.74
0.78
0.69
0.02
0.00
0.73
0.79
0.73
0.02
0.00
0.69
0.81
0.71
0.03
0.00
0.70
0.82
0.68
0.03
0.00
0.69
0.77
0.70
0.02
0.00
0.71
0.78
0.68
0.02
0.00
0.68
0.79
0.69
0.03
0.00
0.73
0.79
0.69
0.03
0.00
0.72
0.77
0.69
0.02
0.00
0.70
0.83
0.69
0.03
0.00
0.70
0.79
0.68
0.02
0.00
0.70
0.79
0.68
0.03
0.00
0.68
0.84
0.73
0.02
0.00
0.69
0.77
0.70
0.04
0.00
0.70
0.79
0.73
0.03
0.00
0.71
0.80
0.71
0.03
0.00
0.71
0.78
0.70
0.02
0.00
0.73
0.79
0.68
0.03
0.00
0.69
0.81
0.71
0.02
0.01
0.74
0.82
0.71
0.02
0.00
0.74
0.81
0.68
0.03
0.00
0.72
0.79
0.68
0.03
0.00
0.72
0.80
0.71
0.03
0.00
0.68
0.79
0.72
0.02
0.00
0.75
0.79
0.70
0.02
0.00
0.72
0.80
0.69
0.01
0.00
0.69
0.83
0.70
0.02
0.00
0.70
0.82
0.71
0.01
0.00
0.71
0.81
0.68
0.03
0.00
0.69
0.77
0.73
0.02
0.00
0.73
0.78
0.71
0.02
0.00
0.68
0.82
0.70
0.04
0.00
0.70
0.80
0.70
0.03
0.00
0.69
0.82
0.72
0.03
0.00
0.72
0.76
0.72
0.03
0.00
0.70
0.80
0.71
0.04
0.00
0.71
0.82
0.70
0.03
0.00
0.70
0.80
0.71
0.04
0.00
0.69
0.78
0.73
0.03
0.00
0.71
0.82
0.71
0.03
0.00
0.73
0.81
0.70
0.03
0.00
0.73
0.78
0.69
0.03
0.00
0.71
0.83
0.70
0.03
0.00
0.69
0.79
0.70
0.02
0.00
0.69
0.83
0.70
0.03
0.00
0.70
0.78
0.71
0.03
0.00
0.73
0.81
0.69
0.02
0.00
0.70
0.80
0.69
0.04
0.00
0.68
0.79
0.70
0.03
0.00
0.76
0.77
0.71
0.03
0.00
0.69
0.85
0.70
0.03
0.00
0.71
0.81
0.76
0.02
0.00
0.69
0.81
0.74
0.04
0.00
0.71
0.80
0.70
0.03
0.00
0.70
0.81
0.70
0.04
0.00
0.76
0.76
0.69
0.03
0.00
0.70
0.81
0.71
0.04
0.00
0.70
0.81
0.70
0.03
0.00
0.71
0.78
0.69
0.03
0.00
0.72
0.80
0.70
0.03
0.00
0.69
0.83
0.69
0.03
0.00
0.74
0.80
0.72
0.02
0.00
0.70
0.80
0.68
0.03
0.00
0.71
0.79
0.69
0.03
0.00
0.73
0.80
0.69
0.03
0.00
0.68
0.78
0.71
0.03
0.00
0.70
0.80
0.70
0.03
0.00
0.69
0.80
0.73
0.03
0.00
0.72
0.79
0.73
0.03
0.00
0.73
0.81
0.72
0.03
0.00
0.70
0.80
0.72
0.03
0.00
0.71
0.81
0.69
0.02
0.00
0.72
0.81
0.68
0.04
0.00
0.72
0.77
0.69
0.04
0.00
0.72
0.79
0.70
0.03
0.00
0.72
0.76
0.71
0.03
0.00
0.69
0.81
0.74
0.02
0.00
0.69
0.80
0.67
0.03
0.00
0.69
0.82
0.70
0.02
0.00
0.69
0.77
0.69
0.04
0.00
0.71
0.81
0.70
0.03
0.00
0.72
0.79
0.71
0.03
0.00
0.70
0.79
0.70
0.03
0.00
0.68
0.79
0.72
0.04
0.00
0.68
0.81
0.70
0.04
0.00
0.69
0.77
0.72
0.04
0.00
0.69
0.81
0.71
0.03
0.01
0.70
0.81
0.71
0.03
0.00
0.70
0.77
0.71
0.03
0.00
0.72
0.79
0.69
0.03
0.00
0.71
0.81
0.71
0.03
0.00
0.70
0.78
0.70
0.02
0.00
0.72
0.80
0.70
0.04
0.00
0.71
0.82
0.68
0.03
0.00
0.74
0.82
0.70
0.03
0.00
0.69
0.81
0.70
0.05
0.00
0.72
0.81
0.67
0.04
0.00
0.71
0.81
0.69
0.03
0.00
0.72
0.82
0.69
0.02
0.00
0.70
0.79
0.70
0.04
0.00
0.69
0.82
0.71
0.03
0.00
0.69
0.81
0.71
0.03
0.00
0.73
0.80
0.71
0.03
0.00
0.69
0.79
0.71
0.04
0.00
0.72
0.82
0.71
0.02
0.00
0.70
0.81
0.70
0.02
0.00
0.73
0.79
0.70
0.03
0.00
0.74
0.80
0.72
0.02
0.00
0.72
0.84
0.68
0.03
0.00
0.72
0.80
0.75
0.04
0.00
0.71
0.82
0.70
0.03
0.00
0.70
0.82
0.71
0.03
0.00
0.70
0.82
0.70
0.03
0.00
0.71
0.77
0.69
0.02
0.00
0.71
0.80
0.70
0.02
0.00
0.73
0.80
0.71
0.02
0.00
0.71
0.81
0.73
0.03
0.00
0.73
0.83
0.71
0.03
0.00
0.70
0.80
0.70
0.02
0.00
0.74
0.81
0.72
0.04
0.00
0.73
0.79
0.71
0.04
0.00
0.71
0.81
0.69
0.01
0.00
0.72
0.79
0.71
0.03
0.00
0.73
0.79
0.69
0.03
0.00
0.72
0.83
0.71
0.03
0.00
0.71
0.80
0.70
0.02
0.00
0.72
0.82
0.69
0.03
0.00
0.71
0.80
0.73
0.03
0.00
0.71
0.78
0.69
0.04
0.00
0.76
0.82
0.69
0.03
0.00
0.74
0.81
0.71
0.03
0.00
0.74
0.80
0.70
0.02
0.00
0.70
0.81
0.71
0.03
0.00
0.71
0.80
0.70
0.02
0.00
0.70
0.79
0.69
0.02
0.01
0.72
0.81
0.71
0.03
0.00
0.67
0.78
0.71
0.04
0.00
0.72
0.78
0.70
0.04
0.00
0.69
0.77
0.71
0.03
0.00
0.73
0.79
0.69
0.03
0.00
0.74
0.80
0.71
0.03
0.00
0.69
0.78
0.71
0.02
0.00
0.74
0.82
0.71
0.03
0.00
0.69
0.79
0.69
0.02
0.00
0.72
0.81
0.69
0.03
0.00
0.68
0.79
0.71
0.01
0.01
0.72
0.81
0.70
0.03
0.00
0.73
0.81
0.71
0.05
0.00
0.73
0.82
0.68
0.03
0.00
0.72
0.80
0.71
0.04
0.00
0.72
0.80
0.71
0.03
0.00
0.69
0.84
0.69
0.03
0.00
0.71
0.81
0.73
0.03
0.00
0.68
0.81
0.72
0.02
0.00
0.77
0.79
0.70
0.02
0.71
0.00
0.71
0.78
0.74
0.03
0.00
0.72
0.80
0.69
0.03
0.00
0.73
0.81
0.69
0.03
0.00
0.70
0.77
0.69
0.02
0.00
0.71
0.81
0.72
0.03
0.00
0.69
0.81
0.68
0.03
0.00
0.69
0.82
0.72
0.04
0.00
0.73
0.80
0.74
0.03
0.00
0.69
0.79
0.68
0.05
0.00
0.74
0.80
0.74
0.03
0.01
0.71
0.80
0.69
0.04
0.00
0.74
0.83
0.70
0.03
0.00
0.70
0.79
0.73
0.01
0.00
0.70
0.81
0.73
0.03
0.00
0.73
0.80
0.71
0.04
0.00
0.71
0.83
0.72
0.04
0.00
0.73
0.83
0.71
0.03
0.00
0.72
0.79
0.69
0.03
0.00
0.72
0.80
0.68
0.02
0.00
0.73
0.81
0.74
0.04
0.00
0.69
0.80
0.70
0.03
0.00
0.74
0.79
0.69
0.04
0.00
0.73
0.82
0.68
0.02
0.00
0.73
0.81
0.70
0.03
0.00
0.72
0.82
0.71
0.04
0.00
0.73
0.83
0.68
0.02
0.00
0.68
0.78
0.71
0.02
0.00
0.72
0.82
0.71
0.03
0.00
0.72
0.80
0.72
0.03
0.00
0.70
0.80
0.70
0.05
0.00
0.73
0.82
0.72
0.03
0.00
0.74
0.85
0.72
0.04
0.00
0.71
0.82
0.68
0.02
0.00
0.71
0.79
0.74
0.04
0.00
0.72
0.80
0.68
0.04
0.00
0.70
0.77
0.71
0.03
0.00
0.69
0.80
0.68
0.03
0.00
0.70
0.79
0.72
0.03
0.00
0.73
0.80
0.68
0.02
0.00
0.70
0.80
0.70
0.03
0.00
0.69
0.77
0.70
0.03
0.00
0.75
0.80
0.69
0.03
0.00
0.72
0.81
0.72
0.02
0.00
0.70
0.80
0.69
0.03
0.00
0.70
0.80
0.71
0.03
0.00
0.72
0.81
0.75
0.04
0.00
0.73
0.84
0.68
0.03
0.00
0.75
0.81
0.72
0.04
0.00
0.72
0.78
0.73
0.03
0.00
0.72
0.82
0.72
0.04
0.00
0.74
0.77
0.70
0.03
0.00
0.74
0.79
0.70
0.03
0.00
0.72
0.81
0.70
0.02
0.00
0.70
0.77
0.69
0.02
0.00
0.71
0.80
0.70
0.03
0.00
0.70
0.80
0.69
0.03
0.00
0.72
0.83
0.69
0.02
0.00
0.67
0.81
0.69
0.03
0.00
0.70
0.80
0.70
0.01
0.00
0.71
0.81
0.70
0.02
0.00
0.71
0.79
0.69
0.03
0.00
0.71
0.79
0.69
0.03
0.00
0.71
0.78
0.69
0.02
0.00
0.74
0.78
0.68
0.03
0.00
0.69
0.81
0.72
0.05
0.00
0.74
0.80
0.70
0.02
0.00
0.74
0.81
0.72
0.02
0.00
0.73
0.84
0.70
0.03
0.00
0.73
0.79
0.71
0.02
0.00
0.71
0.80
0.69
0.03
0.00
0.70
0.79
0.73
0.03
0.00
0.69
0.85
0.70
0.03
0.00
0.72
0.82
0.71
0.04
0.00
0.71
0.78
0.71
0.03
0.00
0.73
0.80
0.71
0.02
0.00
0.76
0.80
0.70
0.02
0.00
0.72
0.78
0.69
0.01
0.00
0.72
0.83
0.73
0.01
0.00
0.75
0.81
0.72
0.03
0.00
0.75
0.84
0.72
0.03
0.00
0.73
0.78
0.70
0.03
0.00
0.70
0.82
0.74
0.03
0.00
0.74
0.83
0.69
0.02
0.00
0.71
0.81
0.69
0.02
0.00
0.72
0.81
0.70
0.03
0.00
0.70
0.82
0.73
0.03
0.00
0.76
0.81
0.56
0.03
0.00
0.70
0.92
0.71
0.03
0.00
0.70
0.80
0.73
0.02
0.00
0.73
0.84
0.71
0.03
0.00
0.70
0.78
0.68
0.04
0.00
0.73
0.84
0.69
0.03
0.00
0.74
0.79
0.69
0.02
0.00
0.74
0.76
0.70
0.03
0.00
0.69
0.86
0.73
0.03
0.00
0.72
0.80
0.69
0.03
0.00
0.73
0.81
0.70
0.04
0.00
0.69
0.86
0.71
0.03
0.00
0.73
0.80
0.69
0.03
0.00
0.76
0.83
0.61
0.04
0.00
0.71
0.87
0.74
0.03
0.00
0.72
0.78
0.72
0.02
0.00
0.74
0.78
0.70
0.04
0.00
0.70
0.79
0.70
0.04
0.00
0.73
0.84
0.73
0.03
0.00
0.71
0.79
0.72
0.02
0.00
0.71
0.78
0.70
0.02
0.00
0.73
0.78
0.75
0.04
0.00
0.71
0.80
0.70
0.03
0.00
0.71
0.76
0.71
0.04
0.00
0.74
0.84
0.71
0.03
0.00
0.73
0.83
0.73
0.02
0.00
0.73
0.79
0.72
0.04
0.00
0.73
0.78
0.70
0.02
0.00
0.68
0.85
0.73
0.04
0.00
0.72
0.81
0.72
0.03
0.00
0.72
0.87
0.71
0.05
0.00
0.71
0.80
0.69
0.03
0.00
0.72
0.81
0.73
0.03
0.00
0.73
0.80
0.71
0.03
0.00
0.69
0.80
0.70
0.03
0.00
0.68
0.82
0.71
0.03
0.00
0.71
0.79
0.67
0.02
0.00
0.71
0.79
0.70
0.03
0.00
0.71
0.79
0.72
0.02
0.00
0.74
0.78
0.71
0.04
0.00
0.74
0.88
0.71
0.05
0.00
0.72
0.83
0.71
0.03
0.00
0.74
0.82
0.69
0.04
0.00
0.74
0.80
0.68
0.03
0.00
0.71
0.85
0.68
0.03
0.00
0.73
0.79
0.74
0.03
0.00
0.70
0.83
0.74
0.02
0.00
0.70
0.81
0.73
0.03
0.00
0.71
0.81
0.74
0.03
0.00
0.71
0.79
0.72
0.03
0.00
0.69
0.81
0.73
0.04
0.00
0.71
0.80
0.72
0.02
0.00
0.72
0.83
0.70
0.02
0.00
0.70
0.84
0.71
0.04
0.00
0.76
0.86
0.69
0.03
0.00
0.73
0.88
0.72
0.04
0.00
0.71
0.85
0.71
0.04
0.00
0.70
0.76
0.75
0.04
0.00
0.73
0.83
0.71
0.03
0.00
0.75
0.85
0.69
0.02
0.00
0.73
0.80
0.73
0.04
0.00
0.72
0.82
0.71
0.02
0.00
0.71
0.81
0.72
0.05
0.00
0.70
0.81
0.70
0.03
0.79
0.00
0.74
0.66
0.67
0.04
0.00
0.73
0.90
0.78
0.70
0.04
0.00
0.75
0.81
0.57
0.04
0.00
0.71
0.91
0.68
0.03
0.00
0.71
0.78
0.70
0.04
0.00
0.72
0.81
0.71
0.02
0.00
0.72
0.81
0.71
0.03
0.00
0.70
0.77
0.73
0.03
0.00
0.70
0.79
0.68
0.02
0.00
0.73
0.83
0.72
0.03
0.00
0.73
0.82
0.68
0.04
0.00
0.71
0.83
0.71
0.04
0.00
0.72
0.81
0.71
0.04
0.73
0.00
0.72
0.82
0.71
0.04
0.00
0.70
0.81
0.67
0.03
0.00
0.74
0.82
0.69
0.04
0.00
0.70
0.84
0.70
0.03
0.00
0.74
0.86
0.73
0.03
0.00
0.71
0.79
0.70
0.03
0.00
0.73
0.85
0.70
0.03
0.00
0.76
0.83
0.73
0.02
0.00
0.76
0.84
0.71
0.03
0.00
0.72
0.87
0.68
0.03
0.00
0.77
0.84
0.65
0.72
0.02
0.00
0.72
0.87
0.73
0.72
0.02
0.72
0.00
0.72
0.80
0.72
0.70
0.02
0.00
0.72
0.82
0.73
0.03
0.00
0.69
0.84
0.72
0.02
0.00
0.68
0.80
0.69
0.03
0.00
0.72
0.85
0.75
0.03
0.00
0.73
0.81
0.74
0.01
0.00
0.72
0.80
0.72
0.77
0.04
0.00
0.72
0.66
0.70
0.71
0.02
0.00
0.70
0.83
0.75
0.02
0.75
0.00
0.71
0.75
0.73
0.05
0.70
0.00
0.72
0.79
0.68
0.02
0.00
0.70
0.83
0.73
0.03
0.00
0.75
0.83
0.69
0.02
0.00
0.70
0.88
0.71
0.02
0.00
0.76
0.77
0.70
0.03
0.72
0.00
0.73
0.76
0.71
0.03
0.00
0.70
0.86
0.75
0.02
0.00
0.71
0.79
0.74
0.71
0.03
0.00
0.74
0.77
0.74
0.73
0.03
0.01
0.70
0.75
0.73
0.04
0.00
0.72
0.69
0.72
0.04
0.00
0.73
0.87
0.72
0.77
0.03
0.00
0.72
0.67
0.77
0.04
0.71
0.00
0.60
0.85
0.73
0.04
0.00
0.75
0.68
0.58
0.01
0.00
0.73
0.99
0.77
0.74
0.03
0.74
0.00
0.73
0.80
0.74
0.71
0.03
0.00
0.74
0.81
0.69
0.03
0.71
0.00
0.71
0.82
0.71
0.03
0.69
0.00
0.79
0.74
0.53
0.03
0.00
0.75
0.92
0.64
0.02
0.00
0.74
0.90
0.77
0.05
0.00
0.76
0.80
0.57
0.03
0.00
0.69
0.85
0.74
0.71
0.02
0.00
0.69
0.84
0.76
0.02
0.00
0.80
0.68
0.60
0.04
0.00
0.69
0.82
0.73
0.73
0.02
0.72
0.00
0.71
0.83
0.76
0.71
0.02
0.00
0.72
0.86
0.72
0.02
0.00
0.69
0.84
0.72
0.03
0.75
0.00
0.75
0.78
0.58
0.03
0.00
0.73
0.99
0.77
0.03
0.73
0.00
0.73
0.76
0.74
0.72
0.04
0.00
0.69
0.82
0.72
0.03
0.00
0.70
0.83
0.71
0.04
0.00
0.76
0.81
0.60
0.03
0.72
0.00
0.75
0.86
0.75
0.04
0.73
0.00
0.71
0.84
0.75
0.03
0.00
0.77
0.81
0.62
0.72
0.73
0.03
0.00
0.76
0.82
0.67
0.73
0.06
0.72
0.00
0.61
0.80
0.65
0.71
0.03
0.00
0.65
0.86
0.57
0.03
0.73
0.01
0.70
0.80
0.74
0.01
0.00
0.71
0.68
0.76
0.04
0.74
0.00
0.67
0.85
0.73
0.04
0.00
0.70
0.84
0.71
0.73
0.02
0.00
0.77
0.82
0.72
0.02
0.00
0.75
0.82
0.60
0.70
0.04
0.00
0.72
0.94
0.74
0.58
0.72
0.04
0.00
0.71
0.85
0.78
0.04
0.71
0.00
0.78
0.76
0.63
0.03
0.75
0.00
0.63
0.69
0.60
0.03
0.73
0.00
0.56
0.78
0.71
0.01
0.00
0.69
0.80
0.76
0.82
0.04
0.00
0.74
0.72
0.69
0.72
0.04
0.00
0.57
0.88
0.78
0.64
0.69
0.72
0.03
0.00
0.69
0.61
0.81
0.74
0.05
0.58
0.00
0.69
0.79
0.69
0.74
0.02
0.00
0.70
0.66
0.73
0.03
0.77
0.00
0.75
0.76
0.70
0.69
0.05
0.00
0.78
0.90
0.61
0.74
0.04
0.55
0.00
0.62
0.83
0.65
0.02
0.70
0.00
0.64
0.84
0.59
0.69
0.71
0.04
0.01
0.69
0.85
0.81
0.05
0.73
0.00
0.63
0.80
0.59
0.78
0.04
0.00
0.71
0.71
0.72
0.70
0.02
0.00
0.73
0.88
0.66
0.75
0.02
0.00
0.59
0.83
0.75
0.78
0.03
0.67
0.00
0.61
0.87
0.58
0.04
0.00
0.75
0.78
0.67
0.68
0.02
0.00
0.69
0.87
0.84
0.02
0.00
0.73
0.72
0.75
0.81
0.05
0.00
0.73
0.70
0.83
0.72
0.02
0.00
0.65
0.70
0.70
0.71
0.01
0.00
0.75
0.87
0.81
0.73
0.68
0.05
0.00
0.89
0.69
0.62
0.68
0.04
0.00
0.55
0.81
0.81
0.82
0.05
0.69
0.00
0.57
0.85
0.85
0.71
0.04
0.00
0.60
0.67
0.72
0.01
0.00
0.73
0.92
0.76
0.65
0.71
0.02
0.64
0.00
0.78
0.74
0.77
0.05
0.75
0.00
0.61
0.76
0.68
0.74
0.59
0.04
0.00
0.66
0.85
0.79
0.67
0.03
0.00
0.68
0.90
0.61
0.72
0.02
0.76
0.00
0.77
0.78
0.75
0.85
0.82
0.03
0.00
0.58
0.68
0.69
0.69
0.03
0.00
0.72
0.78
0.78
0.77
0.58
0.04
0.00
0.61
0.82
0.70
0.77
0.05
0.00
0.61
0.65
0.72
0.83
0.03
0.00
0.79
0.71
0.66
0.02
0.00
0.68
0.81
0.75
0.02
0.00
0.72
0.79
0.72
0.02
0.75
0.00
0.82
0.78
0.66
0.05
0.73
0.00
0.66
0.86
0.59
0.04
0.71
0.00
0.77
0.85
0.60
0.05
0.00
0.78
0.96
0.71
0.66
0.02
0.56
0.00
0.73
0.85
0.87
0.82
0.04
0.00
0.60
0.66
0.60
0.06
0.00
0.67
0.88
0.90
0.68
0.03
0.60
0.00
0.75
0.60
0.54
0.03
0.76
0.00
0.85
0.91
0.60
0.74
0.05
0.00
0.73
0.76
0.70
0.64
0.04
0.65
0.00
0.77
0.89
0.59
0.04
0.00
0.47
0.61
0.76
0.78
0.02
0.00
0.78
0.70
0.71
0.04
0.75
0.00
0.58
0.94
0.64
0.03
0.82
0.00
0.73
0.69
0.68
0.72
0.05
0.01
0.73
0.99
0.71
0.03
0.62
0.00
0.72
0.71
0.79
0.01
0.00
0.57
0.97
0.67
0.24
2.89
1.10
0.01
0.00
0.35
0.51
0.64
0.63
0.66
0.03
0.00
0.67
0.81
0.76
0.71
0.02
0.00
0.76
0.84
0.70
0.02
0.00
0.74
0.76
0.70
0.03
0.00
0.69
0.82
0.72
0.03
0.00
0.75
0.79
0.72
0.03
0.00
0.71
0.82
0.71
0.02
0.00
0.70
0.80
0.72
0.01
0.00
0.70
0.83
0.76
0.02
0.00
0.72
0.79
0.76
0.03
0.00
0.73
0.82
0.74
0.03
0.00
0.72
0.82
0.73
0.03
0.00
0.72
0.79
0.73
0.04
0.00
0.71
0.82
0.72
0.04
0.00
0.72
0.80
0.73
0.03
0.76
0.00
0.76
0.75
0.73
0.01
0.00
0.74
0.84
0.55
0.01
0.00
0.22
3.69
1.23
0.01
0.00
0.20
0.10
0.01
0.00
2.05
2.80
0.70
0.01
0.00
0.60
0.43
0.24
0.32
0.39
0.49
0.45
0.02
0.00
0.39
