204
98
6
6
233
341
486
632
792
949
1090
1145
294
410
560
706
876
1018
1188
1380
1545
1625
1967
897
973
1217
1485
1750
1986
2120
2294
2460
2635
2791
2949
3097
3252
3404
3487
3567
3631
2646
2580
3446
3591
3591
3606
2988
3564
3550
3526
3586
3640
3675
3675
3736
3760
3681
2219
3369
3771
3697
3739
3214
3680
3634
3661
3670
3653
3737
3753
3681
3771
3102
3666
2431
3765
3770
3764
3688
3681
3618
3664
1947
3721
3727
3665
3616
3287
3422
286
344
380
2844
2089
2673
1899
1824
2523
2981
3393
3507
3572
3622
2304
2676
3664
3663
3589
3584
2457
2716
3646
3654
3528
2522
2826
3596
3655
3538
2569
3021
3605
3659
3536
2496
3038
3602
3657
3547
3584
3612
1995
3649
3638
3688
3185
3651
1532
3665
3655
3694
3611
3687
2331
2792
3629
3718
3648
3581
3641
2578
3688
2376
596
490
533
2036
295
403
461
2843
2018
2455
2553
3009
1772
1669
3231
3355
3541
3624
3655
3681
3675
1810
1847
3676
3680
3644
3600
1537
1579
3659
3663
3532
1378
1385
3598
3662
3539
1417
1425
3603
3668
3535
1431
1443
3601
3665
3538
1480
1497
3603
3667
3538
1509
1548
3603
3667
3540
1476
1504
3606
3669
3542
1480
1513
3605
3669
3542
1498
1523
3605
3669
3543
1551
1602
3607
3668
3544
1563
1640
3610
3670
3546
1611
1650
3611
3669
3542
1540
1584
3608
3670
3545
1543
1577
3607
3661
3545
1529
1573
3611
3677
3555
1525
1575
3618
3665
3552
1561
1607
3616
3671
3553
1587
1629
3617
3669
3554
1631
1678
3617
3670
3553
1611
1654
3618
3670
3553
1699
1756
3618
3663
3554
1579
1633
3618
3672
3555
1636
1694
3618
3671
3553
1736
1777
3618
3667
3555
1729
1852
3617
3671
3555
1579
1650
3620
3664
3553
1640
1754
3619
3669
3555
1597
1670
3619
3671
3559
1622
1679
3622
3671
3556
1800
1921
3621
3670
3555
1784
1876
3620
3661
3555
1689
1762
3619
3673
3553
1646
1737
3615
3668
3553
1645
1711
3616
3668
3555
1624
1718
3618
3661
3553
1669
1759
3619
3665
3558
1720
1798
3622
3669
3554
1677
1753
3616
3670
3557
1849
1971
3623
3675
3558
1823
1921
3621
3666
3557
1700
1850
3622
3671
3558
1897
1980
3624
3670
3559
1745
1827
3625
3670
3556
1730
1818
3620
3672
3558
1674
1747
3620
3668
3555
1771
1924
3619
3668
3558
1714
1791
3624
3665
3557
1769
1856
3623
3662
3561
1744
1842
3625
3668
3559
1814
1896
3622
3674
3555
1972
2097
3620
3669
3559
1812
1915
3622
3669
3559
1792
1943
3623
3671
3556
1911
2060
3620
3671
3556
1746
1826
3619
3668
3558
1780
1866
3619
3669
3560
1936
2037
3624
3660
3557
1934
2104
3624
3665
3560
1958
2056
3624
3668
3561
1783
1898
3624
3672
3559
1962
2126
3621
3667
3558
1920
2026
3621
3670
3558
1895
1999
3624
3659
3558
1850
1979
3623
3670
3558
1799
1891
3623
3670
3561
1776
1878
3626
3669
3563
1899
2002
3628
3669
3562
1839
1949
3625
3672
3561
1927
2029
3626
3672
3559
1908
2010
3623
3673
3558
1793
1901
3621
3665
3560
1856
1954
3624
3673
3561
1841
1956
3625
3668
3560
1877
2007
3624
3670
3562
1770
1985
3625
3666
3560
2002
2141
3624
3672
3558
1902
2047
3622
3661
3557
1876
1986
3622
3674
3562
1986
2092
3626
3667
3560
1987
2071
3625
3671
3560
1749
1869
3621
3667
3557
1835
1954
3622
3670
3561
1938
2111
3624
3667
3560
1863
2002
3621
3667
3563
2052
2230
3626
3669
3561
1963
2068
3626
3671
3561
1838
1979
3626
3665
3562
2014
2136
3624
3668
3561
1904
2089
3623
3667
3559
2024
2144
3624
3669
3559
1819
1978
3624
3671
3565
1918
2076
3628
3662
3562
1943
2092
3625
3661
3560
1992
2156
3626
3667
3562
2072
2212
3625
3671
3560
2099
2265
3624
3667
3561
1966
2104
3626
3670
3563
1852
1993
3627
3670
3562
1947
2077
3628
3672
3562
2202
2396
3626
3667
3561
1999
2171
3625
3670
3560
2080
2280
3622
3671
3557
2000
2135
3622
3666
3562
1898
2035
3626
3672
3562
1909
2045
3627
3668
3563
1932
2096
3628
3664
3564
1991
2162
3628
3671
3561
1918
2091
3624
3668
3560
2052
2268
3626
3666
3562
1948
2159
3625
3670
3558
2017
2207
3623
3670
3560
2000
2176
3626
3664
3561
1953
2127
3625
3659
3559
1905
2079
3625
3670
3563
1961
2135
3627
3665
3566
1990
2172
3630
3664
3564
2087
2282
3629
3671
3562
1972
2111
3624
3668
3561
1948
2124
3626
3663
3562
1947
2115
3627
3666
3564
1983
2151
3631
3674
3563
1928
2080
3625
3661
3562
1953
2085
3627
3672
3561
1984
2137
3624
3660
3561
2081
2288
3627
3668
3563
2083
2251
3627
3670
3560
2006
2258
3622
3662
3558
2218
2407
3623
3673
3557
2199
2466
3621
3670
3558
2241
2409
3623
3668
3560
1994
2126
3624
3664
3558
2063
2277
3621
3668
3558
2165
2318
3622
3675
3564
2047
2258
3626
3660
3559
2079
2271
3625
3665
3560
2123
2338
3625
3663
3561
2142
2361
3626
3666
3557
2128
2326
3624
3668
3560
2060
2219
3624
3662
3560
2173
2395
3623
3666
3557
2107
2254
3621
3666
3558
1991
2152
3624
3673
3559
2260
2492
3621
3660
3556
2079
2376
3619
3669
3560
2166
2364
3623
3671
3561
2160
2396
3624
3674
3558
2232
2406
3622
3670
3561
2084
2272
3624
3668
3563
2020
2310
3626
3660
3559
2264
2415
3625
3673
3559
1996
2194
3624
3668
3560
2093
2299
3623
3664
3557
2203
2462
3620
3669
3559
2043
2327
3623
3656
3560
2097
2354
3623
3663
3560
2273
2657
3623
3668
3560
2180
2500
3624
3661
3563
2341
2502
3626
3664
3564
2054
2365
3626
3669
3562
2271
2456
3626
3667
3563
2029
2221
3625
3670
3562
2130
2344
3624
3667
3559
2252
2572
3624
3664
3562
2293
2468
3628
3662
3558
2017
2315
3623
3669
3562
2024
2308
3624
3663
3562
2080
2268
3626
3663
3559
2280
2491
3626
3674
3560
2079
2309
3625
3665
3560
2117
2303
3627
3661
3565
2106
2362
3628
3661
3563
2256
2456
3628
3667
3561
2161
2332
3626
3666
3562
1907
2129
3627
3670
3563
2250
2490
3627
3675
3559
2426
2657
3623
3664
3561
2389
2591
3624
3670
3564
2100
2322
3628
3673
3560
2449
2727
3624
3660
3564
2145
2393
3627
3667
3562
2149
2443
3625
3663
3563
2143
2418
3626
3666
3561
2269
2592
3625
3667
3564
2314
2630
3628
3667
3561
2216
2440
3626
3658
3564
2327
2547
3627
3667
3563
2254
2563
3626
3672
3557
2347
2613
3621
3670
3563
2357
2583
3626
3668
3564
2412
2639
3626
3662
3564
2369
2605
3629
3671
3561
2158
2475
3624
3666
3557
2304
2594
3620
3665
3562
2400
2674
3626
3671
3564
2402
2697
3628
3672
3563
2404
2691
3624
3664
3560
2176
2451
3626
3668
3566
2394
2665
3629
3662
3562
2383
2681
3627
3653
3565
2452
2642
3630
3662
3561
2399
2704
3626
3666
3563
2184
2404
3628
3666
3565
2058
2238
3630
3664
3561
2391
2735
3626
3664
3560
2237
2496
3625
3664
3560
2329
2673
3627
3669
3562
2393
2690
3624
3666
3562
2462
2722
3626
3666
3563
2165
2432
3628
3666
3561
2143
2422
3625
3666
3561
2388
2665
3625
3669
3563
2164
2438
3628
3660
3562
2500
2687
3630
3668
3562
2059
2347
3627
3669
3562
2454
2660
3626
3660
3563
2455
2765
3627
3667
3563
2192
2475
3626
3668
3563
2314
2536
3628
3672
3563
2515
2818
3628
3670
3562
2475
2746
3625
3661
3563
2379
2624
3627
3652
3565
2114
2310
3628
3656
3562
2540
2876
3626
3667
3561
2157
2407
3627
3669
3568
2464
2717
3633
3671
3562
2449
2647
3627
3668
3565
2124
2402
3628
3674
3566
2131
2400
3629
3671
3558
2149
2424
3623
3668
3564
2237
2528
3628
3671
3564
2441
2709
3629
3668
3565
2161
2562
3629
3664
3562
2468
2736
3625
3669
3564
2467
2727
3629
3660
3566
2184
2472
3630
3668
3560
2223
2515
3625
3666
3565
2140
2466
3628
3659
3565
2173
2567
3629
3666
3563
2190
2540
3628
3666
3563
2528
2854
3626
3666
3562
2130
2409
3627
3669
3564
2507
2770
3626
3668
3561
2518
2751
3629
3661
3565
2211
2535
3629
3665
3562
2235
2515
3627
3663
3566
2151
2476
3627
3671
3564
2147
2395
3629
3669
3565
2510
2902
3628
3668
3561
2270
2676
3624
3670
3564
2620
2907
3626
3659
3561
2219
2497
3623
3665
3563
2179
2590
3629
3667
3564
2546
2844
3628
3669
3563
2115
2451
3627
3664
3565
2458
2801
3629
3662
3564
2531
2897
3628
3666
3561
2647
2932
3629
3670
3564
2103
2537
3627
3667
3561
2452
2747
3628
3665
3565
2529
2891
3631
3657
3563
2165
2447
3629
3671
3563
2152
2430
3628
3662
3565
2438
2791
3629
3654
3564
2535
2957
3629
3665
3565
1883
2165
3629
3662
3562
2494
2834
3624
3659
3562
2587
3030
3627
3663
3563
2629
3063
3627
3663
3567
2213
2558
3629
3669
3564
2554
2954
3628
3672
3564
2485
2855
3627
3671
3563
2208
2635
3628
3666
3562
2496
2916
3626
3672
3564
2245
2498
3628
3672
3563
2157
2500
3625
3666
3563
2520
2914
3628
3669
3562
2564
2958
3626
3661
3564
2600
2906
3628
3657
3563
2125
2565
3627
3672
3565
2522
2957
3630
3663
3566
2311
2667
3629
3661
3562
2607
3009
3625
3667
3564
2559
2915
3627
3665
3565
2588
2910
3632
3668
3565
2357
2673
3627
3659
3562
2576
2982
3626
3662
3562
2506
2966
3626
3653
3568
2576
2990
3632
3665
3567
2312
2652
3630
3667
3562
2245
2549
3627
3667
3564
2262
2532
3626
3666
3560
2481
2794
3623
3673
3562
2515
2924
3629
3667
3568
2508
2809
3633
3667
3565
2162
2488
3628
3660
3565
2317
2526
3625
3665
3562
2086
2362
3624
3663
3563
2316
2610
3629
3663
3569
2218
2660
3632
3665
3562
2255
2603
3625
3669
3565
2203
2533
3627
3667
3566
2480
2904
3630
3667
3562
2469
2951
3627
3657
3566
2504
2870
3630
3664
3565
2925
3189
3627
3654
3566
2532
2964
3630
3671
3566
2335
2606
3629
3665
3569
2219
2667
3633
3668
3568
2490
2956
3632
3667
3566
2441
2741
3631
3661
3565
2592
2904
3630
3658
3568
2586
3096
3630
3666
3567
2544
2974
3630
3668
3568
2529
2901
3633
3661
3564
2481
2907
3627
3660
3564
2225
2541
3629
3669
3562
2583
3006
3625
3658
3564
2633
3022
3629
3662
3563
2280
2580
3626
3653
3565
2651
3069
3629
3655
3568
2599
3099
3631
3664
3561
2491
2977
3627
3662
3560
2621
3025
3625
3666
3562
2385
2818
3627
3658
3563
2498
2930
3626
3662
3562
2610
3060
3628
3661
3563
2496
2900
3628
3661
3565
2754
3203
3630
3657
3564
2528
3093
3630
3659
3565
2455
2951
3627
3671
3558
2674
2994
3620
3662
3560
2208
2634
3624
3664
3563
2203
2621
3629
3671
3564
2511
2937
3629
3666
3565
2184
2476
3628
3658
3563
2209
2555
3627
3659
3565
2167
2451
3629
3663
3563
2559
2902
3628
3663
3562
2257
2614
3627
3661
3564
2637
3067
3629
3659
3564
2836
3223
3629
3653
3561
2593
3083
3625
3666
3564
2524
2964
3630
3652
3564
2351
2671
3629
3660
3562
2562
3038
3628
3659
3564
2678
2996
3630
3655
3561
2613
3089
3625
3663
3561
2517
3013
3627
3667
3563
2234
2503
3626
3674
3565
2282
2556
3628
3668
3562
2463
2819
3627
3653
3563
2654
3136
3628
3661
3564
2488
2923
3628
3662
3564
2571
2855
3627
3670
3563
2578
3022
3626
3659
3565
2578
2868
3630
3666
3567
2619
3009
3629
3670
3565
2569
2985
3629
3662
3563
2207
2463
3627
3655
3562
2538
2931
3624
3661
3561
2574
3138
3624
3669
3563
2546
2922
3626
3649
3563
2615
2895
3629
3665
3564
2569
2833
3627
3668
3562
3056
3526
3628
3664
3565
2528
2768
3628
3668
3562
2271
2627
3627
3658
3565
2176
2466
3630
3665
3564
2164
2430
3630
3652
3564
2557
3041
3629
3672
3566
2534
2822
3630
3657
3561
2559
2973
3627
3651
3562
2698
3026
3630
3651
3563
2490
3322
3626
3671
3566
2245
2537
3629
3669
3563
2255
2452
3627
3662
3568
2275
2596
3629
3664
3560
2619
3065
3623
3648
3563
2572
2978
3624
3661
3560
2549
3097
3627
3658
3564
2514
2802
3630
3665
3564
2581
2994
3629
3663
3565
2492
2969
3628
3660
3568
2241
2626
3632
3658
3564
2587
2839
3629
3662
3564
2144
2638
3626
3655
3562
2725
3247
3629
3674
3566
3033
3282
3631
3668
3562
2296
2600
3628
3664
3563
2146
2566
3628
3665
3563
2450
2774
3626
3659
3568
2597
2977
3631
3660
3564
2246
2518
3628
3661
3563
2263
2761
3629
3666
3565
2341
2811
3629
3656
3566
2181
2623
3627
3660
3560
2241
2730
3624
3651
3566
2286
2482
3630
3650
3566
2231
2503
3629
3660
3565
2661
3197
3627
3655
3563
2757
3001
3627
3658
3562
2698
3256
3624
3656
3560
2780
3106
3626
3645
3655
2268
2608
3654
3653
3557
2295
2567
3621
3660
3572
2576
2990
3638
3656
3568
2739
3095
3633
3649
3567
2675
3339
3633
3661
3566
2708
3129
3631
3666
3569
2553
2879
3629
3660
3567
2718
3100
3630
3664
3566
2813
3239
3631
3647
3567
2631
3092
3635
3656
3568
2510
2970
3632
3650
3564
2552
3014
3628
3654
3567
2565
2816
3631
3661
3567
2332
2656
3632
3654
3569
2539
2931
3635
3658
3566
2574
2980
3634
3659
3569
2331
2712
3633
3651
3565
2164
2470
3630
3663
3566
2226
2400
3628
3642
3654
2988
3438
3654
3658
3557
2880
3314
3622
3659
3577
2600
3230
3642
3666
3570
2609
2934
3635
3659
3568
2576
2836
3632
3659
3570
2151
2551
3633
3666
3567
2336
2754
3632
3671
3569
1995
2160
3633
3721
3591
2094
2734
3656
3664
3562
2874
3198
3622
3652
3568
2281
2613
3631
3658
3569
2166
2554
3638
3667
3570
2326
2710
3634
3654
3564
2981
3401
3629
3663
3567
2228
2489
3632
3662
3567
2073
2669
3631
3672
3570
2550
2903
3632
3661
3566
2209
2547
3633
3665
3568
2330
2656
3632
3661
3570
2379
2643
3635
3656
3569
2501
2842
3631
3660
3568
2587
2907
3631
3660
3569
2340
2600
3630
3655
3565
2628
3020
3632
3660
3567
2434
3092
3632
3645
3567
2934
3246
3630
3661
3570
2620
3630
1501
3647
3714
3659
3664
2058
2299
3664
3666
3613
2892
3287
3664
3664
3573
2752
3304
3638
3654
3569
2668
3108
3634
3651
3572
2833
3099
3637
3660
3571
2856
3180
3636
3660
3570
2198
2548
3636
3670
3569
2393
2599
3633
3662
3570
2794
3222
3634
3664
3569
2041
2277
3633
3668
3567
2676
3029
3630
3659
3572
2529
2963
3637
3653
3568
2902
3514
3632
3664
3566
2789
3323
3629
3659
3566
2593
2941
3633
3655
3569
2546
2834
3632
3669
3570
3035
3629
3631
3649
3567
2859
3312
3631
3673
3568
2604
2830
3632
3665
3569
2588
2934
3636
3654
3570
2627
2873
3635
3666
3571
2824
3302
3634
3664
3568
2588
3007
3631
3666
3568
2494
2798
3632
3652
3569
2402
2807
3636
3655
3568
2769
3245
3633
3660
3569
2889
3551
3633
3663
3573
2607
2979
3637
3660
3569
2482
2848
3634
3662
3567
2741
3194
3630
3663
3570
2580
3208
3636
3662
3569
2438
2858
3632
3653
3566
2596
3100
3634
3665
3571
2312
2663
3637
3664
3568
2199
2536
3636
3660
3564
2644
3076
3630
3664
3569
3002
3460
3636
3663
3567
2624
3082
3630
3657
3564
2643
3233
3631
3670
3569
2442
2902
3632
3664
3566
2881
3547
3631
3662
3569
2227
2609
3635
3658
3570
2665
3063
3633
3659
3572
3051
3635
1503
3661
3664
3626
2451
2729
3679
3657
3569
2862
3092
3632
3654
3569
2883
3169
3635
3657
3570
2870
3469
3637
3651
3570
2202
2512
3637
3645
3573
2361
2621
3641
3660
3570
2717
3193
3635
3661
3571
2715
3123
3633
3663
3570
2616
3182
3632
3663
3570
2991
3344
3635
3661
3568
2278
2760
3634
3663
3571
2222
2718
3636
3658
3569
2558
3038
3634
3668
3568
2642
2914
3630
3668
3566
2320
3164
3628
3660
3568
2678
3114
3634
3662
3569
2513
2985
3633
3660
3570
2656
3190
3634
3659
3570
2706
3078
3634
3664
3571
2589
3246
3635
3667
3567
2254
2604
3634
3650
3570
2651
3159
3637
3654
3571
2256
2528
3636
3663
3567
2202
2742
3631
3663
3566
2686
3068
3632
3664
3575
2928
3574
3640
3669
3566
2679
3113
3631
3653
3572
2833
3396
3631
3668
3568
2497
3435
3635
3658
3567
2905
3209
3633
3672
3573
2540
2815
3635
3658
3564
2406
2665
3630
3649
3572
2797
3271
3635
3660
3570
2696
3070
3630
3661
3573
2885
3487
3639
3650
3568
2724
3454
3634
3663
3573
3099
3637
1666
3666
3651
3628
2241
2701
3667
3656
3571
3260
3638
1547
3673
3666
3627
2870
3326
3664
3671
3567
2164
2900
3634
3671
3572
3042
3516
3634
3649
3565
3393
3633
1610
3662
3661
3630
3667
1623
2331
3655
3656
3632
2649
3283
3653
3655
3571
2569
2847
3637
3665
3574
3297
3633
1714
3660
3664
3629
3492
3656
1618
3656
3665
3627
2438
2868
3664
3656
3576
2750
2972
3638
3664
3568
2107
2357
3633
3663
3571
2537
3277
3635
3661
3571
3633
1698
2051
3646
3717
3649
3170
3664
1908
3660
3653
3698
3129
3657
1817
3647
3665
3628
3651
1672
2051
3655
3655
3634
2808
3242
3670
3664
3571
2629
3635
1803
3657
3656
3635
3389
3661
1635
3667
3661
3630
3654
1670
2143
3714
3661
3651
3451
3663
1856
3647
3669
3623
2921
3535
3655
3655
3571
2381
2535
3635
3707
3600
2910
3415
3651
3673
3570
3236
3567
3628
3664
3569
3019
3195
3631
3668
3570
2513
2905
3629
3658
3572
2366
2698
3638
3658
3573
3567
3639
1702
3651
3716
3703
3661
1853
2425
3661
3661
3692
3546
3655
2146
3715
3656
3654
3502
3666
2430
3662
3665
3635
2578
3350
3666
3650
3572
3592
3636
1789
3651
3714
3643
3247
3577
3697
3709
3620
3626
3648
1901
3663
3662
3624
2763
3361
3689
3645
3684
3537
3645
2180
3706
3659
3638
3645
3669
2241
3657
3656
3627
3664
2066
2998
3662
3649
3635
3158
3680
1642
3636
3710
3650
2377
2873
3645
3694
3680
3396
3670
1742
3652
3665
3623
3657
3230
3664
1786
3656
3739
3659
2316
2626
3664
3663
3576
3083
3415
3711
3641
3689
3637
3651
1986
3660
3671
3613
3238
3654
1523
3661
3654
3636
3254
3612
3664
3658
3573
3070
3634
1833
3699
3658
3654
3667
1610
3653
1812
3662
3661
3678
3664
1757
2572
3660
3649
3700
2012
2274
3658
3644
3647
2889
3129
3647
3671
3570
3320
3700
2173
3669
3663
3651
3311
3645
1708
3674
3670
3634
3151
3653
1538
3660
3667
3628
2892
3436
3660
3667
3573
3637
2377
2778
3649
3652
3630
2368
3068
3712
3680
3601
3706
1548
2022
3636
3712
3666
3145
3654
1732
3714
3673
3646
2919
3607
3661
3669
3575
3710
1905
2264
3658
3660
3655
2682
2987
3668
3668
3579
3642
1488
2000
3658
3653
3631
3399
3659
1736
3660
3662
3631
2924
3348
3664
3660
3572
2702
3608
3638
3662
3569
3634
1475
2254
3654
3655
3641
3199
3657
1702
3728
3663
3653
2434
3029
3653
3719
3598
3656
1506
2115
3653
3658
3623
2978
3374
3702
3669
3591
3696
1929
2797
3659
3664
3656
3397
3653
1743
3649
3685
3628
2214
2836
3696
3645
3588
2855
3523
3651
3654
3576
2710
3138
3644
3711
3602
3700
2146
3548
3644
3724
3651
3716
2206
2894
3644
3724
3665
3662
1677
2545
3649
3730
3648
2208
2436
3626
3698
3631
2286
2762
3652
3705
3606
2388
2866
3690
3706
3620
3141
3663
1566
3612
3694
3645
3666
2157
2621
3641
3714
3657
2779
3639
1656
3708
3654
3690
3030
3666
1572
3664
3662
3609
2460
3282
3700
3647
3603
3489
3633
1633
3702
3640
3689
3658
2055
3159
3651
3665
3614
3247
3657
2095
3633
3655
3685
3649
1699
2831
3703
3715
3703
3662
1886
2152
3636
3724
3646
2761
3237
3655
3644
3556
2463
3619
1593
3651
3650
3634
2166
3024
3670
3640
3688
3655
3084
3662
1642
3650
3718
3710
3149
3657
1876
3658
3645
3709
3661
2700
3092
3718
3671
3595
2715
3646
1505
3654
3649
3635
3659
1645
2146
3654
3648
3631
2395
2809
3657
3658
3579
3696
1603
2524
3664
3660
3636
3059
3701
1684
3661
3660
3661
3377
3669
1759
3659
3668
3634
3188
3324
3644
3708
3604
3637
1881
2201
3703
3657
3640
3644
1832
2332
3658
2808
2844
1997
1463
1308
2705
3001
3066
3462
3536
3599
2000
2135
3635
3682
3565
3587
2017
2185
3653
3666
3532
1927
2066
3598
3661
3530
2182
2413
3597
3662
3537
2301
2479
3599
3664
3533
2134
2402
3596
3659
3538
2515
2742
3604
3659
3538
2066
2503
3601
3660
3539
2163
2436
3603
3660
3542
2704
3334
3606
3654
3546
2575
2963
3611
3639
3637
2409
2899
3637
3652
3539
3606
1464
1878
3664
3664
3612
2815
3273
3653
3659
3547
2088
2946
3612
3651
3552
1726
1726
3427
3222
1417
1636
1441
1759
1779
406
467
505
1225
1847
1139
1638
1624
1762
2035
2236
2335
2229
1912
2249
2732
2981
3198
3427
3524
3380
1776
1776
