4
5
6
6
160
293
448
603
758
883
1026
86
231
378
525
675
817
957
1096
1121
1139
1164
193
469
707
978
1406
1440
1473
1505
1544
1589
1639
1690
1749
1804
1875
1935
1999
2065
2183
2345
1832
1810
1790
1752
1726
1692
1658
1628
1674
1736
1808
1863
1936
1997
2044
2102
3414
2143
2475
2215
1865
1587
1531
1550
1650
1691
1774
1862
1904
1983
2108
3532
2135
3013
2219
1860
1597
1560
1631
2933
1718
1720
1785
1510
1530
1606
3614
1689
2143
194
220
344
402
1296
1350
1410
1622
1754
1248
1330
1376
1414
1494
2283
2489
1571
1349
1350
1422
2166
2415
1493
1311
1377
2351
2745
1446
1314
1384
2508
2946
1457
1306
1377
2541
2909
1442
1328
1382
3110
1448
1996
1523
1382
1479
3073
1538
1667
1631
1415
1494
3592
1575
1783
1654
1392
1475
3426
1549
2557
1605
1402
1466
3148
3358
1523
1324
1394
1466
1540
1835
1511
1427
1505
3193
1550
1818
1649
1443
1525
2277
2729
1591
1356
1367
1434
2506
2854
1511
1335
1426
2588
1492
1495
1545
1418
1476
1592
2136
2650
1666
1503
1563
1621
1706
2089
1707
1417
1519
194
194
1296
1341
1335
1416
1230
1291
1359
1434
1515
1668
1703
1567
1387
1339
1409
1541
1582
1475
1288
1357
1485
1521
1420
1292
1360
1470
1512
1424
1294
1357
1389
1402
1420
1293
1358
1425
1441
1424
1300
1365
1430
1454
1431
1301
1363
1465
1501
1430
1299
1365
1487
1532
1428
1300
1364
1491
1521
1430
1303
1368
1550
1593
1439
1301
1365
1477
1508
1432
1303
1365
1592
1632
1429
1305
1371
1515
1548
1437
1306
1373
1542
1577
1437
1312
1372
1534
1586
1433
1306
1372
1545
1580
1434
1317
1349
1566
1623
1434
1338
1400
1603
1658
1463
1302
1363
1556
1594
1435
1319
1377
1571
1612
1445
1309
1374
1648
1734
1436
1313
1376
1599
1645
1439
1312
1373
1628
1674
1438
1318
1378
1584
1638
1442
1312
1376
1613
1674
1445
1313
1382
1623
1678
1452
1311
1381
1624
1682
1440
1322
1377
1699
1819
1442
1314
1382
1640
1706
1444
1320
1380
1629
1713
1445
1314
1380
1699
1760
1444
1314
1379
1635
1707
1444
1315
1375
1646
1729
1439
1312
1376
1751
1894
1439
1313
1376
1645
1730
1440
1316
1373
1653
1750
1438
1313
1382
1786
1893
1443
1320
1383
1702
1766
1443
1310
1376
1663
1742
1443
1315
1384
1693
1791
1445
1320
1379
1719
1845
1443
1312
1378
1818
1960
1444
1317
1381
1657
1736
1442
1316
1381
1694
1791
1446
1316
1381
1718
1806
1448
1314
1378
1681
1755
1447
1318
1387
1695
1801
1447
1318
1385
1778
1887
1446
1313
1384
1694
1785
1445
1319
1382
1758
1847
1448
1320
1384
1727
1827
1446
1321
1385
1694
1792
1448
1316
1385
1788
1955
1449
1318
1383
1885
1985
1447
1317
1378
1719
1804
1446
1321
1380
1829
1925
1444
1316
1382
1778
1901
1446
1317
1387
1913
2068
1447
1316
1382
1881
1976
1449
1331
1382
1740
1874
1447
1322
1386
1784
1884
1453
1322
1383
1792
1880
1449
1315
1399
1808
1929
1445
1319
1388
1840
1935
1447
1318
1385
1915
2131
1443
1323
1384
1968
2084
1447
1321
1382
1877
1970
1445
1314
1383
1807
1944
1449
1323
1381
1895
1997
1448
1321
1380
1982
2074
1448
1324
1385
1871
1974
1446
1325
1387
1785
1953
1444
1321
1383
2027
2137
1449
1326
1385
1815
2005
1446
1320
1382
1966
2156
1450
1324
1384
1981
2138
1454
1331
1382
1900
2090
1444
1326
1379
1871
2017
1446
1323
1386
1880
2024
1458
1317
1384
1910
2012
1448
1327
1391
1853
2015
1458
1322
1390
1880
1972
1447
1328
1393
1931
2109
1447
1319
1383
1894
2085
1449
1317
1382
1871
1983
1446
1322
1382
2022
2140
1459
1321
1389
1931
2125
1446
1323
1383
1852
1972
1452
1321
1386
1896
2032
1450
1326
1383
1909
2085
1449
1319
1384
1877
2020
1452
1317
1382
1849
1959
1451
1320
1390
1896
2085
1447
1319
1387
2075
2204
1451
1323
1382
1891
2036
1445
1326
1382
1842
1990
1446
1317
1380
2025
2240
1447
1321
1384
2047
2272
1447
1324
1386
1974
2169
1450
1323
1385
1937
2149
1447
1321
1382
2046
2176
1446
1331
1386
1796
1969
1450
1322
1384
1844
1971
1449
1326
1392
2122
2268
1460
1324
1389
2031
2160
1447
1323
1384
1998
2210
1447
1321
1384
2172
2418
1457
1319
1382
2170
2375
1443
1322
1387
1918
2065
1446
1322
1393
2089
2213
1455
1317
1385
1949
2120
1448
1320
1392
1942
2112
1451
1320
1387
2041
2191
1454
1321
1393
1977
2139
1453
1322
1387
2043
2216
1452
1322
1383
2024
2233
1445
1322
1383
1914
2058
1446
1322
1382
1942
2110
1455
1321
1390
1933
2134
1452
1323
1395
2024
2159
1459
1326
1387
2102
2274
1447
1331
1387
1949
2140
1451
1322
1381
2047
2236
1453
1320
1386
2195
2454
1448
1325
1385
1919
2145
1452
1319
1385
2070
2297
1445
1319
1382
2152
2376
1446
1325
1394
2148
2390
1448
1316
1382
2144
2346
1440
1322
1390
2124
2339
1450
1326
1380
2130
2360
1447
1324
1389
2177
2361
1458
1315
1390
2090
2262
1454
1329
1392
2012
2184
1449
1336
1386
1973
2137
1446
1324
1388
1994
2169
1447
1323
1387
2122
2313
1453
1322
1393
2129
2289
1456
1319
1394
2208
2460
1461
1326
1391
2206
2363
1453
1331
1382
2238
2450
1446
1325
1387
2220
2470
1445
1322
1388
2199
2358
1460
1315
1380
2234
2415
1446
1328
1385
2038
2212
1447
1323
1383
2138
2379
1449
1320
1381
2118
2362
1448
1323
1381
2131
2281
1449
1320
1385
2049
2211
1453
1321
1387
2071
2280
1449
1319
1387
2301
2497
1450
1325
1395
1991
2165
1448
1327
1389
2037
2251
1449
1327
1392
2339
2649
1455
1326
1392
2228
2459
1452
1330
1386
2354
2612
1450
1321
1390
2287
2521
1455
1325
1389
2048
2226
1445
1318
1382
1890
2068
1449
1323
1387
2231
2439
1450
1324
1400
2252
2434
1456
1321
1390
2078
2273
1455
1325
1392
2222
2463
1455
1325
1395
2091
2285
1453
1323
1391
2037
2243
1450
1327
1391
2256
2426
1455
1323
1384
2043
2211
1450
1328
1394
1956
2153
1448
1323
1386
2006
2208
1452
1319
1389
2095
2391
1452
1340
1388
2370
2574
1455
1324
1386
2031
2260
1452
1326
1392
2120
2370
1451
1330
1387
2063
2335
1453
1327
1382
2032
2278
1453
1318
1384
2122
2336
1454
1322
1386
2112
2352
1448
1326
1387
2409
2727
1452
1319
1381
2062
2301
1455
1325
1387
2373
2673
1457
1324
1387
2309
2591
1448
1319
1384
1910
2244
1456
1326
1389
2339
2582
1451
1328
1385
2351
2630
1450
1320
1391
2367
2567
1451
1327
1394
2176
2422
1449
1327
1393
2355
2686
1452
1327
1389
2385
2710
1445
1335
1393
2160
2353
1453
1333
1384
2145
2441
1446
1325
1389
2329
2597
1452
1319
1389
2270
2602
1452
1325
1386
2188
2402
1450
1318
1389
2255
2493
1453
1326
1385
2153
2351
1454
1322
1385
2128
2307
1449
1334
1393
2164
2403
1455
1321
1393
2141
2322
1463
1324
1389
2403
2688
1455
1328
1397
2399
2651
1450
1314
1385
2401
2635
1449
1334
1389
2143
2393
1450
1326
1380
2084
2342
1454
1332
1387
2177
2451
1463
1326
1392
2349
2556
1462
1326
1388
2118
2467
1447
1330
1386
2145
2290
1446
1323
1386
2116
2369
1447
1323
1401
2157
2425
1449
1318
1396
2163
2405
1450
1322
1394
2174
2411
1447
1325
1388
2463
2750
1448
1326
1393
2529
2803
1447
1332
1394
2446
2802
1448
1334
1391
2406
2650
1448
1328
1390
2440
2687
1451
1323
1396
2127
2430
1450
1331
1389
2107
2543
1456
1327
1385
2325
2737
1453
1343
1386
2107
2308
1456
1322
1386
2440
2733
1453
1328
1393
2417
2774
1454
1326
1402
2446
2696
1453
1331
1386
2204
2477
1458
1331
1390
2120
2464
1465
1323
1381
2455
2709
1457
1321
1394
2456
2799
1448
1324
1389
2463
2740
1452
1329
1393
2471
2815
1446
1327
1386
2476
2781
1467
1321
1393
1983
2165
1453
1329
1389
2175
2430
1455
1330
1388
2186
2500
1454
1330
1394
2512
2890
1458
1328
1388
2356
2618
1450
1321
1389
2465
2847
1456
1319
1388
2429
2791
1451
1326
1386
2424
2874
1456
1323
1394
2186
2448
1457
1331
1391
2495
2795
1462
1324
1393
2505
2825
1456
1332
1388
2474
2789
1457
1327
1396
2020
2226
1454
1334
1396
2145
2381
1457
1326
1400
2254
2522
1459
1332
1389
2529
2871
1461
1326
1392
2538
2958
1451
1326
1388
2150
2332
1462
1325
1394
2348
2614
1454
1328
1389
2548
2947
1460
1322
1397
2251
2667
1453
1325
1405
2533
2813
1455
1324
1392
2184
2441
1458
1322
1400
2284
2548
1452
1324
1387
2475
2777
1454
1337
1388
2146
2452
1463
1329
1390
2466
2844
1449
1329
1393
2103
2364
1454
1332
1388
2520
2918
1463
1331
1393
2481
2773
1455
1321
1389
2547
2899
1446
1325
1388
2592
3000
1450
1329
1385
2309
2637
1456
1320
1385
2553
2921
1462
1325
1392
2229
2498
1450
1331
1398
2124
2414
1449
1321
1377
2231
2587
1457
1329
1384
2484
2760
1457
1325
1396
2178
2486
1452
1325
1386
2266
2530
1456
1324
1391
1961
2189
1457
1330
1397
1945
2305
1445
1325
1404
2200
2512
1451
1339
1388
2478
2852
1455
1325
1385
2097
2461
1455
1318
1393
2199
2489
1460
1319
1397
2297
2597
1457
1325
1382
2272
2691
1452
1335
1400
2526
2942
1468
1328
1387
2571
2901
1458
1329
1393
2243
2518
1453
1324
1388
2516
2894
1453
1336
1394
2524
2964
1449
1328
1380
2484
2852
1450
1334
1388
2494
2781
1459
1332
1387
2183
2601
1459
1331
1384
2506
2942
1453
1325
1393
2193
2629
1446
1329
1391
2643
3042
1449
1325
1388
2528
2834
1457
1325
1389
2267
2557
1461
1327
1395
2421
2673
1455
1323
1392
2242
2540
1461
1329
1396
2480
2791
1454
1326
1390
2358
2638
1457
1326
1390
2150
2450
1460
1321
1394
2578
2956
1463
1321
1385
2461
2749
1457
1322
1394
2103
2416
1461
1334
1393
2607
2899
1452
1334
1394
2473
2870
1459
1321
1386
2542
2994
1456
1324
1382
2148
2446
1450
1327
1394
2612
3054
1451
1327
1390
2312
2522
1451
1325
1393
2523
2955
1461
1319
1393
2301
2745
1456
1328
1381
2651
3031
1448
1340
1391
2505
3001
1449
1320
1388
2530
2886
1463
1330
1387
2555
3011
1463
1326
1389
2540
3021
1453
1325
1397
2535
3073
1450
1323
1397
2639
3103
1459
1328
1382
2244
2486
1455
1327
1395
2759
3071
1464
1319
1388
2140
2430
1452
1326
1395
2267
2669
1464
1333
1388
2588
2972
1460
1325
1394
2084
2396
1458
1331
1395
2267
2681
1444
1325
1392
2542
2962
1455
1327
1384
2542
3023
1453
1332
1403
2587
2871
1448
1336
1398
2290
2544
1467
1327
1384
2592
2992
1455
1322
1390
2602
2854
1457
1328
1395
2195
2556
1465
1330
1396
2302
2610
1459
1334
1389
2261
2559
1451
1326
1394
2234
2462
1460
1330
1391
2479
2919
1453
1327
1393
2503
2771
1469
1329
1403
2291
2583
1464
1326
1391
2159
2421
1456
1327
1400
2237
2846
1464
1327
1398
2672
3114
1454
1327
1402
2554
2980
1462
1331
1399
2619
3081
1463
1341
1390
2496
2943
1460
1333
1388
2464
2758
1461
1323
1385
2655
3039
1444
1321
1390
2530
2918
1457
1326
1400
2590
3072
1461
1339
1387
2787
3313
1463
1328
1391
2589
3231
1456
1331
1392
2224
2527
1453
1324
1397
2629
3177
1462
1331
1397
2473
2956
1460
1335
1396
2690
3264
1452
1326
1389
2627
2923
1460
1333
1404
2172
2468
1460
1331
1393
2219
2663
1445
1328
1399
2211
2525
1454
1330
1397
2313
2711
1466
1339
1384
2264
2606
1454
1323
1383
2587
2941
1457
1331
1388
2640
3020
1452
1325
1391
2687
3157
1452
1326
1385
2195
2505
1453
1324
1393
2565
2968
1463
1327
1388
2639
3088
1459
1332
1392
2663
3096
1462
1333
1398
2717
3137
1454
1326
1392
2574
3244
1462
1334
1385
2569
2863
1458
1328
1392
2554
2967
1462
1335
1399
2471
2921
1457
1321
1398
2590
3198
1466
1330
1399
2711
3295
1457
1325
1392
2846
3272
1455
1345
1400
2529
2927
1458
1324
1394
2664
3084
1455
1325
1390
2506
3012
1459
1322
1386
2682
3036
1460
1325
1391
2683
2971
1448
1328
1389
2163
2565
1457
1332
1397
2041
2429
1472
1334
1398
2568
3084
1453
1338
1384
1878
2220
1450
1322
1389
2477
2833
1463
1324
1387
2681
3173
1455
1339
1394
2290
2944
1459
1324
1388
2370
2688
1458
1330
1396
2250
2718
1464
1333
1399
2477
2909
1461
1331
1387
2137
2433
1469
1329
1396
2490
2906
1458
1330
1404
2620
2972
1457
1325
1394
2602
2938
1468
1330
1400
2638
3008
1464
1340
1398
2710
3188
1457
1334
1394
2676
3034
1464
1334
1388
2218
2430
1450
1324
1386
2222
2514
1454
1321
1391
2267
2805
1458
1330
1390
2572
3014
1452
1334
1391
2879
3211
1463
1326
1388
2374
2714
1454
1322
1385
2297
2601
1450
1340
1392
2104
2362
1460
1329
1396
2670
3120
1463
1324
1392
2714
3084
1467
1329
1396
2730
3104
1460
1331
1393
2579
3009
1460
1331
1399
2605
3041
1469
1333
1397
2387
2699
1450
1334
1402
2196
2514
1456
1336
1402
2608
3094
1462
1329
1384
2029
2226
1457
1327
1399
2693
3144
1460
1323
1396
2884
3532
1460
1331
1399
2639
3035
1464
1329
1393
2625
2867
1472
1342
1389
2047
2327
1463
1335
1396
2246
2628
1462
1328
1395
2407
2875
1458
1342
1390
2572
3440
1463
1325
1400
2566
3048
1453
1337
1401
2699
3129
1455
1341
1396
2714
3170
1466
1336
1394
2314
2640
1469
1333
1393
2291
2757
1468
1330
1397
2427
2715
1462
1326
1396
2258
2740
1476
1333
1422
2326
2788
1487
1327
1383
2653
3133
1451
1350
1404
2302
2636
1474
1337
1389
2199
2533
1460
1330
1391
2395
2975
1464
1342
1410
2330
2595
1473
1341
1406
2275
2690
1471
1334
1394
2548
2846
1469
1333
1399
2153
2369
1466
1325
1392
2718
3216
1470
1336
1402
3324
1461
1557
1524
1391
1451
2601
3060
1520
1326
1405
2573
3101
1459
1340
1405
2849
3369
1470
1336
1400
2602
2934
1476
1327
1407
2565
3023
1460
1329
1392
2224
2440
1456
1333
1416
2322
2686
1478
1339
1393
2219
2573
1472
1336
1401
2839
3135
1465
1329
1391
2565
2949
1472
1335
1403
2263
2559
1467
1340
1409
2281
2631
1470
1327
1406
2216
2456
1471
1335
1407
2443
2792
1469
1332
1400
2306
2706
1472
1333
1399
2435
2895
1464
1325
1397
2443
2765
1470
1352
1401
2385
2725
1482
1330
1404
1958
2209
1463
1338
1393
2357
2800
1457
1343
1397
2155
2497
1469
1337
1390
2234
2466
1463
1329
1409
2657
2993
1462
1338
1401
2721
2973
1466
1343
1397
2387
2777
1471
1333
1399
2388
2739
1457
1340
1398
2368
2720
1468
1337
1397
2785
3159
1465
1327
1391
2615
3631
1460
1340
1406
2372
2662
1469
1342
1404
3078
3424
1475
1326
1409
2487
2899
1474
1346
1406
3109
3550
1482
1326
1394
2798
3360
1453
1340
1408
2250
2576
1468
1333
1390
2674
3207
1464
1348
1397
2679
2997
1471
1326
1393
2915
3451
1458
1337
1394
2056
2225
1465
1341
1407
2807
3324
1468
1332
1398
2802
3176
1460
1339
1403
2401
3051
1468
1327
1391
2969
3603
1465
1342
1401
2029
2345
1466
1339
1394
2482
2706
1463
1341
1400
2168
2576
1471
1336
1400
2934
3507
1463
1346
1394
2734
3153
1468
1339
1400
2614
3258
1465
1346
1400
2736
3318
1470
1342
1395
2669
3259
1471
1341
1399
2565
3035
1463
1338
1391
2323
2610
1459
1339
1395
2313
2853
1463
1336
1401
2393
2843
1477
1339
1399
2853
3499
1482
1335
1417
2622
3200
1501
1321
1388
2288
2838
1452
1335
1411
2543
2859
1478
1332
1398
2606
3050
1460
1333
1412
2608
3190
1463
1329
1388
2352
2594
1460
1341
1408
2974
3435
1472
1339
1399
2923
3222
1469
1336
1399
2691
3087
1464
1333
1397
2774
3231
1461
1349
1398
2604
3101
1468
1333
1398
2562
2960
1466
1339
1394
2708
2985
1466
1340
1398
2758
3002
1460
1343
1413
2569
2860
1464
1336
1394
2180
2660
1462
1333
1401
2689
3081
1461
1336
1400
2510
2910
1470
1334
1415
2351
2583
1472
1332
1397
2281
2787
1473
1339
1399
2235
2489
1487
1330
1432
2686
1500
1503
1563
1367
1446
2308
2686
1513
1349
1398
2748
3234
1492
1354
1427
2881
3498
1493
1335
1390
2316
2724
1457
1355
1402
2634
2934
1470
1342
1396
2778
3484
1474
1335
1391
2673
3149
1459
1345
1404
2702
3134
1466
1345
1400
2628
3180
1474
1335
1403
2687
3043
1472
1345
1404
2716
3322
1473
1343
1411
2905
3479
1467
1336
1409
2153
2431
1476
1339
1403
2923
3377
1461
1348
1407
2851
3293
1465
1346
1405
2083
2773
1486
1337
1406
2288
2636
1464
1331
1408
2556
3226
1451
1337
1396
2226
2632
1463
1342
1401
3533
1464
1856
1532
1404
1458
2838
3246
1521
1330
1404
2782
3600
1479
1348
1418
2626
2972
1494
1332
1387
1457
1581
1855
1536
1402
1483
2807
3129
1552
1333
1399
2787
3349
1463
1346
1412
2548
3050
1491
1331
1429
2153
2617
1488
1336
1386
3062
3526
1456
1359
1402
3240
3552
1465
1347
1399
2674
3472
1462
1336
1408
3274
3596
1477
1343
1404
3048
3386
1458
1341
1413
1474
1536
2100
1533
1389
1460
2992
3328
1534
1334
1423
2658
3335
1487
1347
1390
1452
2674
3068
1529
1343
1403
2666
1473
1484
1539
1391
1469
2943
3271
1523
1363
1402
2296
3178
1463
1344
1409
3003
3633
1468
1335
1410
2722
1485
1487
1537
1391
1448
2702
3233
1522
1346
1408
2634
3033
1468
1349
1410
3016
3302
1472
1334
1393
2880
1464
1552
1524
1397
1461
1521
1593
1947
1576
1378
1454
1523
1527
1905
1592
1403
1458
2520
3280
1536
1341
1410
1466
1670
1978
1541
1392
1485
2525
3125
1561
1352
1438
3372
1492
1734
1556
1394
1469
3415
1529
1647
1586
1399
1466
3044
3384
1522
1341
1392
2564
2996
1477
1348
1421
3379
1473
1945
1542
1403
1475
3267
1532
1608
1606
1400
1484
2554
3022
1546
1321
1396
2456
2903
1465
1351
1408
2830
3246
1477
1342
1405
3167
3465
1460
1341
1417
2427
2695
1476
1356
1408
2608
2904
1455
1334
1395
2371
3019
1475
1338
1400
2622
3396
1458
1337
1407
3029
1462
1560
1538
1397
1463
2483
3135
1522
1341
1398
2664
2958
1465
1346
1402
3300
1480
1686
1543
1390
1464
3038
1534
1638
1603
1402
1481
3139
3468
1548
1317
1391
3019
3364
1449
1354
1419
2619
2975
1488
1348
1428
3260
1503
1813
1569
1380
1460
1506
1544
1887
1581
1407
1459
2857
3403
1518
1338
1397
1467
1587
2341
1532
1390
1460
2730
1533
1843
1599
1379
1455
2527
3305
1538
1341
1434
2642
3158
1498
1347
1394
2926
3516
1496
1374
1470
1528
1624
2642
1616
1426
1506
1587
3221
3603
1677
1378
1452
1518
2832
1587
1675
1651
1386
1483
1555
3533
1620
1874
1701
1446
1512
3462
1586
2184
1652
1370
1450
1498
1502
1823
1563
1400
1470
3516
1527
1847
1606
1417
1475
2667
3143
1534
1344
1410
1473
1790
2227
1560
1412
1490
1559
1723
2416
1617
1422
1474
1536
3496
1585
1713
1671
1391
1482
1566
2180
2449
1618
1416
1488
2494
3058
1545
1343
1404
2422
2772
1477
1355
1405
1482
1582
2054
1531
1414
1453
2845
3357
1553
1355
1438
3542
1496
1878
1558
1429
1464
2922
3226
1558
1378
1443
2389
2773
1495
1377
1407
3517
1490
1840
1630
1449
1528
2684
3242
1617
1359
1433
1491
2039
3213
1564
1407
1460
1534
1573
2214
1595
1410
1492
1567
1607
2137
1642
1452
1516
2848
3428
1593
1405
1469
1571
1885
2693
1606
1436
1553
2832
3261
1584
1436
1465
2565
2879
1548
1394
1444
3132
1511
1733
1568
1407
1499
2811
3197
1527
1403
1509
3343
3589
1576
1449
1520
2444
3008
1582
1384
1407
1504
1539
1997
2239
1616
1422
1510
3134
1550
1740
1669
1432
1515
1572
2137
2435
1635
1336
1406
1471
2459
2728
1537
1341
1426
3539
1479
1713
1549
1419
1481
2745
3473
1529
1360
1405
2533
1501
1545
1569
1440
1487
2349
3071
1576
1354
1436
3187
1502
1996
1576
1402
1490
2886
1546
1756
1623
1454
1514
2915
1584
1595
1650
1411
1487
2901
1541
1723
1622
1408
1486
2830
3190
1569
1341
1437
2389
2749
1506
1341
1423
1477
2613
2967
1532
1425
1472
3020
3424
1560
1388
1427
2493
3611
1497
1346
1429
194
1297
1339
1358
1432
1214
1271
1342
1419
1498
1574
1646
1990
2129
1698
1387
1344
1421
1946
2106
1479
1303
1365
1907
2084
1427
1304
1368
2056
2270
1435
1300
1366
2397
2759
1445
1310
1382
2102
2397
1436
1314
1367
2067
2353
1430
1312
1372
2508
3196
1446
1310
1394
2540
2846
1441
1341
1402
2594
2822
1463
1306
1380
2226
2654
1440
1329
1386
2660
3158
1461
1317
1377
2545
2853
1457
1336
1392
2512
3030
1471
1334
1387
2757
3093
1459
1347
1400
1814
1814
314
1285
1405
1508
2075
313
337
448
491
890
1518
1543
1489
1723
1783
1781
1792
1818
1838
1865
1887
1908
1932
1906
2022
1671
1591
