4
5
6
6
161
296
451
606
760
882
1018
86
228
378
524
676
823
935
1080
1098
1120
1146
193
509
726
929
1341
1448
1483
1514
1551
1593
1633
1684
1734
1795
1855
1917
1980
2048
2109
2187
2317
1841
1816
1789
1749
1711
1685
1604
1621
1688
1756
1816
1904
1942
2030
2083
2154
3041
3374
2208
1865
1569
1515
1520
1626
1675
1779
1843
1902
2002
2048
2143
2207
2479
2895
2255
1929
1626
1565
1658
1767
1991
2635
1882
1585
194
219
360
455
1300
1355
1420
1856
2024
1255
1317
1384
1419
1506
2572
2779
1578
1301
1357
1436
2526
3034
1504
1302
1373
2547
2914
1450
1306
1366
2426
2712
1433
1309
1375
2865
3241
1444
1314
1375
2503
3029
1436
1320
1384
2366
2762
1472
1328
1411
1481
2891
1555
1603
1612
1400
1470
2062
2328
1538
1332
1418
1482
2645
3224
1544
1343
1435
1474
1556
1776
2264
1619
1390
1470
1530
3162
3536
1581
194
212
338
367
193
222
300
350
1297
1349
1414
1393
1441
1246
1322
1376
1405
1484
1618
1651
1562
1372
1343
1411
1539
1563
1478
1293
1358
1470
1504
1425
1293
1355
1369
1377
1419
1292
1358
1400
1413
1420
1289
1355
1430
1443
1420
1294
1359
1428
1444
1421
1299
1362
1441
1462
1427
1294
1360
1447
1464
1424
1299
1360
1475
1516
1425
1300
1358
1485
1529
1428
1297
1367
1553
1608
1429
1301
1364
1492
1522
1428
1296
1363
1487
1514
1426
1304
1367
1519
1550
1433
1300
1374
1594
1684
1431
1302
1369
1521
1561
1430
1304
1368
1533
1593
1443
1320
1375
1537
1588
1439
1304
1367
1560
1602
1432
1308
1372
1548
1598
1435
1322
1381
1617
1661
1438
1308
1375
1592
1636
1440
1309
1372
1596
1644
1439
1306
1371
1587
1653
1435
1313
1375
1581
1648
1440
1309
1378
1619
1711
1440
1313
1375
1715
1805
1442
1307
1374
1718
1802
1434
1312
1379
1734
1837
1440
1311
1377
1757
1872
1444
1307
1372
1634
1709
1436
1314
1376
1659
1733
1441
1312
1378
1645
1714
1445
1311
1375
1668
1747
1438
1309
1381
1697
1772
1437
1312
1382
1779
1893
1443
1314
1377
1676
1753
1442
1311
1377
1658
1727
1441
1318
1378
1651
1736
1445
1315
1381
1707
1799
1444
1323
1379
1712
1817
1452
1321
1380
1689
1778
1445
1313
1374
1800
1953
1442
1310
1374
1790
1934
1440
1320
1382
1706
1782
1449
1318
1382
1675
1766
1452
1318
1377
1886
2020
1442
1318
1382
1855
2006
1442
1319
1377
1682
1793
1441
1311
1378
1861
1954
1448
1320
1387
1874
1995
1453
1316
1381
1763
1896
1445
1317
1378
1830
1968
1446
1316
1381
1879
2049
1443
1316
1379
1877
2035
1445
1315
1382
1907
2076
1444
1326
1379
1902
2086
1443
1317
1384
1886
2028
1443
1319
1384
1937
2060
1446
1316
1380
1796
1903
1447
1318
1385
1947
2095
1448
1315
1383
1699
1789
1444
1324
1387
1704
1838
1444
1316
1379
1792
1929
1445
1316
1376
1929
2044
1457
1323
1382
1775
1928
1451
1317
1383
1853
1939
1447
1319
1379
1782
1889
1443
1321
1382
1842
1949
1445
1320
1381
1915
2049
1448
1326
1389
2017
2135
1450
1317
1384
1798
1950
1453
1320
1382
1832
2026
1444
1321
1385
1849
1962
1449
1316
1391
1867
1977
1442
1319
1381
1823
1995
1450
1317
1381
1813
1935
1452
1323
1382
1800
1932
1446
1322
1382
1870
2002
1452
1320
1381
1829
1987
1446
1320
1385
2031
2198
1445
1318
1383
2004
2189
1443
1317
1383
2043
2232
1450
1325
1388
1998
2228
1450
1328
1383
1911
2062
1450
1322
1390
2004
2195
1448
1325
1383
2080
2229
1449
1325
1387
1884
2017
1450
1318
1381
1854
1935
1447
1323
1384
1780
1947
1448
1326
1387
1849
2020
1447
1328
1389
2070
2263
1453
1320
1383
2077
2235
1446
1317
1381
1829
1978
1450
1325
1390
1931
2080
1450
1326
1388
2048
2268
1453
1323
1385
2030
2257
1448
1318
1386
1989
2218
1449
1328
1382
2025
2167
1452
1322
1390
1984
2114
1450
1321
1388
1894
2005
1450
1319
1387
1921
2128
1456
1326
1385
1992
2131
1447
1318
1389
1954
2060
1452
1322
1388
1952
2150
1446
1322
1386
2024
2169
1453
1317
1378
1970
2125
1446
1325
1387
1926
2075
1448
1323
1385
1990
2149
1453
1325
1390
1952
2088
1451
1325
1388
2126
2342
1455
1319
1385
1995
2166
1463
1327
1390
2061
2258
1451
1317
1387
2160
2353
1449
1315
1383
2153
2322
1447
1326
1388
1842
1962
1455
1327
1390
1980
2144
1455
1322
1391
1957
2160
1449
1322
1390
1960
2134
1448
1327
1383
1990
2197
1450
1324
1383
1924
2109
1454
1319
1387
2173
2374
1452
1323
1384
1994
2283
1455
1314
1380
1942
2150
1442
1328
1382
1950
2156
1452
1320
1380
2190
2430
1451
1322
1382
1913
2068
1447
1324
1384
2056
2243
1446
1324
1382
2244
2448
1451
1321
1384
2108
2381
1445
1319
1392
2208
2432
1445
1318
1381
2106
2319
1447
1327
1384
2018
2174
1444
1320
1385
2020
2161
1446
1323
1390
2046
2226
1449
1328
1382
2017
2165
1449
1322
1386
2141
2314
1447
1323
1384
1985
2144
1451
1319
1380
1988
2141
1450
1320
1380
2234
2418
1450
1327
1387
2169
2327
1444
1324
1385
2145
2361
1449
1317
1383
2111
2404
1456
1325
1379
1997
2172
1444
1323
1389
2072
2243
1449
1319
1383
1998
2237
1451
1326
1381
2241
2465
1452
1322
1392
2027
2176
1441
1313
1378
2188
2423
1442
1327
1401
2271
2503
1449
1317
1381
2261
2481
1446
1320
1391
2083
2267
1449
1316
1380
2144
2402
1445
1319
1389
2253
2477
1454
1324
1389
2269
2549
1450
1323
1387
2188
2361
1455
1321
1384
2028
2181
1457
1323
1389
2069
2318
1447
1320
1391
2359
2608
1451
1319
1383
2169
2333
1450
1322
1389
2157
2384
1448
1325
1387
2049
2270
1451
1316
1384
1924
2124
1458
1320
1385
2057
2284
1445
1319
1383
2259
2571
1445
1329
1381
2255
2560
1443
1322
1380
2150
2274
1446
1318
1387
2088
2247
1448
1325
1390
2270
2589
1451
1321
1382
2163
2386
1446
1325
1383
2005
2213
1448
1318
1386
2296
2630
1450
1327
1390
2268
2497
1451
1323
1398
2379
2582
1451
1327
1394
2056
2274
1459
1324
1394
2386
2576
1454
1319
1383
2337
2652
1444
1326
1388
2318
2634
1459
1337
1390
2329
2610
1454
1323
1385
2319
2631
1457
1329
1389
2277
2561
1452
1332
1389
2265
2609
1453
1319
1382
2184
2354
1442
1325
1389
2387
2674
1447
1322
1385
2315
2572
1450
1321
1395
2047
2315
1454
1323
1383
2187
2385
1455
1316
1386
2018
2296
1448
1318
1387
2263
2542
1444
1320
1392
2166
2376
1456
1325
1384
2142
2322
1453
1320
1393
2239
2489
1450
1323
1389
2157
2407
1464
1322
1387
2107
2371
1457
1324
1399
2169
2391
1452
1329
1390
2342
2670
1451
1329
1386
2398
2698
1449
1317
1389
2385
2655
1453
1321
1384
2150
2349
1446
1331
1387
2191
2417
1459
1323
1390
2172
2316
1459
1325
1387
2098
2299
1459
1331
1387
2418
2655
1455
1329
1387
2127
2369
1454
1322
1384
2176
2434
1446
1334
1395
2091
2467
1448
1321
1392
2466
2768
1453
1324
1397
2409
2709
1454
1321
1388
1912
2294
1452
1316
1384
1972
2158
1450
1322
1382
2144
2422
1446
1327
1389
1983
2195
1456
1329
1394
2157
2401
1459
1324
1386
2475
2735
1453
1322
1384
2472
2724
1458
1329
1398
2212
2541
1455
1329
1396
2360
2566
1466
1320
1392
2150
2322
1457
1323
1385
2240
2528
1444
1331
1388
1956
2146
1452
1329
1388
2172
2423
1454
1326
1378
2304
2612
1452
1328
1405
2429
2709
1465
1318
1392
2206
2482
1449
1324
1389
2503
2733
1451
1333
1389
2117
2421
1450
1332
1393
2260
2661
1456
1318
1394
2225
2480
1449
1327
1390
2625
2948
1455
1328
1385
2431
2749
1453
1328
1391
2407
2622
1455
1327
1399
2153
2437
1456
1331
1388
2450
2767
1458
1323
1389
2469
2763
1460
1323
1386
2392
2676
1448
1328
1387
2266
2525
1450
1322
1389
2389
2765
1452
1336
1392
2092
2492
1457
1325
1398
2466
2752
1469
1328
1389
2185
2475
1455
1324
1392
2329
2762
1451
1332
1393
2445
2811
1469
1323
1392
2164
2435
1455
1343
1388
2451
2826
1454
1332
1401
2491
2826
1446
1326
1395
2271
2575
1455
1326
1389
2530
2797
1454
1331
1392
2564
2994
1471
1321
1390
2436
2668
1454
1329
1396
2191
2374
1456
1327
1389
2289
2599
1453
1322
1391
2169
2487
1457
1328
1387
2179
2516
1453
1336
1384
2290
2568
1468
1331
1401
2233
2533
1456
1328
1385
2415
2810
1453
1321
1391
2477
2743
1458
1327
1391
2473
2877
1446
1324
1393
2449
2803
1455
1325
1389
2389
2791
1455
1333
1399
2195
2543
1465
1322
1396
2308
2584
1465
1329
1394
2296
2608
1456
1325
1396
2558
2835
1458
1331
1387
2479
2849
1460
1334
1385
2585
3039
1460
1318
1385
2585
2982
1457
1319
1388
2224
2498
1459
1320
1391
2481
2791
1446
1320
1396
2248
2448
1445
1327
1381
2143
2565
1449
1336
1394
2478
2742
1453
1321
1390
2562
2793
1458
1332
1391
2467
2901
1459
1327
1398
2528
2916
1460
1325
1389
2457
2895
1452
1324
1395
2547
2775
1450
1326
1391
2216
2523
1453
1326
1394
2494
2874
1453
1326
1391
2207
2673
1454
1327
1397
2147
2461
1457
1325
1391
2271
2633
1461
1323
1390
2524
2858
1461
1328
1394
2180
2472
1457
1321
1391
2215
2603
1460
1328
1393
2497
2898
1461
1330
1389
2427
2814
1469
1330
1391
2485
2855
1454
1336
1391
2675
3024
1462
1333
1384
2436
2739
1458
1331
1388
2164
2430
1456
1330
1391
2597
2985
1452
1328
1392
2539
2856
1452
1333
1393
2449
2765
1448
1327
1394
2238
2498
1466
1328
1390
2164
2570
1454
1329
1393
2523
2911
1462
1336
1397
2283
2597
1451
1331
1391
2273
2677
1463
1327
1393
2259
2695
1468
1328
1396
2196
2528
1456
1339
1395
2525
2810
1458
1330
1403
2614
3043
1458
1330
1390
2468
2884
1454
1335
1387
2515
2919
1450
1328
1390
2298
2578
1454
1327
1397
2312
2597
1462
1328
1391
2223
2507
1467
1327
1394
2480
2900
1463
1327
1399
2193
2454
1465
1336
1395
2295
2585
1456
1329
1390
2836
3111
1461
1330
1397
2551
2841
1466
1326
1396
2676
3020
1459
1327
1390
2344
2616
1455
1326
1395
2393
2707
1463
1320
1387
2125
2333
1457
1339
1393
2223
2516
1458
1326
1395
2357
2629
1462
1339
1392
2122
2478
1461
1331
1398
2610
3030
1462
1326
1388
2472
2782
1470
1335
1393
2227
2519
1471
1331
1393
2587
3013
1467
1331
1390
2634
3090
1458
1328
1392
2604
2998
1458
1332
1396
2244
2642
1457
1327
1388
2260
2543
1461
1327
1390
2556
3014
1446
1323
1398
2622
3100
1464
1329
1396
2532
2862
1450
1321
1389
2671
3241
1460
1324
1390
2664
3058
1466
1333
1394
2538
2926
1452
1324
1396
2510
2868
1462
1331
1396
2546
2978
1447
1326
1386
2522
2846
1461
1328
1392
2348
2618
1451
1326
1396
2402
2638
1464
1339
1393
2359
2793
1468
1336
1398
2298
2571
1466
1335
1392
2220
2540
1467
1330
1398
2562
2969
1465
1330
1395
2567
3071
1456
1333
1390
2336
2754
1462
1333
1403
2231
2601
1452
1334
1398
2694
3296
1477
1330
1398
3118
1466
1620
1527
1390
1462
2384
2788
1523
1331
1387
2543
3073
1459
1330
1396
2706
3058
1459
1328
1390
2564
3003
1462
1334
1400
2596
2986
1452
1330
1388
2530
2948
1457
1332
1396
2094
2386
1462
1331
1407
2351
2852
1453
1324
1388
2582
2846
1466
1327
1403
2949
3549
1460
1326
1390
2486
2906
1464
1341
1394
2160
2596
1458
1330
1402
2560
2976
1462
1330
1403
2319
2577
1467
1332
1395
2509
2931
1463
1336
1400
2854
3244
1466
1336
1398
2324
2780
1461
1329
1394
2560
2992
1465
1327
1387
2209
2467
1464
1330
1401
2497
2708
1448
1325
1389
2585
2970
1463
1320
1386
2544
2919
1464
1331
1388
2538
3068
1462
1328
1395
2697
3113
1464
1334
1393
2135
2441
1467
1338
1389
2041
2273
1453
1325
1393
1957
2177
1454
1329
1394
2291
2664
1462
1332
1402
2808
3396
1462
1328
1392
2552
3054
1467
1333
1403
2824
3427
1472
1335
1400
2574
2816
1465
1341
1390
2142
2495
1454
1324
1399
2469
2906
1457
1327
1389
2275
2709
1458
1322
1393
2617
3023
1454
1328
1389
2569
3165
1459
1328
1400
2678
3458
1468
1328
1386
2314
2536
1456
1334
1399
2203
2452
1462
1323
1396
2582
3125
1474
1326
1397
2683
3093
1471
1334
1401
1945
2199
1459
1331
1391
2537
2947
1459
1331
1392
2512
3058
1461
1333
1406
2576
3202
1467
1338
1392
2670
3060
1472
1336
1398
2682
2990
1460
1324
1403
2109
2321
1468
1334
1401
2635
3261
1470
1330
1396
2594
2988
1467
1328
1393
2637
3019
1463
1328
1389
2797
3153
1460
1327
1393
2533
2851
1465
1330
1394
2530
2949
1456
1323
1390
2522
3048
1463
1336
1392
2254
2598
1457
1333
1398
2694
3184
1462
1332
1396
2404
2722
1461
1332
1394
2260
2494
1457
1327
1394
2772
3150
1463
1334
1394
2544
2944
1461
1322
1392
2256
2616
1468
1324
1387
2591
3099
1455
1332
1399
2541
3055
1469
1330
1396
2798
3204
1465
1331
1398
3012
3408
1461
1346
1396
2330
2616
1468
1322
1396
2894
3094
1465
1329
1392
2156
2642
1458
1325
1392
2582
2942
1453
1340
1396
2454
2756
1464
1339
1402
2596
3082
1468
1330
1397
2851
3381
1473
1333
1396
2644
3058
1473
1332
1396
2678
3136
1468
1326
1395
2715
3107
1467
1342
1404
2190
2402
1475
1336
1402
2606
3100
1476
1341
1401
2353
2652
1473
1324
1392
2512
2720
1457
1335
1397
2723
3144
1463
1336
1390
2534
2969
1462
1329
1389
2741
3111
1458
1330
1392
2728
3243
1458
1337
1403
2887
3437
1478
1336
1422
2574
2868
1485
1321
1389
2701
3323
1450
1343
1409
2803
3408
1473
1339
1396
2650
3110
1459
1336
1395
2563
2919
1475
1351
1397
3053
3407
1473
1332
1396
2208
2516
1473
1326
1395
2524
3023
1459
1348
1407
2699
3049
1472
1347
1399
2931
3390
1467
1333
1394
2828
3368
1458
1350
1399
2339
2621
1469
1336
1395
2615
3331
1483
1345
1434
2788
3200
1491
1321
1401
2325
2761
1457
1344
1408
2616
3028
1486
1339
1399
2669
3435
1466
1332
1403
2475
2787
1467
1346
1409
2893
3445
1468
1333
1397
2255
2497
1462
1331
1401
2232
2867
1471
1331
1405
3007
3413
1466
1339
1397
2771
3114
1465
1329
1406
2838
3180
1477
1343
1397
2859
3187
1468
1335
1404
3114
3592
1470
1338
1401
2585
2855
1469
1332
1399
2639
3115
1461
1354
1410
2770
3398
1472
1338
1401
2269
2701
1466
1353
1404
2730
3400
1469
1336
1393
2671
3085
1467
1331
1407
2497
2715
1476
1332
1402
2577
3064
1461
1335
1397
2539
3015
1457
1341
1400
2527
3002
1464
1329
1392
2536
3042
1463
1342
1404
2760
3390
1465
1333
1403
2549
3019
1470
1328
1400
2715
3296
1471
1345
1400
2470
2876
1464
1346
1400
2560
2962
1474
1347
1401
2853
3195
1478
1338
1393
2761
3161
1470
1351
1396
2732
3206
1473
1333
1411
2631
3094
1470
1337
1407
2943
3403
1462
1330
1404
2852
3257
1465
1341
1408
2646
2998
1467
1326
1401
2531
2885
1458
1334
1406
2662
3006
1466
1340
1402
2310
2672
1467
1337
1390
2756
3182
1452
1337
1395
2694
3369
1475
1343
1395
2505
2911
1466
1352
1406
2552
3062
1465
1346
1400
2792
3130
1461
1328
1411
2647
3045
1477
1335
1398
2426
2742
1473
1347
1393
2523
3003
1467
1333
1406
2936
3378
1470
1345
1400
2426
2640
1469
1336
1411
2363
2605
1475
1345
1399
2775
1498
1792
1541
1420
1479
2677
3311
1558
1343
1402
1465
2623
3157
1540
1340
1423
2730
3547
1489
1332
1385
2261
2557
1455
1350
1401
3159
3572
1470
1337
1403
2651
2931
1478
1343
1402
3162
3593
1462
1330
1409
2853
3341
1464
1338
1395
2449
3157
1474
1346
1403
2301
2745
1474
1343
1394
2506
3368
1470
1348
1408
2662
3350
1473
1337
1405
2997
1467
1737
1532
1397
1458
2632
2884
1521
1330
1390
2744
3316
1474
1338
1394
2636
3136
1465
1340
1397
2669
3477
1470
1346
1409
2707
3075
1464
1335
1405
2557
2747
1481
1346
1398
2566
2994
1479
1339
1403
2451
2921
1479
1338
1403
2443
2865
1475
1353
1402
2374
3400
1490
1369
1437
1496
3022
3408
1557
1329
1392
1457
2671
1521
1568
1585
1404
1446
1516
2298
2570
1581
1325
1399
2635
3149
1450
1348
1406
2674
3430
1465
1339
1395
2461
2729
1475
1344
1417
2214
2658
1475
1338
1414
2818
3412
1467
1350
1412
1492
2164
2630
1544
1421
1482
1551
1823
2369
1609
1380
1465
3484
1526
2010
1583
1394
1477
3367
1526
1605
1591
1397
1452
2830
3183
1516
1347
1413
2785
3253
1477
1337
1390
2230
2904
1461
1355
1404
2428
3364
1479
1327
1406
3104
1475
1484
1534
1383
1463
2257
2508
1525
1343
1415
2473
3259
1464
1336
1414
1473
1557
2037
1545
1393
1471
1533
1536
2553
1588
1385
1473
2705
3378
1526
1355
1425
2423
2735
1499
1338
1398
1480
1706
2124
1533
1437
1512
3448
1554
2244
1646
1399
1481
2489
2819
1550
1367
1447
2659
3147
1523
1330
1396
1462
3452
1518
1637
1583
1391
1471
1528
2425
3430
1597
1330
1394
3354
1456
1578
1518
1403
1462
3454
1519
1604
1615
1391
1477
2831
3263
1573
1331
1431
2637
2943
1497
1354
1422
2454
2974
1488
1359
1433
2681
3163
1498
1340
1395
1465
2343
2789
1519
1353
1425
2305
2587
1497
1371
1472
2240
3140
1526
1326
1384
1457
3375
1513
1779
1574
1401
1463
1525
2415
3203
1583
1348
1404
2492
3366
1465
1362
1424
3524
1489
1573
1554
1402
1490
2190
2482
1566
1339
1401
3103
1457
1541
1524
1400
1473
1526
2096
2462
1590
1398
1462
2516
2824
1518
1346
1418
2902
3054
1502
1364
1445
2891
1509
1519
1584
1401
1470
3094
1519
1663
1580
1404
1473
3133
3575
1542
1341
1447
1511
1568
1624
2798
1645
1406
1482
1556
3056
1612
1623
1700
1396
1518
1568
1680
2246
1680
1415
1505
3033
1578
1626
1624
1386
1468
2466
2694
1520
1373
1457
3005
1508
1609
1555
1395
1465
2815
3241
1517
1358
1406
1479
1484
2709
1552
1408
1466
2762
3652
1547
1366
1437
1502
2832
3552
1566
1363
1393
1484
1555
1690
2125
1608
1396
1491
3205
1525
1649
1619
1420
1531
3513
1589
1793
1680
1437
1543
3471
1603
1837
1671
1443
1491
3079
3541
1551
1330
1415
1505
1639
2155
1540
1464
1573
1622
2280
3319
1705
1515
1484
1542
1602
1682
1826
2163
1733
1431
1499
1557
3675
1636
2356
1698
1417
1472
1558
1730
2304
1603
1424
1498
2940
1576
1648
1625
1434
1489
1550
2140
2696
1643
1423
1522
1591
2499
1657
2095
1757
1499
1616
3616
1653
1975
1752
1442
1488
1554
1625
1951
2533
1680
1436
1534
3436
1563
2673
1666
1457
1549
1628
2624
2886
1672
1435
1497
1553
1645
2221
1627
1404
1512
1558
2246
3366
1642
1422
1498
1588
2706
1612
1729
1716
1519
1598
3330
3528
1676
1420
1449
1501
2427
2725
1564
1342
1449
3167
3517
1478
1389
1462
1534
1720
2682
1579
1405
1527
1565
2001
2945
1673
1512
1534
1600
2882
3480
1671
1385
1441
1489
1604
1766
3450
1704
1509
1604
1649
1761
2057
1728
1431
1475
1582
3348
1609
1941
1692
1481
1576
1595
1729
3295
1685
1460
1526
2914
3322
1598
1456
1429
1506
1558
2769
1665
1676
1730
1452
1545
2918
1593
1598
1685
1453
1531
1590
1673
1757
2397
1711
1433
1514
1544
2610
3106
1661
1417
1470
1541
3325
1600
1854
1684
1404
1519
1603
1763
1824
2462
1797
1547
1617
1679
2175
3239
1750
1430
1485
1570
1642
1988
2608
1741
1467
1589
1642
1954
3180
1739
1463
1539
1649
1939
3347
1712
1467
1580
2858
3150
1607
1377
1442
2166
3470
1496
1363
1439
3193
1516
2030
1607
1420
1529
3575
1569
1987
1681
1428
1511
3281
1575
1603
1654
1414
1503
2887
3421
1594
1362
1496
1515
3351
1603
2167
1678
1418
1540
1595
2263
2954
1684
1492
1586
3008
3594
1618
1351
1465
1456
2658
1569
1777
1645
1435
1536
3132
1633
2043
1721
1470
1549
1632
2084
2380
1686
1460
1511
1608
2270
1714
1716
1870
1682
1742
2882
3488
1797
1554
1454
1544
2778
3360
1607
1387
1533
3299
1562
1878
1639
1438
1465
3661
1569
1745
1623
1481
1513
1590
2234
3072
1666
1468
1495
3681
1586
1844
1648
1485
1541
2099
2399
1622
1417
1445
194
1298
1341
1307
1353
1230
1304
1367
1440
1519
1914
2043
1568
1317
1351
1419
2061
2223
1499
1289
1354
1940
2152
1431
1292
1359
2106
2335
1424
1298
1363
2241
2574
1437
1303
1369
2429
2709
1433
1308
1371
2057
2300
1434
1302
1369
2481
2901
1432
1313
1382
2512
2933
1435
1300
1378
1982
2202
1438
1312
1383
2161
2643
1443
1310
1380
2286
2893
1445
1309
1376
2454
2788
1439
1313
1385
2695
3038
1447
1310
1386
3464
1449
1739
1518
1356
1435
2227
2517
1512
1313
1334
1858
1981
312
1385
1395
1331
1425
312
345
469
519
899
1795
1802
1529
1529
1506
1534
1566
1597
1625
1661
1683
1959
2030
1714
