0.01
0.02
0.00
0.00
0.31
0.40
0.40
0.41
0.52
0.43
0.60
0.25
0.32
0.45
0.42
0.44
0.40
0.51
0.53
0.21
0.12
0.18
0.20
0.91
0.88
0.70
1.08
0.40
0.27
0.22
0.31
0.33
0.34
0.38
0.40
0.45
0.51
0.54
0.55
0.54
0.03
0.01
0.56
0.62
0.67
0.66
0.64
0.58
0.70
0.81
0.63
0.64
0.68
0.65
0.68
0.66
0.49
0.02
0.00
0.62
0.51
0.81
0.84
0.88
0.57
0.71
0.80
0.75
0.50
0.57
0.67
0.53
0.49
0.03
0.00
0.51
0.61
0.61
0.82
0.60
0.64
0.03
0.00
0.62
0.73
0.67
0.59
0.04
0.75
0.00
0.57
0.76
0.86
0.75
0.74
0.02
0.77
0.00
0.78
0.74
0.68
0.71
0.22
0.08
0.01
0.00
2.86
1.16
0.37
0.04
0.00
0.48
0.55
0.63
0.70
0.71
0.03
0.00
0.71
0.80
0.73
0.75
0.02
0.00
0.75
0.86
0.72
0.01
0.00
0.72
0.82
0.71
0.03
0.00
0.72
0.83
0.71
0.03
0.00
0.76
0.81
0.74
0.03
0.00
0.74
0.86
0.73
0.04
0.76
0.00
0.77
0.85
0.76
0.02
0.00
0.74
0.75
0.74
0.03
0.61
0.00
0.85
0.83
0.22
0.05
0.01
0.00
0.19
0.07
0.01
0.00
2.86
1.11
0.36
0.01
0.00
0.47
0.56
0.70
0.69
0.70
0.02
0.00
0.69
0.82
0.71
0.01
0.00
0.72
0.75
0.70
0.02
0.00
0.70
0.80
0.70
0.02
0.00
0.70
0.77
0.69
0.01
0.00
0.69
0.76
0.70
0.01
0.00
0.71
0.79
0.70
0.01
0.00
0.72
0.77
0.69
0.01
0.00
0.76
0.79
0.70
0.01
0.00
0.71
0.76
0.69
0.01
0.00
0.70
0.76
0.69
0.01
0.00
0.69
0.76
0.68
0.01
0.00
0.70
0.76
0.69
0.02
0.00
0.68
0.77
0.68
0.02
0.00
0.69
0.77
0.70
0.01
0.00
0.69
0.79
0.69
0.02
0.00
0.69
0.77
0.70
0.02
0.00
0.70
0.76
0.68
0.01
0.00
0.69
0.79
0.71
0.01
0.00
0.69
0.76
0.68
0.01
0.00
0.68
0.76
0.69
0.02
0.00
0.70
0.80
0.70
0.02
0.00
0.69
0.77
0.69
0.01
0.00
0.69
0.78
0.69
0.01
0.00
0.68
0.78
0.68
0.01
0.00
0.69
0.77
0.69
0.02
0.00
0.69
0.78
0.69
0.01
0.00
0.68
0.76
0.68
0.02
0.00
0.72
0.78
0.69
0.01
0.00
0.71
0.78
0.69
0.01
0.00
0.69
0.75
0.69
0.02
0.00
0.71
0.77
0.69
0.01
0.00
0.69
0.78
0.68
0.01
0.00
0.70
0.78
0.68
0.01
0.00
0.69
0.78
0.69
0.02
0.00
0.68
0.78
0.70
0.01
0.00
0.70
0.77
0.70
0.02
0.00
0.70
0.76
0.70
0.02
0.00
0.70
0.81
0.70
0.01
0.01
0.69
0.79
0.72
0.01
0.00
0.72
0.76
0.69
0.02
0.00
0.72
0.81
0.68
0.02
0.00
0.70
0.78
0.69
0.02
0.00
0.70
0.80
0.69
0.02
0.00
0.71
0.80
0.67
0.02
0.00
0.70
0.79
0.69
0.02
0.00
0.70
0.78
0.70
0.02
0.00
0.71
0.78
0.71
0.01
0.00
0.68
0.80
0.69
0.01
0.00
0.70
0.80
0.70
0.02
0.00
0.71
0.76
0.68
0.02
0.00
0.72
0.78
0.69
0.01
0.00
0.69
0.78
0.68
0.02
0.00
0.71
0.76
0.69
0.01
0.00
0.69
0.77
0.71
0.02
0.00
0.69
0.79
0.69
0.02
0.00
0.70
0.78
0.69
0.02
0.00
0.70
0.77
0.69
0.02
0.00
0.68
0.78
0.70
0.02
0.00
0.69
0.78
0.71
0.02
0.00
0.68
0.79
0.70
0.01
0.00
0.69
0.76
0.70
0.02
0.00
0.69
0.78
0.71
0.02
0.00
0.69
0.77
0.70
0.01
0.00
0.71
0.78
0.71
0.02
0.00
0.68
0.78
0.69
0.02
0.00
0.69
0.79
0.68
0.02
0.00
0.68
0.79
0.69
0.01
0.00
0.71
0.76
0.71
0.02
0.00
0.71
0.77
0.70
0.02
0.00
0.68
0.77
0.71
0.02
0.00
0.68
0.79
0.69
0.03
0.00
0.68
0.77
0.69
0.01
0.00
0.69
0.78
0.71
0.02
0.00
0.71
0.77
0.67
0.02
0.00
0.68
0.79
0.68
0.02
0.00
0.70
0.77
0.68
0.02
0.00
0.68
0.78
0.70
0.02
0.00
0.71
0.78
0.68
0.02
0.00
0.70
0.77
0.68
0.02
0.00
0.70
0.79
0.69
0.02
0.00
0.71
0.77
0.72
0.02
0.00
0.70
0.77
0.69
0.03
0.00
0.69
0.80
0.70
0.02
0.00
0.71
0.77
0.70
0.02
0.00
0.70
0.80
0.70
0.03
0.00
0.70
0.80
0.69
0.03
0.00
0.69
0.77
0.70
0.02
0.00
0.67
0.78
0.69
0.02
0.00
0.68
0.78
0.70
0.03
0.00
0.68
0.77
0.70
0.02
0.00
0.69
0.78
0.69
0.02
0.00
0.70
0.78
0.69
0.02
0.00
0.70
0.77
0.70
0.02
0.00
0.70
0.77
0.68
0.01
0.00
0.69
0.79
0.69
0.03
0.00
0.72
0.79
0.70
0.02
0.00
0.68
0.76
0.69
0.02
0.00
0.70
0.79
0.68
0.02
0.00
0.69
0.77
0.69
0.02
0.00
0.71
0.78
0.68
0.02
0.00
0.71
0.79
0.71
0.02
0.00
0.71
0.77
0.69
0.03
0.00
0.69
0.76
0.72
0.02
0.00
0.70
0.80
0.71
0.02
0.00
0.70
0.76
0.70
0.03
0.00
0.72
0.78
0.68
0.02
0.00
0.69
0.80
0.70
0.03
0.00
0.73
0.76
0.69
0.02
0.00
0.73
0.78
0.69
0.02
0.00
0.69
0.84
0.71
0.02
0.00
0.68
0.79
0.69
0.02
0.00
0.69
0.78
0.70
0.03
0.00
0.72
0.77
0.69
0.02
0.00
0.69
0.77
0.69
0.03
0.00
0.69
0.76
0.68
0.03
0.00
0.69
0.78
0.69
0.03
0.00
0.70
0.77
0.68
0.03
0.00
0.68
0.77
0.68
0.02
0.00
0.70
0.78
0.67
0.02
0.00
0.69
0.80
0.73
0.03
0.00
0.68
0.79
0.70
0.03
0.00
0.69
0.80
0.71
0.02
0.00
0.71
0.77
0.70
0.02
0.00
0.68
0.79
0.68
0.03
0.00
0.70
0.76
0.68
0.01
0.00
0.70
0.81
0.67
0.02
0.00
0.69
0.76
0.69
0.03
0.00
0.69
0.80
0.70
0.02
0.00
0.70
0.77
0.69
0.03
0.00
0.71
0.78
0.68
0.02
0.00
0.69
0.80
0.69
0.03
0.00
0.68
0.78
0.69
0.02
0.00
0.67
0.77
0.69
0.03
0.00
0.68
0.80
0.69
0.02
0.00
0.70
0.76
0.68
0.02
0.00
0.68
0.77
0.71
0.03
0.00
0.71
0.80
0.69
0.02
0.00
0.68
0.78
0.69
0.03
0.00
0.70
0.79
0.68
0.03
0.00
0.68
0.78
0.68
0.03
0.00
0.69
0.80
0.70
0.03
0.00
0.70
0.81
0.69
0.03
0.00
0.69
0.78
0.70
0.03
0.00
0.68
0.78
0.70
0.03
0.00
0.71
0.82
0.69
0.03
0.00
0.68
0.78
0.68
0.03
0.00
0.71
0.77
0.68
0.03
0.00
0.67
0.79
0.68
0.03
0.00
0.69
0.80
0.69
0.03
0.00
0.70
0.79
0.68
0.02
0.00
0.68
0.78
0.70
0.02
0.00
0.71
0.76
0.71
0.03
0.00
0.71
0.78
0.71
0.03
0.00
0.72
0.77
0.68
0.03
0.00
0.70
0.81
0.69
0.03
0.00
0.69
0.78
0.67
0.03
0.00
0.69
0.78
0.69
0.02
0.00
0.69
0.80
0.70
0.03
0.00
0.71
0.78
0.70
0.03
0.00
0.68
0.79
0.73
0.03
0.00
0.69
0.80
0.69
0.02
0.00
0.69
0.83
0.70
0.03
0.00
0.71
0.80
0.68
0.03
0.00
0.68
0.77
0.70
0.03
0.00
0.67
0.79
0.69
0.03
0.00
0.68
0.79
0.69
0.03
0.00
0.70
0.79
0.69
0.03
0.00
0.73
0.80
0.70
0.02
0.00
0.70
0.78
0.72
0.02
0.00
0.73
0.79
0.70
0.03
0.00
0.69
0.79
0.70
0.04
0.00
0.70
0.78
0.69
0.04
0.00
0.70
0.80
0.67
0.03
0.00
0.68
0.77
0.68
0.03
0.00
0.70
0.79
0.67
0.03
0.00
0.72
0.79
0.72
0.03
0.00
0.72
0.82
0.71
0.03
0.00
0.68
0.78
0.68
0.02
0.00
0.69
0.81
0.69
0.02
0.00
0.69
0.76
0.71
0.03
0.00
0.69
0.79
0.69
0.02
0.00
0.73
0.76
0.70
0.03
0.00
0.68
0.77
0.68
0.03
0.00
0.70
0.81
0.70
0.03
0.00
0.68
0.80
0.67
0.03
0.00
0.67
0.80
0.70
0.03
0.00
0.70
0.78
0.72
0.02
0.00
0.69
0.76
0.72
0.04
0.00
0.70
0.80
0.69
0.02
0.00
0.68
0.78
0.69
0.04
0.00
0.71
0.79
0.70
0.04
0.00
0.70
0.77
0.71
0.03
0.00
0.73
0.79
0.67
0.03
0.00
0.70
0.80
0.72
0.03
0.00
0.70
0.80
0.70
0.02
0.00
0.71
0.80
0.70
0.02
0.00
0.67
0.81
0.69
0.03
0.00
0.70
0.79
0.70
0.04
0.00
0.71
0.82
0.67
0.03
0.00
0.68
0.80
0.71
0.04
0.00
0.70
0.78
0.68
0.03
0.00
0.69
0.78
0.67
0.03
0.00
0.73
0.79
0.69
0.03
0.00
0.69
0.80
0.72
0.03
0.00
0.70
0.77
0.69
0.02
0.00
0.69
0.78
0.70
0.04
0.00
0.69
0.79
0.68
0.03
0.00
0.72
0.79
0.71
0.04
0.00
0.74
0.81
0.71
0.03
0.00
0.68
0.81
0.69
0.03
0.00
0.68
0.79
0.73
0.02
0.00
0.70
0.78
0.71
0.02
0.00
0.70
0.81
0.68
0.03
0.00
0.68
0.78
0.69
0.03
0.00
0.68
0.81
0.71
0.03
0.00
0.69
0.82
0.71
0.04
0.00
0.68
0.81
0.69
0.03
0.00
0.71
0.78
0.68
0.04
0.00
0.69
0.81
0.69
0.03
0.00
0.70
0.80
0.69
0.02
0.00
0.69
0.79
0.67
0.03
0.00
0.71
0.79
0.70
0.02
0.00
0.71
0.79
0.69
0.04
0.00
0.70
0.78
0.69
0.03
0.00
0.70
0.78
0.69
0.02
0.00
0.72
0.82
0.70
0.02
0.00
0.70
0.79
0.69
0.04
0.00
0.73
0.77
0.74
0.03
0.00
0.69
0.81
0.69
0.03
0.00
0.70
0.82
0.69
0.03
0.00
0.69
0.77
0.68
0.04
0.00
0.69
0.78
0.70
0.02
0.00
0.71
0.79
0.68
0.03
0.00
0.72
0.81
0.69
0.03
0.00
0.72
0.82
0.72
0.03
0.00
0.69
0.78
0.69
0.03
0.00
0.70
0.86
0.68
0.03
0.00
0.69
0.80
0.71
0.03
0.00
0.68
0.81
0.68
0.04
0.00
0.70
0.80
0.71
0.03
0.00
0.68
0.79
0.68
0.04
0.00
0.71
0.79
0.70
0.04
0.00
0.68
0.79
0.68
0.04
0.00
0.73
0.80
0.71
0.03
0.00
0.70
0.78
0.70
0.02
0.00
0.70
0.80
0.67
0.03
0.00
0.70
0.78
0.70
0.03
0.00
0.68
0.82
0.73
0.03
0.00
0.68
0.82
0.69
0.03
0.00
0.74
0.79
0.73
0.03
0.01
0.73
0.81
0.68
0.03
0.00
0.72
0.78
0.69
0.03
0.00
0.71
0.79
0.69
0.02
0.00
0.72
0.80
0.67
0.03
0.00
0.73
0.79
0.68
0.03
0.00
0.70
0.78
0.67
0.04
0.00
0.69
0.79
0.68
0.01
0.00
0.68
0.78
0.71
0.03
0.00
0.68
0.82
0.70
0.05
0.00
0.74
0.80
0.73
0.03
0.00
0.70
0.79
0.71
0.04
0.00
0.70
0.79
0.69
0.03
0.00
0.73
0.79
0.70
0.03
0.00
0.71
0.80
0.72
0.03
0.00
0.69
0.79
0.70
0.03
0.00
0.70
0.77
0.68
0.03
0.00
0.68
0.81
0.70
0.03
0.00
0.69
0.80
0.69
0.01
0.00
0.70
0.77
0.70
0.03
0.00
0.73
0.77
0.71
0.03
0.00
0.68
0.83
0.71
0.04
0.00
0.68
0.81
0.67
0.04
0.00
0.69
0.81
0.69
0.04
0.00
0.71
0.78
0.69
0.04
0.00
0.71
0.77
0.72
0.02
0.00
0.74
0.80
0.70
0.02
0.00
0.71
0.80
0.69
0.03
0.00
0.72
0.77
0.70
0.04
0.00
0.72
0.79
0.71
0.04
0.00
0.72
0.80
0.69
0.03
0.00
0.72
0.80
0.71
0.03
0.00
0.71
0.82
0.75
0.03
0.00
0.70
0.80
0.70
0.03
0.00
0.69
0.81
0.75
0.01
0.01
0.70
0.78
0.68
0.03
0.00
0.70
0.79
0.71
0.04
0.01
0.71
0.82
0.69
0.03
0.00
0.70
0.76
0.69
0.03
0.00
0.70
0.80
0.72
0.03
0.00
0.72
0.78
0.70
0.02
0.00
0.74
0.79
0.68
0.03
0.00
0.71
0.84
0.75
0.03
0.00
0.71
0.78
0.70
0.03
0.00
0.70
0.81
0.69
0.04
0.00
0.70
0.79
0.69
0.03
0.00
0.72
0.77
0.73
0.02
0.00
0.72
0.80
0.68
0.03
0.00
0.73
0.83
0.70
0.04
0.00
0.69
0.79
0.74
0.03
0.00
0.68
0.80
0.70
0.03
0.00
0.68
0.77
0.68
0.04
0.00
0.70
0.83
0.70
0.03
0.00
0.73
0.76
0.72
0.03
0.00
0.70
0.79
0.69
0.03
0.00
0.70
0.81
0.74
0.03
0.00
0.71
0.77
0.69
0.04
0.00
0.73
0.80
0.72
0.02
0.00
0.71
0.83
0.70
0.03
0.00
0.72
0.82
0.70
0.04
0.00
0.72
0.79
0.68
0.04
0.00
0.70
0.79
0.68
0.03
0.00
0.69
0.79
0.70
0.04
0.00
0.70
0.78
0.71
0.03
0.00
0.70
0.79
0.69
0.03
0.00
0.71
0.81
0.71
0.02
0.00
0.71
0.83
0.70
0.02
0.00
0.72
0.83
0.73
0.03
0.00
0.72
0.82
0.69
0.02
0.00
0.75
0.80
0.70
0.04
0.00
0.74
0.79
0.68
0.04
0.00
0.70
0.79
0.67
0.03
0.00
0.69
0.79
0.73
0.04
0.00
0.71
0.82
0.69
0.03
0.00
0.70
0.80
0.71
0.03
0.00
0.70
0.82
0.69
0.03
0.00
0.71
0.79
0.70
0.03
0.00
0.72
0.78
0.71
0.03
0.00
0.70
0.79
0.68
0.03
0.00
0.69
0.79
0.72
0.03
0.00
0.68
0.78
0.69
0.03
0.00
0.73
0.82
0.71
0.04
0.00
0.71
0.78
0.71
0.03
0.00
0.71
0.82
0.70
0.03
0.00
0.68
0.80
0.70
0.02
0.00
0.73
0.79
0.72
0.03
0.00
0.68
0.82
0.72
0.02
0.00
0.72
0.81
0.70
0.03
0.00
0.68
0.81
0.70
0.02
0.00
0.71
0.82
0.69
0.04
0.00
0.68
0.79
0.71
0.03
0.00
0.73
0.78
0.70
0.03
0.00
0.72
0.82
0.73
0.02
0.00
0.71
0.82
0.69
0.04
0.00
0.70
0.79
0.72
0.03
0.00
0.74
0.82
0.70
0.02
0.00
0.68
0.79
0.68
0.05
0.00
0.73
0.83
0.71
0.03
0.00
0.73
0.81
0.74
0.03
0.00
0.68
0.79
0.70
0.04
0.00
0.73
0.79
0.72
0.03
0.00
0.73
0.80
0.69
0.03
0.00
0.73
0.81
0.71
0.03
0.00
0.72
0.80
0.71
0.03
0.00
0.72
0.82
0.67
0.04
0.00
0.70
0.79
0.69
0.04
0.00
0.70
0.81
0.71
0.03
0.00
0.73
0.78
0.72
0.04
0.00
0.71
0.77
0.71
0.03
0.00
0.71
0.81
0.72
0.04
0.01
0.70
0.76
0.71
0.03
0.00
0.70
0.80
0.70
0.03
0.00
0.71
0.81
0.70
0.04
0.00
0.73
0.79
0.70
0.03
0.00
0.74
0.82
0.67
0.03
0.00
0.69
0.79
0.72
0.02
0.00
0.73
0.80
0.69
0.03
0.00
0.71
0.78
0.72
0.03
0.00
0.71
0.81
0.70
0.04
0.00
0.72
0.77
0.71
0.03
0.00
0.70
0.81
0.68
0.03
0.00
0.73
0.81
0.69
0.03
0.00
0.72
0.80
0.68
0.03
0.00
0.71
0.80
0.69
0.03
0.00
0.72
0.84
0.74
0.04
0.00
0.72
0.81
0.68
0.04
0.00
0.71
0.81
0.68
0.03
0.00
0.70
0.79
0.69
0.03
0.01
0.68
0.80
0.69
0.03
0.00
0.70
0.79
0.71
0.02
0.00
0.71
0.83
0.71
0.03
0.00
0.72
0.82
0.71
0.04
0.00
0.71
0.80
0.74
0.04
0.00
0.68
0.82
0.70
0.03
0.00
0.72
0.81
0.67
0.03
0.00
0.71
0.82
0.69
0.03
0.00
0.72
0.79
0.69
0.04
0.00
0.72
0.80
0.70
0.03
0.00
0.70
0.81
0.73
0.03
0.00
0.75
0.80
0.70
0.03
0.00
0.69
0.81
0.73
0.02
0.00
0.72
0.81
0.71
0.03
0.00
0.73
0.79
0.72
0.02
0.00
0.71
0.79
0.71
0.03
0.00
0.73
0.83
0.71
0.02
0.00
0.69
0.82
0.72
0.02
0.00
0.72
0.84
0.72
0.02
0.00
0.75
0.79
0.70
0.03
0.00
0.70
0.83
0.70
0.03
0.00
0.75
0.82
0.70
0.04
0.00
0.71
0.82
0.69
0.03
0.00
0.71
0.83
0.68
0.02
0.00
0.73
0.81
0.72
0.03
0.00
0.70
0.83
0.69
0.02
0.00
0.70
0.79
0.71
0.03
0.00
0.74
0.79
0.71
0.02
0.00
0.71
0.77
0.71
0.04
0.00
0.71
0.80
0.69
0.04
0.00
0.74
0.78
0.69
0.03
0.00
0.70
0.79
0.69
0.03
0.00
0.73
0.79
0.71
0.03
0.00
0.70
0.81
0.70
0.03
0.00
0.68
0.79
0.74
0.03
0.00
0.70
0.85
0.71
0.02
0.00
0.76
0.83
0.73
0.03
0.00
0.69
0.80
0.70
0.03
0.00
0.73
0.79
0.69
0.03
0.00
0.73
0.79
0.71
0.03
0.00
0.72
0.82
0.70
0.02
0.00
0.68
0.80
0.73
0.04
0.00
0.72
0.79
0.69
0.03
0.00
0.71
0.80
0.71
0.03
0.00
0.74
0.80
0.72
0.03
0.00
0.73
0.79
0.68
0.04
0.00
0.74
0.81
0.71
0.03
0.00
0.70
0.80
0.69
0.03
0.00
0.74
0.82
0.72
0.03
0.00
0.75
0.78
0.59
0.02
0.00
0.73
1.01
0.72
0.03
0.00
0.70
0.74
0.68
0.03
0.00
0.74
0.78
0.69
0.04
0.00
0.69
0.79
0.73
0.03
0.00
0.74
0.79
0.72
0.02
0.00
0.70
0.81
0.69
0.04
0.00
0.72
0.82
0.69
0.04
0.00
0.68
0.80
0.76
0.04
0.00
0.74
0.79
0.72
0.03
0.00
0.71
0.77
0.69
0.05
0.00
0.68
0.81
0.71
0.04
0.00
0.71
0.80
0.72
0.03
0.00
0.74
0.79
0.69
0.03
0.00
0.70
0.79
0.72
0.04
0.00
0.70
0.82
0.70
0.04
0.00
0.73
0.82
0.69
0.02
0.00
0.74
0.78
0.72
0.03
0.00
0.70
0.81
0.68
0.03
0.73
0.00
0.74
0.81
0.68
0.04
0.00
0.72
0.80
0.72
0.04
0.00
0.72
0.77
0.72
0.03
0.00
0.76
0.83
0.70
0.04
0.00
0.71
0.76
0.71
0.05
0.00
0.69
0.79
0.73
0.04
0.00
0.72
0.80
0.70
0.01
0.00
0.73
0.82
0.73
0.02
0.00
0.71
0.83
0.71
0.04
0.00
0.73
0.81
0.68
0.04
0.00
0.72
0.87
0.74
0.04
0.00
0.73
0.80
0.73
0.03
0.00
0.72
0.80
0.68
0.02
0.00
0.69
0.82
0.71
0.02
0.00
0.75
0.82
0.72
0.03
0.00
0.69
0.79
0.75
0.03
0.00
0.72
0.80
0.70
0.03
0.00
0.70
0.81
0.70
0.03
0.00
0.71
0.81
0.73
0.03
0.00
0.72
0.78
0.70
0.04
0.00
0.71
0.85
0.71
0.03
0.00
0.70
0.80
0.68
0.04
0.00
0.72
0.82
0.75
0.03
0.00
0.70
0.81
0.69
0.02
0.00
0.71
0.77
0.69
0.04
0.00
0.69
0.82
0.70
0.03
0.00
0.72
0.85
0.71
0.03
0.71
0.00
0.73
0.75
0.68
0.02
0.00
0.70
0.78
0.69
0.02
0.00
0.71
0.81
0.70
0.03
0.01
0.71
0.80
0.71
0.02
0.00
0.72
0.83
0.73
0.02
0.00
0.69
0.83
0.72
0.03
0.00
0.73
0.81
0.71
0.03
0.00
0.74
0.81
0.72
0.03
0.00
0.70
0.77
0.74
0.05
0.00
0.73
0.77
0.73
0.02
0.00
0.73
0.82
0.70
0.03
0.00
0.70
0.89
0.72
0.03
0.00
0.60
0.81
0.69
0.03
0.00
0.72
0.77
0.71
0.02
0.00
0.71
0.83
0.71
0.04
0.00
0.71
0.84
0.70
0.03
0.00
0.72
0.82
0.73
0.03
0.70
0.00
0.74
0.78
0.70
0.01
0.00
0.68
0.86
0.71
0.03
0.01
0.73
0.80
0.73
0.04
0.00
0.72
0.82
0.71
0.04
0.00
0.72
0.83
0.75
0.03
0.00
0.70
0.81
0.73
0.03
0.00
0.72
0.85
0.71
0.03
0.00
0.57
0.78
0.67
0.03
0.00
0.69
0.83
0.71
0.03
0.70
0.00
0.71
0.82
0.73
0.04
0.00
0.73
0.78
0.74
0.02
0.00
0.73
0.81
0.70
0.03
0.72
0.00
0.71
0.76
0.68
0.01
0.00
0.71
0.86
0.71
0.02
0.00
0.68
0.82
0.75
0.03
0.69
0.00
0.78
0.79
0.59
0.73
0.04
0.68
0.00
0.70
0.79
0.87
0.71
0.03
0.00
0.71
0.79
0.71
0.03
0.00
0.71
0.85
0.77
0.02
0.72
0.00
0.62
0.79
0.61
0.03
0.00
0.73
0.70
0.58
0.05
0.00
0.70
0.91
0.80
0.71
0.03
0.00
0.73
0.83
0.74
0.03
0.00
0.76
0.78
0.60
0.02
0.71
0.00
0.70
0.87
0.79
0.67
0.73
0.03
0.00
0.73
0.80
0.63
0.69
0.02
0.00
0.71
0.85
0.73
0.71
0.02
0.75
0.00
0.75
0.87
0.67
0.04
0.00
0.75
0.84
0.71
0.02
0.00
0.74
0.77
0.71
0.02
0.00
0.73
0.86
0.71
0.03
0.72
0.00
0.74
0.80
0.72
0.02
0.00
0.72
0.77
0.79
0.71
0.58
0.05
0.00
0.70
0.97
0.70
0.02
0.00
0.70
0.88
0.73
0.75
0.04
0.00
0.70
0.75
0.76
0.02
0.00
0.72
0.77
0.81
0.74
0.03
0.00
0.75
0.85
0.70
0.03
0.00
0.72
0.87
0.89
0.73
0.02
0.00
0.71
0.84
0.83
0.71
0.69
0.04
0.00
0.71
0.88
0.67
0.01
0.00
0.71
0.87
0.80
0.71
0.03
0.00
0.71
0.91
0.77
0.03
0.00
0.71
0.83
0.70
0.03
0.00
0.70
0.90
0.78
0.71
0.04
0.71
0.00
0.73
0.86
0.70
0.02
0.69
0.00
0.72
0.88
0.72
0.72
0.03
0.00
0.77
0.85
0.68
0.71
0.03
0.58
0.00
0.74
0.89
0.71
0.75
0.68
0.04
0.00
0.57
0.80
0.81
0.76
0.02
0.70
0.00
0.75
0.76
0.71
0.74
0.02
0.00
0.68
0.81
0.72
0.03
0.00
0.61
0.87
0.80
0.72
0.72
0.05
0.00
0.74
0.87
0.56
0.68
0.03
0.00
0.76
0.86
0.72
0.68
0.72
0.04
0.00
0.71
0.87
0.82
0.70
0.04
0.74
0.00
0.69
0.81
0.71
0.03
0.00
0.68
0.91
0.74
0.04
0.73
0.00
0.69
0.80
0.72
0.03
0.74
0.00
0.72
0.89
0.74
0.02
0.00
0.69
0.85
0.72
0.04
0.00
0.75
0.84
0.86
0.76
0.03
0.00
0.71
0.73
0.70
0.73
0.03
0.01
0.72
0.72
0.73
0.78
0.02
0.00
0.70
0.73
0.75
0.72
0.02
0.00
0.68
0.93
0.76
0.73
0.04
0.72
0.00
0.57
0.90
0.90
0.70
0.62
0.03
0.00
0.72
0.66
0.71
0.70
0.03
0.00
0.70
0.98
0.75
0.03
0.00
0.73
0.71
0.76
0.75
0.05
0.00
0.73
0.76
0.73
0.70
0.02
0.00
0.74
0.81
0.79
0.03
0.00
0.68
0.70
0.75
0.02
0.73
0.00
0.66
0.83
0.56
0.02
0.72
0.00
0.73
0.86
0.59
0.76
0.04
0.00
0.73
0.85
0.71
0.72
0.04
0.00
0.74
0.86
0.71
0.02
0.00
0.76
0.83
0.70
0.05
0.73
0.00
0.58
0.92
0.76
0.04
0.67
0.00
0.68
0.66
0.72
0.74
0.04
0.00
0.61
0.75
0.58
0.74
0.02
0.00
0.74
0.69
0.55
0.04
0.00
0.69
0.89
0.77
0.03
0.75
0.00
0.57
0.62
0.78
0.02
0.00
0.69
0.68
0.70
0.83
0.02
0.00
0.68
0.76
0.73
0.03
0.00
0.58
0.93
0.70
0.03
0.00
0.63
0.88
0.67
0.72
0.04
0.00
0.64
0.81
0.53
0.73
0.04
0.00
0.80
0.70
0.60
0.01
0.73
0.00
0.76
0.70
0.69
0.75
0.05
0.67
0.00
0.68
0.87
0.56
0.02
0.70
0.00
0.73
0.79
0.62
0.71
0.02
0.00
0.65
0.99
0.74
0.62
0.04
0.00
0.71
0.66
0.78
0.02
0.83
0.00
0.59
0.72
0.67
0.03
0.00
0.67
0.84
0.80
0.02
0.00
0.56
0.68
0.79
0.01
0.59
0.00
0.69
0.80
0.61
0.75
0.02
0.00
0.56
0.80
0.88
0.81
0.04
0.00
0.60
0.69
0.54
0.04
0.00
0.70
0.88
0.67
0.70
0.03
0.00
0.55
0.98
0.72
0.01
0.00
0.62
0.80
0.65
0.01
0.00
0.71
0.77
0.76
0.02
0.00
0.72
0.70
0.86
0.02
0.00
0.66
0.73
0.85
0.24
2.91
1.11
0.01
0.00
0.33
0.51
0.64
0.65
0.65
0.03
0.00
0.70
0.83
0.75
0.72
0.01
0.00
0.73
0.76
0.69
0.02
0.00
0.70
0.80
0.72
0.02
0.00
0.70
0.80
0.69
0.03
0.00
0.72
0.86
0.70
0.02
0.00
0.72
0.83
0.71
0.03
0.00
0.70
0.85
0.72
0.03
0.00
0.74
0.82
0.70
0.03
0.00
0.72
0.83
0.72
0.03
0.00
0.73
0.81
0.72
0.02
0.00
0.74
0.84
0.71
0.02
0.00
0.73
0.79
0.71
0.02
0.00
0.72
0.82
0.71
0.02
0.00
0.76
0.87
0.70
0.02
0.00
0.77
0.84
0.61
0.72
0.02
0.00
0.70
0.91
0.54
0.00
0.00
0.23
3.10
1.25
0.01
0.00
0.20
0.10
0.01
0.00
2.04
2.64
0.64
1.24
0.01
0.00
0.36
0.14
0.19
0.25
0.31
0.36
0.36
0.36
0.01
0.00
0.34
0.53
