204
98
6
6
233
339
482
629
784
954
1078
1160
294
406
556
706
878
1017
1157
1344
1476
1590
1948
891
897
1182
1405
1715
1888
2087
2206
2367
2525
2691
2842
3010
3163
3311
3433
3514
3588
2521
2317
3315
3451
3478
3517
3003
3527
3541
3530
3565
3630
3684
3690
3666
3756
3684
3773
3079
3374
3742
3688
3739
3689
3571
3610
3650
3693
3647
3729
3750
3670
3766
3751
2495
2895
3765
3717
3693
3668
3647
3628
1991
2635
3713
3718
3529
283
360
455
2843
2256
2725
2078
2024
2544
3357
3309
3516
3569
2572
2779
3626
3664
3545
3593
2526
3034
3654
3656
3540
2547
2914
3607
3650
3536
2426
2712
3598
3665
3537
2865
3241
3601
3652
3536
2503
3029
3601
3660
3540
2366
2762
3608
3634
3644
3649
2891
3663
1603
3651
3728
3626
2062
2328
3650
3648
3644
3640
2645
3224
3648
3652
3657
3629
3692
1776
2264
3658
3665
3626
3644
3162
3536
3652
1608
255
338
367
2263
291
300
350
2842
2153
2683
1613
1441
2510
3250
3192
3524
3577
1618
1651
3630
3672
3616
3585
1539
1563
3649
3668
3533
1470
1504
3600
3663
3531
1369
1377
3597
3661
3532
1400
1413
3598
3660
3529
1430
1443
3593
3656
3530
1428
1444
3595
3661
3537
1441
1462
3600
3665
3534
1447
1464
3598
3662
3537
1475
1516
3598
3663
3534
1485
1529
3598
3660
3535
1553
1608
3601
3665
3539
1492
1522
3602
3666
3538
1487
1514
3603
3666
3540
1519
1550
3605
3669
3540
1594
1684
3606
3671
3542
1521
1561
3605
3670
3542
1533
1593
3612
3665
3550
1537
1588
3615
3671
3544
1560
1602
3607
3672
3546
1548
1598
3610
3671
3550
1617
1661
3613
3668
3548
1592
1636
3613
3668
3547
1596
1644
3612
3669
3546
1587
1653
3611
3671
3551
1581
1648
3615
3670
3549
1619
1711
3614
3668
3551
1715
1805
3613
3668
3547
1718
1802
3610
3672
3552
1734
1837
3617
3672
3551
1757
1872
3615
3666
3547
1634
1709
3612
3672
3552
1659
1733
3616
3673
3552
1645
1714
3618
3669
3551
1668
1747
3615
3672
3549
1697
1772
3613
3671
3552
1779
1893
3616
3671
3552
1676
1753
3617
3668
3553
1658
1727
3615
3669
3552
1651
1736
3616
3667
3555
1707
1799
3619
3672
3555
1712
1817
3619
3664
3555
1689
1778
3620
3667
3553
1800
1953
3616
3670
3550
1790
1934
3616
3672
3558
1706
1782
3622
3671
3556
1675
1766
3622
3664
3554
1886
2020
3617
3670
3554
1855
2006
3618
3672
3551
1682
1793
3615
3669
3553
1861
1954
3618
3664
3554
1874
1995
3617
3659
3556
1763
1896
3619
3669
3555
1830
1968
3620
3670
3556
1879
2049
3619
3673
3556
1877
2035
3619
3669
3555
1907
2076
3618
3670
3556
1902
2086
3619
3673
3557
1886
2028
3620
3671
3557
1937
2060
3620
3670
3556
1796
1903
3620
3667
3560
1947
2095
3621
3668
3555
1699
1789
3619
3670
3556
1704
1838
3621
3672
3556
1792
1929
3619
3669
3556
1929
2044
3618
3657
3557
1775
1928
3622
3667
3559
1853
1939
3623
3669
3557
1782
1889
3621
3671
3557
1842
1949
3622
3673
3556
1915
2049
3621
3668
3558
2017
2135
3623
3666
3557
1798
1950
3622
3661
3556
1832
2026
3620
3672
3561
1849
1962
3625
3669
3558
1867
1977
3621
3672
3555
1823
1995
3619
3666
3559
1813
1935
3621
3664
3559
1800
1932
3622
3670
3558
1870
2002
3624
3664
3558
1829
1987
3623
3672
3558
2031
2198
3623
3671
3558
2004
2189
3623
3673
3557
2043
2232
3621
3668
3561
1998
2228
3626
3670
3560
1911
2062
3625
3672
3558
2004
2195
3624
3672
3559
2080
2229
3621
3667
3561
1884
2017
3625
3670
3560
1854
1935
3625
3671
3559
1780
1947
3624
3670
3560
1849
2020
3625
3675
3564
2070
2263
3627
3667
3558
2077
2235
3621
3672
3557
1829
1978
3621
3666
3561
1931
2080
3624
3670
3562
2048
2268
3628
3671
3559
2030
2257
3623
3668
3558
1989
2218
3622
3671
3562
2025
2167
3626
3668
3560
1984
2114
3626
3672
3561
1894
2005
3626
3672
3559
1921
2128
3623
3662
3560
1992
2131
3625
3669
3560
1954
2060
3625
3668
3562
1952
2150
3624
3674
3560
2024
2169
3624
3663
3557
1970
2125
3620
3670
3561
1926
2075
3623
3672
3559
1990
2149
3623
3667
3561
1952
2088
3628
3673
3563
2126
2342
3626
3663
3559
1995
2166
3625
3655
3563
2061
2258
3626
3671
3561
2160
2353
3623
3669
3559
2153
2322
3623
3669
3562
1842
1962
3628
3667
3565
1980
2144
3628
3671
3560
1957
2160
3625
3673
3562
1960
2134
3626
3674
3559
1990
2197
3621
3668
3562
1924
2109
3625
3666
3559
2173
2374
3623
3668
3563
1994
2283
3628
3667
3556
1942
2150
3620
3674
3560
1950
2156
3624
3666
3556
2190
2430
3620
3665
3558
1913
2068
3620
3671
3556
2056
2243
3620
3670
3558
2244
2448
3622
3663
3559
2108
2381
3622
3675
3557
2208
2432
3620
3671
3556
2106
2319
3619
3665
3559
2018
2174
3620
3672
3556
2020
2161
3619
3668
3557
2046
2226
3622
3669
3560
2017
2165
3622
3669
3558
2141
2314
3622
3671
3561
1985
2144
3624
3669
3555
1988
2141
3622
3666
3556
2234
2418
3620
3666
3559
2169
2327
3621
3672
3556
2145
2361
3619
3665
3559
2111
2404
3621
3660
3557
1997
2172
3621
3672
3559
2072
2243
3623
3669
3559
1998
2237
3623
3667
3560
2241
2465
3623
3666
3558
2027
2176
3620
3675
3553
2188
2423
3618
3670
3559
2271
2503
3621
3669
3557
2261
2481
3621
3668
3558
2083
2267
3621
3667
3558
2144
2402
3620
3671
3557
2253
2477
3621
3662
3560
2269
2549
3625
3670
3561
2188
2361
3625
3667
3555
2028
2181
3618
3661
3561
2069
2318
3625
3673
3562
2359
2608
3627
3669
3559
2169
2333
3621
3668
3558
2157
2384
3623
3670
3561
2049
2270
3623
3667
3558
1924
2124
3624
3660
3558
2057
2284
3623
3675
3561
2259
2571
3621
3675
3559
2255
2560
3621
3673
3558
2150
2274
3620
3672
3558
2088
2247
3621
3668
3559
2270
2589
3622
3667
3557
2163
2386
3622
3670
3559
2005
2213
3623
3670
3560
2296
2630
3622
3668
3559
2268
2497
3622
3665
3563
2379
2582
3624
3665
3559
2056
2274
3622
3663
3562
2386
2576
3626
3668
3559
2337
2652
3621
3672
3560
2318
2634
3624
3663
3563
2329
2610
3630
3670
3561
2319
2631
3625
3661
3561
2277
2561
3625
3668
3562
2265
2609
3625
3669
3559
2184
2354
3620
3674
3557
2387
2674
3621
3671
3560
2315
2572
3623
3670
3559
2047
2315
3623
3662
3559
2187
2385
3621
3663
3560
2018
2296
3622
3668
3556
2263
2542
3621
3672
3560
2166
2376
3626
3666
3561
2142
2322
3624
3667
3560
2239
2489
3623
3668
3563
2157
2407
3627
3658
3560
2107
2371
3623
3663
3560
2169
2391
3627
3668
3559
2342
2670
3624
3671
3561
2398
2698
3624
3671
3561
2385
2655
3623
3667
3561
2150
2349
3624
3674
3561
2191
2417
3625
3665
3563
2172
2316
3628
3661
3561
2098
2299
3627
3665
3563
2418
2655
3627
3665
3565
2127
2369
3627
3668
3558
2176
2434
3624
3672
3560
2091
2467
3623
3670
3561
2466
2768
3624
3665
3558
2409
2709
3623
3662
3559
1912
2294
3622
3664
3556
1972
2158
3620
3664
3558
2144
2422
3622
3670
3559
1983
2195
3621
3660
3559
2157
2401
3622
3659
3560
2475
2735
3624
3665
3560
2472
2724
3622
3662
3563
2212
2541
3628
3671
3563
2360
2566
3628
3660
3562
2150
2322
3624
3665
3559
2240
2528
3623
3674
3563
1956
2146
3626
3670
3563
2172
2423
3626
3664
3558
2304
2612
3624
3668
3564
2429
2709
3631
3663
3564
2206
2482
3626
3669
3562
2503
2733
3625
3671
3563
2117
2421
3627
3672
3562
2260
2661
3625
3664
3558
2225
2480
3622
3667
3561
2625
2948
3624
3665
3560
2431
2749
3623
3665
3562
2407
2622
3627
3667
3563
2153
2437
3627
3668
3561
2450
2767
3624
3660
3559
2469
2763
3623
3656
3561
2392
2676
3624
3672
3560
2266
2525
3625
3668
3560
2389
2765
3625
3668
3564
2092
2492
3626
3669
3565
2466
2752
3632
3655
3562
2185
2475
3629
3669
3564
2329
2762
3628
3673
3562
2445
2811
3627
3655
3563
2164
2435
3630
3667
3563
2451
2826
3626
3668
3560
2491
2826
3623
3672
3560
2271
2575
3625
3663
3562
2530
2797
3625
3666
3563
2564
2994
3628
3653
3565
2436
2668
3628
3668
3563
2191
2374
3628
3664
3561
2289
2599
3623
3663
3564
2169
2487
3627
3665
3564
2179
2516
3627
3669
3562
2290
2568
3626
3654
3565
2233
2533
3629
3670
3562
2415
2810
3625
3669
3561
2477
2743
3625
3662
3563
2473
2877
3625
3676
3562
2449
2803
3625
3669
3561
2389
2791
3627
3669
3563
2195
2543
3629
3657
3562
2308
2584
3628
3655
3563
2296
2608
3628
3664
3563
2558
2835
3624
3662
3563
2479
2849
3627
3662
3562
2585
3039
3625
3660
3562
2585
2982
3623
3659
3559
2224
2498
3622
3659
3562
2481
2791
3623
3672
3560
2248
2448
3622
3671
3561
2143
2565
3625
3673
3564
2478
2742
3628
3669
3563
2562
2793
3626
3662
3562
2467
2901
3627
3665
3565
2528
2916
3630
3664
3563
2457
2895
3627
3672
3564
2547
2775
3629
3672
3564
2216
2523
3629
3671
3562
2494
2874
3628
3669
3562
2207
2673
3627
3666
3565
2147
2461
3627
3665
3563
2271
2633
3627
3661
3563
2524
2858
3626
3661
3562
2180
2472
3626
3665
3561
2215
2603
3627
3660
3564
2497
2898
3629
3661
3564
2427
2814
3629
3657
3564
2485
2855
3629
3668
3566
2675
3024
3631
3666
3565
2436
2739
3628
3666
3561
2164
2430
3626
3664
3562
2597
2985
3625
3668
3564
2539
2856
3628
3672
3563
2449
2765
3627
3674
3563
2238
2498
3626
3656
3562
2164
2570
3628
3668
3565
2523
2911
3629
3662
3564
2283
2597
3629
3675
3563
2273
2677
3627
3659
3565
2259
2695
3629
3656
3562
2196
2528
3628
3666
3565
2525
2810
3629
3666
3564
2614
3043
3629
3664
3564
2468
2884
3626
3668
3561
2515
2919
3625
3668
3560
2298
2578
3624
3664
3567
2312
2597
3631
3664
3566
2223
2507
3631
3655
3563
2480
2900
3630
3659
3565
2193
2454
3627
3659
3566
2295
2585
3629
3668
3563
2836
3111
3626
3659
3564
2551
2841
3629
3656
3566
2676
3020
3628
3663
3563
2344
2616
3626
3665
3564
2393
2707
3625
3661
3562
2125
2333
3627
3665
3563
2223
2516
3627
3664
3562
2357
2629
3629
3662
3567
2122
2478
3632
3663
3565
2610
3030
3630
3662
3566
2472
2782
3630
3656
3565
2227
2519
3629
3657
3565
2587
3013
3629
3659
3563
2634
3090
3628
3664
3564
2604
2998
3630
3666
3566
2244
2642
3628
3665
3565
2260
2543
3626
3661
3561
2556
3014
3626
3676
3565
2622
3100
3626
3658
3565
2532
2862
3628
3672
3561
2671
3241
3623
3658
3564
2664
3058
3628
3656
3565
2538
2926
3628
3672
3564
2510
2868
3626
3658
3561
2546
2978
3624
3673
3562
2522
2846
3624
3655
3564
2348
2618
3630
3671
3568
2402
2638
3632
3662
3565
2359
2793
3631
3658
3566
2298
2571
3630
3660
3567
2220
2540
3630
3657
3566
2562
2969
3632
3659
3566
2567
3071
3631
3668
3565
2336
2754
3628
3660
3565
2231
2601
3629
3670
3566
2694
3296
3630
3651
3568
3118
3634
1620
3662
3665
3626
2384
2788
3658
3657
3565
2543
3073
3629
3661
3566
2706
3058
3632
3667
3566
2564
3003
3628
3662
3562
2596
2986
3626
3670
3564
2530
2948
3628
3663
3564
2094
2386
3628
3660
3567
2351
2852
3631
3673
3564
2582
2846
3628
3656
3565
2949
3549
3627
3662
3564
2486
2906
3626
3658
3565
2160
2596
3628
3666
3568
2560
2976
3634
3666
3566
2319
2577
3629
3657
3566
2509
2931
3631
3661
3564
2854
3244
3630
3656
3566
2324
2780
3630
3665
3567
2560
2992
3634
3661
3565
2209
2467
3629
3658
3562
2497
2708
3629
3672
3561
2585
2970
3625
3657
3560
2544
2919
3624
3654
3563
2538
3068
3628
3660
3566
2697
3113
3631
3660
3564
2135
2441
3631
3655
3568
2041
2273
3631
3677
3565
1957
2177
3627
3668
3563
2291
2664
3628
3658
3566
2808
3396
3632
3662
3564
2552
3054
3630
3659
3567
2824
3427
3633
3656
3567
2574
2816
3630
3661
3567
2142
2495
3630
3670
3562
2469
2906
3625
3661
3565
2275
2709
3629
3666
3564
2617
3023
3627
3670
3568
2569
3165
3633
3667
3566
2678
3458
3632
3656
3562
2314
2536
3628
3668
3568
2203
2452
3633
3666
3565
2582
3125
3632
3650
3570
2683
3093
3633
3653
3568
1945
2199
3631
3665
3565
2537
2947
3627
3667
3565
2512
3058
3628
3665
3567
2576
3202
3632
3659
3566
2670
3060
3628
3652
3566
2682
2990
3628
3664
3566
2109
2321
3631
3656
3566
2635
3261
3631
3658
3564
2594
2988
3628
3657
3566
2637
3019
3629
3659
3564
2797
3153
3629
3666
3569
2533
2851
3633
3663
3566
2530
2949
3630
3668
3565
2522
3048
3628
3661
3566
2254
2598
3630
3669
3567
2694
3184
3632
3664
3566
2404
2722
3630
3663
3566
2260
2494
3632
3665
3567
2772
3150
3630
3665
3568
2544
2944
3630
3667
3566
2256
2616
3628
3654
3566
2591
3099
3629
3667
3564
2541
3055
3627
3651
3564
2798
3204
3630
3661
3565
3012
3408
3628
3663
3568
2330
2616
3632
3656
3564
2894
3094
3630
3661
3569
2156
2642
3630
3666
3563
2582
2942
3628
3671
3566
2454
2756
3630
3662
3569
2596
3082
3634
3660
3568
2851
3381
3633
3651
3565
2644
3058
3632
3655
3570
2678
3136
3634
3660
3568
2715
3107
3633
3663
3568
2190
2402
3636
3653
3566
2606
3100
3634
3652
3567
2353
2652
3631
3651
3564
2512
2720
3628
3665
3559
2723
3144
3623
3657
3566
2534
2969
3630
3662
3563
2741
3111
3627
3664
3562
2728
3243
3628
3666
3567
2887
3437
3633
3648
3656
2574
2868
3656
3661
3559
2701
3323
3623
3666
3573
2803
3408
3637
3657
3565
2650
3110
3630
3667
3572
2563
2919
3637
3657
3569
3053
3407
3633
3657
3570
2208
2516
3632
3653
3570
2524
3023
3635
3665
3566
2699
3049
3633
3660
3573
2931
3390
3635
3663
3567
2828
3368
3630
3666
3566
2339
2621
3631
3655
3570
2615
3331
3637
3645
3657
2788
3200
3656
3661
3561
2325
2761
3627
3665
3576
2616
3028
3640
3650
3571
2669
3435
3637
3664
3570
2475
2787
3633
3663
3572
2893
3445
3635
3662
3569
2255
2497
3631
3666
3571
2232
2867
3633
3657
3565
3007
3413
3633
3660
3569
2771
3114
3635
3667
3571
2838
3180
3634
3655
3569
2859
3187
3631
3658
3571
3114
3592
3634
3660
3568
2585
2855
3633
3657
3570
2639
3115
3635
3669
3574
2770
3398
3638
3662
3570
2269
2701
3633
3662
3569
2730
3400
3634
3657
3566
2671
3085
3631
3659
3571
2497
2715
3635
3652
3568
2577
3064
3634
3665
3571
2539
3015
3635
3675
3567
2527
3002
3630
3662
3569
2536
3042
3632
3663
3570
2760
3390
3634
3667
3569
2549
3019
3635
3658
3566
2715
3296
3632
3653
3569
2470
2876
3636
3666
3572
2560
2962
3634
3656
3569
2853
3195
3637
3652
3570
2761
3161
3637
3660
3569
2732
3206
3634
3659
3573
2631
3094
3637
3660
3567
2943
3403
3633
3664
3568
2852
3257
3632
3663
3569
2646
2998
3636
3663
3566
2531
2885
3631
3668
3570
2662
3006
3632
3662
3570
2310
2672
3632
3659
3565
2756
3182
3626
3670
3565
2694
3369
3631
3651
3569
2505
2911
3633
3662
3570
2552
3062
3632
3665
3570
2792
3130
3634
3667
3570
2647
3045
3633
3655
3569
2426
2742
3634
3657
3567
2523
3003
3631
3659
3571
2936
3378
3634
3660
3569
2426
2640
3634
3661
3574
2363
2605
3641
3659
3571
2775
3635
1792
3636
3717
3662
2677
3311
3675
3658
3577
3636
2623
3157
3665
3654
3658
2730
3547
3657
3663
3562
2261
2557
3627
3667
3570
3159
3572
3637
3664
3573
2651
2931
3639
3656
3573
3162
3593
3636
3666
3568
2853
3341
3635
3666
3572
2449
3157
3635
3660
3572
2301
2745
3633
3656
3571
2506
3368
3638
3662
3574
2662
3350
3638
3663
3571
2997
3631
1737
3663
3662
3629
2632
2884
3664
3663
3570
2744
3316
3634
3652
3568
2636
3136
3638
3663
3572
2669
3477
3635
3660
3568
2707
3075
3635
3666
3573
2557
2747
3637
3649
3570
2566
2994
3632
3647
3569
2451
2921
3635
3651
3572
2443
2865
3637
3655
3577
2374
3400
3642
3646
3675
3657
3022
3408
3660
3667
3567
3622
2671
3661
1568
3661
3663
3644
3676
2298
2570
3664
3661
3565
2635
3149
3629
3670
3572
2674
3430
3638
3665
3569
2461
2729
3633
3653
3576
2214
2658
3639
3659
3570
2818
3412
3634
3663
3578
3642
2164
2630
3642
3716
3655
3670
1823
2369
3663
3671
3622
3484
3653
2010
3654
3669
3640
3367
3653
1605
3666
3669
3629
2830
3183
3672
3676
3577
2785
3253
3633
3653
3565
2230
2904
3630
3665
3573
2428
3364
3638
3655
3573
3104
3636
1484
3655
3662
3629
2257
2508
3661
3661
3571
2473
3259
3635
3664
3574
3640
1557
2037
3657
3651
3633
3657
1536
2553
3655
3668
3633
2705
3378
3655
3722
3593
2423
2735
3657
3649
3564
3632
1706
2124
3646
3713
3657
3448
3644
2244
3712
3664
3641
2489
2819
3657
3710
3681
2659
3147
3667
3653
3556
3618
3452
3650
1637
3660
3661
3637
3661
2425
3430
3662
3661
3570
3354
3630
1578
3666
3670
3631
3454
3668
1604
3675
3639
3707
2831
3263
3681
3643
3657
2637
2943
3657
3651
3574
2454
2974
3640
3646
3667
2681
3163
3665
3662
3572
3631
2343
2789
3657
3673
3577
2305
2587
3635
3701
3699
2240
3140
3658
3662
3570
3620
3375
3649
1779
3659
3666
3637
3659
2415
3203
3655
3665
3572
2492
3366
3640
3665
3582
3524
3652
1573
3655
3654
3708
2190
2482
3670
3648
3563
3103
3627
1541
3661
3662
3636
3651
2096
2462
3664
3666
3630
2516
2824
3664
3670
3578
2902
3054
3648
3640
3674
2891
3659
1519
3663
3654
3621
3094
3644
1663
3659
3668
3636
3133
3575
3657
3646
3669
3655
3651
1624
2798
3662
3649
3700
3670
3056
3650
1623
3714
3658
3708
3652
1680
2246
3712
3632
3689
3033
3671
1626
3650
3678
3628
2468
2694
3644
3720
3611
3005
3641
1609
3658
3677
3627
2815
3241
3651
3665
3578
3640
1484
2709
3653
3644
3638
2762
3652
3666
3639
3684
3671
2832
3552
3662
3664
3571
3697
3666
1690
2125
3659
3668
3628
3205
3641
1649
3673
3637
3686
3513
3643
1793
3707
3718
3695
3473
3653
1837
3713
3733
3659
3079
3541
3669
3667
3566
3627
1639
2155
3623
3700
3692
3631
2280
3319
3706
3673
3633
3688
3672
3682
1828
2163
3660
3737
3689
3647
3675
3717
2356
3668
3666
3647
3676
1730
2304
3646
3731
3662
2940
3660
1648
3638
3721
3660
3665
2140
2696
3666
3635
3701
3656
2499
3711
2095
3735
3665
3719
3616
3644
1975
3725
3654
3690
3676
3670
1951
2533
3665
3730
3652
3436
3626
2673
3707
3646
3697
3655
2624
2886
3650
3718
3661
3657
1645
2221
3665
3657
3694
3636
2246
3366
3702
3660
3658
3662
2706
3640
1729
3724
3648
3697
3330
3528
3664
3718
3678
3661
2427
2725
3671
3668
3582
3167
3517
3629
3704
3615
3640
1720
2682
3636
3711
3653
3623
2001
2945
3709
3649
3708
3672
2882
3480
3664
3661
3601
3635
3685
1766
3450
3628
3700
3679
3654
1767
2057
3711
3674
3663
3661
3348
3634
1941
3721
3674
3639
3620
1729
3295
3691
3711
3670
2914
3322
3662
3648
3610
3681
3654
2769
3706
1676
3641
3722
3678
2918
3637
1598
3705
3657
3699
3647
3716
1759
2397
3659
3691
3667
3640
2610
3106
3706
3623
3669
3668
3325
3647
1854
3656
3640
3688
3621
3687
1824
2462
3685
3713
3685
3669
2175
3239
3663
3658
3674
3661
3694
1988
2608
3708
3651
3697
3627
1958
3180
3694
3715
3675
3657
1939
3347
3621
3708
3681
2858
3150
3638
3705
3595
2166
3470
3654
3668
3601
3193
3649
2030
3644
3645
3692
3575
3635
1987
3715
3639
3690
3281
3659
1603
3653
3644
3690
2887
3421
3663
3628
3686
3636
3351
3707
2167
3679
3668
3656
3476
2263
2954
3689
3706
3696
3022
3594
3646
3674
3579
3597
2658
3704
1777
3665
3707
3707
3132
3678
2043
3633
3713
3680
3675
2084
2380
3648
3736
3654
3689
2270
3704
1716
3714
3694
3670
2882
3488
3696
3735
3688
3666
2778
3360
3636
3699
3679
3299
3615
1878
3694
3667
3662
3669
3679
1745
3641
3709
3647
3671
2234
3072
3662
3656
3626
3681
3691
1844
3656
3722
3635
2099
2399
3697
3668
3623
3685
2844
2006
1487
1353
2691
3062
3118
3471
3546
1934
2043
3589
3654
3565
3591
2061
2223
3655
3655
3529
1940
2152
3592
3659
3532
2106
2335
3597
3662
3532
2241
2574
3597
3657
3535
2429
2709
3599
3661
3538
2057
2300
3603
3662
3534
2481
2901
3601
3664
3537
2512
2933
3602
3665
3538
1982
2202
3602
3660
3542
2161
2643
3607
3661
3544
2286
2893
3610
3659
3541
2454
2788
3608
3661
3547
2695
3038
3607
3655
3548
3464
3610
1739
3653
3650
3600
2227
2517
3661
3642
2044
1858
1981
3022
3224
1395
1647
1425
2222
406
469
519
1867
3081
1797
2073
1529
2366
2598
2992
3132
3269
3379
3039
1963
2030
3475
