0.01
0.02
0.01
0.00
0.29
0.40
0.37
0.47
0.45
0.43
0.48
0.24
0.32
0.40
0.38
0.38
0.39
0.46
0.52
0.20
0.14
0.19
0.19
0.86
0.93
0.82
1.05
0.28
0.24
0.32
0.32
0.33
0.37
0.39
0.43
0.46
0.51
0.53
0.55
0.58
0.03
0.00
0.76
0.63
0.67
0.65
0.64
0.58
0.70
0.73
0.75
0.65
0.66
0.64
0.66
0.65
0.61
0.61
0.03
0.62
0.00
0.65
0.65
0.69
0.78
0.84
0.75
0.71
0.55
0.79
0.70
0.51
0.64
0.03
0.51
0.00
0.51
0.62
0.70
0.98
0.80
0.03
0.64
0.00
0.55
0.65
0.80
0.79
0.02
0.61
0.00
0.20
0.07
0.00
0.00
2.86
1.17
0.35
0.04
0.00
0.46
0.58
0.68
0.71
0.69
0.04
0.00
0.73
0.79
0.74
0.73
0.03
0.00
0.75
0.81
0.74
0.04
0.00
0.75
0.81
0.74
0.04
0.00
0.78
0.81
0.73
0.01
0.00
0.74
0.87
0.74
0.04
0.75
0.00
0.74
0.82
0.64
0.04
0.75
0.00
0.65
1.05
0.65
0.03
0.60
0.00
0.57
0.75
0.73
0.05
0.78
0.00
0.74
0.72
0.70
0.04
0.01
0.71
0.91
0.77
0.75
0.04
0.00
0.73
0.69
0.76
0.02
0.74
0.00
0.66
0.76
0.60
0.03
0.01
0.73
0.81
0.79
0.72
0.03
0.00
0.75
0.81
0.57
0.02
0.68
0.00
0.67
0.94
0.85
0.70
0.05
0.00
0.70
0.73
0.77
0.68
0.04
0.00
0.74
0.87
0.70
0.23
0.21
2.85
1.08
0.02
0.00
0.36
0.48
0.56
0.62
0.67
0.02
0.00
0.66
0.79
0.85
0.73
0.01
0.00
0.71
0.77
0.71
0.02
0.00
0.70
0.84
0.69
0.01
0.00
0.69
0.80
0.68
0.01
0.00
0.69
0.78
0.68
0.01
0.00
0.71
0.80
0.70
0.01
0.00
0.70
0.78
0.68
0.01
0.00
0.68
0.79
0.69
0.02
0.01
0.69
0.80
0.68
0.02
0.00
0.69
0.76
0.69
0.01
0.00
0.71
0.80
0.67
0.01
0.00
0.70
0.77
0.68
0.02
0.00
0.69
0.77
0.70
0.01
0.00
0.71
0.83
0.70
0.02
0.00
0.71
0.81
0.71
0.02
0.00
0.69
0.77
0.69
0.02
0.00
0.69
0.84
0.62
0.01
0.00
0.66
0.73
0.71
0.02
0.00
0.70
0.84
0.68
0.02
0.00
0.71
0.81
0.70
0.01
0.00
0.72
0.77
0.69
0.02
0.00
0.68
0.80
0.69
0.01
0.00
0.70
0.78
0.69
0.01
0.00
0.69
0.81
0.70
0.02
0.00
0.69
0.78
0.69
0.02
0.00
0.70
0.78
0.69
0.01
0.00
0.71
0.79
0.70
0.01
0.00
0.69
0.81
0.68
0.01
0.00
0.69
0.79
0.71
0.01
0.00
0.70
0.81
0.70
0.01
0.00
0.70
0.78
0.69
0.01
0.00
0.70
0.79
0.69
0.02
0.00
0.70
0.78
0.68
0.01
0.00
0.70
0.79
0.68
0.01
0.00
0.69
0.80
0.69
0.01
0.00
0.70
0.80
0.69
0.01
0.00
0.69
0.78
0.72
0.01
0.00
0.70
0.80
0.69
0.01
0.00
0.69
0.80
0.69
0.02
0.00
0.71
0.80
0.71
0.01
0.00
0.70
0.82
0.70
0.01
0.00
0.69
0.80
0.69
0.02
0.00
0.69
0.79
0.70
0.02
0.00
0.68
0.78
0.68
0.02
0.00
0.70
0.79
0.69
0.02
0.00
0.70
0.78
0.69
0.01
0.00
0.70
0.78
0.72
0.02
0.00
0.69
0.78
0.69
0.01
0.00
0.69
0.79
0.71
0.01
0.00
0.70
0.79
0.69
0.02
0.00
0.70
0.83
0.70
0.02
0.00
0.69
0.78
0.69
0.01
0.00
0.69
0.78
0.71
0.02
0.00
0.71
0.79
0.70
0.02
0.00
0.70
0.80
0.68
0.02
0.00
0.70
0.78
0.78
0.02
0.00
0.69
0.79
0.70
0.02
0.00
0.69
0.78
0.71
0.02
0.00
0.68
0.77
0.70
0.05
0.00
0.70
0.83
0.70
0.01
0.00
0.70
0.82
0.69
0.02
0.00
0.71
0.77
0.69
0.02
0.00
0.71
0.78
0.76
0.02
0.00
0.69
0.78
0.72
0.02
0.00
0.69
0.78
0.71
0.02
0.00
0.69
0.82
0.70
0.02
0.00
0.69
0.79
0.68
0.01
0.00
0.69
0.79
0.71
0.01
0.00
0.71
0.80
0.67
0.02
0.00
0.69
0.81
0.68
0.01
0.00
0.71
0.80
0.69
0.02
0.00
0.69
0.81
0.70
0.02
0.00
0.68
0.79
0.71
0.02
0.00
0.69
0.82
0.70
0.02
0.00
0.68
0.79
0.68
0.02
0.00
0.70
0.81
0.68
0.02
0.00
0.71
0.83
0.68
0.02
0.00
0.69
0.81
0.68
0.02
0.00
0.69
0.79
0.68
0.01
0.00
0.71
0.77
0.68
0.02
0.00
0.69
0.81
0.71
0.02
0.00
0.72
0.77
0.70
0.02
0.00
0.67
0.82
0.73
0.03
0.01
0.68
0.80
0.69
0.02
0.00
0.70
0.76
0.68
0.01
0.00
0.68
0.80
0.68
0.02
0.00
0.73
0.79
0.70
0.02
0.00
0.68
0.78
0.69
0.02
0.00
0.69
0.80
0.70
0.02
0.00
0.70
0.81
0.69
0.02
0.00
0.70
0.79
0.68
0.02
0.00
0.70
0.80
0.69
0.02
0.00
0.70
0.79
0.70
0.01
0.00
0.67
0.75
0.69
0.02
0.00
0.69
0.82
0.69
0.02
0.00
0.68
0.79
0.68
0.02
0.00
0.68
0.77
0.67
0.02
0.00
0.69
0.79
0.68
0.03
0.00
0.68
0.79
0.70
0.01
0.00
0.70
0.81
0.70
0.03
0.00
0.68
0.79
0.68
0.01
0.00
0.69
0.81
0.70
0.02
0.00
0.70
0.81
0.71
0.02
0.00
0.70
0.80
0.72
0.02
0.00
0.72
0.79
0.70
0.02
0.00
0.67
0.80
0.70
0.01
0.00
0.69
0.78
0.70
0.03
0.00
0.72
0.78
0.69
0.03
0.00
0.68
0.82
0.71
0.01
0.00
0.70
0.78
0.73
0.02
0.00
0.73
0.77
0.69
0.03
0.00
0.71
0.79
0.72
0.02
0.00
0.70
0.78
0.70
0.02
0.00
0.71
0.79
0.73
0.02
0.00
0.71
0.80
0.70
0.02
0.00
0.71
0.80
0.70
0.02
0.00
0.69
0.80
0.69
0.02
0.00
0.70
0.79
0.69
0.02
0.00
0.72
0.78
0.69
0.02
0.00
0.69
0.77
0.71
0.03
0.00
0.70
0.79
0.69
0.02
0.00
0.68
0.82
0.69
0.01
0.00
0.71
0.77
0.68
0.01
0.00
0.71
0.79
0.69
0.02
0.00
0.70
0.80
0.69
0.02
0.00
0.70
0.78
0.70
0.03
0.00
0.68
0.80
0.69
0.02
0.00
0.70
0.83
0.74
0.02
0.00
0.71
0.80
0.70
0.02
0.00
0.70
0.81
0.70
0.02
0.00
0.70
0.82
0.68
0.02
0.01
0.69
0.80
0.71
0.03
0.00
0.73
0.77
0.73
0.02
0.00
0.71
0.82
0.69
0.02
0.00
0.69
0.85
0.70
0.01
0.00
0.67
0.79
0.70
0.02
0.00
0.68
0.82
0.70
0.02
0.00
0.80
0.79
0.72
0.02
0.00
0.72
0.78
0.72
0.03
0.00
0.72
0.80
0.71
0.02
0.00
0.69
0.81
0.69
0.03
0.00
0.69
0.82
0.70
0.03
0.00
0.69
0.77
0.70
0.01
0.00
0.72
0.78
0.69
0.03
0.00
0.69
0.84
0.69
0.02
0.00
0.70
0.80
0.69
0.02
0.00
0.70
0.80
0.68
0.02
0.00
0.69
0.78
0.69
0.02
0.00
0.70
0.80
0.69
0.02
0.00
0.70
0.79
0.70
0.02
0.00
0.69
0.81
0.70
0.02
0.00
0.70
0.79
0.72
0.02
0.00
0.68
0.83
0.70
0.02
0.00
0.69
0.80
0.70
0.03
0.00
0.70
0.80
0.71
0.02
0.00
0.68
0.79
0.70
0.02
0.00
0.70
0.80
0.70
0.03
0.00
0.71
0.80
0.69
0.02
0.00
0.68
0.76
0.68
0.02
0.00
0.70
0.79
0.69
0.03
0.00
0.69
0.76
0.74
0.03
0.00
0.70
0.81
0.72
0.02
0.00
0.71
0.80
0.70
0.02
0.00
0.71
0.79
0.73
0.02
0.00
0.69
0.79
0.71
0.02
0.01
0.70
0.80
0.71
0.02
0.00
0.70
0.79
0.69
0.02
0.00
0.70
0.82
0.71
0.02
0.00
0.69
0.78
0.70
0.02
0.00
0.70
0.79
0.71
0.03
0.00
0.69
0.84
0.69
0.03
0.00
0.71
0.82
0.69
0.02
0.00
0.72
0.80
0.71
0.02
0.00
0.71
0.81
0.68
0.02
0.00
0.69
0.81
0.68
0.02
0.00
0.71
0.79
0.67
0.02
0.00
0.71
0.80
0.69
0.03
0.00
0.69
0.82
0.69
0.03
0.00
0.71
0.79
0.68
0.03
0.00
0.73
0.81
0.69
0.03
0.00
0.73
0.79
0.70
0.02
0.00
0.69
0.79
0.68
0.02
0.00
0.69
0.78
0.70
0.02
0.00
0.68
0.81
0.70
0.03
0.00
0.69
0.79
0.70
0.03
0.00
0.70
0.78
0.70
0.03
0.00
0.67
0.82
0.72
0.02
0.00
0.71
0.82
0.70
0.03
0.00
0.67
0.83
0.70
0.02
0.00
0.71
0.86
0.69
0.03
0.00
0.69
0.78
0.70
0.02
0.00
0.72
0.78
0.70
0.03
0.00
0.70
0.78
0.70
0.02
0.00
0.68
0.78
0.70
0.03
0.00
0.71
0.80
0.69
0.03
0.00
0.70
0.79
0.70
0.02
0.00
0.70
0.81
0.71
0.02
0.00
0.69
0.79
0.72
0.02
0.00
0.74
0.78
0.69
0.02
0.00
0.70
0.79
0.72
0.03
0.00
0.70
0.78
0.69
0.02
0.00
0.69
0.81
0.70
0.02
0.00
0.69
0.81
0.68
0.02
0.00
0.71
0.83
0.69
0.02
0.00
0.73
0.79
0.69
0.03
0.00
0.71
0.78
0.69
0.02
0.00
0.68
0.81
0.70
0.01
0.00
0.68
0.80
0.70
0.02
0.00
0.69
0.80
0.75
0.02
0.00
0.71
0.78
0.71
0.03
0.00
0.70
0.79
0.72
0.02
0.00
0.69
0.81
0.70
0.03
0.00
0.69
0.79
0.72
0.03
0.00
0.69
0.84
0.72
0.03
0.00
0.69
0.81
0.71
0.03
0.00
0.68
0.79
0.69
0.02
0.00
0.71
0.80
0.74
0.03
0.00
0.69
0.82
0.68
0.03
0.00
0.71
0.82
0.68
0.02
0.00
0.70
0.87
0.68
0.02
0.00
0.71
0.77
0.69
0.03
0.00
0.70
0.81
0.71
0.03
0.00
0.71
0.80
0.76
0.03
0.00
0.70
0.80
0.69
0.03
0.00
0.72
0.83
0.69
0.03
0.00
0.74
0.78
0.67
0.03
0.00
0.72
0.79
0.73
0.03
0.00
0.69
0.80
0.69
0.03
0.00
0.70
0.79
0.71
0.03
0.00
0.68
0.82
0.68
0.02
0.00
0.76
0.81
0.72
0.02
0.00
0.71
0.80
0.70
0.00
0.00
0.70
0.83
0.70
0.02
0.00
0.70
0.81
0.72
0.02
0.00
0.73
0.81
0.70
0.02
0.00
0.71
0.80
0.69
0.03
0.00
0.72
0.78
0.70
0.02
0.00
0.71
0.81
0.69
0.03
0.00
0.71
0.79
0.72
0.03
0.00
0.71
0.80
0.69
0.02
0.00
0.72
0.79
0.71
0.03
0.00
0.71
0.83
0.70
0.03
0.00
0.72
0.80
0.72
0.02
0.00
0.71
0.82
0.73
0.03
0.00
0.69
0.79
0.73
0.02
0.00
0.71
0.81
0.69
0.03
0.00
0.72
0.80
0.72
0.02
0.00
0.70
0.79
0.69
0.03
0.00
0.73
0.79
0.73
0.04
0.00
0.70
0.79
0.69
0.03
0.00
0.72
0.80
0.73
0.02
0.00
0.71
0.81
0.74
0.03
0.00
0.70
0.82
0.71
0.03
0.00
0.72
0.80
0.73
0.03
0.00
0.69
0.79
0.69
0.03
0.00
0.70
0.83
0.69
0.03
0.00
0.73
0.82
0.70
0.02
0.00
0.68
0.80
0.70
0.01
0.00
0.70
0.82
0.70
0.03
0.00
0.73
0.82
0.72
0.03
0.00
0.70
0.81
0.71
0.02
0.00
0.69
0.80
0.71
0.02
0.00
0.69
0.81
0.68
0.03
0.00
0.71
0.81
0.68
0.03
0.00
0.74
0.80
0.71
0.02
0.00
0.70
0.82
0.73
0.02
0.00
0.71
0.81
0.68
0.03
0.00
0.72
0.79
0.68
0.07
0.00
0.72
0.80
0.74
0.02
0.00
0.70
0.80
0.70
0.02
0.00
0.71
0.80
0.72
0.02
0.00
0.72
0.82
0.72
0.01
0.00
0.69
0.82
0.73
0.03
0.00
0.69
0.84
0.70
0.03
0.00
0.71
0.80
0.69
0.02
0.00
0.71
0.79
0.72
0.03
0.00
0.72
0.78
0.73
0.02
0.00
0.72
0.84
0.69
0.02
0.00
0.69
0.81
0.72
0.02
0.00
0.73
0.79
0.68
0.02
0.00
0.72
0.81
0.71
0.02
0.00
0.71
0.81
0.70
0.02
0.00
0.70
0.82
0.72
0.03
0.00
0.69
0.82
0.68
0.03
0.00
0.70
0.84
0.68
0.03
0.00
0.73
0.83
0.69
0.02
0.00
0.74
0.82
0.68
0.03
0.00
0.69
0.83
0.71
0.03
0.00
0.68
0.79
0.69
0.02
0.00
0.70
0.79
0.69
0.03
0.00
0.73
0.81
0.70
0.02
0.00
0.73
0.81
0.74
0.02
0.00
0.72
0.82
0.73
0.02
0.00
0.74
0.83
0.72
0.03
0.00
0.70
0.79
0.70
0.03
0.00
0.71
0.80
0.70
0.02
0.00
0.75
0.79
0.70
0.03
0.00
0.73
0.78
0.68
0.03
0.00
0.71
0.78
0.72
0.02
0.00
0.72
0.81
0.71
0.03
0.00
0.69
0.82
0.71
0.04
0.00
0.72
0.78
0.69
0.03
0.00
0.71
0.81
0.69
0.03
0.00
0.71
0.82
0.72
0.03
0.00
0.71
0.81
0.69
0.03
0.00
0.69
0.79
0.71
0.02
0.00
0.73
0.77
0.72
0.02
0.00
0.71
0.82
0.68
0.03
0.00
0.69
0.83
0.70
0.03
0.00
0.68
0.80
0.70
0.02
0.00
0.73
0.83
0.70
0.03
0.00
0.73
0.80
0.70
0.03
0.00
0.71
0.81
0.72
0.02
0.00
0.68
0.79
0.73
0.03
0.00
0.73
0.80
0.69
0.02
0.00
0.71
0.81
0.72
0.04
0.00
0.74
0.80
0.71
0.02
0.00
0.70
0.81
0.70
0.03
0.00
0.74
0.84
0.69
0.03
0.00
0.72
0.79
0.71
0.02
0.00
0.71
0.83
0.73
0.03
0.00
0.67
0.80
0.71
0.03
0.00
0.70
0.80
0.68
0.03
0.00
0.72
0.82
0.74
0.03
0.00
0.69
0.83
0.71
0.03
0.00
0.74
0.80
0.69
0.03
0.00
0.71
0.81
0.72
0.02
0.00
0.72
0.80
0.72
0.03
0.00
0.74
0.81
0.72
0.02
0.00
0.71
0.82
0.69
0.03
0.00
0.68
0.80
0.72
0.02
0.00
0.71
0.82
0.72
0.03
0.01
0.69
0.84
0.71
0.03
0.00
0.75
0.80
0.73
0.03
0.00
0.72
0.82
0.70
0.03
0.00
0.71
0.81
0.73
0.02
0.00
0.73
0.80
0.71
0.04
0.00
0.71
0.80
0.73
0.02
0.00
0.73
0.84
0.74
0.04
0.00
0.73
0.84
0.70
0.02
0.00
0.72
0.84
0.69
0.03
0.00
0.72
0.81
0.70
0.02
0.00
0.68
0.80
0.72
0.03
0.00
0.72
0.82
0.74
0.03
0.00
0.72
0.84
0.69
0.01
0.00
0.73
0.84
0.70
0.03
0.00
0.71
0.82
0.70
0.02
0.00
0.68
0.79
0.72
0.02
0.00
0.72
0.81
0.72
0.02
0.00
0.72
0.85
0.72
0.03
0.00
0.70
0.80
0.72
0.03
0.00
0.73
0.83
0.74
0.02
0.00
0.72
0.83
0.71
0.03
0.00
0.69
0.81
0.73
0.02
0.00
0.71
0.81
0.72
0.03
0.00
0.73
0.83
0.69
0.02
0.00
0.72
0.80
0.70
0.03
0.00
0.72
0.82
0.71
0.02
0.00
0.71
0.83
0.71
0.03
0.00
0.71
0.80
0.69
0.02
0.00
0.71
0.79
0.71
0.03
0.00
0.74
0.81
0.70
0.02
0.00
0.72
0.84
0.74
0.03
0.00
0.74
0.82
0.73
0.03
0.00
0.69
0.77
0.69
0.03
0.00
0.71
0.85
0.69
0.03
0.00
0.71
0.80
0.70
0.02
0.00
0.73
0.82
0.72
0.03
0.00
0.71
0.78
0.73
0.03
0.00
0.74
0.83
0.74
0.02
0.00
0.72
0.79
0.71
0.02
0.00
0.71
0.86
0.72
0.03
0.00
0.70
0.81
0.70
0.02
0.00
0.71
0.78
0.70
0.02
0.00
0.73
0.79
0.70
0.02
0.00
0.75
0.80
0.70
0.03
0.00
0.69
0.81
0.70
0.02
0.00
0.72
0.84
0.72
0.02
0.00
0.77
0.83
0.72
0.03
0.00
0.70
0.82
0.67
0.02
0.00
0.69
0.82
0.69
0.02
0.00
0.73
0.79
0.68
0.02
0.00
0.70
0.86
0.71
0.02
0.00
0.71
0.79
0.70
0.02
0.00
0.71
0.84
0.72
0.03
0.00
0.72
0.79
0.72
0.02
0.00
0.71
0.84
0.69
0.03
0.01
0.77
0.83
0.72
0.03
0.00
0.70
0.80
0.74
0.04
0.00
0.71
0.80
0.71
0.02
0.00
0.75
0.80
0.73
0.03
0.00
0.74
0.83
0.71
0.03
0.00
0.70
0.81
0.70
0.04
0.00
0.73
0.82
0.68
0.02
0.00
0.68
0.78
0.69
0.02
0.00
0.71
0.79
0.70
0.02
0.00
0.72
0.80
0.70
0.03
0.00
0.69
0.82
0.72
0.02
0.00
0.73
0.80
0.69
0.03
0.00
0.71
0.80
0.69
0.03
0.00
0.69
0.83
0.70
0.02
0.00
0.71
0.81
0.70
0.04
0.00
0.71
0.80
0.69
0.03
0.00
0.74
0.79
0.71
0.03
0.00
0.71
0.81
0.70
0.02
0.00
0.72
0.82
0.72
0.01
0.00
0.74
0.82
0.72
0.03
0.00
0.69
0.84
0.73
0.02
0.00
0.70
0.82
0.73
0.02
0.00
0.73
0.82
0.69
0.02
0.00
0.71
0.80
0.74
0.03
0.00
0.72
0.80
0.71
0.04
0.00
0.73
0.84
0.73
0.03
0.00
0.73
0.81
0.69
0.02
0.00
0.75
0.87
0.69
0.02
0.00
0.72
0.83
0.72
0.03
0.00
0.73
0.79
0.72
0.03
0.00
0.71
0.85
0.68
0.04
0.00
0.70
0.80
0.72
0.03
0.00
0.69
0.84
0.72
0.03
0.00
0.70
0.84
0.72
0.03
0.00
0.73
0.82
0.69
0.02
0.00
0.73
0.83
0.70
0.02
0.00
0.73
0.83
0.74
0.03
0.00
0.72
0.79
0.71
0.03
0.00
0.75
0.82
0.61
0.03
0.00
0.73
0.96
0.71
0.03
0.00
0.72
0.79
0.73
0.03
0.00
0.73
0.82
0.69
0.02
0.00
0.70
0.78
0.69
0.02
0.00
0.70
0.82
0.74
0.03
0.00
0.73
0.80
0.72
0.02
0.00
0.72
0.83
0.69
0.03
0.00
0.73
0.80
0.70
0.02
0.00
0.71
0.75
0.68
0.03
0.00
0.73
0.83
0.74
0.03
0.71
0.00
0.70
0.78
0.70
0.02
0.00
0.71
0.78
0.75
0.02
0.00
0.71
0.84
0.73
0.04
0.00
0.73
0.77
0.70
0.03
0.00
0.74
0.78
0.75
0.03
0.00
0.71
0.77
0.68
0.02
0.00
0.68
0.79
0.76
0.03
0.00
0.75
0.81
0.70
0.02
0.00
0.73
0.81
0.72
0.04
0.00
0.72
0.79
0.68
0.03
0.00
0.74
0.81
0.73
0.02
0.00
0.74
0.81
0.73
0.03
0.00
0.71
0.77
0.74
0.02
0.00
0.75
0.81
0.74
0.03
0.00
0.72
0.79
0.71
0.03
0.00
0.74
0.80
0.70
0.02
0.00
0.71
0.78
0.70
0.02
0.00
0.73
0.85
0.72
0.03
0.00
0.76
0.78
0.73
0.02
0.00
0.70
0.86
0.71
0.03
0.00
0.70
0.84
0.71
0.03
0.00
0.74
0.82
0.69
0.03
0.00
0.74
0.78
0.74
0.03
0.00
0.72
0.82
0.71
0.02
0.00
0.71
0.82
0.69
0.02
0.00
0.73
0.80
0.71
0.02
0.00
0.69
0.82
0.71
0.03
0.00
0.73
0.79
0.70
0.03
0.00
0.71
0.80
0.68
0.03
0.00
0.69
0.81
0.73
0.03
0.00
0.71
0.81
0.71
0.03
0.00
0.74
0.78
0.74
0.03
0.00
0.72
0.82
0.72
0.03
0.00
0.77
0.78
0.71
0.03
0.00
0.67
0.82
0.74
0.02
0.00
0.72
0.80
0.69
0.02
0.00
0.74
0.88
0.72
0.03
0.00
0.74
0.78
0.70
0.04
0.00
0.70
0.81
0.70
0.02
0.00
0.71
0.81
0.73
0.02
0.00
0.71
0.80
0.70
0.04
0.00
0.68
0.80
0.72
0.03
0.00
0.72
0.80
0.69
0.03
0.00
0.73
0.82
0.71
0.02
0.00
0.71
0.82
0.68
0.02
0.00
0.70
0.81
0.70
0.01
0.00
0.72
0.81
0.72
0.04
0.00
0.70
0.82
0.69
0.01
0.00
0.71
0.81
0.72
0.03
0.00
0.72
0.85
0.71
0.03
0.00
0.73
0.80
0.70
0.03
0.00
0.73
0.82
0.71
0.03
0.00
0.70
0.81
0.69
0.03
0.00
0.71
0.83
0.71
0.03
0.00
0.72
0.79
0.71
0.03
0.00
0.74
0.82
0.69
0.02
0.00
0.79
0.79
0.56
0.04
0.00
0.74
0.85
0.71
0.02
0.00
0.71
0.76
0.73
0.04
0.00
0.75
0.80
0.70
0.02
0.00
0.71
0.80
0.74
0.02
0.00
0.70
0.80
0.69
0.02
0.00
0.71
0.80
0.75
0.03
0.00
0.73
0.82
0.70
0.02
0.00
0.73
0.80
0.70
0.02
0.00
0.71
0.80
0.73
0.02
0.00
0.71
0.83
0.71
0.04
0.00
0.74
0.82
0.70
0.02
0.00
0.72
0.83
0.68
0.03
0.00
0.72
0.81
0.71
0.02
0.00
0.71
0.82
0.75
0.03
0.00
0.71
0.80
0.69
0.03
0.00
0.71
0.78
0.71
0.03
0.00
0.70
0.81
0.72
0.03
0.00
0.73
0.81
0.76
0.02
0.00
0.73
0.79
0.70
0.02
0.00
0.74
0.81
0.69
0.02
0.00
0.76
0.77
0.59
0.05
0.74
0.00
0.74
0.80
0.70
0.03
0.00
0.74
0.83
0.67
0.05
0.00
0.79
0.83
0.57
0.03
0.00
0.72
0.87
0.70
0.02
0.00
0.71
0.82
0.70
0.03
0.00
0.71
0.82
0.69
0.04
0.00
0.75
0.80
0.68
0.03
0.00
0.70
0.82
0.74
0.04
0.00
0.72
0.81
0.70
0.03
0.00
0.74
0.83
0.73
0.03
0.00
0.74
0.81
0.72
0.03
0.00
0.73
0.83
0.75
0.03
0.00
0.74
0.79
0.74
0.02
0.00
0.76
0.83
0.73
0.03
0.00
0.71
0.83
0.73
0.02
0.00
0.69
0.81
0.72
0.02
0.00
0.76
0.81
0.73
0.02
0.00
0.71
0.81
0.75
0.02
0.00
0.68
0.82
0.69
0.02
0.00
0.72
0.82
0.72
0.03
0.74
0.00
0.74
0.82
0.70
0.01
0.00
0.70
0.79
0.73
0.03
0.00
0.78
0.84
0.56
0.02
0.00
0.73
0.88
0.70
0.71
0.02
0.00
0.76
0.76
0.56
0.03
0.01
0.71
0.88
0.75
0.03
0.00
0.74
0.76
0.73
0.02
0.00
0.79
0.78
0.61
0.03
0.00
0.72
0.88
0.70
0.03
0.00
0.70
0.83
0.70
0.03
0.00
0.71
0.86
0.71
0.04
0.00
0.71
0.80
0.74
0.03
0.00
0.77
0.81
0.73
0.03
0.00
0.71
0.81
0.75
0.75
0.03
0.00
0.74
0.79
0.73
0.03
0.00
0.76
0.79
0.58
0.04
0.00
0.71
0.86
0.76
0.69
0.03
0.00
0.76
0.81
0.74
0.02
0.74
0.00
0.75
0.76
0.72
0.02
0.00
0.70
0.89
0.71
0.02
0.00
0.69
0.82
0.73
0.02
0.00
0.71
0.77
0.73
0.03
0.78
0.00
0.74
0.78
0.68
0.03
0.00
0.72
0.83
0.73
0.03
0.00
0.71
0.82
0.73
0.03
0.00
0.74
0.80
0.71
0.03
0.72
0.00
0.71
0.82
0.71
0.71
0.05
0.00
0.69
0.76
0.70
0.72
0.02
0.00
0.74
0.82
0.70
0.02
0.00
0.75
0.86
0.74
0.71
0.03
0.00
0.75
0.78
0.58
0.03
0.00
0.76
0.92
0.60
0.04
0.70
0.00
0.72
0.85
0.75
0.04
0.75
0.00
0.73
0.81
0.71
0.03
0.00
0.70
0.87
0.70
0.02
0.00
0.75
0.80
0.77
0.02
0.73
0.00
0.75
0.82
0.76
0.04
0.74
0.00
0.57
0.74
0.75
0.01
0.00
0.71
0.79
0.72
0.03
0.00
0.72
0.84
0.71
0.02
0.00
0.73
0.81
0.72
0.03
0.00
0.68
0.79
0.74
0.03
0.00
0.72
0.85
0.74
0.02
0.01
0.68
0.79
0.69
0.03
0.00
0.74
0.82
0.72
0.03
0.00
0.70
0.79
0.71
0.03
0.70
0.00
0.76
0.80
0.73
0.02
0.00
0.70
0.83
0.71
0.02
0.00
0.72
0.84
0.71
0.03
0.75
0.00
0.76
0.79
0.72
0.03
0.72
0.00
0.78
0.81
0.57
0.03
0.00
0.71
0.84
0.72
0.02
0.00
0.70
0.81
0.77
0.03
0.00
0.77
0.81
0.58
0.02
0.74
0.01
0.76
0.84
0.74
0.70
0.02
0.00
0.72
0.81
0.73
0.03
0.00
0.72
0.85
0.71
0.72
0.04
0.00
0.72
0.77
0.69
0.02
0.73
0.00
0.76
0.79
0.72
0.02
0.00
0.77
0.86
0.61
0.03
0.00
0.73
0.96
0.72
0.02
0.00
0.62
0.78
0.64
0.73
0.03
0.00
0.60
0.90
0.68
0.60
0.03
0.00
0.62
0.85
0.66
0.71
0.02
0.73
0.00
0.74
0.80
0.60
0.73
0.02
0.78
0.00
0.61
0.75
0.57
0.03
0.72
0.00
0.74
0.82
0.76
0.70
0.05
0.00
0.71
0.80
0.74
0.03
0.70
0.00
0.75
0.87
0.74
0.02
0.00
0.73
0.80
0.72
0.71
0.04
0.00
0.77
0.83
0.59
0.73
0.03
0.00
0.74
0.88
0.79
0.74
0.01
0.70
0.00
0.75
0.76
0.56
0.76
0.04
0.00
0.71
0.70
0.74
0.03
0.00
0.73
0.84
0.71
0.02
0.00
0.73
0.81
0.71
0.76
0.01
0.00
0.69
0.84
0.68
0.03
0.00
0.78
0.83
0.58
0.03
0.73
0.00
0.71
0.89
0.72
0.02
0.00
0.60
0.82
0.73
0.02
0.00
0.71
0.93
0.71
0.03
0.60
0.00
0.92
0.80
0.55
0.03
0.00
0.77
0.91
0.59
0.71
0.05
0.00
0.77
0.84
0.72
0.75
0.04
0.00
0.74
0.81
0.77
0.77
0.02
0.00
0.58
0.66
0.68
0.02
0.00
0.72
1.03
0.63
0.63
0.03
0.00
0.69
0.78
0.79
0.02
0.00
0.70
0.79
0.75
0.01
0.00
0.61
0.91
0.72
0.02
0.73
0.00
0.74
0.79
0.79
0.03
0.00
0.70
0.74
0.88
0.03
0.00
0.59
0.73
0.76
0.02
0.00
0.73
0.82
0.73
0.80
0.74
0.03
0.00
0.58
0.81
0.76
0.01
0.72
0.00
0.68
0.74
0.63
0.71
0.01
0.00
0.72
0.87
0.74
0.73
0.03
0.00
0.74
0.79
0.75
0.03
0.74
0.00
0.76
0.84
0.75
0.03
0.00
0.73
0.85
0.70
0.02
0.60
0.00
0.73
0.84
0.69
0.02
0.00
0.76
0.80
0.56
0.04
0.68
0.00
0.74
0.89
0.79
0.03
0.77
0.00
0.61
0.63
0.69
0.02
0.72
0.00
0.72
0.65
0.74
0.03
0.69
0.00
0.76
0.83
0.56
0.03
0.00
0.75
0.84
0.61
0.03
0.00
0.74
0.81
0.77
0.73
0.04
0.01
0.71
0.82
0.72
0.03
0.00
0.59
0.87
0.73
0.02
0.00
0.72
0.83
0.78
0.21
2.90
1.10
0.02
0.00
0.36
0.48
0.57
0.61
0.67
0.68
0.69
0.02
0.00
0.69
0.73
0.70
0.71
0.02
0.00
0.70
0.92
0.71
0.01
0.00
0.69
0.79
0.71
0.02
0.00
0.72
0.80
0.71
0.03
0.00
0.76
0.87
0.74
0.03
0.00
0.73
0.90
0.71
0.03
0.00
0.70
0.82
0.72
0.03
0.00
0.76
0.79
0.78
0.04
0.00
0.72
0.68
0.72
0.03
0.00
0.72
0.83
0.73
0.02
0.00
0.72
0.82
0.72
0.03
0.00
0.76
0.80
0.71
0.02
0.00
0.74
0.83
0.74
0.02
0.01
0.78
0.85
0.72
0.02
0.00
0.75
0.86
0.73
0.02
0.00
0.23
3.18
1.26
0.01
0.00
0.19
0.07
0.01
0.00
1.97
2.59
0.69
0.01
1.17
0.00
0.42
0.21
0.16
0.21
0.29
0.35
0.36
0.36
0.01
0.00
0.33
0.46
