204
98
6
6
233
338
479
626
781
956
1071
1174
294
409
556
703
869
1013
1183
1352
1461
1595
2038
845
931
1211
1490
1774
1992
2123
2285
2450
2611
2775
2936
3091
3242
3391
3483
3561
2481
2345
3329
3318
3398
3412
3022
3484
3506
3514
3540
3590
3650
3682
3689
3678
3683
3698
3436
3680
2475
3701
3693
3747
3671
3521
3616
3646
3701
3674
3648
3746
3757
3544
3718
3013
3777
3703
3754
3681
3658
2933
3697
1720
3714
3735
3660
3642
3614
3696
2143
2444
284
344
402
2844
2196
2646
1842
1754
2508
3336
3216
3508
3562
2283
2489
3618
3653
3587
3586
2166
2415
3652
3659
3539
2351
2745
3605
3654
3542
2508
2946
3608
3645
3540
2541
2909
3603
3656
3544
3110
3608
1996
3656
3647
3690
3073
3649
1667
3704
3651
3679
3592
3690
1783
3707
3670
3642
3426
3663
2557
3649
3717
3634
3148
3358
3660
3665
3548
3612
1540
1835
3640
3705
3651
3193
3635
1818
3696
3707
3683
2277
2729
3663
3655
3582
3597
2506
2854
3666
3647
3665
2588
3664
1495
3666
3685
3614
3702
2136
2650
3698
3714
3661
3671
1710
2089
3667
3649
3683
3430
2307
2844
1994
1519
1416
2715
2784
3201
3477
3554
1686
1703
3593
3657
3635
3581
1541
1582
3645
3671
3530
1485
1521
3595
3660
3532
1470
1512
3598
3664
3534
1389
1402
3597
3660
3533
1425
1441
3598
3662
3538
1430
1454
3605
3669
3539
1465
1501
3603
3668
3539
1487
1532
3603
3666
3540
1491
1521
3604
3668
3543
1550
1593
3608
3667
3541
1477
1508
3605
3668
3541
1592
1632
3605
3669
3545
1515
1548
3607
3669
3544
1542
1577
3609
3669
3544
1534
1586
3608
3669
3546
1545
1580
3608
3670
2645
1566
1623
3627
3698
3574
1603
1658
3638
3671
3542
1556
1594
3605
3663
3553
1571
1612
3615
3669
3549
1648
1734
3614
3672
3551
1599
1645
3614
3673
3550
1628
1674
3613
3672
3554
1584
1638
3618
3670
3552
1613
1674
3616
3667
3555
1623
1678
3618
3662
3553
1624
1682
3617
3672
3554
1699
1819
3617
3670
3552
1640
1706
3616
3668
3556
1629
1713
3616
3669
3552
1699
1760
3618
3670
3554
1635
1707
3619
3670
3551
1646
1729
3615
3671
3554
1751
1894
3616
3671
3553
1645
1730
3616
3670
3552
1653
1750
3615
3672
3551
1786
1893
3616
3667
3558
1702
1766
3621
3673
3552
1663
1742
3616
3667
3555
1693
1791
3618
3667
3554
1719
1845
3619
3669
3554
1818
1960
3618
3670
3557
1657
1736
3621
3672
3556
1694
1791
3621
3672
3556
1718
1806
3621
3668
3554
1681
1755
3618
3665
3556
1695
1801
3621
3671
3558
1778
1887
3621
3672
3555
1694
1785
3620
3671
3557
1758
1847
3620
3668
3558
1727
1827
3622
3670
3559
1694
1792
3623
3670
3558
1788
1955
3621
3669
3558
1885
1985
3621
3669
3555
1719
1804
3620
3670
3557
1829
1925
3622
3672
3556
1778
1901
3620
3670
3559
1913
2068
3621
3671
3556
1881
1976
3620
3669
3557
1740
1874
3624
3669
3560
1784
1884
3624
3669
3560
1792
1880
3623
3669
3557
1808
1929
3621
3667
3559
1840
1935
3624
3673
3558
1915
2131
3621
3675
3557
1968
2084
3622
3669
3559
1877
1970
3624
3673
3556
1807
1944
3619
3663
3559
1895
1997
3623
3668
3555
1982
2074
3620
3668
3560
1871
1974
3623
3672
3559
1785
1953
3623
3674
3559
2027
2137
3621
3667
3558
1815
2005
3623
3670
3560
1966
2156
3624
3670
3560
1981
2138
3624
3666
3557
1900
2090
3620
3672
3558
1871
2017
3621
3672
3561
1880
2024
3626
3664
3561
1910
2012
3624
3672
3559
1853
2015
3625
3662
3560
1880
1972
3626
3673
3560
1931
2109
3623
3673
3561
1894
2085
3625
3671
3559
1871
1983
3622
3672
3560
2022
2140
3624
3661
3559
1931
2125
3623
3674
3559
1852
1972
3623
3666
3559
1896
2032
3624
3668
3558
1909
2085
3623
3669
3559
1877
2020
3624
3668
3557
1849
1959
3620
3667
3560
1896
2085
3624
3675
3561
2075
2204
3627
3667
3557
1891
2036
3622
3671
3562
1842
1990
3624
3672
3561
2025
2240
3624
3671
3559
2047
2272
3624
3671
3560
1974
2169
3624
3670
3559
1937
2149
3625
3673
3559
2046
2176
3624
3674
3561
1796
1969
3624
3668
3558
1844
1971
3624
3671
3562
2122
2268
3626
3662
3562
2031
2160
3625
3673
3559
1998
2210
3620
3673
3559
2172
2418
3624
3663
3559
2170
2375
3622
3675
3556
1918
2065
3619
3670
3558
2089
2213
3623
3665
3559
1949
2120
3623
3670
3560
1942
2112
3624
3667
3560
2041
2191
3625
3666
3561
1977
2139
3625
3665
3560
2043
2216
3623
3666
3558
2024
2233
3619
3673
3560
1914
2058
3621
3670
3558
1942
2110
3622
3665
3561
1933
2134
3628
3670
3563
2024
2159
3629
3667
3562
2102
2274
3625
3675
3561
1949
2140
3625
3667
3558
2047
2236
3619
3665
3560
2195
2454
3624
3672
3561
1919
2145
3625
3668
3559
2070
2297
3621
3673
3557
2152
2376
3622
3670
3557
2148
2390
3620
3668
3554
2144
2346
3618
3672
3560
2124
2339
3622
3670
3558
2130
2360
3622
3673
3560
2177
2361
3623
3660
3557
2090
2262
3622
3662
3561
2012
2184
3624
3669
3558
1973
2137
3624
3674
3560
1994
2169
3624
3675
3559
2122
2313
3623
3665
3560
2129
2289
3623
3664
3559
2208
2460
3624
3657
3562
2206
2363
3625
3665
3557
2238
2450
3620
3668
3557
2220
2470
3621
3671
3562
2199
2358
3626
3660
3557
2234
2415
3620
3670
3558
2038
2212
3621
3669
3557
2138
2379
3621
3669
3560
2118
2362
3621
3670
3557
2131
2281
3621
3667
3558
2049
2211
3623
3665
3559
2071
2280
3621
3669
3559
2301
2497
3623
3670
3563
1991
2165
3625
3672
3559
2037
2251
3623
3671
3561
2339
2649
3626
3665
3562
2228
2459
3628
3672
3560
2354
2612
3624
3670
3559
2287
2521
3624
3663
3561
2048
2226
3625
3675
3558
1890
2068
3624
3667
3559
2231
2439
3623
3670
3562
2252
2434
3626
3666
3559
2078
2273
3622
3661
3559
2222
2463
3624
3661
3561
2091
2285
3625
3667
3559
2037
2243
3623
3668
3561
2256
2426
3625
3663
3559
2043
2211
3624
3668
3562
1956
2153
3626
3674
3561
2006
2208
3624
3668
3561
2095
2391
3625
3668
3562
2370
2574
3626
3663
3560
2031
2260
3624
3666
3560
2120
2370
3624
3673
3564
2063
2335
3627
3669
3559
2032
2278
3624
3667
3560
2122
2336
3624
3664
3560
2112
2352
3624
3670
3560
2409
2727
3623
3666
3561
2062
2301
3623
3665
3559
2373
2673
3623
3663
3560
2309
2591
3623
3670
3561
1910
2244
3626
3664
3562
2339
2582
3627
3671
3560
2351
2630
3623
3670
3560
2367
2567
3625
3669
3563
2176
2422
3628
3675
3559
2355
2686
3623
3668
3561
2385
2710
3625
3673
3561
2160
2353
3625
3669
3559
2145
2441
3622
3672
3559
2329
2597
3623
3666
3557
2270
2602
3623
3668
3561
2188
2402
3626
3670
3562
2255
2493
3625
3669
3562
2153
2351
3625
3666
3560
2128
2307
3623
3671
3562
2164
2403
3627
3665
3561
2141
2322
3625
3659
3562
2403
2688
3627
3665
3564
2399
2651
3627
3672
3558
2401
2635
3621
3667
3560
2143
2393
3623
3670
3558
2084
2342
3622
3662
3560
2177
2451
3625
3659
3566
2349
2556
3632
3664
3560
2118
2467
3626
3673
3562
2145
2290
3624
3672
3559
2116
2369
3622
3669
3561
2157
2425
3623
3669
3562
2163
2405
3626
3670
3560
2174
2411
3624
3671
3559
2463
2750
3622
3670
3560
2529
2803
3623
3673
3560
2446
2802
3624
3672
3562
2406
2650
3625
3676
3562
2440
2687
3626
3669
3559
2127
2430
3624
3670
3561
2107
2543
3627
3666
3563
2325
2737
3627
3671
3563
2107
2308
3626
3666
3560
2440
2733
3626
3669
3560
2417
2774
3625
3666
3562
2446
2696
3628
3671
3561
2204
2477
3624
3662
3563
2120
2464
3626
3659
3561
2455
2709
3625
3665
3559
2456
2799
3624
3672
3562
2463
2740
3625
3670
3563
2471
2815
3625
3674
3561
2476
2781
3626
3653
3563
1983
2165
3625
3667
3563
2175
2430
3627
3669
3564
2186
2500
3626
3666
3564
2512
2890
3628
3662
3560
2356
2618
3624
3666
3561
2465
2847
3623
3662
3561
2429
2791
3624
3669
3562
2424
2874
3624
3664
3563
2186
2448
3626
3663
3563
2495
2795
3629
3662
3564
2505
2825
3627
3664
3562
2474
2789
3624
3665
3561
2020
2226
3624
3666
3564
2145
2381
3630
3665
3562
2254
2522
3628
3663
3562
2529
2871
3625
3661
3560
2538
2958
3624
3667
3562
2150
2332
3626
3660
3563
2348
2614
3628
3668
3566
2548
2947
3629
3664
3560
2251
2667
3625
3665
3563
2533
2813
3629
3671
3560
2184
2441
3626
3662
3564
2284
2548
3628
3672
3560
2475
2777
3625
3668
3563
2146
2452
3628
3657
3561
2466
2844
3624
3673
3563
2103
2364
3627
3668
3560
2520
2918
3624
3661
3561
2481
2773
3627
3667
3559
2547
2899
3625
3672
3559
2592
3000
3624
3668
3561
2309
2637
3625
3666
3560
2553
2921
3625
3658
3561
2229
2498
3624
3672
3561
2124
2414
3624
3667
3559
2231
2587
3623
3659
3561
2484
2760
3626
3665
3561
2178
2486
3624
3668
3561
2266
2530
3622
3662
3560
1961
2189
3623
3665
3560
1945
2305
3623
3673
3563
2200
2512
3626
3675
3563
2478
2852
3626
3667
3561
2097
2461
3625
3665
3558
2199
2489
3623
3660
3563
2297
2597
3625
3665
3557
2272
2691
3622
3666
3565
2526
2942
3632
3658
3562
2571
2901
3627
3664
3561
2243
2518
3625
3669
3560
2516
2894
3624
3669
3562
2524
2964
3624
3673
3558
2484
2852
3620
3668
3560
2494
2781
3626
3665
3560
2183
2601
3623
3659
3563
2506
2942
3628
3667
3559
2193
2629
3625
3672
3561
2643
3042
3625
3671
3559
2528
2834
3624
3661
3563
2267
2557
3625
3663
3559
2421
2673
3621
3665
3559
2242
2540
3620
3657
3563
2480
2791
3628
3666
3562
2358
2638
3628
3665
3560
2150
2450
3626
3660
3563
2578
2956
3628
3657
3561
2461
2749
3623
3665
3564
2103
2416
3628
3663
3564
2607
2899
3627
3672
3562
2473
2870
3624
3663
3561
2542
2994
3624
3662
3558
2148
2446
3622
3668
3559
2612
3054
3624
3669
3561
2312
2522
3624
3671
3561
2523
2955
3625
3661
3559
2301
2745
3625
3660
3560
2651
3031
3623
3672
3564
2505
3001
3625
3671
3560
2530
2886
3626
3655
3562
2555
3011
3625
3657
3560
2540
3021
3623
3665
3561
2535
3073
3629
3670
3563
2639
3103
3625
3661
3560
2244
2486
3624
3663
3561
2759
3071
3627
3656
3559
2140
2430
3626
3668
3560
2267
2669
3625
3654
3561
2588
2972
3628
3664
3563
2084
2396
3626
3664
3557
2267
2681
3623
3672
3561
2542
2962
3624
3665
3559
2542
3023
3624
3669
3562
2587
2871
3627
3674
3564
2290
2544
3628
3655
3563
2592
2992
3626
3667
3560
2602
2854
3624
3659
3562
2195
2556
3627
3659
3562
2302
2610
3626
3665
3562
2261
2559
3627
3671
3562
2234
2462
3626
3662
3562
2479
2919
3627
3667
3561
2503
2771
3627
3653
3565
2291
2583
3629
3660
3562
2159
2421
3625
3664
3563
2237
2846
3628
3656
3565
2672
3114
3628
3668
3563
2554
2980
3628
3660
3563
2619
3081
3627
3657
3563
2496
2943
3628
3664
3561
2464
2758
3624
3657
3559
2655
3039
3621
3672
3559
2530
2918
3624
3665
3562
2590
3072
3626
3659
3563
2787
3313
3627
3657
3560
2589
3231
3625
3664
3565
2224
2527
3628
3669
3564
2629
3177
3629
3660
3561
2473
2956
3625
3662
3561
2690
3264
3626
3668
3562
2627
2923
3625
3660
3563
2172
2468
3626
3660
3563
2219
2663
3623
3675
3562
2211
2525
3625
3668
3564
2313
2711
3627
3658
3563
2264
2606
3624
3666
3559
2587
2941
3621
3659
3559
2640
3020
3622
3664
3561
2687
3157
3623
3666
3562
2195
2505
3625
3671
3562
2565
2968
3625
3655
3561
2639
3088
3624
3657
3556
2663
3096
3620
3654
3563
2717
3137
3628
3672
3566
2574
3244
3632
3662
3560
2569
2863
3625
3660
3560
2554
2967
3626
3660
3565
2471
2921
3631
3669
3563
2590
3198
3626
3654
3560
2711
3295
3625
3665
3563
2846
3272
3624
3665
3565
2529
2927
3628
3666
3562
2664
3084
3624
3667
3563
2506
3012
3626
3661
3560
2682
3036
3622
3658
3561
2683
2971
3623
3672
3562
2163
2565
3623
3661
3560
2041
2429
3625
3648
3564
2568
3084
3628
3669
3564
1878
2220
3626
3672
3562
2477
2833
3625
3659
3564
2681
3173
3627
3665
3563
2290
2944
3624
3661
3562
2370
2688
3626
3662
3566
2250
2718
3630
3662
3567
2477
2909
3629
3663
3561
2137
2433
3625
3653
3563
2490
2906
3628
3664
3564
2620
2972
3628
3667
3563
2602
2938
3626
3652
3562
2638
3008
3626
3658
3566
2710
3188
3630
3671
3566
2676
3034
3628
3658
3562
2218
2430
3630
3672
3562
2222
2514
3624
3666
3563
2267
2805
3627
3664
3564
2572
3014
3626
3668
3558
2879
3211
3623
3655
3562
2374
2714
3624
3664
3564
2297
2601
3627
3672
3566
2104
2362
3632
3666
3567
2670
3120
3632
3665
3564
2714
3084
3630
3657
3565
2730
3104
3630
3664
3563
2579
3009
3629
3662
3565
2605
3041
3629
3653
3563
2387
2699
3629
3672
3564
2196
2514
3630
3668
3566
2608
3094
3630
3662
3561
2029
2226
3628
3667
3565
2693
3144
3631
3664
3563
2884
3532
3628
3660
3563
2639
3035
3625
3658
3565
2625
2867
3629
3652
3564
2047
2327
3627
3661
3565
2246
2628
3628
3662
3564
2407
2875
3631
3666
3566
2572
3440
3632
3665
3563
2566
3048
3630
3671
3565
2699
3129
3627
3669
3561
2714
3170
3628
3658
3566
2314
2640
3632
3659
3565
2291
2757
3631
3656
3558
2427
2715
3627
3660
3566
2258
2740
3632
3650
3649
2326
2788
3650
3657
3557
2653
3133
3621
3665
3574
2302
2636
3636
3658
3567
2199
2533
3631
3666
3566
2395
2975
3633
3666
3568
2330
2595
3634
3657
3571
2275
2690
3638
3661
3570
2548
2846
3634
3657
3569
2153
2369
3635
3662
3569
2718
3216
3636
3656
3566
3324
3630
1557
3667
3666
3625
2601
3060
3671
3664
3568
2573
3101
3633
3661
3564
2849
3369
3631
3656
3570
2602
2934
3634
3652
3565
2565
3023
3631
3664
3569
2224
2440
3634
3674
3571
2322
2686
3634
3650
3565
2219
2573
3631
3654
3570
2839
3135
3635
3663
3567
2565
2949
3629
3654
3567
2263
2559
3631
3661
3570
2281
2631
3637
3662
3569
2216
2456
3636
3657
3567
2443
2792
3633
3659
3568
2306
2706
3632
3656
3573
2435
2895
3637
3666
3569
2443
2765
3633
3658
3568
2385
2725
3635
3648
3570
1958
2209
3636
3665
3568
2357
2800
3629
3667
3565
2155
2497
3629
3655
3567
2234
2466
3630
3659
3567
2657
2993
3629
3664
3568
2721
2973
3635
3662
3571
2387
2777
3637
3659
3569
2388
2739
3633
3669
3568
2368
2720
3630
3660
3569
2785
3159
3635
3661
3569
2615
3631
3635
3670
3570
2372
2662
3634
3659
3570
3078
3424
3634
3655
3568
2487
2899
3633
3656
3572
3109
3550
3638
3650
3566
2798
3360
3632
3673
3568
2250
2576
3632
3662
3567
2674
3207
3628
3660
3564
2679
2997
3627
3651
3566
2915
3451
3631
3666
3567
2056
2225
3632
3665
3569
2807
3324
3637
3660
3570
2802
3176
3638
3674
3571
2401
3051
3631
3662
3567
2969
3603
3629
3661
3568
2029
2345
3633
3660
3569
2482
2706
3634
3669
3569
2168
2576
3634
3659
3570
2934
3507
3636
3665
3568
2734
3153
3634
3662
3569
2614
3258
3634
3665
3568
2736
3318
3632
3658
3572
2669
3259
3631
3657
3567
2565
3035
3635
3667
3568
2323
2610
3629
3665
3567
2313
2853
3631
3661
3568
2393
2843
3633
3651
3569
2853
3499
3635
3646
3655
2622
3200
3655
3647
3559
2288
2838
3624
3666
3573
2543
2859
3639
3656
3568
2606
3050
3632
3668
3569
2608
3190
3632
3665
3567
2352
2594
3628
3664
3569
2974
3435
3632
3658
3571
2923
3222
3635
3661
3568
2691
3087
3635
3662
3565
2774
3231
3633
3667
3569
2604
3101
3634
3664
3567
2562
2960
3634
3662
3571
2708
2985
3636
3662
3566
2758
3002
3630
3666
3571
2569
2860
3635
3664
3568
2180
2660
3634
3666
3569
2689
3081
3635
3669
3566
2510
2910
3632
3656
3568
2351
2583
3631
3656
3568
2281
2787
3635
3657
3571
2235
2489
3637
3645
3662
2686
3662
1503
3654
3661
3615
2308
2686
3664
3655
3573
2748
3234
3640
3642
3664
2881
3498
3663
3663
3559
2316
2724
3624
3659
3575
2634
2934
3638
3664
3568
2778
3484
3632
3654
3571
2673
3149
3635
3669
3569
2702
3134
3634
3664
3571
2628
3180
3630
3654
3571
2687
3043
3637
3658
3573
2716
3322
3638
3659
3569
2905
3479
3635
3659
3568
2153
2431
3633
3648
3567
2923
3377
3631
3667
3572
2851
3293
3637
3669
3572
2083
2773
3635
3648
3571
2288
2636
3632
3662
3567
2556
3226
3628
3675
3571
2226
2632
3630
3663
3566
3533
3631
1856
3664
3660
3626
2838
3246
3668
3663
3568
2782
3600
3630
3647
3658
2626
2972
3658
3656
3558
3625
1581
1855
3659
3646
3708
2807
3129
3671
3662
3563
2787
3349
3623
3659
3576
2548
3050
3640
3647
3655
2153
2617
3655
3662
3562
3062
3526
3628
3666
3571
3240
3552
3638
3669
3569
2674
3472
3633
3668
3568
3274
3596
3632
3649
3569
3048
3386
3632
3672
3573
3631
1536
2100
3654
3663
3623
2992
3328
3658
3648
3658
2658
3335
3657
3665
3573
3626
2674
3068
3668
3651
3569
2666
3633
1484
3651
3653
3631
2943
3271
3657
3661
3573
2296
3178
3636
3669
3572
3003
3633
3638
3668
3573
2722
3632
1487
3647
3661
3625
2702
3233
3674
3664
3570
2634
3033
3634
3664
3573
3016
3302
3634
3658
3568
2880
3631
1552
3660
3666
3631
3663
1593
1947
3665
3676
3626
3666
1527
1905
3657
3654
3633
2520
3280
3670
3652
3573
3632
1670
1978
3662
3655
3706
2525
3125
3667
3645
3664
3372
3658
1734
3664
3664
3624
3415
3655
1647
3657
3662
3633
3044
3384
3662
3666
3571
2564
2996
3632
3653
3576
3379
3641
1945
3657
3654
3629
3267
3651
1608
3710
3672
3644
2554
3022
3658
3656
3561
2456
2903
3628
3657
3575
2830
3246
3642
3663
3572
3167
3465
3639
3674
3575
2427
2695
3639
3662
3572
2608
2904
3634
3673
3570
2371
3019
3631
3649
3566
2622
3396
3632
3668
3573
3029
3633
1560
3668
3656
3629
2483
3135
3663
3666
3569
2664
2958
3632
3661
3572
3300
3634
1686
3648
3653
3628
3038
3662
1638
3654
3647
3700
3139
3468
3665
3662
3561
3019
3364
3621
3665
3572
2619
2975
3637
3646
3660
3260
3660
1813
3649
3653
3620
3652
1544
1887
3670
3657
3623
2857
3403
3663
3666
3570
3635
1587
2341
3661
3662
3634
2730
3666
1843
3657
3659
3627
2527
3305
3665
3636
3663
2642
3158
3662
3654
3563
2926
3516
3710
3654
3688
3650
1624
2642
3714
3658
3688
3694
3221
3603
3707
3657
3700
3668
2832
3658
1675
3657
3657
3704
3665
3533
3651
1874
3714
3725
3698
3462
3676
2184
3660
3660
3610
3654
1502
1823
3664
3661
3634
3516
3660
1847
3661
3650
3631
2667
3143
3655
3656
3578
3644
1790
2227
3663
3640
3688
3664
1723
2416
3657
3665
3648
3650
3496
3654
1713
3673
3649
3707
3676
2180
2449
3648
3726
3650
2494
3058
3652
3659
3573
2422
2772
3638
3649
3577
3639
1582
2054
3656
3665
3630
2845
3357
3677
3639
3665
3542
3660
1878
3664
3664
3623
2922
3226
3702
3660
3602
2389
2773
3661
3667
3567
3517
3687
1840
3666
3590
3667
2684
3242
3680
3647
3657
3657
2039
3213
3661
3650
3627
3664
1573
2214
3652
3655
3644
3646
1607
2137
3699
3720
3676
2848
3428
3674
3655
3681
3687
1885
2693
3647
3704
3684
2832
3261
3631
3708
3614
2565
2879
3685
3658
3606
3132
3658
1733
3655
3658
3637
2811
3197
3635
3703
3607
3343
3589
3683
3706
3661
2444
3008
3654
3656
3600
3637
3630
1997
2239
3697
3670
3654
3134
3636
1740
3708
3629
3702
3669
2137
2435
3660
3663
3580
3634
2459
2728
3659
3659
3579
3539
3642
1713
3657
3651
3637
2745
3473
3647
3665
3578
2533
3703
1545
3661
3653
3654
2349
3071
3671
3650
3678
3187
3674
1996
3666
3658
3630
2886
3638
1756
3700
3713
3664
2915
3670
1595
3660
3728
3651
2901
3665
1723
3663
3646
3706
2830
3190
3672
3645
3663
2389
2749
3657
3648
3577
3643
2613
2967
3655
3666
3635
3020
3424
3706
3662
3596
2493
3611
3663
3655
3566
1579
2844
2013
1560
1432
2813
2716
3137
3464
3545
3606
3654
2004
2129
3664
3680
3635
3590
1946
2106
3651
3671
3535
1907
2084
3599
3665
3536
2056
2270
3602
3661
3536
2397
2759
3602
3651
3538
2102
2397
3604
3666
3540
2067
2353
3601
3666
3538
2508
3196
3600
3652
3542
2540
2846
3606
3715
3569
2594
2822
3634
3667
3542
2226
2654
3606
3662
3549
2660
3158
3614
3649
3549
2545
2853
3611
3651
3552
2512
3030
3616
3645
3554
2757
3093
3617
3655
3555
1814
1814
3488
3122
1431
1822
2075
2217
387
448
491
1857
2486
1561
1819
2007
1783
2071
2331
2582
2724
2870
2979
3145
3070
2196
2022
3040
3357
