4
5
6
6
161
296
448
605
758
888
994
86
233
380
525
674
819
953
1099
1120
1144
1220
193
509
709
940
1387
1433
1471
1505
1535
1576
1625
1677
1732
1788
1848
1913
1979
2044
2114
2292
2419
1872
1852
1814
1781
1718
1660
1605
1619
1693
1749
1812
1880
1925
1989
2058
2123
3691
2165
2631
2236
1897
1570
1513
1564
1620
1701
1780
1855
1925
2006
2071
2149
2215
3139
2269
2419
2341
2012
1728
1555
1652
3010
3473
1727
1445
1444
1509
1586
2431
3076
1673
1416
1524
2932
3521
1561
1350
1439
1478
1704
2798
1589
1529
1577
194
223
310
335
1295
1344
1407
1533
1664
1265
1329
1384
1446
1518
2214
2429
1581
1348
1358
1424
2476
2848
1488
1299
1358
2360
2882
1428
1301
1376
2454
2700
1446
1313
1369
2563
3009
1431
1317
1373
1440
1468
1784
1510
1379
1444
2082
2530
1507
1325
1387
2447
2769
1457
1344
1425
1500
1502
2136
1594
1454
1545
3275
1613
1685
1714
194
212
329
365
194
222
349
390
1300
1339
1402
1464
1540
1236
1298
1366
1408
1471
1548
1762
1799
1625
1315
1343
1414
1528
1576
1478
1290
1352
1475
1520
1418
1291
1357
1381
1386
1420
1297
1361
1417
1424
1421
1295
1356
1412
1438
1421
1293
1359
1453
1475
1423
1298
1363
1488
1517
1426
1299
1365
1469
1494
1433
1300
1363
1467
1492
1429
1301
1365
1515
1540
1427
1299
1364
1497
1524
1427
1299
1364
1492
1550
1424
1302
1374
1580
1634
1431
1305
1371
1618
1653
1431
1302
1368
1535
1574
1430
1305
1371
1622
1703
1436
1304
1336
1539
1588
1421
1350
1419
1586
1653
1483
1302
1365
1561
1606
1432
1312
1383
1557
1620
1441
1313
1380
1594
1634
1439
1311
1378
1622
1680
1439
1305
1371
1591
1663
1435
1312
1381
1580
1633
1437
1312
1379
1625
1682
1440
1307
1374
1722
1773
1432
1309
1373
1606
1697
1445
1317
1375
1754
1827
1443
1314
1378
1637
1694
1448
1310
1379
1599
1671
1437
1317
1372
1584
1640
1437
1312
1373
1758
1854
1439
1309
1372
1630
1692
1437
1311
1379
1643
1713
1438
1311
1375
1637
1738
1444
1317
1382
1706
1770
1444
1313
1379
1607
1689
1439
1312
1376
1642
1719
1443
1314
1379
1655
1741
1445
1314
1377
1717
1821
1442
1312
1377
1669
1802
1438
1313
1377
1682
1755
1441
1316
1376
1659
1741
1446
1320
1387
1695
1779
1447
1314
1379
1678
1784
1446
1313
1380
1803
1952
1447
1316
1379
1843
1923
1444
1317
1381
1851
1989
1445
1315
1387
1887
2035
1447
1315
1385
1877
2010
1445
1313
1381
1751
1848
1443
1316
1381
1787
1912
1446
1315
1383
1793
1883
1451
1315
1378
1886
2037
1444
1315
1378
1760
1851
1442
1323
1376
1770
1872
1446
1317
1382
1744
1888
1443
1320
1379
1761
1906
1444
1315
1380
1918
2073
1446
1317
1383
1737
1845
1444
1322
1383
1891
2102
1447
1320
1381
1791
1954
1441
1318
1382
1802
1926
1443
1320
1386
1994
2136
1444
1325
1385
1894
2010
1459
1314
1388
1819
1981
1461
1320
1383
1842
1937
1456
1315
1380
1942
2050
1446
1323
1381
1801
1905
1454
1321
1382
1796
1900
1456
1321
1385
1737
1822
1453
1318
1387
1825
1958
1444
1322
1383
1893
1996
1450
1322
1390
1870
1945
1448
1319
1383
1787
1921
1451
1316
1383
1842
2015
1445
1315
1384
1883
2010
1446
1330
1384
1963
2098
1445
1318
1381
1913
2040
1447
1316
1378
1995
2113
1446
1318
1383
1950
2089
1448
1320
1383
1838
1960
1452
1315
1382
1828
1965
1451
1317
1383
1858
1974
1451
1321
1383
1872
2034
1453
1321
1387
1813
1922
1444
1320
1388
1910
2023
1452
1319
1384
1801
1997
1459
1319
1382
2049
2183
1453
1324
1385
1937
2059
1452
1319
1382
1948
2078
1447
1320
1385
1887
2008
1450
1315
1382
2039
2168
1447
1323
1384
2020
2204
1448
1320
1382
2049
2264
1456
1321
1385
2075
2273
1447
1325
1381
1887
2037
1446
1321
1381
1937
2090
1444
1317
1380
1951
2138
1446
1325
1382
2075
2226
1445
1328
1392
1862
2002
1455
1325
1388
1822
1978
1452
1323
1389
2011
2144
1452
1327
1395
1993
2165
1452
1322
1387
2147
2286
1447
1327
1392
1976
2122
1451
1324
1388
1904
2041
1456
1325
1383
1865
1981
1448
1321
1383
2055
2245
1450
1322
1387
1910
2106
1452
1329
1395
2143
2367
1456
1322
1384
2142
2311
1458
1326
1384
1942
2165
1452
1322
1383
2129
2283
1453
1322
1382
2031
2234
1454
1323
1386
2031
2197
1452
1326
1389
1976
2207
1451
1320
1389
1933
2114
1449
1330
1385
2082
2239
1452
1322
1382
2036
2183
1450
1331
1390
2133
2290
1452
1328
1393
1977
2128
1450
1325
1384
2042
2201
1450
1323
1381
1979
2164
1441
1320
1381
1949
2138
1453
1325
1385
1951
2107
1452
1322
1386
1945
2150
1450
1317
1384
1961
2133
1448
1319
1387
2047
2255
1448
1321
1379
1965
2129
1447
1324
1394
2158
2345
1454
1324
1381
2074
2300
1449
1316
1380
2035
2228
1444
1328
1388
2040
2192
1449
1324
1395
2214
2438
1449
1326
1386
2240
2424
1446
1332
1383
1949
2104
1444
1318
1389
2045
2237
1448
1323
1382
2084
2275
1443
1323
1392
2054
2266
1451
1323
1386
2022
2151
1445
1320
1385
2059
2239
1450
1328
1386
2004
2225
1451
1327
1398
2014
2194
1448
1316
1382
2156
2382
1452
1320
1387
2080
2229
1450
1324
1387
1992
2261
1451
1329
1389
2219
2527
1457
1316
1382
1996
2146
1448
1326
1388
2223
2546
1452
1320
1390
2293
2459
1451
1321
1387
2071
2189
1451
1328
1383
2213
2445
1452
1323
1389
2217
2407
1452
1324
1391
2124
2296
1444
1316
1387
2106
2381
1447
1322
1387
2233
2508
1456
1328
1388
2040
2285
1445
1325
1388
2004
2220
1466
1319
1383
1986
2204
1446
1319
1387
2061
2275
1451
1322
1389
2151
2372
1442
1320
1387
2079
2370
1452
1318
1382
2210
2468
1450
1321
1390
2298
2493
1449
1323
1386
2094
2263
1453
1319
1387
2009
2282
1452
1321
1384
2201
2422
1448
1324
1383
2248
2521
1449
1322
1391
2027
2207
1450
1323
1386
2305
2628
1452
1321
1390
2295
2611
1452
1322
1394
2390
2684
1447
1320
1394
2300
2521
1450
1317
1380
2288
2570
1451
1317
1387
2165
2447
1456
1333
1391
2151
2413
1453
1325
1388
2356
2607
1451
1324
1384
2359
2603
1453
1326
1387
2328
2597
1449
1326
1385
2380
2557
1449
1330
1384
2094
2302
1457
1327
1387
2116
2333
1446
1329
1399
2085
2375
1455
1327
1391
2165
2410
1451
1325
1389
2321
2588
1458
1328
1386
2353
2653
1450
1319
1389
2329
2561
1442
1323
1387
2412
2719
1458
1324
1389
2122
2321
1450
1325
1398
2342
2646
1452
1330
1384
2312
2596
1450
1325
1395
2400
2685
1452
1327
1386
2112
2312
1460
1331
1390
2192
2465
1456
1331
1391
2129
2399
1452
1320
1380
2380
2620
1464
1325
1386
2322
2567
1452
1324
1390
2416
2652
1447
1324
1389
2401
2694
1461
1324
1389
2387
2729
1452
1328
1392
2448
2766
1454
1328
1383
2294
2519
1464
1331
1383
2377
2612
1456
1331
1399
2281
2511
1456
1332
1397
2179
2460
1453
1334
1388
2294
2653
1455
1320
1389
2378
2693
1452
1325
1386
2168
2560
1455
1324
1385
2394
2686
1458
1324
1386
2118
2336
1454
1331
1390
2446
2671
1447
1330
1386
2423
2708
1446
1322
1380
2362
2590
1450
1332
1385
2380
2733
1458
1325
1391
2407
2676
1462
1320
1384
2390
2652
1454
1323
1386
2375
2671
1462
1322
1394
2464
2804
1457
1328
1392
2450
2696
1455
1330
1395
2173
2423
1457
1324
1390
2231
2624
1454
1323
1383
2123
2381
1446
1331
1400
2160
2482
1454
1333
1397
2357
2627
1459
1325
1379
2513
2843
1454
1328
1401
2141
2547
1454
1323
1397
2261
2581
1453
1320
1389
2404
2776
1450
1323
1384
2448
2632
1452
1320
1397
2492
2877
1446
1325
1401
2519
2916
1452
1325
1383
2385
2641
1453
1323
1389
2405
2665
1458
1318
1390
2150
2510
1455
1323
1392
2203
2472
1458
1325
1387
2439
2823
1451
1320
1399
2545
2913
1448
1330
1393
2191
2447
1461
1326
1398
2492
2777
1454
1328
1391
2475
2930
1459
1323
1392
2499
2946
1452
1324
1393
2487
2857
1455
1321
1392
2486
2849
1451
1326
1394
2590
2981
1460
1324
1397
2487
2803
1453
1332
1386
2438
2798
1460
1320
1392
2138
2413
1445
1326
1393
2482
2915
1468
1328
1388
2476
2878
1467
1326
1389
2485
2859
1450
1327
1385
2471
2781
1452
1316
1384
2142
2404
1455
1329
1394
2126
2626
1460
1335
1385
2491
2733
1452
1320
1392
2584
2847
1460
1324
1394
2452
2858
1449
1330
1404
2476
2980
1455
1326
1386
2378
2800
1454
1335
1394
2574
3012
1458
1327
1397
2531
2963
1452
1325
1392
2420
2738
1456
1325
1395
2521
2951
1452
1330
1396
2580
2962
1458
1322
1388
2576
2900
1469
1326
1394
2264
2670
1455
1326
1392
2248
2417
1463
1333
1392
2460
2862
1456
1329
1388
2460
2878
1457
1326
1389
2603
2885
1458
1328
1390
2606
3046
1461
1328
1387
2609
2857
1457
1322
1400
2524
2891
1463
1330
1396
2590
2894
1451
1326
1389
2505
2785
1454
1324
1387
2511
2825
1454
1326
1397
2193
2415
1451
1330
1400
2260
2684
1451
1327
1392
2039
2243
1453
1326
1401
2021
2317
1455
1335
1396
2212
2578
1456
1330
1395
2621
2936
1461
1327
1390
2080
2358
1457
1328
1400
2191
2754
1452
1343
1395
2169
2610
1453
1322
1389
2517
2937
1454
1333
1390
2420
2886
1452
1327
1391
2635
3047
1460
1327
1389
2209
2529
1456
1333
1397
2171
2379
1460
1328
1392
2648
3037
1458
1321
1392
2206
2586
1455
1335
1388
2646
3046
1458
1333
1390
2444
2882
1457
1332
1385
2277
2583
1460
1337
1395
2441
2753
1475
1324
1392
2592
2974
1456
1326
1401
2561
2941
1457
1340
1395
2489
2899
1457
1334
1387
1968
2249
1453
1332
1391
2483
2923
1451
1329
1394
2492
2802
1458
1329
1397
2367
2627
1462
1333
1386
2289
2726
1467
1335
1405
2635
3040
1459
1328
1400
2620
2892
1462
1327
1386
2522
2902
1457
1327
1386
2634
2805
1461
1337
1400
2614
3156
1452
1325
1392
2594
2890
1454
1337
1387
2495
2739
1460
1329
1396
2308
2505
1457
1326
1405
2171
2521
1470
1337
1387
2169
2613
1463
1334
1400
2598
3064
1454
1331
1390
2428
2868
1459
1330
1386
2344
2688
1456
1335
1392
2366
2568
1457
1336
1398
2414
2742
1463
1325
1394
2234
2542
1453
1329
1395
2499
3078
1463
1332
1400
2698
3058
1456
1332
1392
2198
2466
1458
1330
1397
2457
2833
1457
1323
1389
2521
2989
1455
1329
1385
2523
2951
1452
1327
1404
2710
3104
1464
1340
1389
2131
2431
1451
1335
1389
2209
2505
1457
1331
1385
2491
2777
1466
1329
1391
2179
2562
1459
1329
1393
2167
2439
1449
1322
1388
2517
2804
1461
1331
1401
2265
2635
1457
1327
1391
2517
2921
1464
1336
1398
2622
2838
1456
1322
1385
2589
2987
1463
1339
1395
2541
2973
1473
1342
1393
2649
3115
1460
1332
1395
2345
2607
1458
1326
1398
2342
2536
1450
1324
1399
2285
2541
1467
1330
1395
2659
3329
1469
1330
1399
2609
2875
1451
1336
1395
2257
2569
1456
1328
1398
2300
2800
1474
1333
1403
2277
2615
1459
1328
1400
2278
2616
1463
1323
1393
2737
3244
1467
1334
1398
2488
2728
1470
1333
1396
2542
2976
1463
1331
1395
2539
2936
1466
1335
1392
2584
2818
1462
1327
1395
2540
2931
1470
1329
1397
2539
2951
1460
1334
1393
2583
2939
1465
1338
1401
2783
3321
1458
1328
1391
2533
2962
1456
1333
1395
2167
2463
1461
1335
1393
2145
2525
1466
1336
1398
2636
2885
1458
1342
1394
2718
3314
1463
1324
1391
2911
3185
1464
1335
1402
2206
2526
1459
1339
1394
2772
3182
1462
1329
1399
2485
3035
1467
1329
1392
2636
3104
1456
1327
1395
2265
2517
1463
1332
1396
2496
2810
1472
1336
1405
2225
2471
1451
1328
1394
2000
2274
1454
1329
1392
2644
3002
1468
1327
1396
2583
3092
1469
1332
1393
2571
2989
1461
1339
1411
2279
2597
1469
1336
1387
2689
3109
1459
1335
1397
2525
3021
1455
1334
1392
2453
2882
1459
1323
1395
2619
3063
1462
1327
1391
2803
3281
1454
1323
1394
2800
3234
1466
1330
1393
2758
3191
1473
1320
1389
2901
3263
1457
1328
1392
2220
2580
1461
1327
1393
2579
3221
1458
1332
1384
2636
3180
1454
1333
1399
2627
3055
1466
1324
1391
2153
2447
1456
1335
1388
2674
3027
1457
1328
1390
2634
3051
1458
1325
1396
2662
3155
1456
1323
1393
3307
1447
1526
1520
1381
1441
2759
3211
1511
1325
1389
2535
3129
1450
1324
1401
2763
3221
1457
1331
1389
2179
2489
1466
1322
1389
2183
2774
1466
1325
1388
2508
2784
1467
1331
1391
2333
3003
1463
1327
1383
2205
2468
1457
1323
1390
2120
2818
1455
1331
1394
2250
2648
1461
1342
1402
2492
2788
1452
1331
1403
2893
3165
1446
1335
1388
2718
3136
1467
1330
1389
2591
3311
1462
1333
1402
2384
2710
1463
1328
1399
2448
2907
1455
1326
1386
2602
2963
1471
1330
1403
2195
2709
1450
1333
1396
2484
2929
1467
1341
1400
2613
3098
1476
1329
1390
2548
3080
1462
1330
1406
2342
2663
1471
1329
1390
2366
2785
1450
1336
1402
2634
2912
1460
1330
1396
2802
3290
1467
1335
1397
2791
3201
1472
1335
1399
2651
2953
1460
1325
1385
2617
3077
1471
1339
1404
2970
3486
1470
1326
1391
2589
2929
1461
1330
1396
2628
2858
1466
1323
1387
2569
3071
1463
1334
1392
2248
2650
1470
1334
1395
2483
2809
1466
1342
1404
2636
3339
1465
1334
1394
2588
3036
1459
1326
1403
2147
2503
1470
1330
1398
2848
3143
1455
1332
1400
2572
2885
1478
1335
1388
2708
2989
1464
1335
1399
2821
3077
1456
1333
1407
2359
2995
1455
1326
1396
2818
3194
1458
1327
1389
2535
2905
1467
1323
1392
2680
3136
1453
1336
1399
2835
3311
1455
1336
1395
2617
2979
1461
1336
1399
2195
2483
1470
1332
1388
2306
2670
1454
1343
1398
2638
3014
1462
1334
1396
2582
3020
1459
1324
1399
2439
2997
1458
1339
1408
2738
3254
1468
1332
1395
2661
3105
1477
1327
1422
2690
3068
1485
1325
1398
2447
2778
1466
1343
1405
2535
3041
1467
1333
1399
2873
3327
1464
1340
1397
2621
3055
1473
1338
1398
2794
3326
1474
1347
1405
2623
2869
1480
1341
1399
2269
2783
1471
1335
1394
2808
3174
1469
1331
1397
2625
2845
1460
1334
1393
2511
3081
1464
1337
1397
2391
2975
1469
1329
1408
2632
3066
1465
1348
1404
2728
3208
1479
1333
1423
2643
3011
1491
1322
1391
2531
3008
1462
1339
1398
2546
2972
1456
1331
1392
2596
2876
1463
1339
1399
2563
2909
1460
1351
1394
2866
3125
1470
1331
1403
2883
3385
1468
1340
1396
1469
2529
2870
1533
1321
1393
2773
3104
1458
1357
1405
2141
2515
1467
1333
1387
2200
2571
1455
1341
1405
2883
3159
1458
1335
1397
2841
3459
1462
1329
1389
2787
3239
1456
1334
1396
2462
3148
1459
1337
1396
2268
2648
1464
1341
1399
2723
3085
1482
1348
1432
2806
3400
1489
1328
1387
2339
2574
1463
1350
1402
2504
2808
1471
1341
1399
2937
3266
1473
1337
1399
2553
2953
1459
1344
1407
2309
2671
1468
1338
1393
2695
3055
1457
1350
1413
2595
3179
1462
1336
1394
2848
3202
1472
1339
1413
2613
3049
1468
1335
1410
3188
3544
1470
1350
1398
2498
2800
1469
1341
1395
2479
2807
1464
1350
1406
2712
3326
1480
1334
1395
2543
2931
1466
1342
1394
2300
2752
1465
1329
1399
2833
3163
1466
1344
1406
2376
2828
1473
1330
1407
2427
2929
1477
1341
1403
2485
3277
1471
1346
1396
2426
2804
1471
1343
1405
2721
3293
1468
1349
1410
2654
3041
1471
1345
1412
2372
2702
1495
1341
1431
1495
1499
1810
1575
1382
1469
2833
3485
1544
1336
1380
2718
3084
1455
1344
1412
2170
2700
1467
1326
1409
2493
2875
1464
1341
1395
2677
3067
1465
1346
1403
2875
3471
1480
1344
1405
2563
3151
1461
1334
1407
2225
2957
1467
1333
1409
2719
3175
1475
1331
1409
3473
1458
1633
1526
1395
1453
2877
3529
1519
1339
1399
2497
3203
1463
1330
1400
2200
2476
1474
1332
1402
2186
2523
1463
1344
1400
2394
3154
1466
1335
1410
3412
1468
1660
1526
1389
1468
2890
3572
1534
1337
1424
3309
1505
1679
1558
1406
1474
2368
3018
1530
1320
1399
2708
3315
1468
1338
1403
2439
3285
1468
1339
1401
1472
1832
2180
1531
1403
1458
3128
3394
1530
1338
1407
1477
1524
1769
2104
1594
1386
1464
3152
1523
1537
1577
1390
1472
2660
3112
1533
1330
1401
3253
1466
1682
1529
1390
1462
2238
2534
1516
1331
1395
2755
3063
1475
1345
1410
2584
2898
1476
1354
1404
1483
1538
1873
1547
1403
1467
2979
3625
1527
1336
1394
2506
2748
1477
1339
1400
2798
3422
1472
1339
1412
1474
1490
2043
1538
1418
1469
2793
3313
1533
1349
1407
2581
2761
1471
1352
1407
2139
2391
1480
1348
1402
3072
3302
1467
1345
1414
2286
2560
1500
1333
1408
2514
2793
1470
1337
1401
3615
1465
1827
1548
1401
1484
2944
3410
1549
1337
1410
1472
2652
3350
1524
1332
1407
3452
1476
1773
1521
1392
1463
3163
3603
1518
1336
1406
3332
1471
1501
1528
1391
1462
3088
1522
1642
1599
1390
1483
2645
2962
1547
1326
1401
3001
3544
1475
1347
1413
2518
2866
1481
1346
1404
3180
1475
1481
1557
1398
1485
2373
3027
1552
1349
1402
1463
2439
2823
1523
1356
1414
2938
1490
1746
1538
1438
1498
3054
1563
1649
1627
1400
1478
1546
3419
1613
1893
1692
1368
1477
3149
1539
1879
1636
1409
1492
1569
1773
2247
1639
1383
1473
2833
3194
1537
1350
1416
2588
2913
1469
1358
1415
2771
3535
1474
1338
1401
2501
3119
1474
1349
1409
1489
1937
2309
1532
1382
1478
2644
2958
1525
1381
1442
3386
3646
1501
1351
1400
2512
1479
1647
1540
1410
1504
1572
1958
3150
1623
1420
1493
3189
1549
1797
1611
1428
1522
2978
3364
1549
1391
1428
3274
1519
1557
1585
1431
1491
1566
3077
3487
1597
1401
1461
1548
1700
3284
1617
1484
1534
3007
3281
1607
1384
1453
3549
1523
2077
1613
1464
1524
3598
1605
2085
1679
1465
1554
2708
3190
1573
1336
1422
3202
1478
1510
1542
1431
1501
1584
1682
2836
1656
1473
1569
1618
1996
2471
1721
1450
1537
1623
2771
3177
1685
1378
1454
1534
3524
1584
1920
1686
1424
1516
3294
1557
1745
1674
1447
1540
2630
2863
1602
1366
1441
1528
1742
2804
1571
1449
1521
3439
1603
2339
1658
1428
1505
2793
3078
1591
1433
1449
1571
2753
3497
1639
1403
1464
1555
2677
3005
1594
1386
1426
3136
1488
1828
1551
1445
1467
1528
2882
3216
1598
1347
1412
2730
3148
1469
1353
1414
2364
2558
1472
1365
1406
3404
1505
1820
1569
1453
1509
3457
1592
1780
1631
1420
1498
2512
2988
1562
1332
1404
1489
1597
2347
1532
1436
1516
1577
1857
2993
1642
1426
1503
1619
2453
1638
1643
1726
1485
1555
2809
3381
1612
1337
1406
1485
2161
3351
1548
1437
1519
1573
1672
2115
1628
1387
1464
2960
3634
1516
1363
1439
3329
1513
1573
1597
1449
1568
3202
3533
1594
1362
194
1300
1343
1245
1281
1185
1258
1325
1396
1474
1788
1887
1536
1298
1361
1429
1933
2043
1496
1298
1364
2022
2250
1430
1299
1364
2407
2694
1428
1300
1369
2245
2547
1427
1305
1376
2342
2794
1430
1313
1369
2053
2295
1437
1305
1379
2235
2681
1437
1320
1375
2430
2824
1440
1309
1384
2464
2877
1444
1320
1376
2630
2961
1464
1312
1410
2562
3022
1470
1320
1389
2821
3143
1456
1330
1393
2091
2785
1459
1315
1392
2474
2900
1460
1323
1386
1925
2094
316
1284
1398
1307
1436
315
348
464
509
966
1702
1713
1600
1600
1559
1583
1611
1641
1664
1690
1721
1958
2047
1733
