4
5
6
6
163
300
454
608
757
894
1009
86
232
382
526
678
822
956
1112
1129
1153
1177
193
495
699
999
1360
1394
1428
1466
1508
1551
1603
1657
1715
1778
1842
1911
1977
2045
2112
2410
2580
1929
1891
1856
1790
1740
1670
1614
1636
1702
1769
1837
1902
1970
2055
2103
2207
3369
2177
1839
1566
1536
1598
1669
1726
1805
1869
1933
2021
2079
2160
3076
2197
2431
2266
1924
1638
1503
1580
3618
1647
1947
1751
1465
1572
1645
3287
194
222
344
380
1297
1351
1409
1671
1824
1245
1299
1373
1424
1486
1558
2304
2676
1639
1353
1354
1422
2457
2716
1490
1298
1362
2522
2826
1435
1314
1371
2569
3021
1441
1308
1374
2496
3038
1443
1321
1378
3584
1457
1995
1532
1378
1471
3185
1519
1532
1597
1372
1517
1537
1651
2331
2792
1672
1416
1499
3581
1580
2578
1675
194
346
470
533
194
223
403
461
1296
1339
1393
1445
1511
1574
1669
1393
1441
1490
1503
1533
1587
1654
1810
1847
1720
1390
1352
1419
1537
1579
1493
1288
1356
1378
1385
1424
1299
1363
1417
1425
1428
1295
1363
1431
1443
1427
1300
1369
1480
1497
1429
1298
1363
1509
1548
1429
1302
1368
1476
1504
1431
1302
1367
1480
1513
1431
1308
1371
1498
1523
1431
1301
1369
1551
1602
1434
1306
1372
1563
1640
1434
1308
1373
1611
1650
1435
1306
1368
1540
1584
1432
1303
1369
1543
1577
1441
1305
1369
1529
1573
1433
1317
1378
1525
1575
1449
1312
1378
1561
1607
1441
1323
1381
1587
1629
1445
1314
1385
1631
1678
1442
1313
1380
1611
1654
1442
1319
1380
1699
1756
1451
1316
1378
1579
1633
1442
1315
1378
1636
1694
1443
1319
1384
1736
1777
1445
1319
1377
1729
1852
1441
1321
1380
1579
1650
1450
1315
1377
1640
1754
1443
1315
1379
1597
1670
1443
1319
1388
1622
1679
1449
1314
1383
1800
1921
1446
1315
1382
1784
1876
1453
1313
1379
1689
1762
1441
1315
1375
1646
1737
1442
1315
1382
1645
1711
1444
1319
1376
1624
1718
1451
1315
1381
1669
1759
1453
1318
1388
1720
1798
1445
1314
1380
1675
1753
1442
1325
1383
1849
1971
1443
1320
1383
1823
1921
1452
1319
1380
1700
1850
1447
1326
1394
1897
1980
1448
1321
1389
1745
1827
1450
1320
1388
1730
1818
1444
1318
1380
1674
1747
1446
1315
1383
1771
1924
1446
1316
1384
1714
1791
1455
1319
1385
1769
1856
1460
1321
1389
1744
1842
1454
1319
1390
1814
1896
1444
1317
1388
1972
2097
1447
1319
1382
1812
1915
1449
1317
1383
1792
1943
1447
1318
1386
1911
2060
1445
1320
1387
1746
1826
1448
1320
1379
1780
1866
1445
1322
1388
1936
2037
1460
1317
1388
1934
2104
1453
1324
1388
1958
2056
1452
1319
1384
1783
1898
1450
1323
1397
1962
2126
1449
1318
1387
1920
2026
1448
1322
1382
1895
1999
1455
1320
1383
1850
1979
1448
1326
1385
1799
1891
1450
1323
1388
1776
1878
1453
1327
1394
1899
2002
1455
1322
1385
1839
1949
1450
1323
1388
1927
2029
1448
1323
1383
1908
2010
1447
1318
1391
1793
1901
1451
1320
1386
1856
1954
1449
1331
1385
1841
1956
1454
1320
1384
1877
2007
1450
1324
1387
1770
1985
1454
1322
1396
2002
2141
1448
1322
1384
1902
2047
1455
1317
1382
1876
1986
1444
1328
1394
1986
2092
1453
1322
1387
1987
2071
1449
1322
1383
1749
1869
1451
1323
1380
1835
1954
1448
1329
1390
1938
2111
1455
1320
1383
1863
2002
1451
1329
1386
2052
2230
1453
1323
1390
1963
2068
1449
1323
1390
1838
1979
1453
1318
1392
2014
2136
1450
1321
1383
1904
2089
1453
1321
1388
2024
2144
1445
1319
1384
1819
1978
1451
1325
1394
1918
2076
1462
1322
1387
1943
2092
1457
1322
1388
1992
2156
1451
1322
1389
2072
2212
1451
1324
1388
2099
2265
1451
1325
1394
1966
2104
1452
1325
1391
1852
1993
1452
1324
1388
1947
2077
1450
1326
1398
2202
2396
1455
1323
1387
1999
2171
1450
1326
1386
2080
2280
1445
1317
1384
2000
2135
1452
1324
1386
1898
2035
1450
1326
1403
1909
2045
1454
1325
1386
1932
2096
1458
1326
1396
1991
2162
1453
1325
1388
1918
2091
1450
1326
1396
2052
2268
1456
1322
1393
1948
2159
1450
1318
1381
2017
2207
1448
1326
1388
2000
2176
1458
1321
1385
1953
2127
1457
1321
1387
1905
2079
1448
1323
1391
1961
2135
1459
1328
1398
1990
2172
1460
1326
1391
2087
2282
1451
1326
1386
1972
2111
1452
1323
1384
1948
2124
1457
1320
1389
1947
2115
1456
1338
1391
1983
2151
1452
1325
1385
1928
2080
1461
1332
1393
1953
2085
1450
1323
1396
1984
2137
1460
1329
1391
2081
2288
1454
1323
1397
2083
2251
1452
1322
1386
2006
2258
1456
1314
1387
2218
2407
1445
1319
1385
2199
2466
1446
1320
1381
2241
2409
1450
1324
1390
1994
2126
1456
1330
1383
2063
2277
1448
1324
1388
2165
2318
1445
1328
1392
2047
2258
1462
1321
1385
2079
2271
1453
1322
1395
2123
2338
1455
1319
1386
2142
2361
1454
1319
1388
2128
2326
1450
1320
1386
2060
2219
1456
1318
1387
2173
2395
1452
1323
1379
2107
2254
1450
1326
1386
1991
2152
1447
1319
1385
2260
2492
1456
1314
1379
2079
2376
1445
1324
1393
2166
2364
1447
1325
1392
2160
2396
1446
1322
1386
2232
2406
1448
1323
1394
2084
2272
1452
1325
1386
2020
2310
1460
1321
1389
2264
2415
1447
1319
1384
1996
2194
1450
1324
1391
2093
2299
1454
1315
1388
2203
2462
1445
1323
1389
2043
2327
1464
1324
1383
2097
2354
1453
1320
1387
2273
2657
1448
1324
1386
2180
2500
1457
1335
1394
2341
2502
1458
1324
1392
2054
2365
1455
1328
1386
2271
2456
1455
1329
1389
2029
2221
1450
1324
1386
2130
2344
1451
1323
1388
2252
2572
1456
1330
1398
2293
2468
1460
1326
1387
2017
2315
1451
1328
1388
2024
2308
1457
1330
1388
2080
2268
1459
1327
1388
2280
2491
1446
1320
1391
2079
2309
1455
1330
1399
2117
2303
1459
1327
1394
2106
2362
1461
1323
1388
2256
2456
1457
1323
1394
2161
2332
1454
1322
1389
1907
2129
1452
1325
1397
2250
2490
1449
1337
1391
2426
2657
1456
1335
1394
2389
2591
1450
1326
1388
2100
2322
1451
1326
1396
2449
2727
1460
1330
1393
2145
2393
1455
1326
1385
2149
2443
1457
1331
1390
2143
2418
1456
1327
1385
2269
2592
1451
1328
1402
2314
2630
1457
1323
1386
2216
2440
1462
1322
1397
2327
2547
1457
1325
1394
2254
2563
1448
1319
1387
2347
2613
1450
1329
1392
2357
2583
1454
1322
1396
2412
2639
1462
1338
1397
2369
2605
1455
1329
1388
2158
2475
1452
1315
1392
2304
2594
1449
1326
1388
2400
2674
1453
1330
1396
2402
2697
1452
1319
1396
2404
2691
1454
1332
1388
2176
2451
1454
1334
1391
2394
2665
1462
1326
1395
2383
2681
1469
1329
1400
2452
2642
1462
1321
1382
2399
2704
1454
1333
1386
2184
2404
1460
1335
1390
2058
2238
1460
1325
1390
2391
2735
1456
1326
1391
2237
2496
1454
1318
1391
2329
2673
1453
1322
1392
2393
2690
1454
1324
1386
2462
2722
1456
1331
1392
2165
2432
1458
1323
1385
2143
2422
1454
1331
1383
2388
2665
1453
1325
1392
2164
2438
1462
1328
1398
2500
2687
1456
1336
1391
2059
2347
1453
1326
1402
2454
2660
1462
1325
1395
2455
2765
1455
1321
1394
2192
2475
1454
1337
1388
2314
2536
1452
1337
1400
2515
2818
1454
1322
1391
2475
2746
1461
1323
1389
2379
2624
1470
1327
1386
2114
2310
1468
1324
1392
2540
2876
1453
1327
1387
2157
2407
1455
1338
1405
2464
2717
1455
1332
1389
2449
2647
1458
1333
1398
2122
2402
1452
1332
1397
2131
2400
1451
1336
1399
2149
2424
1452
1334
1398
2237
2528
1455
1324
1393
2441
2709
1458
1331
1395
2161
2562
1460
1322
1383
2468
2736
1455
1330
1393
2467
2727
1464
1336
1392
2184
2472
1456
1330
1397
2223
2515
1456
1329
1396
2140
2466
1463
1331
1395
2173
2567
1458
1333
1390
2190
2540
1458
1329
1392
2528
2854
1454
1334
1385
2130
2409
1455
1330
1400
2507
2770
1454
1333
1387
2518
2751
1465
1327
1395
2211
2535
1461
1328
1389
2235
2515
1457
1324
1393
2151
2476
1451
1328
1391
2147
2395
1455
1321
1398
2510
2902
1454
1331
1400
2270
2676
1452
1328
1392
2620
2907
1459
1321
1393
2219
2497
1453
1333
1387
2179
2590
1455
1324
1394
2546
2844
1451
1329
1391
2115
2451
1458
1329
1391
2458
2801
1464
1328
1388
2531
2897
1456
1327
1395
2647
2932
1452
1330
1391
2103
2537
1457
1333
1394
2452
2747
1459
1325
1393
2529
2891
1467
1337
1389
2165
2447
1453
1339
1396
2152
2430
1462
1333
1387
2438
2791
1470
1322
1399
2535
2957
1461
1325
1393
1883
2165
1460
1338
1392
2494
2834
1461
1320
1395
2587
3030
1455
1331
1397
2629
3063
1463
1329
1405
2213
2558
1459
1332
1398
2554
2954
1454
1334
1397
2485
2855
1455
1325
1396
2208
2635
1458
1324
1392
2496
2916
1448
1332
1396
2245
2498
1452
1329
1383
2157
2500
1456
1335
1390
2520
2914
1455
1340
1384
2564
2958
1461
1334
1396
2600
2906
1463
1327
1399
2125
2565
1452
1327
1400
2522
2957
1461
1332
1411
2311
2667
1463
1334
1393
2607
3009
1453
1332
1401
2559
2915
1457
1331
1400
2588
2910
1458
1331
1405
2357
2673
1465
1330
1402
2576
2982
1458
1326
1394
2506
2966
1467
1330
1398
2576
2990
1465
1347
1398
2312
2652
1457
1332
1397
2245
2549
1457
1330
1404
2262
2532
1456
1326
1389
2481
2794
1449
1330
1401
2515
2924
1459
1336
1399
2508
2809
1461
1335
1398
2162
2488
1466
1323
1393
2317
2526
1457
1322
1388
2086
2362
1453
1331
1391
2316
2610
1463
1333
1400
2218
2660
1461
1322
1395
2255
2603
1449
1331
1387
2203
2533
1459
1330
1404
2480
2904
1457
1336
1391
2469
2951
1467
1332
1396
2504
2870
1460
1331
1397
2925
3189
1470
1334
1396
2532
2964
1453
1330
1401
2335
2606
1461
1327
1395
2219
2667
1462
1334
1390
2490
2956
1459
1328
1399
2441
2741
1465
1335
1398
2592
2904
1466
1336
1392
2586
3096
1460
1335
1400
2544
2974
1458
1338
1395
2529
2901
1467
1334
1389
2481
2907
1462
1326
1399
2225
2541
1455
1328
1393
2583
3006
1462
1340
1397
2633
3022
1460
1341
1394
2280
2580
1465
1327
1391
2651
3069
1469
1336
1397
2599
3099
1460
1333
1389
2491
2977
1460
1328
1391
2621
3025
1454
1326
1401
2385
2818
1462
1327
1392
2498
2930
1460
1328
1400
2610
3060
1461
1333
1390
2496
2900
1461
1331
1390
2754
3203
1465
1336
1398
2528
3093
1465
1335
1387
2455
2951
1453
1328
1384
2674
2994
1456
1324
1390
2208
2634
1456
1331
1397
2203
2621
1453
1328
1393
2511
2937
1460
1327
1402
2184
2476
1464
1325
1391
2209
2555
1463
1335
1401
2167
2451
1461
1331
1394
2559
2902
1461
1330
1387
2257
2614
1463
1334
1407
2637
3067
1465
1324
1395
2836
3223
1473
1335
1391
2593
3083
1454
1328
1400
2524
2964
1472
1334
1393
2351
2671
1460
1328
1400
2562
3038
1463
1336
1400
2678
2996
1467
1331
1381
2613
3089
1459
1331
1391
2517
3013
1455
1337
1400
2234
2503
1448
1325
1390
2282
2556
1456
1332
1397
2463
2819
1467
1341
1392
2654
3136
1461
1334
1408
2488
2923
1460
1328
1397
2571
2855
1452
1323
1386
2578
3022
1459
1327
1394
2578
2868
1460
1335
1389
2619
3009
1454
1329
1391
2569
2985
1462
1327
1399
2207
2463
1467
1324
1386
2538
2931
1461
1325
1396
2574
3138
1453
1335
1402
2546
2922
1471
1339
1395
2615
2895
1461
1324
1389
2569
2833
1456
1328
1398
3056
3526
1460
1335
1400
2528
2768
1454
1322
1383
2271
2627
1464
1325
1398
2176
2466
1457
1338
1392
2164
2430
1472
1334
1393
2557
3041
1452
1328
1396
2534
2822
1465
1333
1399
2559
2973
1467
1338
1394
2698
3026
1475
1329
1398
2490
3322
1449
1332
1389
2245
2537
1457
1327
1389
2255
2452
1462
1336
1401
2275
2596
1462
1322
1391
2619
3065
1468
1331
1388
2572
2978
1459
1334
1399
2549
3097
1464
1330
1390
2514
2802
1459
1326
1389
2581
2994
1459
1335
1396
2492
2969
1462
1336
1396
2241
2626
1468
1332
1397
2587
2839
1462
1330
1396
2144
2638
1467
1334
1393
2725
3247
1448
1334
1391
3033
3282
1456
1322
1388
2296
2600
1460
1327
1388
2146
2566
1457
1325
1388
2450
2774
1463
1326
1399
2597
2977
1464
1330
1392
2246
2518
1461
1331
1399
2263
2761
1458
1329
1399
2341
2811
1470
1328
1393
2181
2623
1462
1324
1390
2241
2730
1469
1330
1398
2286
2482
1474
1332
1397
2231
2503
1464
1333
1397
2661
3197
1471
1331
1399
2757
3001
1466
1332
1398
2698
3256
1462
1338
1394
2780
3106
1475
1343
1434
2268
2608
1495
1323
1391
2295
2567
1456
1338
1406
2576
2990
1476
1334
1397
2739
3095
1475
1335
1395
2675
3339
1465
1326
1399
2708
3129
1460
1333
1397
2553
2879
1466
1337
1390
2718
3100
1458
1334
1395
2813
3239
1477
1331
1397
2631
3092
1472
1330
1396
2510
2970
1476
1332
1396
2552
3014
1470
1335
1395
2565
2816
1467
1345
1396
2332
2656
1476
1339
1393
2539
2931
1472
1334
1400
2574
2980
1467
1333
1399
2331
2712
1475
1321
1390
2164
2470
1463
1334
1396
2226
2400
1482
1334
1422
2988
3438
1488
1321
1386
2880
3314
1459
1345
1410
2600
3230
1470
1330
1403
2609
2934
1467
1336
1396
2576
2836
1469
1326
1391
2151
2551
1462
1327
1406
2336
2754
1457
1347
1423
1995
2160
1461
1369
1426
2094
2734
1490
1328
1400
2874
3198
1466
1336
1395
2281
2613
1470
1339
1404
2166
2554
1463
1348
1402
2326
2710
1474
1328
1401
2981
3401
1461
1331
1398
2228
2489
1462
1331
1391
2073
2669
1456
1330
1404
2550
2903
1471
1348
1405
2209
2547
1463
1338
1400
2330
2656
1467
1334
1399
2379
2643
1474
1347
1409
2501
2842
1468
1342
1399
2587
2907
1468
1347
1402
2340
2600
1471
1341
1396
2628
3020
1464
1331
1398
2434
3092
1479
1337
1412
2934
3246
1467
1340
1392
2620
1479
1501
1544
1423
1486
1550
2058
2299
1614
1373
1442
2892
3287
1502
1337
1400
2752
3304
1478
1335
1390
2668
3108
1477
1342
1411
2833
3099
1472
1343
1406
2856
3180
1472
1330
1408
2198
2548
1460
1351
1409
2393
2599
1470
1336
1402
2794
3222
1462
1335
1397
2041
2277
1458
1343
1404
2676
3029
1467
1342
1409
2529
2963
1477
1336
1398
2902
3514
1464
1340
1399
2789
3323
1467
1334
1393
2593
2941
1473
1337
1398
2546
2834
1459
1326
1405
3035
3629
1479
1335
1399
2859
3312
1455
1332
1394
2604
2830
1463
1351
1406
2588
2934
1476
1338
1395
2627
2873
1464
1331
1414
2824
3302
1466
1346
1399
2588
3007
1462
1338
1400
2494
2798
1478
1333
1406
2402
2807
1471
1334
1395
2769
3245
1468
1339
1397
2889
3551
1467
1353
1405
2607
2979
1474
1333
1400
2482
2848
1466
1341
1402
2741
3194
1463
1344
1410
2580
3208
1470
1327
1406
2438
2858
1475
1340
1400
2596
3100
1465
1337
1395
2312
2663
1466
1348
1402
2199
2536
1468
1334
1390
2644
3076
1462
1347
1410
3002
3460
1469
1335
1396
2624
3082
1467
1340
1395
2643
3233
1456
1341
1404
2442
2902
1466
1334
1393
2881
3547
1462
1341
1403
2227
2609
1470
1336
1395
2665
3063
1473
1344
1411
3051
1471
1503
1532
1388
1445
2451
2729
1525
1333
1400
2862
3092
1472
1333
1407
2883
3169
1471
1344
1397
2870
3469
1477
1332
1411
2202
2512
1485
1335
1403
2361
2621
1472
1332
1409
2717
3193
1471
1335
1405
2715
3123
1467
1338
1390
2616
3182
1467
1340
1397
2991
3344
1471
1340
1410
2278
2760
1467
1345
1406
2222
2718
1474
1351
1404
2558
3038
1464
1332
1400
2642
2914
1458
1350
1398
2320
3164
1464
1346
1400
2678
3114
1464
1343
1403
2513
2985
1468
1336
1414
2656
3190
1473
1344
1396
2706
3078
1464
1347
1397
2589
3246
1463
1335
1410
2254
2604
1476
1338
1403
2651
3159
1476
1351
1402
2256
2528
1469
1329
1409
2202
2742
1465
1332
1396
2686
3068
1466
1343
1410
2928
3574
1467
1338
1405
2679
3113
1473
1342
1395
2833
3396
1466
1342
1399
2497
3435
1470
1331
1407
2905
3209
1458
1347
1405
2540
2815
1472
1340
1402
2406
2665
1477
1342
1399
2797
3271
1470
1336
1396
2696
3070
1471
1341
1405
2885
3487
1480
1326
1396
2724
3454
1467
1353
1407
3099
1468
1666
1549
1394
1459
2241
2701
1532
1345
1402
3260
1461
1547
1530
1401
1460
2870
3326
1517
1347
1400
2164
2900
1457
1342
1412
3042
3516
1479
1339
1397
3393
1462
1610
1531
1400
1457
1535
1623
2331
1600
1398
1469
2649
3283
1529
1347
1399
2569
2847
1467
1338
1413
3297
1472
1714
1532
1391
1466
3492
1530
1618
1587
1401
1458
2438
2868
1528
1342
1402
2750
2972
1464
1346
1407
2107
2357
1467
1335
1413
2537
3277
1469
1349
1405
1484
1698
2051
1529
1419
1480
3170
1548
1908
1619
1386
1473
3129
1545
1817
1599
1384
1469
1527
1672
2051
1591
1388
1460
2808
3242
1524
1343
1409
2629
1475
1803
1542
1413
1469
3389
1527
1635
1597
1384
1472
1532
1670
2143
1615
1413
1481
3451
1555
1856
1603
1387
1457
2921
3535
1519
1331
1419
2381
2535
1473
1368
1449
2910
3415
1493
1338
1412
3236
3567
1462
1339
1399
3019
3195
1462
1340
1401
2513
2905
1472
1348
1416
2366
2698
1474
1341
1407
3567
1485
1702
1550
1441
1521
1581
1853
2425
1651
1356
1471
3546
1527
2146
1608
1414
1486
3502
1548
2430
1607
1393
1464
2578
3350
1536
1348
1404
3592
1477
1789
1536
1451
1507
3247
3577
1591
1386
1464
3626
1513
1901
1580
1410
1467
2763
3361
1557
1360
1469
3537
1528
2180
1611
1400
1473
3645
1537
2241
1600
1403
1458
1524
2066
2998
1597
1417
1452
3158
1556
1642
1608
1444
1513
2377
2873
1566
1368
1442
3396
1518
1742
1569
1387
1451
1508
3230
1582
1786
1631
1433
1490
2316
2626
1559
1366
1403
3083
3415
1519
1365
1469
3637
1522
1986
1581
1383
1452
3238
1509
1523
1582
1400
1462
3252
3612
1528
1363
1424
3070
1471
1833
1556
1412
1489
1555
1610
1612
1812
1677
1438
1514
1572
1757
2572
1655
1400
1494
2012
2274
1568
1331
1415
2889
3129
1471
1366
1406
3320
1493
2173
1561
1433
1505
3311
1548
1708
1612
1398
1467
3151
1524
1538
1583
1412
1460
2892
3436
1517
1359
1409
1481
2377
2778
1540
1428
1466
2368
3068
1544
1385
1434
1544
1548
2022
1594
1440
1518
3145
1574
1732
1647
1412
1481
2919
3607
1533
1373
1402
1502
1905
2264
1560
1417
1484
2682
2987
1550
1345
1420
1476
1488
2000
1545
1393
1471
3399
1530
1736
1590
1397
1468
2924
3348
1526
1348
1410
2702
3608
1470
1337
1398
1472
1475
2254
1535
1397
1475
3199
1526
1702
1621
1423
1493
2434
3029
1563
1354
1438
1501
1506
2115
1560
1425
1444
2978
3374
1533
1385
1432
1515
1929
2797
1576
1418
1487
3397
1557
1743
1597
1416
1458
2214
2836
1547
1360
1439
2855
3523
1494
1334
1432
2710
3138
1469
1392
1442
1546
2146
3548
1590
1479
1526
1646
2206
2894
1690
1453
1516
1591
1677
2545
1632
1436
1524
2208
2436
1572
1369
1470
2286
2762
1529
1400
1460
2388
2866
1538
1390
1453
3141
1562
1566
1588
1439
1484
1581
2157
2621
1616
1427
1507
2779
1564
1656
1656
1436
1510
3030
1570
1572
1640
1397
1452
2460
3282
1545
1361
1457
3489
1488
1633
1602
1431
1514
1579
2055
3159
1637
1374
1449
3247
1539
2095
1581
1429
1525
1575
1699
2831
1665
1431
1530
1618
1886
2152
1652
1416
1475
2761
3237
1550
1330
1381
2463
1459
1593
1526
1414
1460
2166
3024
1548
1390
1423
1488
3084
1566
1642
1626
1404
1507
3149
1566
1876
1645
1381
1473
1536
2700
3092
1615
1369
1442
2715
1500
1505
1571
1393
1469
1532
1645
2146
1606
1403
1467
2395
2809
1532
1371
1416
1502
1603
2524
1566
1448
1503
3059
1585
1684
1646
1417
1491
3377
1555
1759
1614
1414
1484
3188
3324
1528
1360
1461
1511
1881
2201
1593
1408
1494
1542
1832
2332
1622
194
1294
1335
1257
1308
1201
1280
1334
1406
1491
1559
1988
2135
1618
1325
1349
1427
2017
2185
1488
1302
1366
1927
2066
1425
1294
1363
2182
2413
1420
1299
1375
2301
2479
1434
1295
1370
2134
2402
1431
1312
1382
2515
2742
1437
1310
1377
2066
2503
1438
1305
1375
2163
2436
1438
1318
1380
2704
3334
1446
1314
1377
2575
2963
1467
1321
1413
2409
2899
1482
1317
1382
1440
1464
1878
1502
1378
1453
2815
3273
1515
1323
1384
2088
2946
1453
1338
1404
1726
1726
316
1377
1405
1316
1441
1286
315
347
467
505
671
1108
1128
1494
1624
1277
1560
1913
1927
1827
1912
1542
1567
1590
1617
1642
1658
1689
1776
1776
