204
98
6
6
233
339
479
630
784
958
1082
1135
294
411
552
703
875
1028
1192
1299
1442
1574
2090
813
901
1187
1440
1742
1913
2117
2214
2398
2546
2721
2877
3043
3189
3335
3453
3534
2543
2400
3249
3349
3403
3429
2911
3485
3511
3508
3546
3600
3655
3671
3684
3671
3761
2842
3091
3678
3778
3706
3671
3553
3603
3661
3666
3641
3725
3746
3672
3766
3765
2485
2951
3767
3697
3764
3685
3698
3711
1836
2278
3716
3726
3688
3696
3265
3655
2375
3713
3681
3681
3671
3665
3503
3661
1903
3647
3724
3678
3700
1865
287
336
383
2844
2122
2739
1851
1787
2584
3151
3437
3513
3572
2365
2594
3624
3662
3594
3593
2159
2477
3655
3657
3535
2232
2497
3601
3663
3537
2118
2406
3602
3661
3538
2272
2910
3604
3648
3538
2212
2487
3603
3656
3549
3387
3609
1485
3653
3644
3612
2657
3003
3649
3706
3585
2985
3687
1588
3654
3617
3036
254
335
374
2262
290
364
427
2844
2204
2721
1583
1414
2611
3353
3349
3530
3585
1609
1655
3634
3674
3531
1489
1514
3598
3664
3536
1489
1524
3604
3670
3535
1560
1608
3599
3663
3536
1414
1425
3602
3666
3535
1435
1445
3602
3665
3537
1441
1456
3603
3667
3539
1491
1521
3603
3668
3541
1474
1503
3605
3668
3540
1491
1521
3603
3665
3537
1472
1517
3602
3666
3540
1508
1536
3605
3669
3540
1497
1566
3607
3669
3545
1575
1629
3609
3672
3546
1607
1668
3610
3669
3544
1501
1539
3611
3668
3545
1540
1597
3610
3669
3548
1519
1564
3613
3676
3551
1560
1594
3618
3670
3552
1699
1769
3617
3670
3554
1671
1721
3619
3669
3552
1559
1600
3617
3670
3555
1571
1645
3619
3672
3554
1560
1627
3617
3672
3552
1593
1635
3618
3671
3551
1584
1636
3616
3669
3552
1630
1700
3618
3672
3554
1619
1694
3619
3662
3554
1650
1696
3618
3665
3553
1620
1687
3617
3668
3551
1617
1691
3616
3664
3555
1720
1783
3619
3671
3551
1658
1720
3616
3670
3554
1658
1722
3620
3673
3557
1636
1746
3620
3671
3555
1654
1734
3618
3673
3554
1654
1716
3617
3670
3557
1682
1758
3622
3667
3555
1691
1761
3617
3670
3555
1674
1741
3617
3666
3556
1649
1757
3619
3667
3551
1811
1912
3614
3672
3558
1676
1759
3621
3671
3555
1847
1935
3620
3665
3553
1851
1974
3617
3669
3557
1887
2008
3622
3672
3558
1693
1771
3621
3667
3559
1717
1816
3622
3669
3556
1761
1841
3619
3669
3556
1692
1801
3620
3667
3556
1685
1813
3621
3662
3557
1686
1795
3619
3669
3558
1757
1899
3623
3664
3556
1772
1883
3621
3668
3557
1867
2032
3622
3670
3557
1892
2010
3621
3669
3557
1815
1903
3619
3666
3558
1761
1850
3622
3672
3560
1792
1883
3623
3671
3558
1759
1844
3624
3669
3560
1936
2077
3627
3670
3557
1900
2024
3620
3672
3560
1828
1885
3621
3670
3557
1799
1914
3619
3661
3559
1881
1982
3624
3671
3560
1793
1950
3624
3672
3559
1952
2072
3622
3672
3560
1760
1863
3622
3668
3558
1984
2096
3624
3663
3563
1926
2024
3627
3672
3561
2059
2238
3624
3673
3562
2015
2137
3627
3673
3558
1825
1932
3622
3672
3561
1878
1993
3627
3665
3562
1843
1942
3626
3670
3558
1774
1900
3624
3666
3561
1823
1972
3624
3675
3561
1860
2008
3623
3670
3560
1847
1964
3626
3670
3560
1954
2077
3624
3668
3561
1900
2098
3628
3664
3563
1878
2025
3627
3666
3562
1955
2097
3629
3665
3561
1830
1970
3624
3666
3560
1869
2006
3625
3669
3559
1899
2038
3626
3670
3565
1860
2038
3629
3670
3560
2007
2125
3625
3671
3562
1870
1996
3625
3668
3560
1906
2025
3625
3675
3560
1782
1925
3625
3667
3558
1895
2027
3624
3669
3564
1870
1984
3630
3667
3565
1991
2182
3628
3670
3564
1960
2098
3630
3666
3564
2007
2173
3627
3663
3561
2091
2226
3624
3670
3560
1867
2026
3623
3667
3560
1942
2077
3625
3671
3558
2123
2320
3625
3665
3560
1874
2017
3624
3664
3562
2050
2213
3627
3663
3564
1993
2170
3628
3672
3564
1985
2144
3627
3670
3564
2016
2212
3627
3666
3562
2146
2307
3628
3661
3564
1967
2088
3627
3672
3564
2068
2200
3629
3663
3564
1880
2020
3629
3656
3561
1923
2116
3626
3672
3562
2073
2231
3625
3670
3566
2020
2163
3630
3669
3565
2087
2260
3628
3661
3566
2077
2250
3630
3667
3565
2078
2261
3626
3670
3561
2158
2390
3627
3670
3562
2181
2422
3627
3670
3564
1953
2099
3629
3672
3565
2088
2299
3629
3669
3563
1951
2094
3626
3671
3562
2145
2299
3626
3671
3563
2052
2232
3628
3670
3564
2078
2281
3628
3667
3562
2122
2319
3626
3673
3560
2223
2392
3626
3667
3563
1949
2164
3626
3668
3561
1937
2144
3625
3669
3559
1970
2153
3621
3672
3559
2145
2320
3623
3665
3561
2071
2224
3623
3663
3559
1984
2200
3624
3669
3559
2188
2416
3622
3675
3561
2108
2265
3623
3672
3562
2160
2407
3625
3668
3558
1829
1995
3625
3667
3561
2027
2265
3625
3666
3558
1942
2095
3621
3665
3564
2080
2331
3627
3673
3560
2287
2528
3625
3664
3560
2196
2481
3625
3671
3565
2253
2499
3631
3669
3563
2141
2364
3628
3666
3561
2193
2375
3627
3672
3560
2131
2302
3626
3669
3561
2109
2439
3625
3666
3560
2149
2315
3624
3673
3561
2223
2468
3624
3658
3556
2114
2278
3622
3670
3562
2094
2306
3626
3673
3556
2222
2479
3620
3664
3560
2079
2342
3623
3670
3561
2180
2400
3624
3661
3559
2228
2449
3622
3666
3562
2359
2527
3626
3658
3561
2038
2218
3625
3667
3559
2142
2378
3625
3666
3563
2193
2461
3627
3668
3559
2145
2388
3621
3669
3560
1918
2152
3626
3663
3562
2010
2213
3627
3671
3560
2180
2405
3622
3672
3558
2018
2218
3622
3670
3562
2179
2400
3627
3660
3561
2315
2611
3625
3671
3560
2296
2497
3627
3671
3559
2272
2501
3624
3674
3561
2319
2455
3625
3670
3560
2269
2521
3625
3661
3562
2037
2331
3627
3664
3561
2257
2498
3625
3660
3561
2114
2322
3628
3666
3564
2394
2611
3626
3666
3562
2337
2609
3625
3666
3560
2367
2583
3623
3673
3563
2025
2227
3627
3665
3560
2244
2544
3626
3659
3562
2293
2551
3626
3659
3565
2369
2653
3629
3668
3561
2140
2376
3624
3670
3563
2268
2566
3626
3671
3561
2376
2564
3625
3668
3563
2266
2577
3626
3660
3566
2310
2632
3628
3673
3561
2278
2564
3625
3666
3562
2263
2526
3625
3667
3562
2296
2507
3624
3672
3562
2128
2380
3624
3665
3559
2140
2397
3622
3671
3560
2161
2388
3622
3662
3563
2150
2424
3626
3672
3564
2326
2651
3628
3662
3564
2492
2761
3627
3666
3564
2312
2538
3626
3658
3562
2106
2371
3625
3665
3563
2349
2655
3627
3661
3566
2378
2577
3633
3662
3566
2479
2825
3631
3672
3563
2251
2632
3627
3664
3565
2369
2685
3630
3664
3565
2381
2705
3629
3669
3562
2440
2727
3625
3669
3560
2410
2708
3624
3667
3563
2081
2299
3625
3655
3563
2176
2385
3628
3668
3565
2274
2517
3628
3667
3560
2376
2742
3624
3670
3559
2467
2868
3623
3667
3565
2437
2788
3630
3664
3563
2397
2734
3627
3653
3564
2239
2492
3629
3670
3562
2454
2795
3626
3670
3561
2306
2572
3624
3670
3562
2186
2458
3624
3668
3563
2283
2599
3627
3671
3560
2470
2839
3624
3669
3563
2155
2545
3627
3671
3563
2447
2717
3627
3671
3563
2439
2719
3627
3666
3560
2473
2756
3623
3669
3564
2507
2803
3627
3670
3563
2076
2288
3626
3666
3563
2124
2522
3624
3661
3560
2472
2758
3624
3665
3563
2496
2773
3628
3665
3564
2161
2453
3629
3667
3566
2544
2772
3630
3660
3563
2108
2414
3626
3665
3563
2393
2737
3627
3663
3564
2426
2810
3630
3669
3564
2443
2694
3627
3666
3563
2121
2457
3627
3670
3563
2460
2714
3628
3668
3565
2180
2555
3628
3659
3565
2461
2805
3629
3662
3564
2589
3000
3627
3658
3562
2489
2848
3627
3667
3562
2498
2840
3626
3664
3568
2454
2867
3632
3664
3566
2528
2832
3632
3675
3563
2478
2806
3628
3669
3567
2149
2396
3631
3672
3563
2429
2861
3627
3663
3566
2488
2828
3630
3667
3565
2462
2679
3628
3657
3565
2497
2729
3629
3666
3565
2400
2626
3628
3670
3564
2152
2514
3628
3669
3563
2505
2735
3629
3673
3564
2221
2424
3627
3668
3565
2160
2437
3630
3655
3563
2130
2554
3630
3658
3566
2239
2521
3627
3656
3561
2133
2414
3626
3663
3564
2538
2972
3628
3657
3566
2511
2830
3629
3652
3564
2419
2734
3629
3670
3565
2548
2936
3630
3666
3566
1960
2405
3632
3665
3564
2488
2750
3626
3673
3568
2435
2699
3631
3656
3566
2506
2787
3630
3667
3565
2656
3062
3630
3668
3567
2569
2842
3629
3658
3565
2146
2394
3628
3664
3564
2359
2655
3627
3671
3562
2555
2965
3626
3665
3563
2551
3007
3627
3670
3564
2500
2802
3630
3666
3567
2493
2777
3631
3667
3564
2209
2595
3629
3660
3564
2497
2927
3627
3668
3565
2507
2855
3629
3672
3563
2625
3013
3627
3668
3568
2561
2924
3633
3663
3568
2563
2989
3631
3662
3567
2161
2470
3628
3654
3563
2278
2674
3628
3658
3566
2490
2961
3632
3659
3565
2624
3067
3630
3662
3563
2520
2852
3626
3659
3563
2555
2865
3627
3659
3567
2512
2927
3631
3660
3564
2489
2933
3627
3670
3566
2473
2785
3629
3670
3565
2159
2447
3629
3666
3567
2340
2597
3630
3663
3566
2195
2669
3631
3664
3568
2574
2868
3632
3665
3565
2644
3035
3632
3661
3569
2295
2631
3635
3657
3565
2181
2479
3631
3656
3568
2575
2961
3631
3662
3566
2560
3150
3632
3665
3569
2516
2876
3630
3668
3566
2553
2789
3629
3666
3567
2525
2925
3629
3661
3565
2614
3012
3628
3661
3564
2483
2975
3629
3657
3569
2565
3011
3633
3665
3563
2271
2604
3627
3673
3567
2112
2351
3630
3674
3567
2472
2838
3630
3660
3566
2624
3064
3630
3657
3570
2610
2920
3634
3670
3567
2559
2984
3631
3671
3566
2600
3007
3632
3666
3568
2603
3047
3633
3661
3568
2738
3178
3630
3663
3566
2688
3014
3630
3656
3569
2562
2980
3633
3660
3567
2546
2852
3630
3666
3568
2174
2634
3632
3663
3565
2583
3141
3629
3666
3566
2183
2443
3629
3664
3564
2259
2569
3629
3662
3566
2751
3035
3631
3666
3565
2194
2464
3628
3662
3567
2251
2545
3633
3661
3570
2180
2453
3633
3657
3567
2664
3064
3628
3659
3567
2538
2858
3630
3667
3568
2201
2397
3631
3672
3567
2495
2925
3631
3662
3567
2173
2630
3633
3665
3569
2730
3078
3634
3669
3567
2294
2657
3630
3662
3567
2145
2402
3632
3663
3568
2650
3000
3632
3661
3565
2637
3106
3630
3664
3567
2197
2534
3633
3668
3564
2661
3039
3627
3656
3566
2523
3023
3631
3664
3566
2164
2400
3630
3662
3566
2306
2672
3630
3672
3568
2275
2571
3631
3658
3567
2215
2665
3631
3671
3567
2658
2960
3632
3661
3569
2666
3076
3634
3670
3568
2688
3074
3632
3657
3563
2799
3259
3627
3671
3564
2670
2951
3630
3658
3568
2745
3107
3633
3662
3568
2760
3071
3632
3664
3566
2659
2979
3627
3668
3564
2168
2598
3628
3657
3571
2726
3276
3634
3673
3569
2736
3072
3632
3656
3569
2240
2584
3634
3660
3568
2270
2686
3634
3672
3569
2705
3126
3633
3658
3568
2577
3049
3631
3653
3568
2262
2680
3632
3661
3566
2539
2983
3631
3659
3568
2699
3101
3633
3657
3570
2648
3162
3632
3669
3567
2712
3014
3632
3664
3567
2684
3211
3632
3656
3565
2502
2816
3632
3661
3566
2568
2897
3631
3663
3567
2128
2772
3632
3663
3566
2456
2862
3630
3665
3566
2177
2479
3631
3662
3567
2551
3049
3629
3655
3568
2686
2950
3632
3650
3566
2336
2742
3630
3670
3567
2527
3001
3631
3656
3568
2203
2445
3633
3662
3566
2816
3146
3630
3660
3564
2536
3202
3628
3659
3565
2096
2402
3630
3664
3568
2254
2592
3632
3660
3568
2575
3039
3633
3662
3568
1963
2223
3633
3660
3565
2146
2382
3630
3662
3569
2610
3104
3634
3655
3570
2521
3059
3635
3665
3567
2674
3198
3632
3661
3568
2333
2857
3633
3666
3568
2529
2905
3631
3660
3565
2788
3154
3630
3661
3572
2664
3198
3636
3659
3569
2958
3362
3632
3657
3566
2560
2861
3632
3672
3569
2339
2749
3635
3658
3567
2511
2731
3631
3662
3567
2487
3423
3633
3661
3571
2566
2880
3632
3655
3564
1965
2136
3629
3666
3568
2478
2800
3630
3653
3565
2874
3149
3630
3666
3568
2797
3179
3633
3661
3567
2259
2506
3633
3658
3567
2702
2992
3630
3665
3567
2297
2591
3631
3655
3565
2280
2580
3630
3661
3567
2261
2573
3633
3657
3567
2270
2916
3634
3656
3565
2610
3040
3630
3664
3566
2239
2501
3633
3651
3569
2565
2853
3633
3662
3571
2895
3385
3633
3660
3566
2666
3208
3630
3657
3571
2568
2938
3634
3667
3568
2348
2608
3630
3664
3566
2361
2915
3631
3654
3569
2414
2808
3634
3662
3570
2491
2943
3633
3664
3569
2603
2981
3635
3651
3570
2268
2716
3636
3668
3565
2682
3000
3628
3655
3567
2528
2974
3632
3662
3568
2690
3068
3630
3669
3569
2622
3106
3630
3667
3568
2324
2731
3632
3649
3569
2706
3606
3632
3667
3569
2451
2929
3631
3663
3571
2172
2437
3634
3655
3571
2673
3105
3635
3656
3569
3031
3441
3635
3666
3572
2614
2888
3633
3659
3567
2357
3189
3633
3661
3570
2224
2512
3636
3647
3572
2602
3138
3636
3654
3571
2574
2830
3634
3657
3567
2752
2972
3632
3662
3568
2721
3147
3633
3654
3568
2325
2610
3633
3648
3659
2313
2654
3659
3657
3560
2701
3105
3627
3660
3579
2458
2840
3646
3661
3573
2548
2857
3638
3673
3572
2256
2513
3636
3654
3572
2955
3471
3637
3664
3573
2652
3124
3636
3659
3569
2804
3123
3634
3666
3572
2452
2716
3636
3657
3573
2689
3328
3636
3663
3571
2711
3209
3635
3670
3572
2708
3014
3634
3661
3574
2244
2664
3638
3651
3571
2342
2744
3636
3662
3574
2683
2999
3643
3661
3573
2815
3391
3637
3654
3569
2662
3379
3635
3653
3570
2520
2920
3638
3664
3571
2893
3637
1521
3655
3655
3627
2735
3103
3669
3662
3571
2980
3384
3636
3657
3571
2770
3334
3636
3649
3568
2895
3381
3631
3665
3571
2601
3071
3639
3664
3568
2780
3200
3632
3658
3573
2836
3198
3634
3661
3570
1908
2106
3636
3663
3571
3097
3479
3635
3658
3571
2588
3145
3633
3659
3566
2699
3121
3631
3653
3575
2285
2619
3641
3664
3575
2273
2543
3640
3670
3569
2611
3085
3635
3652
3573
2252
3037
3640
3663
3573
2796
3075
3636
3658
3571
2265
2573
3635
3663
3572
2235
2518
3637
3658
3570
2600
2987
3633
3661
3573
2742
3308
3638
3663
3566
2603
3060
3632
3670
3570
2474
3108
3632
3659
3565
2518
3124
3626
3664
3571
2261
2483
3633
3659
3568
2704
3250
3632
3667
3569
2898
3244
3634
3661
3570
3602
3632
1818
3664
3658
3628
3077
3325
3673
3667
3569
2369
2665
3631
3658
3569
2520
2964
3630
3658
3565
2882
3081
3628
3657
3566
2246
2588
3630
3668
3570
2438
2728
3634
3654
3569
2367
2985
3633
3657
3570
2850
3101
3632
3668
3569
2785
3201
3633
3660
3568
2603
2926
3632
3654
3566
2358
2675
3632
3668
3570
2783
3499
3711
3657
3593
2626
3064
3662
3655
3557
2868
3294
3628
3658
3572
2876
3208
3638
3662
3571
2894
3284
3634
3655
3568
2859
3633
1466
3664
3655
3626
2395
2813
3665
3671
3569
2579
2833
3633
3658
3574
2832
3437
3640
3655
3565
2669
3105
3633
3657
3572
2889
3479
3637
3666
3569
2907
3295
3635
3665
3573
2254
2788
3708
3660
3593
2914
3517
3661
3667
3560
2945
3625
1844
3662
3663
3627
3052
3588
3654
3654
3564
2137
2397
3631
3652
3571
3158
3636
1608
3658
3665
3628
2245
2919
3675
3658
3569
3244
3592
3636
3664
3568
3429
3631
1593
3665
3645
3705
3665
3473
3649
1698
3677
3675
3633
3670
2642
3016
3660
3657
3566
2659
3103
3629
3658
3569
3421
3633
1603
3712
3649
3710
2417
2755
3653
3718
3674
2531
2813
3663
3658
3561
3617
2995
3322
3663
3657
3569
2689
3111
3631
3648
3654
3230
3654
1831
3663
3667
3618
3669
3671
1823
2345
3657
3653
3713
3664
2809
3431
3663
3673
3577
3622
3145
3661
1652
3649
3658
3623
2746
3004
3668
3654
3568
2073
2319
3631
3649
3569
2073
2376
3634
3653
3569
2976
3632
1722
3658
3657
3628
2056
2463
3659
3648
3579
3634
3716
1579
1906
3658
3665
3653
2294
2485
3668
3657
3569
3633
1498
1995
3647
3723
3661
2510
3148
3640
3717
3592
3643
2732
3019
3656
3654
3561
3152
3522
3626
3658
3576
3640
2742
3186
3650
3661
3571
3632
3658
1784
2286
3662
3665
3616
2914
3378
3672
3663
3572
3635
2736
3308
3662
3661
3565
2735
3418
3629
3663
3573
3350
3620
3632
3669
3567
3626
3346
3666
1557
3665
3662
3621
3130
3668
1662
3668
3662
3621
3669
1525
2297
3661
3643
3704
3649
3076
3721
1732
3669
3654
3706
3665
3648
1972
3505
3731
3666
3709
3669
3286
3658
1630
3672
3651
3707
3665
2545
2891
3645
3725
3586
2721
3275
3701
3653
3594
3654
3653
1715
2065
3657
3655
3700
3672
1861
2188
3671
3650
3708
3660
3668
1884
2640
3662
3664
3622
3658
3403
3663
2115
3659
3673
3627
2562
2794
3664
3668
3568
3547
3631
1740
3662
3667
3629
2913
3660
1609
3654
3664
3627
2881
3503
3655
3662
3574
2804
3232
3636
3648
3574
3635
2567
2843
3655
3719
3595
3657
1544
2131
3647
3723
3660
3646
1829
2194
3644
3719
3639
3666
2684
3080
3658
3670
3567
3709
3604
3616
2131
3705
3676
3667
3652
3714
2220
3374
3650
3733
3665
3663
2079
3499
3665
3664
3622
2863
3486
3649
3707
3601
3655
1728
2602
3648
3706
3656
3666
1858
2346
3660
3657
3637
3112
3317
3628
3711
3603
3622
3644
2083
3703
3642
3697
3644
3672
1923
3659
3655
3688
3655
1887
3159
3639
3714
3654
3660
2090
2630
3652
3659
3636
3281
3659
3665
3648
3668
3402
3616
2066
3696
3666
3628
3496
3682
2059
3635
3711
3665
3655
2504
2977
3702
3712
3685
3668
2753
3407
3651
3714
3702
3016
3542
3680
3668
3585
3316
3638
1710
3696
3717
3659
3177
3597
3635
3719
3593
3656
1559
1936
3614
3716
3634
2990
3657
3692
3658
3601
2155
2368
3685
3640
3683
3625
1717
2863
3697
3649
3688
3680
1851
2183
3643
3717
3688
3307
3659
1822
3646
3724
3643
3679
2143
3653
1611
3722
3636
3699
3463
3669
1810
3674
3657
3691
3652
2485
2769
3669
3687
3580
3688
2141
3457
3647
3711
3653
2747
3649
1670
3687
3711
3662
2750
3058
3678
3679
3572
2217
2861
3685
3708
3640
3025
3689
1632
3704
3618
3682
3649
2558
3644
3712
3675
3664
3608
1796
2810
3678
3696
3684
3063
3569
3675
3661
3674
3650
2608
3284
3704
3671
3592
2391
2916
3693
3650
3689
2240
2956
3640
3659
3568
2450
2958
3628
3694
3599
2783
3083
3609
3703
3631
3143
2844
1944
1474
1308
2557
3170
3142
3460
3534
1810
1872
3584
3641
3551
3592
1902
2026
3657
3662
3529
1967
2092
3596
3660
3539
2035
2223
3603
3667
3535
1986
2164
3601
3661
3538
2182
2440
3602
3659
3541
2187
2425
3607
3666
3540
2390
2905
3606
3654
3542
2120
2517
3608
3662
3547
2756
3075
3610
3657
3543
2576
3002
3607
3650
3543
2493
2791
3611
3658
3545
2592
3084
3612
3659
3548
2069
2590
3609
3650
3548
2400
2836
3612
3639
3647
3648
2206
2802
3656
3662
1964
2008
2058
3082
3121
1414
1582
1395
2231
409
506
574
1874
2499
1549
2395
2116
1797
2101
2460
2631
2788
2926
3099
3274
3179
2230
2078
3201
3451
