4
5
6
6
162
290
445
602
754
876
1006
86
232
383
532
680
827
944
1082
1104
1131
1270
193
545
745
996
1409
1469
1504
1537
1572
1614
1658
1710
1763
1824
1884
1944
2009
2078
2231
2406
1815
1793
1771
1744
1693
1665
1595
1622
1685
1761
1806
1879
1931
1991
2055
2117
2172
2321
2900
2230
1869
1574
1552
1571
1655
1738
1804
1872
1952
2022
2085
2164
2240
2236
2622
2302
1968
1679
1577
1609
1703
1802
1812
3330
1884
1572
1530
1610
3192
1663
1809
1777
1446
1488
1563
3231
1679
2039
1770
1547
194
210
331
367
1299
1344
1408
1535
1676
1260
1316
1394
1423
1501
2333
2624
1575
1337
1359
1418
2686
3124
1492
1291
1364
2301
2570
1428
1322
1373
2172
2508
1448
1303
1389
3201
1439
1847
1510
1378
1453
1526
1836
2131
1572
1399
1459
3429
1524
2058
1640
1427
1493
1541
3547
1652
2356
1688
1452
1524
1632
2020
2422
1733
194
222
410
464
194
222
352
410
1299
1343
1405
1342
1395
1232
1291
1364
1420
1476
1558
1704
1729
1623
1316
1351
1421
1559
1593
1486
1297
1363
1493
1537
1428
1301
1367
1397
1399
1431
1298
1365
1453
1461
1428
1298
1366
1437
1467
1428
1298
1363
1497
1543
1426
1304
1364
1466
1488
1429
1301
1365
1474
1496
1432
1304
1369
1475
1508
1434
1309
1373
1486
1519
1436
1302
1366
1514
1546
1430
1303
1374
1607
1660
1434
1307
1374
1557
1612
1434
1305
1372
1512
1554
1434
1308
1370
1522
1570
1434
1306
1372
1510
1560
1434
1310
1323
1583
1647
1411
1339
1399
1680
1736
1464
1305
1374
1554
1611
1434
1313
1390
1567
1610
1447
1311
1375
1553
1621
1439
1317
1380
1590
1656
1444
1318
1378
1564
1633
1442
1324
1378
1601
1642
1444
1315
1381
1605
1666
1441
1315
1379
1599
1645
1443
1322
1378
1627
1710
1442
1318
1381
1619
1687
1447
1316
1380
1639
1693
1445
1315
1380
1623
1688
1442
1314
1379
1636
1702
1443
1318
1381
1716
1819
1447
1317
1385
1630
1729
1445
1323
1379
1702
1778
1444
1319
1384
1822
1926
1452
1319
1386
1774
1896
1447
1321
1382
1663
1754
1447
1315
1380
1681
1814
1445
1321
1379
1672
1762
1444
1318
1381
1670
1771
1448
1325
1384
1736
1839
1446
1318
1381
1662
1749
1451
1319
1381
1667
1762
1447
1325
1384
1676
1786
1448
1322
1386
1699
1797
1449
1321
1386
1856
1986
1449
1321
1384
1759
1891
1456
1322
1385
1741
1858
1453
1322
1384
1771
1867
1448
1318
1385
1729
1863
1447
1323
1384
1861
1984
1457
1321
1382
1824
1939
1449
1323
1390
1852
1934
1449
1322
1387
1729
1885
1449
1322
1383
1885
2021
1452
1330
1378
1752
1860
1447
1322
1388
1755
1827
1447
1320
1387
1726
1819
1448
1325
1386
1753
1853
1453
1319
1384
1801
1906
1448
1324
1395
1866
2014
1453
1323
1387
1786
1885
1452
1322
1383
1810
1901
1446
1322
1387
1769
1897
1455
1320
1386
1842
1971
1450
1322
1388
1777
1891
1449
1325
1394
1789
1925
1451
1327
1386
1881
1990
1450
1323
1389
1807
1939
1448
1327
1385
1897
1972
1446
1322
1388
1861
2042
1450
1318
1388
1923
2046
1450
1320
1394
1826
1997
1452
1328
1398
1925
2038
1456
1319
1385
1916
2014
1450
1321
1388
1925
2033
1448
1326
1391
1801
1993
1453
1322
1386
1974
2121
1449
1323
1389
1900
2084
1455
1329
1385
1869
2038
1453
1331
1388
1939
2037
1454
1327
1391
1872
2000
1454
1325
1389
1857
1981
1449
1334
1387
1915
2003
1454
1328
1388
1922
2048
1455
1326
1394
1922
2099
1459
1321
1385
1876
2013
1456
1327
1395
1957
2119
1460
1336
1384
1851
1976
1449
1327
1392
1948
2144
1453
1331
1393
2059
2261
1457
1323
1391
1855
1976
1453
1332
1394
1912
2064
1455
1327
1392
2094
2296
1457
1324
1389
1885
2062
1455
1328
1394
2071
2275
1457
1324
1388
2098
2264
1453
1321
1387
1857
1984
1453
1325
1393
1906
2062
1452
1319
1384
1920
2076
1455
1325
1390
2005
2236
1451
1327
1388
2072
2317
1450
1326
1389
2118
2361
1462
1334
1393
1951
2093
1456
1323
1386
1981
2114
1452
1323
1387
2023
2181
1451
1323
1388
1842
2013
1453
1322
1383
1808
1961
1456
1329
1394
1949
2110
1456
1330
1400
1927
2083
1457
1329
1392
1977
2157
1455
1322
1397
1964
2168
1459
1328
1399
2203
2419
1464
1328
1394
2156
2387
1458
1330
1397
2130
2288
1460
1329
1391
2113
2275
1453
1329
1389
2045
2279
1456
1327
1390
1986
2171
1456
1324
1398
2092
2283
1454
1331
1400
1850
2029
1462
1327
1390
1975
2115
1452
1329
1389
2103
2299
1460
1324
1397
2134
2319
1457
1325
1388
1968
2137
1455
1325
1392
2104
2324
1459
1322
1389
2085
2278
1453
1328
1390
2104
2305
1457
1322
1393
2078
2263
1462
1323
1393
1941
2111
1454
1330
1391
2025
2275
1453
1336
1389
2172
2355
1452
1336
1390
1979
2165
1457
1325
1388
2062
2249
1448
1325
1395
2160
2435
1456
1329
1394
1884
2108
1454
1324
1396
2133
2399
1448
1326
1391
2227
2428
1447
1323
1389
2026
2174
1447
1330
1392
2204
2394
1455
1326
1392
1974
2168
1462
1324
1394
2043
2283
1459
1335
1392
2253
2433
1452
1327
1392
2228
2503
1451
1330
1389
2014
2217
1454
1320
1385
2060
2316
1451
1324
1385
2091
2293
1458
1328
1397
2279
2504
1455
1326
1390
2278
2547
1461
1334
1391
2293
2483
1451
1325
1400
2056
2317
1451
1326
1389
2077
2248
1449
1324
1388
1918
2081
1457
1327
1398
2156
2415
1458
1320
1393
2261
2535
1449
1333
1390
2072
2257
1459
1333
1389
2206
2393
1449
1322
1388
2166
2309
1457
1326
1389
2298
2568
1453
1328
1393
1959
2161
1462
1332
1387
2029
2206
1452
1331
1396
1922
2245
1468
1326
1390
1824
2013
1460
1330
1394
2060
2241
1458
1332
1393
2108
2269
1458
1331
1398
2292
2540
1459
1337
1397
2283
2489
1455
1328
1397
2344
2594
1458
1328
1391
2175
2419
1455
1331
1395
2380
2556
1457
1327
1394
2128
2356
1461
1334
1394
2291
2498
1457
1324
1389
2061
2323
1452
1324
1399
2373
2583
1452
1322
1391
2081
2292
1456
1321
1395
2057
2296
1450
1326
1392
2182
2411
1457
1333
1402
2151
2360
1460
1336
1396
2316
2547
1456
1326
1389
2282
2472
1450
1333
1395
2118
2285
1463
1328
1401
2422
2701
1460
1324
1387
2217
2503
1449
1330
1400
2351
2536
1461
1335
1389
2355
2633
1457
1326
1389
2203
2451
1452
1333
1399
2331
2593
1461
1329
1392
2286
2590
1456
1335
1393
2188
2383
1455
1332
1400
2112
2370
1451
1335
1394
2156
2407
1459
1332
1396
2352
2581
1456
1334
1394
2312
2570
1466
1326
1391
2388
2678
1465
1331
1395
2355
2603
1455
1326
1397
2401
2727
1457
1329
1389
2137
2353
1457
1332
1386
2296
2596
1454
1334
1392
2341
2536
1455
1329
1397
2136
2328
1467
1327
1395
2419
2695
1451
1330
1399
2166
2350
1456
1326
1394
2183
2406
1458
1332
1389
2265
2641
1460
1328
1391
2225
2545
1452
1336
1403
2433
2753
1461
1333
1403
2408
2619
1454
1336
1391
2451
2660
1455
1328
1402
2182
2443
1461
1329
1404
2148
2427
1460
1329
1395
2365
2679
1463
1333
1389
2423
2758
1461
1328
1395
2135
2435
1459
1332
1391
2113
2393
1468
1330
1386
2126
2446
1458
1337
1393
2093
2369
1460
1328
1388
2488
2753
1464
1327
1387
2390
2673
1462
1328
1407
2389
2607
1457
1333
1403
2303
2536
1473
1325
1396
2458
2780
1467
1329
1394
2470
2798
1454
1339
1397
2419
2785
1468
1324
1394
2489
2907
1453
1332
1390
2399
2769
1461
1325
1389
2429
2657
1457
1330
1397
2459
2777
1457
1328
1396
2436
2790
1459
1330
1392
2406
2814
1459
1332
1385
2099
2392
1456
1332
1397
1971
2254
1456
1340
1400
2401
2680
1463
1329
1385
2459
2668
1460
1325
1393
2497
2838
1465
1330
1391
2417
2657
1462
1332
1392
2400
2665
1464
1325
1401
2135
2520
1458
1330
1395
2445
2728
1457
1327
1394
2246
2534
1461
1347
1402
2476
2759
1451
1337
1391
2193
2473
1464
1329
1393
2089
2445
1462
1338
1392
2144
2498
1468
1330
1405
2165
2547
1460
1331
1387
2161
2435
1459
1323
1401
2193
2487
1459
1335
1391
2425
2787
1460
1330
1395
2443
2718
1459
1335
1397
2115
2411
1458
1324
1403
2525
2793
1456
1341
1405
2233
2548
1459
1337
1396
2182
2604
1461
1332
1397
2203
2469
1465
1329
1397
2549
2921
1465
1323
1393
2579
2841
1459
1333
1396
2446
2870
1461
1330
1398
2550
2962
1461
1330
1401
2555
3007
1469
1325
1400
2768
3094
1458
1336
1407
2227
2886
1463
1332
1401
2285
2633
1472
1332
1406
2558
3032
1465
1328
1396
2488
2669
1460
1331
1402
2550
2964
1466
1334
1395
2291
2581
1456
1325
1393
2553
2789
1464
1326
1397
2455
2853
1453
1331
1395
2519
2953
1464
1334
1400
2409
2818
1462
1335
1405
2177
2481
1469
1335
1398
2490
2944
1467
1338
1395
2231
2522
1471
1330
1397
1982
2219
1464
1335
1394
2520
2792
1454
1334
1398
2268
2544
1459
1338
1400
2596
3042
1462
1342
1386
2402
2730
1460
1336
1393
2519
2935
1463
1334
1397
2243
2675
1463
1338
1402
2352
2692
1467
1334
1402
2287
2573
1472
1327
1397
2599
2985
1463
1333
1404
2492
2812
1469
1342
1396
2190
2498
1459
1325
1393
2251
2523
1456
1338
1403
2185
2387
1463
1337
1394
2542
2943
1456
1332
1403
2631
3081
1455
1327
1394
2422
2893
1463
1329
1398
2588
3038
1457
1332
1397
2547
2769
1465
1334
1397
2585
2993
1476
1329
1396
2574
2837
1461
1327
1391
2535
2983
1466
1333
1391
2469
2837
1461
1337
1406
2211
2498
1463
1336
1398
2128
2359
1461
1332
1395
2201
2611
1461
1332
1401
2501
2803
1461
1329
1398
2149
2443
1468
1331
1398
2090
2456
1472
1332
1394
2686
3054
1459
1330
1399
2537
2941
1462
1333
1408
2212
2449
1453
1334
1399
2255
2615
1465
1333
1397
2073
2442
1463
1331
1398
2524
2982
1460
1339
1397
2481
2845
1472
1333
1406
2238
2794
1469
1335
1394
2549
2984
1458
1337
1395
2245
2684
1471
1330
1401
2661
2950
1463
1334
1401
2167
2819
1469
1326
1394
2508
2936
1466
1336
1400
2578
2846
1465
1333
1409
2895
3197
1477
1338
1392
2206
2498
1453
1338
1403
2199
2714
1458
1338
1395
2645
3044
1463
1331
1393
2517
2821
1461
1339
1404
2488
2917
1466
1333
1404
2454
2894
1468
1333
1401
2541
2965
1468
1333
1398
2482
2904
1458
1334
1394
2236
2740
1465
1336
1403
2425
2973
1463
1336
1395
2501
2981
1467
1354
1398
2712
3250
1463
1332
1392
2538
3096
1465
1326
1405
2495
3101
1467
1337
1396
2248
2624
1478
1331
1390
2290
2618
1469
1337
1404
2552
2970
1473
1342
1392
2700
3072
1462
1330
1408
2210
2500
1464
1334
1392
2412
2694
1465
1332
1400
2503
2814
1470
1326
1397
2481
3017
1466
1337
1391
2650
2975
1466
1337
1394
2166
2633
1463
1335
1405
2193
2494
1467
1343
1401
2533
2809
1460
1330
1396
2560
2897
1463
1337
1408
2606
3006
1483
1330
1425
2571
2991
1492
1328
1400
2356
2720
1447
1336
1407
2533
2823
1474
1340
1403
2207
2547
1469
1334
1392
2700
3284
1460
1339
1404
2552
3068
1467
1343
1401
2643
2927
1463
1336
1397
2589
3033
1468
1335
1412
2716
3166
1479
1339
1410
2504
2790
1461
1344
1408
2310
2660
1479
1334
1406
1954
2112
1465
1346
1405
2184
2545
1461
1331
1395
2193
2484
1460
1331
1399
2505
2904
1477
1335
1405
2537
3009
1478
1343
1395
2593
2991
1473
1336
1405
2229
3153
1467
1333
1400
2550
2937
1472
1336
1407
2619
3051
1464
1346
1402
2263
2658
1474
1352
1396
2224
2922
1462
1340
1403
2597
2977
1475
1341
1404
2738
3031
1478
1328
1396
2218
2506
1460
1331
1405
2637
3133
1469
1337
1402
2750
3388
1470
1341
1411
2252
2711
1460
1345
1401
2355
2677
1461
1334
1401
2548
3029
1465
1343
1413
2959
3370
1473
1344
1413
2604
3030
1476
1344
1411
2677
3269
1463
1335
1397
2603
3015
1471
1337
1404
2678
3022
1472
1336
1399
2617
3180
1471
1337
1407
2755
3177
1472
1336
1407
2539
3029
1466
1345
1408
2030
2438
1470
1336
1401
2170
2444
1464
1343
1405
2919
3363
1467
1336
1397
2703
3217
1463
1330
1391
2613
2872
1456
1333
1406
2208
2584
1472
1330
1404
2211
2579
1466
1345
1411
2703
3071
1467
1345
1399
2347
2763
1464
1338
1398
2640
3100
1468
1340
1403
2551
2975
1473
1339
1413
2278
2551
1469
1344
1411
2567
3057
1475
1339
1399
2237
2595
1475
1337
1405
2913
3198
1466
1331
1403
2151
2508
1478
1346
1407
2625
3183
1483
1339
1398
2608
3118
1471
1343
1402
2624
3012
1473
1346
1407
2283
2584
1464
1347
1399
2592
3155
1467
1332
1399
2227
2643
1467
1339
1400
2366
2700
1473
1340
1403
2128
2470
1472
1334
1404
2390
2659
1474
1336
1402
2366
2628
1469
1343
1400
2523
3154
1466
1337
1410
2371
2777
1472
1340
1397
2689
3283
1478
1342
1404
2766
3132
1465
1345
1402
2844
3370
1468
1340
1396
2660
3009
1470
1334
1404
2386
2702
1475
1329
1398
2260
2536
1461
1332
1399
2876
3169
1466
1335
1396
2049
2242
1474
1338
1405
2201
2790
1482
1337
1407
2709
2977
1466
1346
1407
2109
2480
1485
1345
1435
2887
3453
1491
1333
1408
2944
3258
1466
1345
1412
2699
3432
1477
1329
1399
2767
3081
1480
1347
1406
2379
2708
1469
1341
1404
2604
3260
1473
1332
1402
2674
2940
1475
1332
1394
2508
2972
1478
1351
1412
2976
3418
1478
1338
1404
2202
2714
1469
1341
1402
2664
3350
1470
1334
1396
2510
3104
1473
1352
1423
2247
2799
1474
1347
1413
2657
2904
1475
1340
1405
2407
2749
1466
1341
1393
2959
3505
1470
1345
1405
2549
2799
1473
1346
1404
2740
3198
1473
1343
1405
2849
3189
1483
1333
1406
2662
3024
1466
1338
1399
2685
3119
1478
1339
1408
2199
2540
1479
1336
1406
2448
2872
1470
1346
1406
2662
3522
1479
1345
1402
2686
3103
1471
1334
1403
2577
2840
1462
1340
1394
2374
3072
1472
1341
1409
2635
3003
1468
1344
1402
2540
2858
1473
1334
1407
2893
3526
1481
1345
1404
2491
2860
1475
1351
1406
2586
2918
1477
1335
1404
2700
3050
1478
1341
1408
2368
2755
1462
1349
1412
2964
3490
1479
1346
1395
2941
3274
1468
1337
1411
2588
3325
1462
1346
1403
2666
3433
1482
1343
1405
2705
3323
1474
1349
1404
2512
2884
1472
1352
1403
2357
2735
1476
1354
1412
2796
3250
1484
1343
1407
2197
2487
1480
1351
1409
2941
3385
1481
1340
1412
2652
3256
1478
1343
1410
1469
2737
3029
1533
1337
1399
2817
3093
1468
1351
1402
2866
3348
1468
1347
1398
2562
2777
1470
1353
1409
3065
1472
1552
1542
1387
1456
2730
3004
1524
1341
1396
2906
3248
1479
1346
1398
2636
3278
1470
1358
1419
2350
2629
1475
1356
1403
2725
3098
1470
1354
1407
2855
3173
1475
1341
1412
3090
1466
1524
1541
1387
1459
2837
3346
1521
1343
1408
2814
3256
1473
1344
1405
2783
1468
1560
1538
1393
1458
2970
3327
1533
1336
1399
2187
2386
1464
1344
1407
2327
2947
1479
1336
1408
2590
3012
1466
1350
1404
2928
3214
1472
1338
1406
2652
1462
1584
1537
1392
1453
2855
3278
1524
1337
1423
2599
3175
1474
1349
1405
1897
2160
1464
1342
1401
2287
2867
1485
1348
1447
2683
3150
1505
1340
1390
3026
3490
1459
1350
1407
3042
3335
1472
1339
1414
2520
2984
1482
1355
1409
3017
1481
1597
1535
1397
1454
2532
2788
1522
1343
1400
2226
2652
1465
1341
1412
2272
2680
1487
1339
1412
2566
3087
1472
1339
1407
2885
3103
1461
1349
1402
2294
2736
1479
1333
1401
2277
2469
1481
1350
1411
3009
1473
1761
1538
1404
1458
2648
3166
1533
1339
1419
3133
1464
1468
1533
1405
1469
2941
3429
1526
1345
1404
3314
1461
1595
1535
1407
1455
2513
2825
1527
1346
1404
2318
2734
1477
1347
1414
2615
2818
1462
1346
1406
2964
3486
1468
1334
1419
2287
2725
1471
1347
1402
1475
1479
1973
1548
1398
1455
3211
1541
1797
1603
1448
1457
1512
3176
3602
1572
1344
1400
2378
3303
1462
1350
1414
2658
2936
1478
1342
1414
2914
3354
1462
1343
1415
2263
2674
1478
1355
1403
3389
3627
1477
1337
1411
2651
3619
1483
1355
1406
3308
1478
1702
1552
1397
1459
1526
1580
2368
1603
1396
1466
2814
1527
1617
1604
1399
1479
2683
2997
1541
1341
1400
2786
3476
1459
1341
1415
2893
3353
1468
1348
1411
2563
2911
1478
1337
1407
2621
2907
1479
1346
1412
2572
3070
1471
1347
1410
2548
2881
1472
1342
1408
2756
3428
1472
1339
1399
2695
3131
1470
1350
1403
3263
1468
1554
1542
1409
1462
3122
3593
1517
1342
1407
2765
3089
1481
1352
1404
2890
3355
1477
1332
1413
2459
2727
1469
1345
1407
2693
2840
1471
1347
1409
1468
1547
2603
1539
1403
1477
2239
3076
1526
1345
1416
3254
1470
1613
1534
1394
1484
2812
3516
1535
1380
1431
2955
1497
1526
1562
1404
1478
2511
2818
1536
1376
1447
2765
3625
1515
1370
1430
1497
2693
3091
1572
1324
1418
3124
3497
1495
1360
1413
1468
2726
1552
1746
1615
1423
1514
3177
3539
1588
1339
1409
1446
2468
2964
1567
1376
1455
1527
1530
1979
1602
1373
1465
2199
2545
1544
1345
1442
1491
2725
3485
1552
1350
1413
3349
1485
1593
1544
1408
1473
2365
2631
1540
1346
1416
2760
3066
1494
1348
1450
2900
1517
1531
1595
1397
1496
2806
1556
1595
1646
1424
1480
3192
3436
1535
1340
1417
1469
1829
2697
1556
1430
1487
2645
3424
1552
1341
1398
3510
1461
1660
1540
1402
1465
3021
3355
1536
1342
1412
3378
1470
1546
1526
1401
1472
2532
3068
1541
1339
1407
2843
3593
1470
1343
1414
2916
3353
1475
1347
1408
2288
2544
1480
1339
1418
1478
1521
2163
1575
1443
1514
1585
1619
2833
1650
1397
1477
2691
3035
1546
1357
1422
2962
1477
1635
1550
1399
1507
2451
2707
1570
1366
1446
1505
2387
3021
1557
1431
1470
3458
1557
2167
1623
1425
1505
2939
3394
1554
1356
1414
2722
1483
1549
1549
1420
1482
1552
2520
3206
1626
1369
1480
2870
1536
1634
1618
1405
1485
2817
1541
1719
1622
1413
1494
1550
1920
2256
1619
1389
1464
3136
1518
1914
1592
1405
1477
1544
1940
2436
1602
1416
1468
3626
1545
1973
1604
1479
1533
1628
2248
2691
1686
1431
1490
1546
1670
1944
1634
1409
1485
2257
2985
1568
1338
1403
1469
1479
1936
1545
1409
1500
2759
3154
1561
1358
1405
1500
1611
2021
1561
1439
1495
1560
2178
2600
1628
1398
1491
3266
1554
2102
1615
1389
1458
1527
1981
2177
1577
1457
1470
1575
2459
1638
1653
1716
1504
1590
1653
1655
3075
1732
1434
1558
1580
1663
2198
3245
1734
1435
1505
3583
1566
2252
1644
1415
1501
1574
1897
2159
1633
1394
1468
3558
1524
1800
1604
1401
1530
1555
1558
2273
1653
1433
1538
3522
1594
2280
1677
1485
1522
1592
1762
2778
1655
1402
1486
1542
1556
2100
1616
1439
1491
1565
1687
2473
1644
1450
1524
1566
1883
2488
1667
1430
1480
2776
3161
1528
1384
1475
3115
3331
1560
1437
1536
1594
2242
2888
1654
1412
1561
1549
1890
3099
1650
1487
1565
2929
1614
1720
1729
1466
1529
1635
1722
1901
2574
1808
1525
1554
1665
3341
1668
1854
1771
1448
1521
1606
2940
3652
1696
1399
1491
3021
3635
1543
1369
1384
1530
1541
3012
1612
1523
1598
2636
1688
1691
1772
1527
1541
1629
1694
2172
2459
1754
1460
1512
1535
1641
1643
2151
1690
1458
1562
1600
1732
2298
1702
1405
1515
1554
1890
2256
1636
1420
1529
3311
1572
1944
1646
1468
1570
3158
3546
1602
1402
1458
2574
3524
1537
1417
1472
1577
1603
2135
1716
1721
1784
1514
1596
1653
1729
2193
3417
1782
1460
1488
1537
2773
3585
1632
1377
1454
1514
1674
2349
1577
1395
1479
3397
1546
2090
1617
1452
1526
3486
1585
2275
1650
1434
1516
1598
2106
3578
1679
1549
1614
1690
2156
3454
1739
1436
194
1300
1339
1284
1321
1215
1287
1356
1430
1506
1872
1971
1572
1289
1356
1958
2132
1427
1296
1360
2144
2301
1429
1303
1364
2225
2391
1426
1295
1369
2023
2205
1430
1307
1371
2379
2566
1432
1302
1365
2447
2765
1441
1310
1365
2531
2927
1436
1307
1385
2495
2838
1430
1315
1369
2451
2966
1437
1321
1378
2612
2888
1458
1316
1372
2660
3064
1449
1318
1379
2467
2829
1451
1322
1383
3425
1445
1771
1506
1375
1437
1495
1723
2237
1557
1393
1442
2334
2696
1540
316
1287
1403
1350
1481
315
340
450
493
1020
1537
1547
1605
1605
1524
1535
1553
1573
1595
1616
1638
1915
2008
1629
1575
1577
