204
98
6
6
233
340
484
638
795
948
1062
1165
294
411
560
709
878
1020
1166
1340
1501
1698
1745
899
993
1220
1491
1753
1962
2069
2247
2399
2570
2716
2888
3028
3196
3330
3454
3533
3605
3661
2900
2916
3452
3645
3616
3616
3050
3560
3536
3547
3601
3661
3681
3680
3683
3693
3687
3768
3531
3723
3110
3780
3691
3756
3685
3521
3635
3680
3659
3743
3673
3753
3743
3145
3537
3767
3705
3706
3561
3673
3679
3572
3708
1996
3662
3731
3670
3658
2364
2523
3621
3719
3631
1572
287
391
450
2843
2102
2723
1683
1568
2543
2981
3331
3500
3562
3611
2270
2481
3651
3668
3559
3590
2261
2489
3651
3665
3530
2107
2423
3593
3657
3532
2229
2549
3597
3660
3539
2269
2644
3603
3655
3542
2115
2357
3601
3650
3543
2916
3686
1543
3655
3696
3685
2970
3575
3626
3702
3675
3656
3660
1856
2398
2647
284
358
417
2245
292
352
395
2843
2242
2664
1592
1458
2566
3375
3376
3531
3591
1633
1669
3639
3677
3541
3584
1525
1563
3649
3670
3525
3586
1530
1584
3650
3671
3524
1385
1393
3589
3652
3530
1409
1427
3594
3657
3527
1417
1434
3591
3656
3533
1437
1451
3599
3662
3530
1479
1503
3592
3656
3531
1457
1486
3593
3657
3537
1538
1591
3602
3665
3536
1459
1517
3602
3666
3537
1552
1590
3600
3664
3534
1498
1535
3601
3666
3536
1530
1567
3599
3663
3537
1511
1545
3601
3664
3538
1524
1583
3600
3665
3540
1535
1570
3603
3668
1537
1486
1527
3632
3632
3564
1585
1636
3637
3667
3539
1552
1617
3605
3664
3546
1586
1640
3611
3667
3544
1620
1683
3608
3667
3546
1579
1646
3610
3663
3549
1606
1674
3612
3673
3545
1607
1665
3607
3670
3548
1734
1851
3611
3670
3548
1705
1806
3612
3668
3550
1708
1803
3615
3668
3550
1627
1684
3615
3667
3552
1619
1683
3614
3667
3547
1650
1712
3610
3665
3548
1609
1680
3614
3670
3550
1595
1678
3616
3671
3548
1662
1741
3613
3671
3549
1658
1743
3613
3671
3552
1678
1744
3616
3665
3548
1792
1867
3612
3664
3553
1658
1730
3616
3667
3550
1744
1886
3614
3669
3554
1821
1903
3621
3664
3554
1690
1756
3618
3660
3551
1642
1745
3612
3672
3551
1663
1739
3615
3669
3552
1626
1711
3617
3667
3553
1716
1819
3616
3669
3552
1720
1808
3616
3667
3551
1762
1852
3614
3670
3553
1758
1848
3616
3670
3553
1743
1869
3617
3672
3551
1676
1787
3615
3667
3553
1725
1805
3617
3668
3554
1767
1915
3616
3670
3553
1868
2062
3618
3664
3553
1918
2021
3618
3668
3555
1679
1787
3620
3671
3554
1743
1829
3617
3669
3554
1741
1861
3617
3669
3554
1923
2059
3617
3668
3556
1897
2048
3620
3662
3555
1939
2121
3619
3669
3555
1774
1880
3618
3669
3556
1893
2052
3619
3665
3552
1861
1967
3614
3666
3554
1780
1890
3616
3664
3555
1788
1897
3620
3669
3553
1977
2083
3617
3672
3551
1762
1885
3616
3665
3553
1817
1923
3615
3665
3555
1955
2123
3617
3669
3553
1728
1865
3619
3665
3556
1768
1894
3618
3664
3556
1733
1851
3619
3674
3554
1942
2088
3616
3668
3556
1862
1957
3621
3663
3558
1839
1951
3621
3668
3555
1784
1920
3618
3672
3554
1806
1931
3617
3666
3552
1802
1927
3617
3666
3555
1877
2049
3619
3671
3555
1875
2016
3617
3666
3555
1846
1996
3620
3669
3556
1978
2094
3618
3667
3552
1855
1993
3617
3667
3554
1898
2090
3618
3668
3557
1838
2052
3622
3667
3557
1847
2008
3622
3670
3556
1884
2039
3621
3671
3556
1920
2094
3620
3667
3556
1935
2128
3621
3671
3558
2057
2309
3620
3665
3557
2013
2230
3622
3669
3556
2058
2267
3621
3668
3559
2071
2288
3623
3667
3556
1994
2079
3622
3664
3558
2019
2209
3621
3660
3557
2119
2321
3623
3669
3557
2093
2274
3622
3667
3559
2113
2287
3622
3666
3558
2068
2278
3620
3663
3558
1979
2168
3620
3671
3556
2108
2316
3618
3663
3556
1964
2135
3622
3664
3559
1963
2115
3625
3661
3561
1871
2057
3625
3663
3557
1923
2084
3623
3665
3556
2093
2250
3622
3666
3559
1937
2116
3623
3665
3555
1847
2014
3619
3667
3557
2092
2355
3620
3667
3559
2152
2350
3621
3665
3557
2092
2270
3620
3663
3558
1963
2140
3622
3662
3557
2098
2254
3622
3663
3555
2004
2166
3620
3668
3558
1944
2088
3622
3664
3560
1884
2033
3625
3666
3558
1958
2133
3624
3666
3559
2066
2334
3625
3668
3562
2049
2234
3625
3666
3560
2006
2175
3624
3670
3560
1882
2022
3624
3663
3562
1987
2165
3626
3669
3555
2006
2208
3617
3671
3558
1916
2077
3621
3672
3559
2161
2425
3623
3671
3557
1954
2186
3622
3671
3554
2136
2309
3616
3669
3554
1962
2143
3616
3670
3556
1980
2122
3620
3672
3552
2172
2437
3618
3667
3554
2184
2432
3618
3666
3556
2112
2337
3620
3669
3557
2137
2389
3622
3666
3554
2175
2458
3619
3667
3558
2229
2369
3620
3672
3555
1973
2143
3619
3664
3555
2015
2169
3617
3674
3554
2076
2342
3616
3674
3553
2025
2202
3614
3672
3556
2165
2341
3621
3668
3553
2145
2376
3618
3666
3552
1866
2055
3616
3668
3556
1974
2144
3622
3662
3561
2005
2219
3625
3669
3557
1984
2172
3622
3660
3553
2234
2430
3616
3667
3556
2064
2299
3619
3671
3559
2269
2521
3621
3668
3556
2247
2450
3620
3659
3556
2134
2272
3620
3668
3559
1942
2133
3623
3669
3555
2239
2502
3619
3663
3557
2203
2537
3621
3665
3559
2271
2546
3623
3667
3557
2260
2456
3622
3666
3560
2113
2305
3622
3673
3556
2106
2265
3620
3669
3558
2278
2589
3622
3669
3556
2045
2239
3620
3669
3558
2069
2294
3621
3665
3555
2060
2263
3618
3667
3556
2127
2308
3621
3669
3560
2204
2380
3623
3666
3558
2129
2289
3623
3668
3561
2050
2252
3627
3666
3559
2272
2578
3622
3669
3558
2289
2557
3623
3668
3556
2282
2576
3622
3666
3559
2284
2463
3624
3665
3560
2304
2540
3626
3669
3559
2302
2472
3622
3669
3561
2312
2524
3624
3674
3557
2114
2297
3620
3670
3559
2407
2643
3623
3667
3559
2195
2458
3623
3663
3558
2191
2528
3623
3666
3559
2334
2696
3622
3660
3559
2139
2352
3623
3665
3561
2272
2468
3625
3657
3559
2101
2367
3625
3663
3558
2073
2293
3620
3666
3555
2106
2363
3618
3668
3559
2268
2536
3622
3670
3556
2257
2487
3621
3664
3560
2296
2580
3624
3670
3558
2352
2690
3620
3659
3559
2340
2599
3621
3671
3560
2247
2511
3625
3663
3556
2315
2575
3621
3670
3555
2371
2621
3619
3666
3558
2225
2553
3620
3669
3558
2095
2293
3621
3671
3557
2078
2416
3620
3670
3558
2320
2707
3622
3668
3555
2197
2467
3619
3665
3557
2346
2652
3618
3670
3553
2219
2511
3619
3670
3560
2236
2474
3624
3664
3554
2102
2340
3618
3665
3557
2136
2359
3621
3670
3556
2511
2734
3620
3667
3559
2159
2522
3621
3664
3556
2365
2619
3619
3663
3559
2320
2520
3624
3669
3556
2426
2641
3620
3667
3553
2145
2527
3617
3672
3558
2411
2782
3620
3669
3556
2399
2727
3620
3665
3559
2325
2538
3621
3663
3555
2122
2382
3622
3665
3560
2491
2731
3625
3664
3559
2351
2689
3622
3668
3556
2229
2553
3621
3665
3557
2415
2711
3621
3656
3557
2346
2636
3622
3667
3558
2373
2597
3621
3665
3555
2408
2599
3620
3661
3561
2450
2757
3627
3661
3557
2296
2746
3620
3664
3556
2420
2786
3620
3667
3558
2365
2747
3623
3670
3559
2194
2448
3622
3672
3557
2426
2643
3622
3666
3559
2094
2498
3622
3654
3556
2482
2770
3620
3662
3558
2349
2693
3623
3670
3559
2424
2719
3624
3669
3561
2409
2615
3624
3667
3555
2152
2470
3621
3671
3560
2154
2391
3622
3666
3559
2084
2348
3626
3667
3558
2446
2777
3622
3668
3556
2453
2738
3620
3665
3557
2483
2792
3623
3670
3556
2437
2687
3621
3662
3557
2216
2520
3621
3670
3557
2123
2385
3621
3657
3559
2133
2448
3625
3666
3555
2119
2389
3621
3665
3561
2160
2506
3624
3663
3556
2101
2413
3621
3662
3559
2136
2400
3622
3663
3560
2445
2753
3625
3665
3560
2453
2780
3623
3659
3557
2383
2673
3619
3672
3555
2557
2799
3621
3665
3559
2552
2880
3622
3667
3558
2492
2890
3622
3669
3561
2226
2484
3622
3657
3561
2481
2824
3627
3665
3556
2483
2856
3621
3669
3560
2469
2846
3624
3666
3558
2458
2855
3622
3661
3557
2121
2421
3619
3665
3554
2086
2308
3618
3665
3563
2452
2877
3628
3663
3557
2530
2938
3622
3669
3558
2449
2860
3621
3658
3558
2488
2727
3622
3671
3562
2479
2731
3625
3670
3559
2416
2880
3622
3666
3559
2439
2827
3625
3659
3562
2529
2817
3623
3674
3562
2482
2858
3624
3665
3558
2475
2849
3623
3664
3557
2658
3051
3622
3663
3562
2508
2814
3626
3659
3559
2131
2482
3623
3667
3558
2483
2746
3622
3671
3560
2037
2230
3624
3664
3559
2201
2511
3623
3662
3561
2349
2762
3625
3665
3557
2547
2887
3621
3667
3555
2458
2901
3618
3667
3559
2454
2866
3624
3666
3559
2507
2889
3623
3668
3560
2522
2797
3623
3663
3558
2136
2529
3622
3665
3559
2524
2928
3624
3662
3560
2245
2575
3625
3665
3557
2461
2705
3623
3668
3557
2093
2485
3621
3659
3557
2115
2420
3621
3667
3556
2284
2732
3622
3668
3563
2460
2858
3626
3662
3559
2483
2993
3623
3664
3560
2583
2957
3625
3664
3559
2634
3027
3621
3665
3558
2374
2821
3621
3663
3559
2475
2897
3623
3667
3559
2721
3152
3623
3657
3560
2165
2458
3624
3655
3559
2212
2482
3620
3659
3556
2258
2543
3622
3669
3562
2614
2878
3626
3663
3559
2233
2537
3621
3665
3559
2299
2518
3625
3670
3557
2263
2637
3623
3661
3560
2175
2609
3623
3666
3558
2462
2856
3622
3668
3563
2587
2860
3627
3671
3557
2297
2590
3619
3673
3561
2548
2988
3622
3665
3556
2327
2602
3621
3666
3560
2472
2897
3627
3658
3558
2444
2932
3624
3671
3559
2667
3082
3621
3654
3560
2498
2786
3624
3655
3558
2573
2991
3623
3669
3558
2502
3069
3624
3657
3560
2579
2962
3623
3663
3559
2651
3028
3621
3665
3561
2501
2873
3625
3664
3560
2499
2892
3623
3667
3562
2245
2527
3625
3669
3562
2198
2566
3626
3664
3559
2571
2948
3623
3654
3559
2596
3051
3623
3671
3560
2628
3170
3624
3668
3559
2482
2938
3622
3670
3559
2606
2902
3620
3667
3560
2275
2578
3625
3665
3561
2497
3061
3627
3659
3561
2643
3079
3625
3672
3563
2563
2983
3629
3657
3562
2518
2792
3626
3666
3558
2576
2994
3620
3664
3561
2595
3077
3625
3658
3565
2514
3240
3628
3658
3561
2109
2673
3623
3667
3558
2782
3398
3624
3669
3563
2302
2657
3626
3660
3561
2156
2496
3626
3660
3561
2198
2458
3624
3661
3561
2542
2880
3626
3660
3564
2630
3058
3628
3661
3562
2630
3007
3624
3662
3561
2150
2567
3623
3665
3559
2695
3103
3625
3659
3561
2208
2659
3625
3662
3562
2121
2516
3625
3660
3561
2549
2967
3623
3673
3560
2071
2275
3625
3671
3560
2092
2296
3622
3659
3559
2207
2529
3624
3669
3563
2179
2424
3625
3666
3558
2026
2716
3620
3661
3561
2187
2498
3625
3673
3563
2173
2482
3626
3656
3564
2611
2998
3629
3654
3562
2210
2486
3624
3671
3562
2478
2926
3626
3652
3560
2535
2995
3625
3660
3560
2542
2958
3626
3666
3560
2598
3102
3626
3656
3561
2552
2988
3624
3668
3562
2590
3060
3626
3662
3560
2584
3373
3624
3663
3559
2365
2661
3621
3643
3648
2827
3129
3647
3659
3553
2479
2809
3617
3657
3569
2680
2958
3630
3665
3563
2543
3177
3627
3662
3565
2588
2822
3630
3655
3568
2345
2555
3631
3666
3566
2222
2760
3630
3666
3565
2725
3013
3629
3655
3562
2566
3118
3626
3658
3563
2635
3117
3627
3673
3567
2643
3149
3631
3661
3565
2749
3165
3629
3668
3567
2580
3004
3628
3663
3563
2548
2996
3628
3663
3563
2536
3064
3630
3664
3568
2685
2951
3633
3655
3562
2556
3008
3628
3669
3566
2578
3140
3630
3661
3561
2505
2922
3628
3662
3569
2268
2570
3632
3656
3565
2240
2678
3632
3659
3567
2266
2784
3630
3663
3562
2271
2748
3628
3663
3565
2525
2933
3629
3667
3564
1989
2407
3629
3661
3565
2560
3104
3628
3668
3561
2659
2937
3623
3663
3562
2294
2714
3628
3659
3563
2211
2695
3625
3665
3561
2538
3122
3624
3664
3566
2184
2484
3628
3662
3565
2288
2646
3628
3664
3564
2618
3026
3628
3663
3562
2584
2996
3626
3665
3564
2536
3175
3629
3655
3566
2794
3332
3630
3667
3561
2680
3084
3626
3654
3566
2221
2462
3631
3658
3561
2882
3109
3626
3662
3565
2233
2825
3627
3670
3568
2846
3350
3630
3660
3563
2150
2447
3627
3662
3561
2199
2567
3627
3664
3568
2581
3001
3631
3656
3565
2583
2985
3631
3664
3564
2165
2529
3629
3662
3562
2145
2477
3628
3666
3566
2593
2909
3629
3658
3566
2633
3097
3631
3664
3564
2587
2931
3627
3644
3654
2640
3089
3654
3656
3558
2539
3035
3621
3655
3569
2517
2921
3633
3665
3564
2648
3028
3626
3656
3567
2933
3185
3631
3665
3566
2139
2625
3629
3656
3569
2274
2660
3634
3660
3567
2586
3262
3632
3663
3569
2532
3084
3634
3660
3567
3633
1599
1867
3661
3658
3621
2591
3209
3661
3660
3567
2547
2943
3633
3658
3567
2520
2986
3632
3652
3566
2603
2997
3631
3664
3566
3110
3530
3628
3656
3567
3039
3633
1491
3669
3656
3621
2644
3102
3672
3661
3565
2773
3121
3629
3672
3566
2196
2648
3630
3660
3565
2497
2683
3629
3651
3568
2848
3348
3630
3659
3568
2490
3006
3636
3670
3572
2729
2957
3633
3662
3565
2484
2916
3628
3664
3562
2180
2428
3624
3667
3562
2315
2550
3623
3659
3563
2413
2725
3627
3664
3564
2821
3311
3625
3669
3565
2216
2502
3628
3655
3563
2603
3201
3629
3655
3570
2686
3186
3632
3650
3565
2743
2927
3629
3665
3567
2624
2864
3630
3644
3568
2737
3315
3635
3662
3565
2068
2390
3630
3667
3568
2135
2431
3631
3648
3566
2734
3230
3630
3658
3563
2632
3032
3628
3665
3565
2654
3108
3630
3659
3565
2669
3112
3633
3668
3567
2171
2695
3633
3656
3565
2557
3227
3629
3652
3569
2777
3277
3633
3664
3567
2484
2716
3630
3661
3565
2247
2573
3631
3660
3568
2645
2991
3633
3661
3567
2254
2628
3632
3656
3568
2491
2791
3631
3663
3566
2572
3230
3630
3648
3565
2580
2984
3632
3663
3572
3113
3515
3633
3664
3563
2335
2667
3623
3664
3565
2204
2414
3628
3663
3563
2597
2997
3628
3669
3568
2207
2505
3632
3661
3566
2608
3238
3630
3667
3566
2685
2965
3629
3665
3563
2228
2512
3626
3672
3570
2513
2811
3631
3646
3655
2350
2700
3656
3655
3554
2217
2495
3619
3655
3572
2739
2989
3637
3664
3568
2525
3635
1568
3660
3665
3630
2580
3028
3672
3650
3571
2379
2778
3635
3655
3569
2638
3290
3634
3647
3569
2866
3564
3632
3660
3568
2800
3237
3634
3658
3574
2337
2680
3639
3658
3566
2333
2795
3631
3646
3652
2508
3010
3652
3664
3559
2565
3157
3623
3662
3570
3062
3368
3636
3651
3567
2372
2656
3632
3662
3567
2420
2807
3633
3657
3569
2390
2680
3636
3654
3571
2862
3240
3636
3661
3566
2572
3047
3632
3664
3568
2690
3446
3630
3659
3567
2643
3306
3633
3665
3567
2520
3044
3632
3665
3565
2195
2630
3630
3664
3569
2951
3421
3635
3666
3570
2793
3329
3633
3657
3564
2566
3116
3628
3660
3565
2614
3008
3628
3660
3568
2733
3285
3629
3665
3562
2733
3281
3623
3654
3569
2202
2480
3630
3660
3566
2488
2755
3630
3655
3568
2207
2853
3633
3661
3571
2614
3071
3635
3654
3566
2598
3312
3630
3660
3569
2581
2933
3633
3668
3566
2648
3116
3630
3647
3569
2796
3133
3632
3658
3568
2657
3061
3629
3658
3563
2810
3142
3628
3653
3567
2127
2398
3631
3657
3565
2204
2492
3628
3665
3567
2710
3117
3632
3657
3570
2499
2973
3633
3668
3569
2558
2971
3631
3659
3568
2436
2912
3630
3657
3566
2222
2532
3632
3660
3568
2559
2977
3633
3666
3567
2306
2506
3632
3656
3567
2251
2591
3631
3667
3566
2234
2530
3630
3650
3569
3008
3484
3632
3668
3564
3037
3417
3629
3662
3570
2288
2533
3634
3658
3566
2255
2607
3629
3640
3653
2363
2728
3653
3659
3553
2569
3179
3619
3667
3571
2612
3276
3638
3658
3570
2838
3124
3634
3659
3564
3074
3626
1520
3665
3656
3623
2687
3195
3653
3653
3565
2608
3258
3630
3652
3571
2983
3235
3633
3666
3566
2637
2961
3631
3661
3569
2533
3137
3633
3659
3570
2599
3017
3633
3668
3568
2705
2919
3635
3662
3569
2800
3237
3631
3663
3570
3143
3519
3635
3663
3564
3117
3629
1657
3661
3663
3627
2308
2946
3666
3661
3569
2594
2942
3630
3651
3569
2448
2716
3632
3645
3564
2685
3374
3632
3670
3568
2776
3150
3632
3653
3567
2619
3391
3631
3664
3570
2076
2394
3632
3654
3570
2066
2336
3634
3654
3569
2294
2616
3632
3650
3565
2896
3526
3632
3655
3567
3074
3632
1596
3656
3659
3625
2366
2852
3656
3663
3567
2208
2708
3628
3664
3567
2764
3343
3631
3662
3570
2633
3081
3635
3658
3573
3234
3636
1545
3658
3666
3628
2840
3666
1618
3648
3672
3623
2848
3443
3664
3665
3571
3390
3634
1668
3658
3641
3709
3670
1578
2417
3651
3661
3616
2756
3116
3660
3665
3569
2887
3619
3633
3654
3565
2468
3630
1530
3648
3658
3634
2629
3191
3651
3655
3569
2226
2452
3636
3650
3570
2960
3474
3688
3646
3593
2716
3644
1578
3701
3649
3698
3562
3664
1792
3664
3665
3609
3667
3445
3645
1738
3727
3665
3641
2702
3529
3668
3665
3567
2905
3275
3629
3660
3566
3269
3628
1641
3645
3711
3712
3650
1767
2301
3723
3669
3623
3115
3297
3661
3655
3569
2093
2343
3633
3651
3572
3322
3636
1690
3660
3652
3632
2769
3277
3659
3655
3565
3510
3628
2020
3654
3655
3629
2836
3660
1649
3661
3652
3705
3553
3673
1925
3653
3664
3631
3660
2755
3269
3655
3652
3654
2693
3019
3655
3659
3561
3625
1638
2202
3660
3666
3636
2344
3588
3648
3649
3658
3410
3658
1772
3635
3712
3651
2931
3212
3656
3666
3563
2417
2807
3631
3652
3578
2445
2901
3643
3644
3680
3661
3657
1662
1880
3652
3720
3707
3672
1553
2015
3667
3658
3720
3667
2626
3022
3656
3650
3714
3651
3177
3533
3661
3668
3574
3623
2991
3305
3655
3665
3572
3479
3635
1742
3662
3640
3697
3657
1750
2164
3710
3716
3701
3659
1671
2109
3662
3677
3605
3668
1604
2142
3652
3644
3703
2593
2933
3649
3722
3590
3049
3629
1561
3700
3718
3663
2844
3484
3646
3662
3560
3502
3620
1696
3655
3660
3637
3646
1864
2602
3706
3666
3652
3667
1927
3036
3662
3639
3711
2745
3077
3667
3676
3580
3696
2800
3134
3664
3637
3686
3649
3002
3346
3668
3669
3574
3567
3689
1958
3704
3660
3657
3137
3667
1634
3638
3725
3650
2543
2900
3651
3708
3600
2439
3323
3639
3700
3598
2490
3105
3658
3647
3694
3648
3453
3700
2594
3704
3723
3667
3652
2685
3418
3724
3655
3710
3671
2137
3223
3651
3728
3652
3142
3664
1695
3663
3666
3628
3649
1565
1925
3709
3667
3649
2683
3625
3657
3657
3588
3633
2579
2951
3641
3717
3603
3632
1572
2069
3678
3691
3678
3112
3372
3664
3709
3596
3687
3210
3654
1688
3702
3711
3700
3325
3655
1955
3659
3723
3634
3673
1592
2158
3650
3655
3694
3654
1735
1997
3643
3715
3704
2260
2828
3672
3655
3550
2597
3615
1446
3663
3651
3631
3616
3656
2042
3666
3649
3691
2832
3647
3670
3659
3579
3628
3400
3668
1971
2409
2843
1981
1469
1317
2560
2880
2990
3404
3492
3566
3620
1963
2057
3653
3682
3644
3580
2215
2377
3641
3666
3525
1850
1992
3590
3653
3531
2072
2268
3598
3663
3533
1986
2268
3596
3662
3530
2105
2364
3595
3658
3532
2066
2333
3599
3661
3534
2684
2976
3600
3661
3541
2343
2622
3604
3662
3541
2555
3235
3607
3655
3542
2603
2983
3609
3649
3548
2544
3066
3612
3657
3546
2764
3291
3610
3662
3545
2884
3203
3606
3653
3547
2606
3150
3614
3666
3553
2745
3590
3657
3117
3123
1417
1643
1546
2263
392
511
576
1859
2473
1587
1835
2000
1808
2068
2334
2555
2680
2795
2912
2863
2183
1987
2814
3114
3261
3377
