4
5
6
6
161
297
448
606
760
888
997
86
233
374
525
677
824
974
1109
1126
1146
1173
193
461
713
942
1376
1467
1503
1536
1570
1616
1655
1707
1761
1819
1881
1947
2012
2071
2195
2400
1787
1763
1745
1713
1681
1675
1624
1634
1682
1743
1821
1876
1951
2001
2076
2826
3091
2126
1796
1511
1483
1511
1591
1662
1751
1811
1864
1966
2024
2105
2173
2471
2951
2243
1888
1609
1544
1625
1722
1836
2278
1808
1530
1532
1629
3265
1705
2375
1777
1513
1463
1533
1605
3503
1683
1903
1760
1494
1568
1692
194
222
336
383
1298
1345
1414
1639
1787
1259
1321
1373
1426
1510
2365
2594
1580
1356
1353
1431
2159
2477
1501
1301
1371
2232
2497
1433
1309
1366
2118
2406
1437
1308
1370
2272
2910
1448
1306
1383
2212
2487
1446
1325
1383
3387
1451
1485
1524
1382
1459
2657
3003
1512
1377
1427
2985
1512
1588
1621
1445
194
211
335
374
194
222
364
427
1298
1347
1413
1355
1414
1241
1315
1374
1407
1484
1609
1655
1560
1289
1358
1489
1514
1432
1298
1364
1489
1524
1430
1297
1361
1560
1608
1425
1294
1360
1414
1425
1426
1295
1366
1435
1445
1429
1299
1365
1441
1456
1433
1301
1365
1491
1521
1430
1303
1369
1474
1503
1436
1302
1369
1491
1521
1427
1299
1364
1472
1517
1426
1304
1365
1508
1536
1431
1302
1367
1497
1566
1433
1307
1371
1575
1629
1434
1306
1372
1607
1668
1435
1306
1369
1501
1539
1436
1305
1374
1540
1597
1437
1308
1371
1519
1564
1438
1313
1380
1560
1594
1444
1312
1377
1699
1769
1442
1314
1379
1671
1721
1443
1314
1381
1559
1600
1444
1317
1381
1571
1645
1444
1316
1379
1560
1627
1442
1318
1378
1593
1635
1443
1313
1378
1584
1636
1441
1314
1378
1630
1700
1442
1312
1379
1619
1694
1452
1314
1378
1650
1696
1447
1313
1375
1620
1687
1442
1313
1376
1617
1691
1450
1317
1383
1720
1783
1445
1313
1376
1658
1720
1442
1316
1380
1658
1722
1445
1319
1382
1636
1746
1443
1315
1384
1654
1734
1441
1314
1379
1654
1716
1444
1317
1384
1682
1758
1449
1327
1379
1691
1761
1442
1315
1385
1674
1741
1448
1318
1379
1649
1757
1447
1311
1376
1811
1912
1440
1322
1383
1676
1759
1445
1319
1380
1847
1935
1449
1323
1375
1851
1974
1445
1323
1386
1887
2008
1446
1316
1387
1693
1771
1451
1319
1390
1717
1816
1447
1320
1383
1761
1841
1447
1324
1384
1692
1801
1449
1320
1381
1685
1813
1454
1317
1381
1686
1795
1445
1318
1383
1757
1899
1454
1318
1383
1772
1883
1448
1319
1386
1867
2032
1446
1321
1383
1892
2010
1449
1317
1381
1815
1903
1450
1318
1386
1761
1850
1446
1322
1385
1792
1883
1449
1318
1390
1759
1844
1449
1326
1387
1936
2077
1450
1317
1384
1900
2024
1444
1318
1391
1828
1885
1446
1317
1385
1799
1914
1453
1321
1390
1881
1982
1447
1322
1384
1793
1950
1448
1319
1386
1952
2072
1448
1324
1386
1760
1863
1452
1318
1386
1984
2096
1453
1323
1391
1926
2024
1450
1321
1390
2059
2238
1447
1324
1387
2015
2137
1449
1316
1382
1825
1932
1446
1321
1395
1878
1993
1455
1324
1386
1843
1942
1450
1320
1382
1774
1900
1450
1323
1386
1823
1972
1447
1327
1387
1860
2008
1450
1322
1388
1847
1964
1452
1320
1382
1954
2077
1452
1323
1392
1900
2098
1458
1321
1391
1878
2025
1456
1324
1389
1955
2097
1457
1327
1388
1830
1970
1454
1320
1385
1869
2006
1453
1323
1388
1899
2038
1452
1329
1391
1860
2038
1454
1324
1389
2007
2125
1449
1322
1387
1870
1996
1452
1324
1393
1906
2025
1447
1318
1387
1782
1925
1449
1322
1386
1895
2027
1451
1328
1392
1870
1984
1457
1325
1390
1991
2182
1454
1322
1388
1960
2098
1456
1326
1391
2007
2173
1459
1327
1388
2091
2226
1448
1320
1385
1867
2026
1449
1320
1383
1942
2077
1447
1322
1385
2123
2320
1453
1324
1384
1874
2017
1456
1332
1391
2050
2213
1457
1326
1390
1993
2170
1452
1324
1395
1985
2144
1454
1334
1391
2016
2212
1458
1322
1392
2146
2307
1461
1322
1387
1967
2088
1450
1332
1397
2068
2200
1463
1322
1389
1880
2020
1466
1323
1388
1923
2116
1448
1340
1395
2073
2231
1452
1330
1394
2020
2163
1455
1331
1394
2087
2260
1461
1322
1392
2077
2250
1457
1323
1392
2078
2261
1452
1323
1389
2158
2390
1452
1322
1391
2181
2422
1454
1324
1389
1953
2099
1452
1329
1389
2088
2299
1459
1329
1386
1951
2094
1453
1322
1398
2145
2299
1451
1327
1392
2052
2232
1452
1330
1390
2078
2281
1459
1322
1392
2122
2319
1449
1324
1388
2223
2392
1455
1321
1388
1949
2164
1456
1329
1383
1937
2144
1451
1319
1387
1970
2153
1446
1323
1389
2145
2320
1451
1321
1385
2071
2224
1453
1321
1384
1984
2200
1449
1321
1384
2188
2416
1443
1323
1389
2108
2265
1448
1322
1387
2160
2407
1452
1324
1389
1829
1995
1455
1319
1387
2027
2265
1452
1316
1391
1942
2095
1455
1330
1391
2080
2331
1453
1328
1387
2287
2528
1456
1326
1383
2196
2481
1453
1329
1389
2253
2499
1455
1335
1392
2141
2364
1458
1333
1391
2193
2375
1450
1324
1390
2131
2302
1451
1319
1391
2109
2439
1456
1336
1388
2149
2315
1445
1323
1390
2223
2468
1460
1316
1380
2114
2278
1446
1330
1388
2094
2306
1451
1324
1386
2222
2479
1450
1322
1383
2079
2342
1448
1323
1388
2180
2400
1457
1317
1392
2228
2449
1452
1324
1394
2359
2527
1462
1319
1385
2038
2218
1451
1325
1387
2142
2378
1454
1323
1385
2193
2461
1454
1321
1385
2145
2388
1451
1322
1392
1918
2152
1459
1326
1393
2010
2213
1451
1324
1396
2180
2405
1446
1326
1384
2018
2218
1448
1332
1389
2179
2400
1460
1327
1385
2315
2611
1451
1322
1391
2296
2497
1449
1325
1386
2272
2501
1446
1323
1389
2319
2455
1450
1322
1387
2269
2521
1461
1326
1393
2037
2331
1456
1321
1395
2257
2498
1460
1327
1394
2114
2322
1456
1328
1392
2394
2611
1456
1324
1389
2337
2609
1454
1324
1383
2367
2583
1449
1321
1385
2025
2227
1455
1326
1386
2244
2544
1461
1328
1392
2293
2551
1461
1335
1397
2369
2653
1456
1329
1386
2140
2376
1450
1333
1388
2268
2566
1449
1319
1393
2376
2564
1454
1327
1388
2266
2577
1464
1326
1392
2310
2632
1449
1321
1389
2278
2564
1456
1330
1389
2263
2526
1451
1326
1384
2296
2507
1448
1322
1396
2128
2380
1455
1323
1394
2140
2397
1445
1318
1394
2161
2388
1456
1329
1388
2150
2424
1450
1326
1392
2326
2651
1462
1328
1389
2492
2761
1456
1322
1396
2312
2538
1464
1322
1387
2106
2371
1455
1329
1397
2349
2655
1459
1326
1399
2378
2577
1464
1330
1397
2479
2825
1454
1337
1389
2251
2632
1456
1325
1390
2369
2685
1460
1333
1391
2381
2705
1457
1332
1395
2440
2727
1453
1322
1386
2410
2708
1453
1325
1383
2081
2299
1465
1329
1392
2176
2385
1456
1335
1398
2274
2517
1453
1320
1388
2376
2742
1450
1323
1393
2467
2868
1451
1329
1390
2437
2788
1462
1325
1395
2397
2734
1469
1330
1395
2239
2492
1452
1330
1388
2454
2795
1450
1327
1396
2306
2572
1450
1326
1394
2186
2458
1454
1337
1389
2283
2599
1449
1324
1388
2470
2839
1451
1331
1397
2155
2545
1453
1337
1397
2447
2717
1449
1333
1389
2439
2719
1456
1324
1387
2473
2756
1449
1334
1393
2507
2803
1454
1329
1388
2076
2288
1456
1325
1386
2124
2522
1459
1328
1392
2472
2758
1457
1329
1392
2496
2773
1459
1326
1395
2161
2453
1457
1332
1398
2544
2772
1464
1333
1392
2108
2414
1455
1327
1389
2393
2737
1461
1326
1408
2426
2810
1455
1330
1389
2443
2694
1456
1335
1391
2121
2457
1452
1325
1386
2460
2714
1456
1325
1394
2180
2555
1463
1329
1393
2461
2805
1464
1330
1389
2589
3000
1464
1332
1397
2489
2848
1455
1320
1392
2498
2840
1456
1330
1394
2454
2867
1462
1336
1398
2528
2832
1455
1333
1392
2478
2806
1457
1337
1399
2149
2396
1454
1329
1389
2429
2861
1461
1330
1392
2488
2828
1455
1333
1386
2462
2679
1467
1335
1401
2497
2729
1460
1325
1394
2400
2626
1454
1332
1388
2152
2514
1457
1323
1393
2505
2735
1453
1334
1401
2221
2424
1454
1335
1394
2160
2437
1467
1333
1400
2130
2554
1466
1332
1389
2239
2521
1464
1321
1388
2133
2414
1455
1326
1388
2538
2972
1463
1332
1389
2511
2830
1470
1324
1391
2419
2734
1454
1331
1390
2548
2936
1460
1334
1394
1960
2405
1459
1332
1396
2488
2750
1453
1334
1393
2435
2699
1470
1332
1402
2506
2787
1459
1325
1400
2656
3062
1456
1327
1393
2569
2842
1466
1331
1394
2146
2394
1460
1326
1395
2359
2655
1451
1330
1392
2555
2965
1455
1329
1385
2551
3007
1454
1334
1394
2500
2802
1458
1333
1391
2493
2777
1461
1328
1393
2209
2595
1464
1324
1397
2497
2927
1452
1337
1397
2507
2855
1452
1331
1385
2625
3013
1454
1336
1397
2561
2924
1463
1334
1393
2563
2989
1464
1327
1400
2161
2470
1470
1327
1392
2278
2674
1464
1330
1394
2490
2961
1465
1325
1400
2624
3067
1464
1325
1396
2520
2852
1465
1327
1389
2555
2865
1463
1329
1399
2512
2927
1464
1334
1401
2489
2933
1452
1330
1399
2473
2785
1454
1331
1407
2159
2447
1458
1329
1394
2340
2597
1461
1330
1401
2195
2669
1464
1338
1396
2574
2868
1461
1327
1394
2644
3035
1465
1329
1403
2295
2631
1469
1325
1395
2181
2479
1470
1334
1389
2575
2961
1464
1340
1412
2560
3150
1463
1335
1396
2516
2876
1458
1336
1395
2553
2789
1458
1333
1395
2525
2925
1465
1325
1402
2614
3012
1465
1328
1393
2483
2975
1465
1339
1393
2565
3011
1461
1331
1405
2271
2604
1449
1329
1396
2112
2351
1452
1325
1394
2472
2838
1464
1332
1398
2624
3064
1467
1328
1402
2610
2920
1460
1335
1395
2559
2984
1459
1332
1408
2600
3007
1460
1332
1397
2603
3047
1469
1332
1402
2738
3178
1465
1336
1400
2688
3014
1470
1339
1401
2562
2980
1468
1331
1392
2546
2852
1460
1332
1392
2174
2634
1461
1329
1397
2583
3141
1458
1328
1397
2183
2443
1460
1332
1387
2259
2569
1460
1334
1403
2751
3035
1460
1331
1392
2194
2464
1462
1339
1399
2251
2545
1469
1342
1393
2180
2453
1471
1333
1396
2664
3064
1467
1325
1392
2538
2858
1461
1334
1389
2201
2397
1456
1333
1403
2495
2925
1464
1335
1395
2173
2630
1463
1335
1404
2730
3078
1459
1335
1394
2294
2657
1462
1335
1400
2145
2402
1465
1330
1400
2650
3000
1463
1327
1384
2637
3106
1458
1333
1401
2197
2534
1458
1330
1391
2661
3039
1466
1334
1399
2523
3023
1462
1328
1402
2164
2400
1464
1336
1396
2306
2672
1454
1332
1401
2275
2571
1468
1331
1401
2215
2665
1453
1341
1398
2658
2960
1469
1345
1400
2666
3076
1458
1332
1398
2688
3074
1467
1335
1393
2799
3259
1453
1330
1400
2670
2951
1468
1332
1399
2745
3107
1466
1334
1404
2760
3071
1464
1336
1395
2659
2979
1456
1330
1398
2168
2598
1471
1341
1402
2726
3276
1459
1331
1394
2736
3072
1472
1337
1398
2240
2584
1468
1338
1406
2270
2686
1456
1327
1397
2705
3126
1470
1332
1401
2577
3049
1471
1336
1394
2262
2680
1467
1338
1401
2539
2983
1465
1330
1401
2699
3101
1469
1338
1390
2648
3162
1461
1329
1396
2712
3014
1464
1337
1400
2684
3211
1472
1329
1400
2502
2816
1463
1328
1399
2568
2897
1465
1337
1404
2128
2772
1461
1324
1398
2456
2862
1461
1334
1397
2177
2479
1462
1331
1397
2551
3049
1469
1332
1396
2686
2950
1476
1340
1386
2336
2742
1456
1333
1401
2527
3001
1472
1334
1397
2203
2445
1464
1328
1400
2816
3146
1462
1332
1396
2536
3202
1463
1323
1396
2096
2402
1460
1338
1396
2254
2592
1468
1340
1399
2575
3039
1468
1332
1393
1963
2223
1468
1331
1394
2146
2382
1464
1343
1406
2610
3104
1475
1340
1399
2521
3059
1465
1339
1390
2674
3198
1465
1334
1395
2333
2857
1462
1330
1395
2529
2905
1464
1327
1398
2788
3154
1463
1340
1404
2664
3198
1471
1341
1400
2958
3362
1471
1336
1406
2560
2861
1456
1335
1399
2339
2749
1470
1333
1391
2511
2731
1462
1339
1393
2487
3423
1467
1333
1394
2564
2880
1469
1328
1395
1965
2136
1458
1332
1404
2478
2800
1471
1335
1392
2874
3149
1458
1336
1405
2797
3179
1467
1339
1399
2259
2506
1470
1331
1402
2702
2992
1463
1331
1399
2297
2591
1471
1337
1396
2280
2580
1461
1339
1401
2261
2573
1469
1343
1402
2270
2916
1472
1335
1398
2610
3040
1460
1342
1397
2239
2501
1477
1337
1401
2565
2853
1466
1341
1399
2895
3385
1466
1336
1390
2666
3208
1467
1337
1406
2568
2938
1463
1338
1396
2348
2608
1462
1330
1399
2361
2915
1472
1331
1400
2414
2808
1466
1328
1403
2491
2943
1466
1333
1395
2603
2981
1477
1334
1398
2268
2716
1462
1327
1392
2682
3000
1465
1327
1396
2528
2974
1464
1334
1400
2690
3068
1455
1325
1406
2622
3106
1461
1352
1402
2324
2731
1479
1345
1406
2706
3606
1463
1331
1397
2451
2929
1467
1333
1396
2172
2437
1475
1335
1403
2673
3105
1472
1341
1401
3031
3441
1462
1342
1407
2614
2888
1469
1331
1391
2357
3189
1465
1340
1406
2224
2512
1481
1338
1406
2602
3138
1476
1337
1398
2574
2830
1473
1333
1396
2752
2972
1464
1330
1395
2721
3147
1472
1342
1403
2325
2610
1478
1335
1431
2313
2654
1493
1322
1399
2701
3105
1464
1341
1400
2458
2840
1481
1337
1402
2548
2857
1463
1346
1412
2256
2513
1478
1340
1405
2955
3471
1468
1347
1402
2652
3124
1471
1337
1394
2804
3123
1460
1342
1416
2452
2716
1477
1341
1408
2689
3328
1469
1331
1395
2711
3209
1460
1344
1406
2708
3014
1471
1344
1414
2244
2664
1483
1331
1396
2342
2744
1468
1342
1409
2683
2999
1475
1349
1403
2815
3391
1476
1343
1395
2662
3379
1475
1336
1406
2520
2920
1468
1341
1395
2893
1477
1521
1539
1395
1453
2735
3103
1522
1337
1404
2980
3384
1473
1329
1406
2770
3334
1481
1346
1393
2895
3381
1465
1331
1401
2601
3071
1470
1336
1408
2780
3200
1472
1337
1400
2836
3198
1471
1340
1408
1908
2106
1465
1345
1405
3097
3479
1474
1341
1395
2588
3145
1469
1350
1411
2699
3121
1473
1337
1409
2285
2619
1472
1337
1398
2273
2543
1464
1349
1403
2611
3085
1478
1345
1406
2252
3037
1469
1335
1416
2796
3075
1472
1339
1403
2265
2573
1467
1348
1403
2235
2518
1474
1338
1405
2600
2987
1471
1339
1400
2742
3308
1467
1346
1402
2603
3060
1458
1342
1394
2474
3108
1471
1337
1410
2518
3124
1462
1341
1399
2261
2483
1469
1328
1400
2704
3250
1457
1347
1402
2898
3244
1469
1352
1396
3602
1464
1818
1532
1386
1449
3077
3325
1519
1327
1395
2369
2665
1466
1339
1396
2520
2964
1468
1335
1404
2882
3081
1465
1338
1402
2246
2588
1458
1346
1410
2438
2728
1478
1335
1403
2367
2985
1473
1336
1404
2850
3101
1460
1335
1409
2785
3201
1470
1326
1410
2603
2926
1474
1344
1394
2358
2675
1460
1364
1407
2783
3499
1495
1363
1422
2626
3064
1495
1321
1396
2868
3294
1462
1342
1404
2876
3208
1470
1349
1402
2894
3284
1473
1342
1405
2859
1464
1466
1537
1392
1457
2395
2813
1515
1347
1401
2579
2833
1472
1336
1414
2832
3437
1477
1339
1397
2669
3105
1467
1344
1417
2889
3479
1466
1339
1405
2907
3295
1467
1357
1406
2254
2788
1496
1361
1419
2914
3517
1487
1340
1395
2945
1458
1844
1521
1405
1466
3052
3588
1528
1324
1405
2137
2397
1470
1341
1406
3158
1472
1608
1531
1396
1451
2245
2919
1528
1349
1404
3244
3592
1462
1342
1407
3429
1457
1593
1547
1387
1481
1557
3473
1597
1698
1669
1389
1436
1504
2642
3016
1571
1324
1397
2659
3103
1464
1337
1419
3421
1470
1603
1569
1414
1519
2417
2755
1586
1344
1441
2531
2813
1506
1333
1399
1449
2995
3322
1519
1351
1407
2689
3111
1480
1338
1428
3230
1487
1831
1547
1390
1441
1499
1581
1823
2345
1647
1401
1494
1553
2809
3431
1611
1347
1382
1455
3145
1527
1652
1588
1397
1448
2746
3004
1524
1342
1401
2073
2319
1477
1335
1404
2073
2376
1477
1337
1402
2976
1466
1722
1533
1394
1463
2056
2463
1534
1337
1414
1466
1556
1579
1906
1615
1417
1478
2294
2485
1547
1331
1399
1479
1498
1995
1525
1423
1508
2510
3148
1559
1356
1409
1480
2732
3019
1546
1331
1386
3152
3522
1460
1340
1424
1482
2742
3186
1537
1333
1414
1468
1526
1784
2286
1591
1394
1440
2914
3378
1515
1342
1401
1468
2736
3308
1531
1327
1407
2735
3418
1459
1339
1400
3350
3620
1461
1343
1400
1458
3346
1527
1557
1592
1387
1446
3130
1508
1662
1576
1393
1451
1523
1525
2297
1603
1390
1507
1559
3076
1643
1732
1720
1408
1495
1574
1615
1972
3505
1710
1467
1487
1558
3286
1612
1630
1697
1427
1487
1557
2545
2891
1601
1366
1419
2721
3275
1513
1370
1424
1493
1553
1715
2065
1625
1388
1468
1531
1861
2188
1620
1392
1482
1532
1606
1884
2640
1668
1374
1456
1511
3403
1579
2115
1629
1387
1452
2562
2794
1510
1338
1407
3547
1464
1740
1521
1395
1468
2913
1534
1609
1590
1389
1469
2881
3503
1520
1342
1410
2804
3232
1480
1348
1413
1479
2567
2843
1539
1359
1425
1503
1544
2131
1559
1434
1502
1576
1829
2194
1621
1405
1468
1540
2684
3080
1592
1359
1397
1542
3604
1561
2131
1638
1443
1510
1562
1654
2220
3374
1705
1449
1511
1575
2079
3499
1636
1410
1467
2863
3486
1527
1379
1445
1510
1728
2602
1570
1426
1490
1556
1858
2346
1621
1397
1498
3112
3317
1521
1381
1448
3622
1501
2083
1604
1419
1502
3644
1575
1923
1641
1412
1493
1567
1887
3159
1614
1430
1484
1550
2090
2630
1615
1424
1465
3281
3659
1542
1364
1484
3402
1508
2066
1600
1448
1492
3494
1597
2059
1623
1453
1521
1596
2504
2977
1684
1457
1526
1607
2753
3407
1666
1408
1486
3016
3542
1558
1343
1444
3316
1494
1710
1567
1471
1559
3177
3597
1587
1349
1422
1534
1559
1936
1544
1486
1526
2990
3657
1612
1415
1433
2155
2368
1540
1397
1513
1537
1717
2863
1645
1430
1510
1599
1851
2183
1693
1450
1539
3305
1610
1822
1674
1407
1463
1549
2143
1588
1611
1702
1503
1585
3461
1642
1810
1723
1403
1488
1537
2485
2769
1589
1378
1432
1523
2141
3457
1579
1491
1557
2743
1649
1670
1697
1468
1516
2750
3058
1581
1356
1443
2217
2861
1496
1420
1503
3025
1570
1632
1696
1452
1557
1620
2558
3644
1697
1420
1554
1606
1796
2810
1694
1504
1579
3063
3569
1651
1370
1430
1480
2608
3284
1561
1400
1433
2391
2916
1530
1385
1482
2240
2956
1529
1318
1420
2450
2958
1466
1389
1499
2783
3083
1497
1405
1513
194
1302
1339
1272
1308
1200
1282
1344
1418
1492
1794
1872
1559
1307
1358
1427
1902
2026
1494
1289
1360
1967
2092
1426
1305
1373
2035
2223
1433
1303
1365
1986
2164
1435
1304
1366
2182
2440
1439
1315
1375
2187
2425
1438
1314
1376
2390
2905
1446
1304
1372
2120
2517
1442
1325
1384
2756
3075
1445
1313
1377
2576
3002
1450
1317
1373
2493
2791
1446
1313
1378
2592
3084
1449
1322
1385
2069
2590
1458
1328
1380
2400
2836
1475
1339
1418
1482
2206
2802
1540
1395
1392
2008
2058
313
1284
1398
1266
1395
313
346
506
574
899
1534
1545
2107
1796
1797
1802
1817
1838
1858
1879
1908
1931
1959
1970
2078
1731
1573
