204
98
6
6
233
339
482
626
783
956
1080
1134
294
411
558
703
870
1013
1197
1353
1540
1678
1811
867
923
1201
1454
1765
1933
2117
2207
2397
2548
2715
2867
3030
3180
3338
3449
3531
3604
2588
2419
3368
3502
3516
3564
2841
3538
3534
3503
3569
3623
3673
3684
3678
3695
3701
3692
3717
3741
2631
3775
3706
3695
3698
3597
3650
3680
3663
3738
3751
3767
3690
3775
3697
3147
3755
2419
3783
3711
3762
3662
3703
3010
3473
3658
3721
3647
3634
3673
2431
3076
3708
3659
3658
2932
3521
3646
3715
3570
3627
1704
2798
3688
3625
3697
2999
293
310
335
2843
2113
2768
1735
1664
2623
3105
3437
3512
3564
2214
2429
3612
3653
3592
3586
2476
2848
3648
3660
3529
2360
2882
3596
3662
3537
2454
2700
3602
3652
3535
2563
3009
3601
3665
3541
3603
1468
1784
3660
3658
3599
2082
2530
3650
3651
3547
2447
2769
3611
3651
3550
3683
1502
2136
3702
3650
3690
3275
3651
1685
3707
2196
256
329
365
2266
292
349
390
2844
2048
2665
1686
1540
2508
2940
3354
3502
3564
3617
1762
1799
3662
3669
3561
3587
1528
1576
3648
3670
3526
1475
1520
3592
3658
3533
1381
1386
3599
3662
3533
1417
1424
3597
3661
3531
1412
1438
3596
3661
3533
1453
1475
3597
3661
3536
1488
1517
3599
3664
3539
1469
1494
3603
3665
3538
1467
1492
3603
3667
3539
1515
1540
3603
3667
3539
1497
1524
3602
3665
3539
1492
1550
3602
3666
3542
1580
1634
3606
3669
3543
1618
1653
3605
3669
3542
1535
1574
3606
3670
3545
1622
1703
3609
3670
2194
1539
1588
3628
3705
3588
1586
1653
3655
3669
3542
1561
1606
3607
3666
3550
1557
1620
3617
3671
3551
1594
1634
3616
3671
3551
1622
1680
3614
3669
3545
1591
1663
3609
3669
3548
1580
1633
3613
3669
3552
1625
1682
3615
3672
3547
1722
1773
3610
3670
3547
1606
1697
3611
3661
3551
1754
1827
3615
3667
3552
1637
1694
3614
3660
3552
1599
1671
3615
3671
3547
1584
1640
3612
3671
3550
1758
1854
3613
3669
3547
1630
1692
3612
3669
3549
1643
1713
3613
3672
3551
1637
1738
3615
3666
3555
1706
1770
3618
3672
3553
1607
1689
3615
3673
3552
1642
1719
3616
3667
3552
1655
1741
3617
3667
3552
1717
1821
3617
3670
3552
1669
1802
3617
3674
3553
1682
1755
3615
3669
3554
1659
1741
3618
3666
3554
1695
1779
3621
3667
3556
1678
1784
3619
3666
3553
1803
1952
3616
3663
3554
1843
1923
3619
3668
3553
1851
1989
3619
3669
3555
1887
2035
3621
3669
3557
1877
2010
3621
3669
3553
1751
1848
3619
3669
3556
1787
1912
3621
3670
3557
1793
1883
3619
3663
3555
1886
2037
3620
3672
3553
1760
1851
3616
3666
3553
1770
1872
3616
3664
3557
1744
1888
3618
3671
3554
1761
1906
3617
3670
3555
1918
2073
3620
3666
3555
1737
1845
3619
3672
3558
1891
2102
3621
3669
3554
1791
1954
3619
3671
3556
1802
1926
3620
3671
3556
1994
2136
3620
3670
3559
1894
2010
3623
3657
3554
1819
1981
3622
3655
3558
1842
1937
3623
3662
3555
1942
2050
3618
3670
3559
1801
1905
3621
3662
3559
1796
1900
3624
3660
3561
1737
1822
3625
3665
3556
1825
1958
3621
3672
3558
1893
1996
3623
3666
3558
1870
1945
3624
3666
3559
1787
1921
3623
3665
3556
1842
2015
3621
3669
3557
1883
2010
3622
3672
3558
1963
2098
3620
3671
3556
1913
2040
3621
3669
3554
1995
2113
3618
3664
3558
1950
2089
3621
3666
3556
1838
1960
3619
3662
3557
1828
1965
3622
3665
3557
1858
1974
3621
3665
3559
1872
2034
3623
3663
3557
1813
1922
3621
3670
3560
1910
2023
3624
3666
3559
1801
1997
3622
3657
3559
2049
2183
3622
3663
3558
1937
2059
3623
3664
3559
1948
2078
3622
3671
3556
1887
2008
3621
3668
3559
2039
2168
3622
3671
3561
2020
2204
3624
3672
3556
2049
2264
3620
3660
3557
2075
2273
3619
3667
3557
1887
2037
3621
3670
3559
1937
2090
3621
3672
3557
1951
2138
3620
3666
3557
2075
2226
3622
3671
3560
1862
2002
3626
3667
3561
1822
1978
3628
3672
3563
2011
2144
3629
3672
3563
1993
2165
3625
3668
3560
2147
2286
3623
3675
3563
1976
2122
3626
3673
3560
1904
2041
3624
3662
3557
1865
1981
3623
3668
3559
2055
2245
3621
3668
3560
1910
2106
3623
3668
3561
2143
2367
3627
3664
3562
2142
2311
3626
3664
3562
1942
2165
3626
3670
3560
2129
2283
3625
3667
3558
2031
2234
3622
3666
3563
2031
2197
3626
3668
3562
1976
2207
3625
3667
3562
1933
2114
3625
3669
3560
2082
2239
3623
3668
3560
2036
2183
3624
3668
3561
2133
2290
3626
3670
3562
1977
2128
3627
3672
3561
2042
2201
3622
3668
3555
1979
2164
3621
3675
3558
1949
2138
3621
3667
3557
1951
2107
3623
3668
3560
1945
2150
3622
3668
3557
1961
2133
3622
3670
3559
2047
2255
3625
3670
3557
1965
2129
3621
3669
3558
2158
2345
3622
3664
3556
2074
2300
3621
3665
3556
2035
2228
3622
3674
3558
2040
2192
3624
3671
3558
2214
2438
3625
3667
3558
2240
2424
3622
3670
3556
1949
2104
3621
3672
3556
2045
2237
3621
3668
3557
2084
2275
3620
3671
3559
2054
2266
3624
3669
3559
2022
2151
3622
3675
3558
2059
2239
3621
3668
3560
2004
2225
3622
3669
3559
2014
2194
3624
3670
3556
2156
2382
3620
3664
3558
2080
2229
3623
3666
3560
1992
2261
3625
3671
3561
2219
2527
3625
3659
3558
1996
2146
3622
3670
3560
2223
2546
3626
3668
3562
2293
2459
3624
3669
3559
2071
2189
3623
3667
3560
2213
2445
3625
3666
3557
2217
2407
3621
3664
3558
2124
2296
3621
3672
3556
2106
2381
3621
3671
3560
2233
2508
3623
3664
3558
2040
2285
3622
3675
3563
2004
2220
3626
3656
3559
1986
2204
3623
3672
3559
2061
2275
3623
3667
3556
2151
2372
3621
3674
3558
2079
2370
3621
3664
3556
2210
2468
3620
3664
3559
2298
2493
3624
3669
3559
2094
2263
3622
3665
3559
2009
2282
3623
3666
3559
2201
2422
3622
3670
3558
2248
2521
3623
3667
3560
2027
2207
3623
3668
3557
2305
2628
3622
3664
3559
2295
2611
3622
3664
3560
2390
2684
3624
3673
3560
2300
2521
3622
3668
3557
2288
2570
3622
3665
3559
2165
2447
3623
3662
3559
2151
2413
3625
3667
3559
2356
2607
3624
3667
3560
2359
2603
3624
3665
3562
2328
2597
3625
3675
3560
2380
2557
3621
3667
3558
2094
2302
3622
3659
3559
2116
2333
3625
3674
3563
2085
2375
3627
3669
3561
2165
2410
3625
3671
3561
2321
2588
3625
3664
3560
2353
2653
3622
3668
3557
2329
2561
3619
3674
3559
2412
2719
3621
3660
3562
2122
2321
3625
3670
3559
2342
2646
3624
3670
3560
2312
2596
3626
3670
3559
2400
2685
3623
3666
3561
2112
2312
3624
3660
3563
2192
2465
3626
3666
3559
2129
2399
3621
3666
3558
2380
2620
3622
3652
3559
2322
2567
3624
3666
3558
2416
2652
3622
3669
3562
2401
2694
3625
3659
3562
2387
2729
3627
3670
3562
2448
2766
3628
3670
3562
2294
2519
3623
3656
3559
2377
2612
3625
3664
3563
2281
2511
3629
3668
3562
2179
2460
3625
3669
3560
2294
2653
3622
3665
3560
2378
2693
3625
3668
3563
2168
2560
3626
3665
3560
2394
2686
3625
3662
3562
2118
2336
3626
3666
3563
2446
2671
3626
3675
3560
2423
2708
3622
3672
3558
2362
2590
3622
3666
3560
2380
2733
3623
3662
3563
2407
2676
3627
3658
3560
2390
2652
3624
3664
3563
2375
2671
3628
3660
3562
2464
2804
3626
3665
3562
2450
2696
3626
3669
3566
2173
2423
3629
3665
3560
2231
2624
3624
3664
3559
2123
2381
3623
3670
3561
2160
2482
3628
3668
3563
2357
2627
3627
3663
3557
2513
2843
3625
3664
3564
2141
2547
3627
3670
3565
2261
2581
3627
3671
3560
2404
2776
3625
3670
3559
2448
2632
3624
3666
3558
2492
2877
3621
3672
3565
2519
2916
3627
3670
3559
2385
2641
3621
3665
3561
2405
2665
3623
3660
3560
2150
2510
3624
3667
3561
2203
2472
3626
3662
3561
2439
2823
3623
3667
3560
2545
2913
3625
3672
3564
2191
2447
3629
3665
3562
2492
2777
3626
3670
3562
2475
2930
3623
3661
3561
2499
2946
3624
3666
3564
2487
2857
3627
3665
3563
2486
2849
3626
3671
3564
2590
2981
3628
3664
3564
2487
2803
3629
3669
3562
2438
2798
3626
3660
3558
2138
2413
3624
3671
3560
2482
2915
3627
3654
3564
2476
2878
3630
3653
3562
2485
2859
3627
3674
3563
2471
2781
3625
3666
3558
2142
2404
3624
3661
3563
2126
2626
3628
3664
3561
2491
2733
3627
3668
3560
2584
2847
3622
3660
3562
2452
2858
3624
3669
3562
2476
2980
3624
3665
3558
2378
2800
3622
3666
3565
2574
3012
3628
3666
3563
2531
2963
3625
3668
3561
2420
2738
3624
3660
3561
2521
2951
3625
3670
3566
2580
2962
3628
3664
3560
2576
2900
3626
3649
3566
2264
2670
3630
3671
3564
2248
2417
3626
3659
3561
2460
2862
3626
3664
3565
2460
2878
3626
3665
3562
2603
2885
3627
3664
3566
2606
3046
3630
3661
3562
2609
2857
3625
3663
3564
2524
2891
3628
3661
3564
2590
2894
3628
3671
3562
2505
2785
3625
3666
3558
2511
2825
3623
3666
3562
2193
2415
3627
3673
3564
2260
2684
3628
3671
3561
2039
2243
3624
3669
3562
2021
2317
3627
3671
3565
2212
2578
3630
3666
3564
2621
2936
3629
3663
3563
2080
2358
3626
3665
3566
2191
2754
3630
3672
3567
2169
2610
3629
3669
3560
2517
2937
3623
3664
3561
2420
2886
3624
3668
3565
2635
3047
3627
3664
3565
2209
2529
3627
3666
3565
2171
2379
3630
3666
3566
2648
3037
3630
3666
3563
2206
2586
3626
3665
3565
2646
3046
3628
3666
3567
2444
2882
3630
3667
3562
2277
2583
3625
3664
3567
2441
2753
3629
3649
3564
2592
2974
3628
3666
3562
2561
2941
3627
3669
3566
2489
2899
3627
3665
3562
1968
2249
3625
3665
3560
2483
2923
3623
3669
3561
2492
2802
3626
3664
3565
2367
2627
3629
3662
3563
2289
2726
3628
3657
3567
2635
3040
3633
3667
3566
2620
2892
3630
3660
3561
2522
2902
3624
3663
3563
2634
2805
3626
3659
3567
2614
3156
3632
3672
3559
2594
2890
3624
3664
3563
2495
2739
3627
3662
3561
2308
2505
3626
3667
3568
2171
2521
3631
3658
3565
2169
2613
3629
3663
3566
2598
3064
3630
3670
3563
2428
2868
3628
3665
3564
2344
2688
3628
3666
3561
2366
2568
3626
3665
3564
2414
2742
3628
3659
3563
2234
2542
3628
3671
3565
2499
3078
3627
3657
3562
2698
3058
3628
3664
3564
2198
2466
3628
3664
3562
2457
2833
3627
3667
3561
2521
2989
3625
3667
3563
2523
2951
3627
3670
3563
2710
3104
3628
3660
3564
2131
2431
3625
3671
3561
2209
2505
3627
3665
3565
2491
2777
3627
3658
3563
2179
2562
3627
3661
3563
2167
2439
3627
3673
3562
2517
2804
3626
3659
3563
2265
2635
3629
3667
3565
2517
2921
3629
3660
3566
2622
2838
3630
3668
3564
2589
2987
3623
3659
3563
2541
2973
3629
3651
3568
2649
3115
3633
3666
3564
2345
2607
3629
3664
3562
2342
2536
3628
3672
3564
2285
2541
3627
3657
3564
2659
3329
3627
3655
3566
2609
2875
3627
3669
3564
2257
2569
3627
3666
3564
2300
2800
3630
3652
3563
2277
2615
3629
3667
3564
2278
2616
3628
3659
3563
2737
3244
3627
3655
3568
2488
2728
3632
3658
3567
2542
2976
3632
3661
3567
2539
2936
3631
3660
3565
2584
2818
3628
3664
3567
2540
2931
3631
3654
3565
2539
2951
3631
3664
3566
2583
2939
3629
3657
3564
2783
3321
3629
3664
3564
2533
2962
3629
3668
3567
2167
2463
3631
3669
3565
2145
2525
3629
3658
3568
2636
2885
3632
3670
3564
2718
3314
3628
3659
3562
2911
3185
3627
3658
3567
2206
2526
3630
3665
3563
2772
3182
3628
3660
3567
2485
3035
3631
3657
3565
2636
3104
3630
3664
3565
2265
2517
3631
3663
3564
2496
2810
3626
3648
3564
2225
2471
3625
3667
3564
2000
2274
3628
3668
3565
2644
3002
3630
3656
3565
2583
3092
3630
3653
3566
2571
2989
3631
3667
3565
2279
2597
3627
3655
3564
2689
3109
3627
3663
3565
2525
3021
3627
3667
3562
2453
2882
3626
3659
3563
2619
3063
3625
3656
3563
2803
3281
3627
3662
3559
2800
3234
3626
3656
3566
2758
3191
3631
3651
3562
2901
3263
3627
3665
3562
2220
2580
3630
3663
3561
2579
3221
3625
3664
3560
2636
3180
3622
3662
3561
2627
3055
3627
3656
3562
2153
2447
3627
3666
3563
2674
3027
3626
3663
3560
2634
3051
3626
3664
3565
2662
3155
3628
3668
3561
3307
3625
1526
3673
3664
3617
2759
3211
3673
3661
3559
2535
3129
3625
3668
3562
2763
3221
3627
3665
3565
2179
2489
3629
3660
3562
2183
2774
3625
3656
3563
2508
2784
3630
3655
3563
2333
3003
3631
3663
3563
2205
2468
3623
3659
3561
2120
2818
3626
3665
3563
2250
2648
3628
3663
3562
2492
2788
3626
3672
3563
2893
3165
3627
3676
3561
2718
3136
3622
3653
3560
2591
3311
3627
3658
3569
2384
2710
3632
3661
3562
2448
2907
3627
3665
3564
2602
2963
3626
3651
3566
2195
2709
3629
3676
3567
2484
2929
3630
3657
3565
2613
3098
3632
3648
3563
2548
3080
3628
3662
3560
2342
2663
3626
3651
3557
2366
2785
3626
3670
3564
2634
2912
3630
3662
3562
2802
3290
3628
3655
3565
2791
3201
3633
3654
3563
2651
2953
3627
3662
3563
2617
3077
3627
3649
3565
2970
3486
3630
3650
3562
2589
2929
3629
3659
3566
2628
2858
3628
3660
3565
2569
3071
3627
3661
3562
2248
2650
3626
3650
3564
2483
2809
3627
3658
3566
2636
3339
3630
3661
3560
2588
3036
3626
3661
3564
2147
2503
3631
3656
3562
2848
3143
3628
3665
3566
2572
2885
3632
3648
3565
2708
2989
3628
3660
3565
2821
3077
3627
3668
3565
2359
2995
3629
3671
3564
2818
3194
3626
3664
3563
2535
2905
3625
3655
3565
2680
3136
3628
3669
3564
2835
3311
3627
3667
3562
2617
2979
3627
3659
3568
2195
2483
3631
3658
3566
2306
2670
3630
3668
3561
2638
3014
3628
3660
3566
2582
3020
3632
3663
3560
2439
2997
3625
3664
3567
2738
3254
3630
3658
3564
2661
3105
3629
3649
3653
2690
3068
3652
3659
3557
2447
2778
3620
3650
3573
2535
3041
3639
3667
3569
2873
3327
3631
3662
3564
2621
3055
3629
3649
3570
2794
3326
3636
3656
3571
2623
2869
3635
3652
3571
2269
2783
3635
3657
3567
2808
3174
3632
3661
3567
2625
2845
3629
3666
3566
2511
3081
3629
3662
3571
2391
2975
3635
3661
3571
2632
3066
3632
3667
3566
2728
3208
3630
3647
3655
2643
3011
3655
3659
3560
2531
3008
3625
3654
3569
2546
2972
3632
3672
3567
2596
2876
3626
3659
3567
2563
2909
3631
3662
3565
2866
3125
3632
3658
3571
2883
3385
3637
3662
3570
3634
2529
2870
3657
3661
3565
2773
3104
3629
3664
3569
2141
2515
3631
3659
3563
2200
2571
3627
3665
3565
2883
3159
3629
3668
3567
2841
3459
3627
3662
3565
2787
3239
3629
3666
3568
2462
3148
3632
3669
3567
2268
2648
3630
3664
3569
2723
3085
3635
3648
3656
2806
3400
3656
3659
3556
2339
2574
3625
3655
3572
2504
2808
3638
3665
3569
2937
3266
3631
3653
3569
2553
2953
3633
3665
3566
2309
2671
3633
3660
3566
2695
3055
3631
3671
3566
2595
3179
3631
3664
3568
2848
3202
3630
3654
3567
2613
3049
3635
3662
3569
3188
3544
3634
3660
3568
2498
2800
3630
3655
3565
2479
2807
3631
3664
3572
2712
3326
3638
3652
3568
2543
2931
3633
3662
3568
2300
2752
3630
3659
3565
2833
3163
3631
3658
3570
2376
2828
3632
3653
3570
2427
2929
3637
3657
3569
2485
3277
3635
3659
3568
2426
2804
3632
3659
3569
2721
3293
3635
3662
3571
2654
3041
3638
3657
3569
2372
2702
3634
3641
3663
3663
1499
1810
3661
3649
3704
2833
3485
3667
3652
3558
2718
3084
3622
3659
3572
2170
2700
3636
3667
3568
2493
2875
3631
3662
3567
2677
3067
3635
3665
3570
2875
3471
3635
3652
3570
2563
3151
3639
3669
3568
2225
2957
3631
3663
3571
2719
3175
3633
3653
3567
3473
3629
1633
3666
3664
3629
2877
3529
3667
3663
3567
2497
3203
3631
3663
3568
2200
2476
3628
3652
3570
2186
2523
3632
3663
3566
2394
3154
3630
3662
3569
3412
3630
1660
3658
3664
3625
2890
3572
3654
3650
3657
3309
3658
1679
3643
3718
3642
2368
3018
3662
3666
3564
2708
3315
3627
3652
3574
2439
3285
3637
3662
3565
3629
1832
2180
3656
3663
3627
3128
3394
3666
3658
3578
3637
3653
1769
2104
3670
3666
3628
3152
3658
1537
3661
3675
3634
2660
3112
3656
3659
3572
3253
3633
1682
3658
3663
3628
2238
2534
3662
3666
3569
2755
3063
3633
3655
3573
2584
2898
3640
3658
3572
3636
1538
1873
3649
3647
3629
2979
3625
3663
3659
3572
2506
2748
3632
3651
3569
2798
3422
3634
3658
3569
3640
1490
2043
3660
3662
3634
2793
3313
3659
3663
3569
2581
2761
3633
3657
3572
2139
2391
3637
3652
3574
3072
3302
3640
3669
3577
2286
2560
3640
3640
3575
2514
2793
3638
3660
3565
3615
3631
1827
3663
3642
3701
2944
3410
3670
3663
3567
3634
2652
3350
3658
3670
3574
3452
3637
1773
3656
3677
3634
3163
3603
3661
3668
3568
3332
3630
1501
3653
3664
3627
3088
3662
1642
3664
3649
3712
2645
2962
3669
3659
3566
3001
3544
3633
3651
3579
2518
2866
3645
3659
3576
3180
3632
1481
3653
3639
3696
2373
3027
3663
3656
3567
3630
2439
2823
3661
3665
3574
2938
3632
1746
3640
3708
3648
3054
3656
1649
3651
3655
3690
3674
3419
3662
1893
3663
3650
3702
3149
3659
1879
3713
3646
3701
3676
1773
2247
3655
3655
3695
2833
3194
3661
3661
3574
2588
2913
3632
3663
3574
2771
3535
3639
3660
3568
2501
3119
3633
3654
3575
3635
1937
2309
3647
3668
3628
2644
2958
3642
3721
3605
3386
3646
3650
3659
3569
2512
3636
1647
3653
3654
3702
3654
1958
3150
3648
3727
3652
3189
3653
1797
3653
3713
3662
2978
3364
3632
3711
3609
3274
3694
1557
3659
3663
3655
3653
3077
3487
3642
3727
3611
3685
1700
3284
3694
3713
3652
3007
3281
3714
3689
3598
3549
3687
2077
3701
3657
3640
3598
3690
2085
3705
3671
3653
2716
3190
3618
3661
3574
3202
3640
1510
3654
3656
3641
3693
1682
2836
3662
3654
3697
3657
2002
2471
3706
3653
3692
3657
2771
3177
3633
3697
3682
3672
3524
3640
1920
3718
3656
3690
3294
3646
1745
3715
3642
3691
2630
2863
3662
3714
3592
3645
1742
2804
3632
3709
3673
3439
3665
2339
3641
3722
3704
2793
3078
3677
3655
3691
3697
2753
3497
3633
3707
3635
3664
2677
3005
3629
3714
3606
3136
3666
1828
3666
3661
3665
3655
2882
3216
3664
3658
3577
2730
3148
3642
3667
3577
2364
2558
3636
3668
3575
3404
3704
1820
3655
3717
3663
3457
3675
1780
3648
3735
3660
2512
2988
3654
3654
3574
3636
1597
2347
3635
3718
3668
3646
1857
2993
3647
3718
3702
3677
2453
3625
1643
3728
3680
3669
2809
3381
3663
3670
3581
3638
2161
3351
3641
3712
3701
3655
1672
2115
3669
3680
3621
2960
3634
3648
3710
3599
3329
3655
1573
3703
3711
3695
3202
3533
3624
3708
2783
2844
2008
1475
1281
2645
3091
3136
3469
3544
1800
1887
3594
3648
3536
3597
1933
2043
3663
3664
3534
2022
2250
3602
3666
3535
2407
2694
3600
3664
3534
2245
2547
3599
3663
3537
2342
2794
3602
3666
3539
2053
2295
3603
3661
3537
2235
2681
3601
3663
3544
2430
2824
3607
3664
3543
2464
2877
3604
3658
3544
2630
2961
3610
3640
3634
2562
3022
3634
3660
3544
2821
3143
3609
3650
3554
2091
2785
3619
3655
3553
2474
2900
3614
3650
3230
1925
2094
3078
3124
1416
1617
1436
2280
416
464
509
1980
2968
1704
2108
1600
2331
2559
2869
2987
3107
3212
3018
1976
2047
3307
