4
5
6
6
161
294
448
604
754
890
994
86
234
387
539
691
819
945
1054
1093
1114
1141
193
499
737
966
1388
1454
1488
1518
1556
1595
1642
1693
1748
1810
1868
1933
1993
2056
2149
2372
1806
1784
1755
1737
1692
1679
1615
1624
1692
1750
1814
1868
1947
1998
2079
3409
2126
2300
2210
1884
1580
1571
1593
1684
1775
1842
1931
1995
2077
2107
3320
2204
2228
2299
2000
1669
1599
1655
2879
3399
1721
1416
1371
1458
194
218
346
408
1295
1347
1413
1648
1784
1271
1344
1370
1446
2354
2748
1527
1348
1348
1423
2609
3133
1483
1295
1362
2228
2405
1426
1307
1369
2220
2533
1436
1299
1374
2251
2612
1440
1315
1380
2062
2474
1444
1322
1394
2342
2728
1462
1329
1420
2826
3061
1483
1359
1400
3556
1478
1910
1568
1422
1520
3020
3298
1578
194
223
309
336
194
222
307
335
1296
1347
1412
1343
1396
1241
1310
1364
1405
1484
1617
1646
1557
1278
1351
1469
1495
1419
1297
1364
1495
1531
1429
1290
1359
1489
1520
1420
1293
1359
1411
1420
1422
1295
1358
1427
1440
1426
1299
1362
1432
1448
1430
1299
1364
1460
1478
1429
1299
1365
1460
1487
1427
1303
1367
1502
1533
1429
1301
1370
1486
1512
1430
1304
1370
1512
1545
1431
1302
1367
1507
1547
1430
1310
1370
1504
1544
1436
1303
1378
1529
1569
1431
1305
1370
1514
1558
1434
1305
1367
1540
1587
1431
1306
1350
1519
1575
1429
1332
1397
1628
1671
1459
1305
1369
1562
1605
1433
1316
1383
1588
1641
1441
1314
1374
1605
1663
1435
1311
1376
1582
1655
1439
1310
1375
1620
1685
1438
1312
1373
1598
1643
1438
1315
1374
1630
1688
1442
1312
1378
1613
1689
1442
1313
1378
1724
1827
1440
1320
1382
1677
1754
1446
1317
1378
1626
1742
1445
1314
1382
1626
1677
1442
1319
1383
1682
1742
1440
1308
1374
1770
1835
1437
1319
1382
1641
1721
1446
1318
1383
1619
1686
1451
1321
1379
1649
1746
1442
1314
1378
1674
1765
1445
1317
1383
1761
1798
1445
1316
1381
1696
1767
1448
1318
1380
1706
1765
1451
1310
1378
1698
1798
1439
1324
1374
1678
1766
1441
1315
1382
1670
1745
1443
1317
1376
1663
1773
1443
1315
1378
1703
1763
1443
1315
1381
1741
1867
1448
1313
1377
1702
1799
1442
1318
1385
1691
1782
1452
1315
1377
1787
1874
1443
1316
1378
1656
1735
1446
1320
1381
1740
1844
1450
1319
1377
1671
1758
1448
1318
1384
1767
1895
1451
1314
1378
1783
1902
1440
1317
1384
1768
1882
1445
1317
1387
1826
1916
1444
1319
1380
1766
1864
1442
1315
1382
1730
1841
1442
1317
1383
1759
1832
1447
1318
1386
1810
1915
1450
1317
1379
1797
1926
1447
1314
1379
1824
1943
1444
1326
1389
1809
1936
1449
1324
1385
1777
1886
1450
1318
1383
1736
1899
1446
1324
1384
1832
1941
1452
1322
1384
1838
1960
1458
1317
1384
1796
1925
1446
1319
1391
1828
1925
1449
1315
1385
1841
1950
1448
1321
1390
1789
1922
1448
1323
1381
1858
2008
1449
1319
1383
1842
1938
1450
1321
1381
1959
2156
1448
1319
1381
1990
2174
1452
1319
1387
1852
1998
1452
1325
1383
1995
2173
1449
1326
1390
1789
1900
1450
1330
1391
1955
2166
1447
1320
1385
2014
2170
1449
1322
1379
1826
1977
1445
1321
1380
2009
2188
1449
1317
1382
2006
2130
1455
1321
1385
1916
2009
1447
1319
1385
1923
2074
1451
1325
1382
1965
2120
1451
1325
1379
1863
2018
1444
1319
1385
1919
2101
1457
1321
1387
1931
2085
1450
1322
1384
1902
2061
1467
1324
1396
1895
2057
1458
1323
1385
2005
2174
1459
1315
1380
1870
2033
1446
1321
1389
2081
2267
1451
1322
1389
1899
2040
1451
1325
1385
1898
2140
1448
1323
1386
2011
2171
1450
1319
1385
1878
2021
1449
1323
1389
1915
2035
1449
1325
1392
1888
2022
1453
1325
1387
2131
2347
1454
1330
1382
1882
2002
1457
1325
1397
1849
1976
1456
1326
1392
1960
2090
1451
1317
1382
1951
2139
1456
1320
1390
2162
2378
1449
1318
1392
2073
2250
1449
1323
1385
1953
2101
1453
1332
1387
1869
1998
1449
1319
1387
1928
2076
1450
1319
1383
2091
2216
1457
1323
1388
1945
2119
1453
1322
1400
2184
2358
1451
1329
1389
1944
2099
1456
1320
1384
2085
2301
1444
1323
1385
1955
2101
1447
1331
1392
2080
2211
1448
1322
1385
2007
2195
1458
1320
1390
1985
2164
1450
1322
1393
2060
2246
1449
1323
1392
2188
2409
1447
1325
1389
2003
2149
1455
1329
1397
2221
2496
1458
1335
1384
1852
1999
1451
1317
1383
1974
2118
1445
1322
1384
1947
2170
1450
1320
1385
1997
2157
1449
1323
1382
1987
2194
1451
1319
1385
1919
2174
1446
1327
1381
2251
2479
1449
1319
1385
2214
2379
1448
1320
1383
1983
2110
1448
1319
1390
2064
2295
1452
1323
1379
2239
2461
1450
1319
1378
2060
2276
1450
1317
1385
1931
2143
1460
1326
1386
1949
2138
1454
1323
1382
1984
2197
1449
1325
1384
2016
2221
1461
1323
1382
2212
2467
1455
1322
1381
2248
2453
1444
1334
1385
2050
2206
1456
1322
1386
2151
2396
1449
1319
1388
2269
2432
1454
1327
1385
2193
2399
1454
1322
1389
2161
2404
1457
1324
1386
2214
2466
1458
1324
1388
2028
2223
1453
1327
1386
2007
2200
1450
1330
1393
2167
2366
1468
1323
1382
2018
2191
1452
1320
1388
2082
2256
1450
1325
1384
2044
2213
1459
1336
1384
2286
2541
1453
1324
1389
2162
2334
1447
1321
1387
2231
2463
1449
1325
1392
2026
2360
1452
1325
1390
2291
2529
1462
1317
1380
1986
2192
1447
1322
1383
2157
2370
1452
1322
1386
2242
2549
1457
1322
1380
2190
2450
1447
1321
1391
2201
2469
1449
1321
1391
2101
2311
1458
1323
1386
2032
2230
1451
1323
1390
2098
2296
1454
1328
1394
2064
2240
1456
1321
1392
2356
2559
1451
1324
1387
2268
2441
1450
1324
1397
2241
2512
1456
1323
1384
2046
2270
1448
1325
1391
2319
2650
1455
1330
1388
2060
2337
1455
1325
1390
2306
2557
1459
1328
1386
2218
2525
1449
1331
1393
2330
2633
1451
1326
1384
2281
2492
1447
1330
1385
2265
2527
1455
1317
1392
2358
2602
1460
1336
1386
2316
2575
1451
1322
1382
2128
2350
1445
1316
1382
2124
2367
1455
1333
1389
2072
2301
1454
1323
1393
2391
2585
1452
1319
1390
2332
2682
1454
1330
1390
2378
2732
1450
1323
1386
2376
2706
1446
1329
1391
2385
2613
1457
1320
1384
2056
2338
1445
1329
1388
2079
2314
1453
1320
1389
2465
2736
1451
1324
1387
2145
2367
1449
1330
1390
2311
2553
1448
1318
1389
2473
2808
1448
1328
1396
1958
2152
1451
1325
1384
2092
2336
1453
1325
1393
2103
2357
1451
1323
1384
2439
2661
1449
1331
1389
2395
2653
1458
1323
1392
2166
2428
1464
1327
1393
2127
2453
1453
1327
1388
2368
2580
1459
1322
1391
2316
2674
1461
1325
1395
2420
2631
1460
1319
1381
2119
2362
1452
1321
1387
2113
2399
1446
1327
1391
2065
2377
1451
1329
1388
2223
2437
1449
1319
1390
2440
2662
1452
1328
1382
2473
2821
1460
1320
1388
2356
2636
1455
1331
1396
2402
2674
1456
1326
1389
2103
2367
1448
1328
1394
2202
2453
1454
1329
1393
2469
2775
1458
1325
1399
2495
2688
1461
1320
1389
2369
2629
1456
1327
1386
2116
2382
1447
1325
1389
2027
2448
1452
1321
1389
1939
2255
1452
1323
1392
2086
2360
1450
1336
1404
2459
2808
1450
1333
1389
2481
2810
1446
1323
1385
2055
2317
1459
1324
1383
2099
2397
1456
1326
1388
2414
2860
1458
1324
1395
2478
2815
1453
1318
1396
2426
2672
1450
1325
1389
2197
2441
1450
1336
1388
2210
2486
1469
1326
1385
2203
2619
1452
1329
1396
2484
2830
1454
1328
1389
2159
2475
1458
1326
1385
2123
2471
1454
1329
1392
2432
2666
1450
1321
1397
2171
2437
1460
1334
1396
2588
2919
1460
1327
1383
2389
2575
1460
1330
1390
2482
2778
1456
1327
1384
2243
2520
1454
1325
1391
2123
2415
1453
1331
1390
2466
2784
1456
1326
1391
2465
2769
1462
1330
1393
2511
2849
1455
1330
1390
2365
2659
1454
1324
1387
2446
2691
1462
1326
1386
2500
2921
1457
1322
1392
2144
2604
1454
1332
1391
2415
2692
1458
1326
1391
2155
2459
1452
1331
1397
2521
2865
1459
1331
1400
2498
2828
1458
1324
1385
2501
2949
1451
1329
1390
2546
2974
1458
1328
1406
2124
2400
1458
1326
1391
2403
2935
1455
1320
1388
2536
2909
1460
1323
1390
2571
2832
1451
1337
1392
2398
2711
1458
1331
1391
2633
3027
1461
1333
1404
2636
3037
1451
1330
1398
2474
2907
1459
1322
1387
2541
2970
1463
1325
1395
2335
2635
1456
1327
1386
2184
2494
1453
1335
1390
2438
2726
1464
1326
1397
2525
2973
1455
1327
1403
2511
2933
1456
1326
1383
2639
2898
1450
1336
1388
2308
2505
1454
1333
1394
2204
2660
1459
1329
1389
2241
2437
1460
1330
1394
2130
2606
1457
1318
1390
2190
2450
1446
1328
1398
2138
2402
1452
1328
1383
2481
2923
1456
1339
1388
2426
2808
1454
1345
1390
2038
2330
1461
1327
1393
2529
2964
1459
1334
1387
2531
2939
1459
1332
1387
2537
2727
1462
1327
1389
2281
2609
1463
1331
1388
2532
2946
1466
1333
1389
2495
2953
1456
1340
1390
2556
2944
1455
1334
1392
2590
3019
1458
1334
1389
2571
3073
1467
1333
1399
2087
2411
1462
1330
1391
2537
2789
1456
1325
1395
2547
2895
1456
1322
1393
2203
2781
1458
1331
1391
2241
2566
1459
1327
1390
2568
3044
1454
1331
1388
2489
2832
1456
1329
1400
2608
3062
1453
1331
1398
2544
2822
1456
1324
1398
2267
2558
1452
1322
1390
2652
2929
1459
1328
1393
2585
2847
1461
1319
1388
2106
2345
1457
1329
1389
2499
2949
1460
1328
1402
2640
2906
1454
1329
1388
2108
2603
1462
1328
1398
2518
2961
1464
1331
1386
2190
2534
1455
1326
1390
2502
2782
1459
1324
1394
2280
2554
1447
1319
1387
2373
2699
1458
1332
1389
2267
2516
1465
1334
1392
2628
3038
1458
1330
1398
2540
2872
1452
1326
1392
2844
3080
1459
1331
1395
2325
2613
1460
1335
1392
2304
2734
1454
1335
1398
2162
2434
1459
1336
1386
2452
2740
1459
1330
1396
2262
2602
1449
1327
1395
2123
2467
1456
1341
1386
2210
2580
1460
1335
1404
2518
2970
1451
1329
1392
2562
2796
1463
1337
1383
2125
2437
1453
1332
1399
2513
2987
1466
1325
1388
2168
2478
1454
1332
1396
2470
2956
1460
1325
1403
2569
2861
1458
1331
1399
2257
2561
1449
1328
1400
2535
2921
1460
1331
1406
2136
2344
1463
1323
1389
2271
2753
1466
1340
1398
2498
2874
1456
1342
1406
2708
2974
1461
1337
1398
2694
3120
1455
1336
1399
2185
2478
1460
1332
1391
2243
2647
1459
1325
1389
2231
2519
1454
1332
1387
2623
3193
1456
1329
1397
2173
2561
1464
1336
1403
2159
2480
1464
1332
1391
2757
3125
1462
1330
1392
2650
2935
1465
1333
1399
2625
3084
1453
1328
1400
2676
2933
1457
1330
1398
2497
2894
1454
1328
1388
2652
3118
1458
1330
1395
1935
2133
1459
1337
1405
2537
3163
1473
1326
1389
2582
3029
1461
1332
1395
2547
3071
1461
1329
1394
2292
2590
1452
1330
1391
2629
3076
1461
1329
1399
2691
3143
1459
1330
1391
2186
2735
1454
1336
1395
2635
3110
1459
1325
1395
2907
3371
1472
1344
1422
2728
3088
1478
1322
1390
2658
3163
1463
1339
1414
2704
3092
1465
1333
1394
2402
2736
1462
1335
1399
2510
3029
1467
1331
1406
2628
3016
1467
1333
1401
2521
2971
1477
1329
1398
2688
3298
1459
1335
1396
2828
3131
1461
1326
1400
2206
2506
1468
1328
1397
2201
2474
1464
1325
1403
2367
2809
1458
1331
1401
2411
2625
1466
1330
1394
2200
2468
1471
1335
1406
2570
3196
1481
1346
1432
2840
3106
1489
1324
1387
2759
3059
1458
1334
1404
2762
3086
1465
1340
1402
2238
2538
1465
1338
1403
2101
2367
1474
1337
1394
2188
2414
1465
1338
1401
2421
2765
1466
1335
1405
2595
2875
1463
1339
1388
2476
2806
1463
1335
1397
2213
2436
1464
1335
1391
2207
2458
1467
1332
1396
2602
3082
1471
1338
1401
2717
3271
1469
1336
1399
2585
3293
1476
1335
1408
2374
3154
1473
1338
1411
2715
3167
1463
1336
1395
2807
3117
1454
1333
1400
2188
2548
1454
1337
1390
2218
2610
1461
1328
1399
2855
3337
1470
1343
1397
2803
3199
1471
1330
1390
2327
2666
1468
1330
1400
2566
2877
1467
1335
1394
2164
2552
1468
1333
1393
2749
3313
1467
1338
1394
2806
3351
1473
1333
1401
2589
2906
1469
1330
1392
2499
3062
1457
1336
1398
2344
2754
1475
1326
1395
1999
2271
1463
1330
1398
2662
2903
1465
1340
1392
2152
2424
1465
1331
1395
3031
3511
1453
1331
1398
2661
3170
1464
1335
1404
2792
3244
1475
1335
1397
2759
3405
1463
1334
1396
2691
3062
1472
1331
1409
2651
3253
1474
1325
1399
2795
3077
1460
1334
1398
2768
3061
1462
1330
1397
2527
2889
1460
1340
1406
2286
2665
1457
1342
1402
2618
2960
1468
1338
1405
2957
3259
1460
1338
1409
3079
3631
1476
1339
1402
2149
2458
1468
1337
1404
2232
2500
1468
1335
1400
2936
3247
1469
1339
1388
2584
2998
1477
1329
1415
2667
3189
1461
1336
1405
2337
2611
1471
1336
1399
2093
2551
1468
1340
1399
2581
3099
1465
1340
1412
2782
3292
1478
1339
1400
2374
2710
1465
1333
1396
2734
3178
1469
1333
1414
2180
2535
1484
1337
1429
2709
3151
1509
1330
1430
2650
3164
1496
1336
1394
2220
2712
1465
1339
1399
2541
2929
1475
1338
1400
2600
2970
1471
1336
1408
2574
3000
1465
1339
1401
2753
3231
1479
1333
1404
2752
3396
1466
1340
1406
2592
2972
1465
1328
1404
2692
3136
1465
1339
1404
2724
3164
1462
1347
1409
2733
2998
1468
1340
1400
2570
3102
1469
1332
1407
2695
3143
1470
1330
1395
2665
2977
1460
1351
1404
2554
3082
1469
1345
1395
2621
3329
1467
1335
1394
2352
2796
1463
1335
1401
2767
3376
1473
1342
1410
2894
3150
1471
1332
1398
2560
2940
1465
1333
1395
2769
2973
1473
1340
1402
2438
2685
1466
1335
1399
2739
3101
1470
1343
1404
2370
2779
1466
1333
1393
2853
3219
1485
1336
1436
2212
2529
1495
1322
1391
2475
2731
1454
1339
1404
2284
2596
1466
1341
1400
2482
2796
1463
1332
1394
2710
3006
1462
1339
1410
2388
2685
1455
1343
1404
2980
3416
1463
1336
1393
3184
1469
1483
1526
1390
1455
2419
2703
1519
1326
1392
2166
2838
1465
1334
1393
2528
2787
1472
1344
1396
2808
3298
1466
1336
1400
2599
2979
1469
1332
1403
2485
3059
1477
1340
1404
2098
2345
1469
1331
1395
2275
2575
1464
1343
1404
2826
3322
1472
1332
1400
2314
2758
1462
1347
1403
2745
3267
1475
1341
1394
2170
2623
1464
1347
1404
2488
2728
1481
1334
1395
2947
3359
1460
1330
1403
2535
3016
1469
1334
1401
2677
3479
1466
1332
1409
2951
3410
1467
1336
1398
2576
3131
1475
1333
1413
2682
3179
1469
1342
1402
2322
2699
1460
1341
1404
2758
3013
1458
1344
1404
2778
3106
1466
1329
1400
2284
2649
1467
1339
1407
3227
1464
1543
1524
1394
1456
2918
3550
1522
1340
1395
2631
3484
1462
1335
1406
2568
3027
1462
1337
1410
2600
2928
1461
1347
1403
2803
3369
1465
1349
1395
2487
2685
1465
1343
1400
2670
3274
1470
1334
1399
2853
3141
1464
1342
1402
2238
2622
1466
1335
1408
2484
2956
1477
1337
1402
2196
2517
1482
1343
1406
2432
2811
1476
1340
1412
2636
3360
1470
1347
1396
2439
2753
1468
1334
1412
2804
2993
1476
1352
1404
2898
3298
1465
1353
1406
3476
1475
1725
1528
1383
1461
2425
2584
1527
1333
1395
2228
2721
1454
1340
1411
2609
2913
1463
1332
1411
2917
3300
1460
1344
1410
2610
2882
1463
1342
1419
3180
1466
1568
1529
1388
1470
2516
3586
1532
1391
1389
1470
2656
3098
1528
1332
1390
1464
2831
3266
1534
1325
1385
2335
2664
1461
1349
1405
2687
3103
1473
1337
1392
2336
2660
1474
1338
1400
2616
2845
1466
1332
1401
1469
1481
1841
1534
1399
1461
2671
3423
1538
1336
1424
1513
1991
2337
1576
1380
1471
3307
1547
1598
1596
1378
1443
2899
3311
1510
1355
1414
2728
1481
1550
1540
1397
1460
3184
1533
1764
1583
1386
1465
2968
3435
1519
1344
1410
2790
1471
1476
1528
1404
1473
3333
1522
1754
1605
1395
1477
3059
1543
1662
1612
1376
1456
2652
2952
1498
1371
1408
3352
1476
1730
1546
1384
1445
2715
3037
1514
1342
1399
2391
3039
1468
1347
1412
2676
2980
1485
1356
1412
3106
3432
1463
1348
1413
2085
2807
1467
1342
1398
2884
3492
1463
1340
1412
3452
1469
2009
1564
1425
1484
1580
1677
2140
1632
1420
1473
1548
1600
2157
1614
1400
1478
3596
1532
2102
1611
1388
1471
2886
1536
1559
1601
1395
1467
2960
1522
1804
1594
1396
1485
3585
1543
1761
1602
1382
1445
2045
2323
1533
1338
1445
3305
1503
1671
1569
1381
1467
1532
1534
2256
1604
1450
1525
2569
3612
1592
1327
1401
2731
3070
1449
1364
1428
3192
1523
1539
1580
1444
1529
2985
1603
1740
1668
1379
1435
1499
2617
1559
1572
1626
1384
1458
3236
1513
1707
1599
1403
1496
1554
1572
2437
1613
1399
1451
3245
1519
1571
1608
1393
1486
1544
1793
3298
1616
1385
1452
2308
2647
1520
1347
1407
3275
1472
1624
1544
1406
1470
1529
1645
1979
1602
1400
1461
1539
1543
2175
1602
1416
1513
1579
1723
2180
1657
1446
1481
1544
1611
1655
2127
1665
1396
1482
1542
1545
3260
1597
1389
1457
2763
3089
1512
1352
1420
1484
1642
2077
1544
1422
1470
3170
3589
1541
1391
1423
1523
1909
2580
1576
1455
1499
1568
1648
2073
1646
1408
1456
1530
3396
1589
1684
1650
1401
1461
2777
1547
1550
1606
1449
1498
3412
1555
1586
1667
1430
1516
1593
3017
3626
1640
1363
1441
1523
3543
1587
1790
1694
1483
1567
1629
2485
3599
1686
1450
1437
1500
1575
2285
3150
1633
1435
1511
1568
1594
2056
1629
1411
1480
2778
3472
1525
1368
1463
2752
3193
1496
1390
1445
1549
1562
2587
1592
1475
1519
3108
1570
1572
1675
1445
1516
2830
3261
1605
1342
1439
1520
2000
2650
1558
1430
1480
2854
3188
1539
1330
1400
3090
3349
1460
1357
1408
2632
3286
1467
1343
1417
2905
1469
1486
1539
1413
1470
2730
1542
1591
1605
1408
1479
3413
1528
1555
1608
1388
1502
2940
1556
1824
1638
1410
1477
3321
1541
1817
1615
1415
1486
1524
1930
2584
1594
1426
1490
3126
3568
1563
1408
1500
2774
1540
1597
1629
1432
1507
1572
1840
1659
1693
1740
1517
1605
1661
1909
2454
1740
1503
1461
1542
1620
1624
2344
1679
1379
1469
1545
2365
2757
1633
1450
194
1296
1335
1308
1344
1227
1302
1350
1626
1782
1436
1319
1382
1463
2043
2145
1532
1289
1356
1786
1891
1421
1298
1369
1921
2085
1439
1300
1367
2047
2281
1433
1301
1366
2341
2676
1436
1305
1369
2085
2405
1440
1301
1376
2069
2299
1430
1307
1369
2401
2785
1445
1305
1366
2362
2629
1438
1316
1385
2756
1432
1438
1501
1360
1421
2573
2829
1490
1308
1379
2705
3216
1445
1325
1383
2873
3563
1452
1331
1394
2164
2388
1467
1317
1394
1454
2212
2746
1513
1311
1327
1787
1958
314
1285
1466
1385
1492
313
764
915
964
1284
1463
1130
1463
1947
1961
1834
1917
1553
1556
1571
1587
1615
1646
1919
2051
1680
