3.268
3.369
2.555
4.302
8.140
35.260
56.458
120.762
143.216
223.846
220.715
63.759
188.579
291.832
150.983
76.230
85.453
260.509
398.995
182.721
83.842
65.675
65.178
70.901
73.442
76.308
78.925
84.834
84.291
108.447
83.440
109.119
85.859
106.362
93.296
94.113
97.777
93.119
104.088
140.927
103.019
100.359
97.510
101.768
142.107
103.483
107.411
107.977
109.162
107.185
122.675
155.619
106.258
105.498
112.480
103.733
106.544
119.142
119.422
110.232
109.632
110.917
103.529
108.791
118.596
123.051
127.077
52.204
302.957
129.174
79.145
74.470
75.308
81.452
82.699
82.215
84.877
87.609
85.138
84.787
85.440
87.478
87.251
91.704
93.455
94.230
97.373
95.581
94.499
91.153
100.866
136.155
100.043
96.872
99.481
97.479
98.365
97.068
102.414
101.517
110.294
103.489
96.873
106.246
105.201
103.632
103.888
96.613
80.365
262.853
287.587
143.161
86.218
77.606
78.477
74.887
79.160
79.518
75.281
82.562
88.030
85.972
84.376
90.263
93.432
86.948
88.868
91.069
97.052
91.849
91.434
97.220
94.088
90.131
98.886
100.051
95.814
99.002
95.909
98.242
97.669
110.536
100.752
97.011
106.590
114.309
104.916
105.743
101.827
103.367
105.088
105.509
108.025
147.967
107.433
111.193
102.998
113.183
106.350
914.987
74.022
98.095
102.724
107.218
110.612
104.703
108.203
101.285
106.851
104.777
101.326
105.015
106.242
103.402
104.507
102.486
104.087
102.909
105.612
105.939
104.484
102.108
106.894
152.940
111.240
104.257
155.252
102.096
108.185
111.278
108.424
103.897
110.899
111.675
158.564
109.545
113.898
155.663
106.075
110.755
153.532
111.133
112.575
107.881
113.170
956.068
76.100
100.511
110.451
107.595
100.832
103.774
107.698
112.554
75.952
253.454
883.049
72.182
97.938
91.654
93.092
88.054
88.200
89.985
92.947
91.376
93.545
95.073
99.168
100.852
97.899
102.086
98.544
108.536
101.035
97.228
102.078
145.750
103.476
102.625
108.763
109.443
108.481
126.415
110.312
148.901
108.283
108.205
110.163
112.848
107.823
110.488
110.204
160.869
107.633
124.502
106.240
101.169
112.663
112.110
165.475
112.281
120.371
82.964
272.141
293.837
145.468
86.992
76.108
82.410
82.454
84.129
79.302
79.729
81.387
80.384
86.250
80.976
85.854
85.436
91.098
91.273
87.273
90.366
94.324
99.658
90.651
103.155
92.879
92.081
94.117
105.723
97.264
100.405
109.201
100.312
101.152
102.584
106.499
151.834
106.969
103.927
107.104
111.031
99.218
107.710
108.203
109.265
98.058
103.433
102.920
116.710
110.011
104.549
939.520
79.666
164.110
101.195
103.040
104.160
111.539
116.281
154.423
106.746
110.283
113.478
103.158
117.374
132.113
80.597
268.135
304.258
121.610
83.229
74.501
76.315
73.918
72.455
75.570
74.416
82.270
83.365
76.138
84.002
79.169
84.427
91.813
96.187
91.726
93.393
98.598
103.059
100.268
99.743
104.440
99.719
98.188
101.448
107.215
113.251
108.941
150.732
107.373
113.228
865.104
74.917
99.807
100.906
120.067
102.253
93.369
98.346
105.342
94.909
96.100
99.421
120.259
110.661
137.306
99.489
99.810
112.342
50.300
263.129
48.540
298.577
403.931
149.108
64.973
59.285
59.353
60.375
61.791
63.618
64.101
64.465
69.388
68.378
69.552
71.589
72.501
75.960
78.145
78.875
81.029
85.005
821.677
52.693
80.227
101.273
111.893
126.702
129.705
135.301
753.694
47.966
71.762
89.704
104.992
115.497
124.776
131.764
135.418
142.433
138.979
143.486
145.035
146.237
145.992
150.409
144.560
145.141
142.453
142.323
136.109
130.522
125.707
120.379
748.919
48.784
71.456
89.796
91.945
90.209
88.701
93.077
92.610
71.595
73.182
75.006
73.434
75.607
75.388
79.420
77.393
77.662
80.782
78.964
80.718
83.474
83.663
88.596
88.614
86.005
87.119
86.862
88.458
89.239
92.002
91.970
90.455
814.668
60.460
87.101
89.128
92.815
92.390
89.880
91.339
91.400
97.098
90.402
91.177
91.177
92.228
93.263
92.061
93.975
93.328
94.480
94.295
93.746
94.018
92.358
95.147
95.168
93.168
94.998
94.612
97.191
96.753
93.979
94.503
97.072
98.727
99.568
112.421
815.308
63.224
92.767
90.764
91.067
93.696
90.977
92.991
92.039
93.068
92.295
91.501
95.354
90.798
93.496
92.562
88.572
90.111
91.347
92.863
91.885
91.610
90.798
101.415
92.746
93.276
94.478
96.291
93.142
97.626
92.147
96.624
95.662
94.679
96.477
94.737
100.163
97.067
100.355
98.881
101.331
101.230
100.395
100.977
99.878
831.813
64.064
92.588
94.175
91.951
91.548
92.355
95.028
94.777
94.466
93.297
93.325
93.181
92.288
93.509
93.022
95.786
96.030
94.032
92.922
94.869
94.462
95.915
93.935
97.201
97.734
94.001
95.521
94.550
96.358
95.514
102.054
94.503
94.698
92.673
97.008
97.605
94.552
92.848
97.361
93.898
96.537
96.290
94.425
94.836
98.606
99.132
102.188
104.156
98.191
829.604
63.150
92.051
91.624
800.639
63.981
92.574
91.119
92.715
94.439
92.868
93.919
95.385
98.482
98.656
94.197
95.414
94.764
97.221
96.613
96.723
99.711
99.634
96.434
99.021
105.161
98.752
97.751
97.786
100.898
101.647
102.809
97.582
102.887
98.309
98.854
97.799
99.288
98.774
99.100
98.365
101.118
101.584
97.730
100.218
100.583
101.158
103.458
99.750
99.036
99.557
103.329
100.336
101.105
877.026
62.673
92.018
91.146
96.804
97.546
96.567
101.482
94.619
97.490
100.350
94.478
95.550
864.548
68.923
91.076
89.876
100.014
92.452
90.621
92.167
92.990
94.143
96.298
93.662
91.462
92.351
91.556
94.400
97.073
98.521
96.698
99.299
95.627
103.463
99.467
96.451
97.583
100.289
101.567
97.298
97.153
101.304
104.410
101.169
98.001
99.693
104.664
97.538
99.946
101.144
99.215
99.418
98.097
100.243
99.710
101.128
97.217
102.501
99.069
100.381
100.534
100.323
900.741
62.381
91.887
91.498
99.295
99.347
98.508
99.259
95.727
99.008
99.772
100.974
101.467
95.525
98.891
98.352
97.500
99.357
98.157
99.548
99.572
99.885
97.072
838.438
63.863
94.649
92.312
93.207
90.559
93.525
92.436
94.716
94.365
93.313
95.804
99.924
90.279
94.618
93.577
92.849
95.396
92.815
92.670
92.164
93.505
96.653
92.474
95.627
97.709
96.539
99.825
97.193
100.642
97.215
98.592
104.166
100.113
101.034
100.015
101.766
101.853
99.116
100.411
101.920
100.742
98.869
101.067
104.741
100.614
98.533
98.744
104.265
104.593
871.040
63.109
94.088
91.447
96.693
97.440
98.410
98.817
96.268
107.467
93.422
97.365
95.682
100.383
94.636
100.487
97.693
102.307
98.764
97.265
97.478
97.435
99.747
98.766
97.892
99.426
97.342
99.147
100.004
101.181
98.078
99.148
107.234
820.692
61.032
94.871
89.869
91.337
92.993
91.351
94.217
96.012
93.253
91.949
96.853
90.423
94.194
93.106
95.314
94.873
92.966
100.395
90.593
93.628
95.452
92.238
95.253
94.401
93.780
94.042
94.145
92.975
94.096
94.157
95.084
93.270
97.550
97.410
94.600
101.072
100.588
101.170
99.546
97.475
97.625
99.978
100.648
103.011
106.202
100.846
103.308
98.778
97.590
880.969
63.191
91.756
90.494
94.305
96.043
95.725
96.807
96.536
93.514
95.816
99.774
98.331
96.119
98.662
102.000
97.835
95.345
96.571
98.800
97.669
98.538
97.615
95.878
97.842
98.593
99.793
98.639
97.021
99.733
99.339
99.853
101.106
102.036
99.648
100.842
103.792
103.740
97.555
100.369
100.326
104.151
860.372
66.071
99.426
96.977
90.785
93.894
93.284
95.102
94.148
92.653
91.253
92.905
99.889
92.909
91.882
88.144
90.119
91.784
92.385
95.095
94.570
91.774
93.549
93.434
95.398
90.634
91.003
96.734
97.632
94.478
98.139
95.100
93.629
98.576
94.830
97.402
98.900
97.841
97.412
98.812
100.023
95.743
98.014
98.270
98.383
101.662
103.724
108.931
101.651
101.611
893.217
65.920
95.036
95.592
101.569
98.198
96.053
97.412
99.966
104.057
98.889
101.791
98.026
96.614
99.553
96.871
97.007
98.007
98.217
96.968
97.430
99.784
100.732
99.522
100.633
102.061
100.431
98.975
98.799
100.345
99.246
99.461
98.641
101.469
98.277
98.445
102.528
101.838
105.757
100.666
101.599
102.591
100.972
101.475
105.011
103.902
104.979
905.923
69.167
100.701
95.405
800.962
68.082
93.374
91.464
90.021
100.077
92.402
96.072
99.292
96.128
101.268
98.366
100.856
100.485
95.392
105.448
100.026
102.665
101.420
97.279
98.184
102.006
100.393
102.846
99.541
96.933
98.849
101.163
101.167
98.746
100.106
99.918
100.492
104.028
100.821
100.467
96.203
95.419
102.625
101.823
99.716
105.542
102.552
97.732
100.082
98.212
99.146
98.883
100.731
103.754
886.979
61.749
93.292
90.807
94.018
94.762
98.125
96.546
96.742
97.716
102.801
100.465
100.047
96.207
97.076
96.917
96.069
101.217
103.232
98.420
96.468
102.830
100.051
100.415
98.062
103.387
100.263
97.796
102.363
98.778
99.311
99.178
100.040
101.352
98.014
103.425
109.834
95.041
102.727
101.036
100.417
97.476
104.896
99.106
106.937
104.538
101.503
897.521
65.943
94.355
90.501
95.658
102.579
103.087
98.290
92.873
103.645
97.405
99.762
103.038
111.012
824.171
67.150
96.249
91.669
98.227
92.040
92.183
96.839
94.773
98.374
95.321
96.672
96.258
97.661
95.611
98.129
95.795
98.651
96.835
104.757
99.332
95.969
100.764
95.368
98.941
95.980
99.466
101.031
105.669
99.945
102.065
103.109
100.304
102.041
101.015
101.672
100.994
101.258
99.446
108.087
99.125
106.461
100.057
106.870
103.028
103.553
99.248
96.845
103.734
102.883
893.027
63.587
92.117
95.499
96.155
96.313
98.323
99.771
99.206
99.134
100.868
100.097
98.985
97.870
97.576
103.924
96.904
98.954
96.920
100.397
101.474
101.412
100.229
99.077
95.718
102.164
96.577
98.868
101.394
98.642
101.643
104.319
103.155
99.694
104.586
101.289
100.942
100.505
103.289
99.773
104.728
107.041
101.380
102.315
103.560
98.589
104.269
880.230
65.332
92.121
95.948
102.372
100.643
99.473
95.346
97.631
97.542
97.976
97.507
95.202
100.907
100.437
104.232
99.124
102.363
97.956
102.120
104.572
97.607
102.605
855.488
68.884
91.274
96.597
97.826
99.176
91.803
95.432
91.463
96.811
90.919
96.432
95.466
97.537
96.782
96.991
97.944
95.095
96.884
97.850
95.137
98.159
97.913
97.810
98.209
100.321
104.655
100.023
96.434
101.177
105.270
102.349
104.449
100.555
99.775
102.148
101.220
101.788
106.517
108.497
103.168
99.422
99.999
101.008
106.868
105.128
98.469
101.954
102.002
101.339
892.353
62.621
93.144
96.344
94.169
101.278
101.748
98.795
98.375
100.483
101.406
98.182
97.834
100.106
99.007
104.717
100.783
99.334
99.356
99.431
106.188
101.607
104.255
98.126
98.732
104.227
95.575
98.664
100.863
108.713
100.131
104.783
99.152
99.572
105.881
97.604
103.821
103.747
101.159
103.097
101.059
98.337
98.436
101.356
101.275
102.428
106.165
885.804
67.740
95.837
92.138
93.949
105.256
98.051
97.443
95.298
97.157
97.521
94.736
101.732
101.896
104.637
96.740
101.357
98.136
100.256
98.110
98.748
105.006
101.476
104.041
99.290
103.888
99.096
97.914
105.565
104.816
107.770
844.603
65.717
93.838
91.221
94.833
92.767
93.413
92.963
89.766
94.945
92.817
93.431
91.589
94.936
94.963
96.576
94.800
98.267
106.263
89.135
93.961
100.029
97.512
97.155
97.979
96.361
96.024
94.757
97.355
101.069
100.045
103.507
94.526
96.456
101.632
101.106
101.252
99.470
103.650
94.435
96.326
101.710
99.761
101.161
99.239
99.916
100.440
101.504
98.341
100.776
901.523
68.873
94.972
95.523
96.267
99.465
95.178
99.545
106.866
96.662
95.268
99.851
97.768
102.261
99.174
100.606
96.274
102.558
98.383
97.776
98.039
95.108
100.903
98.712
98.722
105.035
99.473
100.551
103.452
102.076
99.068
97.334
99.050
106.947
101.772
105.427
100.257
98.585
102.155
101.693
98.076
101.493
102.790
105.514
98.721
103.937
104.422
887.525
64.804
90.261
92.584
91.875
101.317
103.470
97.528
96.790
102.094
101.882
104.056
103.545
100.394
99.948
100.543
100.147
98.335
105.482
96.231
99.760
103.762
100.207
97.005
97.894
99.333
104.205
102.683
102.611
104.033
96.611
97.788
106.842
99.580
104.879
100.332
99.107
97.800
98.231
908.406
61.624
93.148
92.410
96.918
92.481
104.772
89.709
94.620
92.804
90.519
88.673
92.184
96.547
95.040
96.881
95.493
97.246
98.011
91.215
92.526
94.327
98.811
97.076
96.230
103.797
91.540
92.483
93.341
101.584
94.006
93.356
100.516
100.365
100.318
95.855
93.320
98.027
93.738
96.509
99.241
95.752
100.275
99.139
99.302
114.634
101.338
99.238
98.945
102.653
875.372
67.157
91.379
96.087
92.731
104.305
97.843
104.097
99.815
102.303
101.324
99.166
98.515
100.908
96.700
102.578
98.064
100.106
102.425
104.454
103.485
98.494
103.733
98.128
102.475
108.646
103.093
101.164
101.269
101.709
102.657
106.009
102.061
101.724
104.142
96.850
99.618
99.943
103.308
99.673
101.879
104.990
103.372
102.656
104.902
99.700
104.977
882.614
62.065
93.503
95.023
100.068
100.246
101.086
100.465
99.006
98.724
99.042
103.276
101.961
100.215
103.383
99.471
97.431
95.993
101.860
99.526
96.112
99.522
98.921
98.792
101.201
103.323
105.238
101.407
105.397
103.194
103.255
102.211
98.955
100.151
101.220
99.916
98.690
101.862
101.375
109.417
107.241
100.803
101.163
103.305
98.811
104.454
97.543
921.110
794.458
67.711
94.953
97.508
94.142
97.482
97.232
93.540
96.606
101.420
104.394
106.477
110.045
107.335
99.252
107.416
101.257
104.546
100.739
103.572
104.259
99.578
100.576
107.063
103.256
100.990
100.282
100.489
108.665
101.111
104.791
103.808
105.306
100.576
101.090
103.180
100.665
101.157
101.139
102.952
102.615
103.909
100.788
115.665
99.505
105.177
100.562
101.274
108.415
100.225
886.144
64.928
92.118
92.819
89.263
93.902
99.835
104.751
101.584
99.936
102.565
101.360
101.533
103.769
97.654
98.924
99.096
100.849
105.449
100.094
104.845
99.493
99.272
101.478
97.878
98.758
101.660
99.464
102.744
101.030
99.450
105.417
100.926
98.045
105.695
103.895
101.110
102.154
99.313
99.926
97.691
106.319
107.611
106.522
101.796
107.978
106.018
905.991
73.130
94.737
95.380
94.071
95.009
97.584
106.532
103.915
101.155
101.071
101.947
101.791
101.522
98.338
98.281
100.946
99.944
105.146
97.935
98.491
102.802
99.611
96.338
101.463
103.078
103.871
99.138
106.274
102.971
102.196
101.429
100.554
101.707
97.493
97.740
97.061
108.610
104.883
106.329
104.023
101.191
102.934
105.064
99.698
106.214
107.137
894.428
71.984
97.740
96.109
99.359
101.483
101.191
100.864
98.751
101.624
860.137
69.164
106.723
97.597
99.750
93.445
92.841
94.885
91.853
94.897
94.275
100.803
96.638
103.170
105.122
101.079
103.126
97.901
100.997
103.893
95.368
102.380
99.712
105.028
106.549
101.030
97.770
104.140
100.263
100.405
98.111
102.973
102.724
99.500
104.244
100.541
102.253
101.148
100.519
101.754
105.053
110.008
107.835
101.737
105.854
105.670
103.826
100.209
109.925
104.096
898.681
65.128
99.165
96.297
100.597
98.345
99.202
98.472
98.101
104.871
102.727
96.422
101.140
96.119
95.126
96.722
100.423
98.644
98.629
101.235
98.585
102.664
104.578
102.743
99.800
101.275
100.016
97.134
97.269
102.338
103.778
109.086
99.603
103.847
101.334
100.314
103.925
101.015
102.982
102.670
103.116
103.018
101.161
101.436
110.896
106.978
100.681
921.584
74.557
96.769
88.034
96.977
100.295
100.583
96.052
100.823
102.932
101.979
98.648
101.318
100.131
98.094
96.259
97.774
99.485
103.093
101.220
101.467
102.238
106.772
104.146
97.439
104.343
99.225
101.417
105.757
101.591
99.023
99.066
105.524
104.405
97.616
103.961
105.767
102.295
102.803
99.733
109.189
111.292
101.925
100.256
100.043
102.869
112.402
910.690
68.687
139.715
94.104
99.196
101.522
100.424
100.530
105.020
99.549
97.302
100.329
101.124
103.687
94.375
97.460
100.340
101.649
859.448
67.925
92.923
98.669
96.181
101.107
90.286
89.738
101.595
101.595
98.287
94.472
93.746
95.192
96.822
93.569
98.487
95.641
99.812
95.555
95.803
100.051
97.804
101.165
106.929
103.922
100.419
98.449
102.246
102.151
99.363
97.691
99.152
104.799
100.875
99.067
98.644
101.394
103.085
100.980
103.063
99.347
107.757
107.857
103.820
99.330
104.183
102.636
102.715
100.908
898.933
67.660
105.055
91.568
94.528
96.565
100.666
99.470
100.577
98.267
95.216
99.880
108.494
101.510
100.296
102.199
102.613
106.921
101.972
98.619
105.185
106.876
108.446
100.309
106.242
103.796
98.531
102.343
100.245
106.300
100.094
99.001
97.893
109.890
101.304
101.454
99.820
104.781
102.729
103.260
106.795
96.131
104.124
104.460
101.015
102.066
104.330
900.098
74.535
146.579
96.174
97.713
98.678
96.734
106.342
98.187
100.573
95.156
98.290
98.246
98.816
96.059
101.506
100.914
97.668
100.189
100.033
105.017
105.857
100.352
101.720
103.382
106.273
103.606
102.585
104.164
103.881
99.027
106.557
105.559
104.157
99.997
103.154
100.831
110.406
105.100
98.126
103.721
105.976
102.886
103.992
105.709
103.830
99.980
888.695
69.275
105.276
95.642
101.472
97.828
96.590
104.187
100.284
96.476
95.305
101.347
103.825
95.310
99.498
101.421
104.281
101.401
99.325
106.316
102.370
109.872
101.541
99.134
105.685
106.879
100.023
952.757
68.438
100.293
100.234
146.511
91.074
101.079
96.910
94.703
93.491
101.728
98.678
95.935
94.323
99.668
95.965
95.943
102.151
98.057
97.353
94.060
99.050
98.906
95.705
101.790
96.438
96.597
93.826
102.511
102.462
102.520
99.950
106.502
103.290
96.204
102.956
100.158
96.721
106.188
109.877
103.884
100.579
104.253
105.589
99.797
107.277
102.576
100.441
107.562
104.895
893.478
71.657
97.467
94.796
94.846
98.917
103.125
101.727
103.703
101.289
100.126
94.980
99.590
102.338
105.033
100.943
99.483
107.488
95.607
104.624
104.114
95.722
104.472
101.999
103.102
107.692
106.359
101.245
99.242
105.781
103.053
99.505
109.946
103.414
101.717
97.977
109.811
106.282
103.469
105.344
102.684
106.429
107.276
101.855
101.999
107.760
113.153
918.899
75.486
98.276
96.301
93.185
97.761
98.984
99.520
108.189
99.027
100.952
109.474
98.777
99.246
107.439
102.814
96.127
106.478
104.102
96.643
107.077
102.294
101.839
102.040
98.435
101.630
103.922
104.883
102.726
109.252
105.349
103.533
109.830
97.792
106.690
103.144
102.981
104.614
105.293
101.017
106.664
105.812
111.073
104.364
103.623
113.518
106.242
911.322
69.862
95.959
97.107
94.824
95.945
100.714
106.246
103.278
96.103
103.499
99.564
103.086
104.344
99.456
105.614
103.531
98.017
103.174
100.237
99.733
108.802
102.276
101.900
103.145
105.157
108.808
102.198
102.418
101.093
97.453
105.491
99.765
101.843
107.757
100.264
897.190
72.192
142.925
100.653
141.996
99.337
148.428
90.115
97.791
96.030
98.588
98.431
94.793
100.272
99.462
95.745
95.239
97.391
95.035
96.997
99.637
97.672
101.491
98.217
104.796
98.171
100.327
98.997
104.143
94.201
104.412
93.643
98.447
100.531
97.130
99.332
99.830
94.865
98.219
112.295
101.483
104.811
102.217
105.902
139.193
104.722
103.570
105.248
106.551
105.239
922.623
74.111
104.383
95.381
102.680
94.992
100.553
97.734
103.800
99.718
96.375
99.899
103.984
97.846
98.896
98.508
103.834
97.394
102.274
103.175
103.328
109.000
110.982
99.672
101.415
99.023
105.850
102.063
99.458
106.089
103.846
105.465
125.688
104.484
103.621
104.192
106.042
103.731
101.873
106.718
106.632
104.296
111.184
108.492
107.428
103.898
103.791
915.851
74.511
147.764
100.550
100.057
91.436
103.246
104.681
104.974
143.320
103.647
98.173
97.404
104.205
99.323
95.018
107.936
101.476
97.833
104.564
97.748
102.761
99.544
105.605
102.664
101.113
104.000
110.392
96.554
106.663
100.491
108.580
103.215
100.725
106.443
101.430
99.043
104.993
100.369
105.751
104.904
110.387
104.632
105.508
108.635
129.350
105.465
905.648
73.407
142.492
102.110
95.547
91.794
106.240
104.140
101.059
102.169
109.554
103.126
100.935
101.401
97.908
105.384
101.059
97.649
100.753
106.056
98.651
107.502
99.866
109.969
101.640
108.346
107.339
102.649
101.709
146.399
111.480
106.488
105.240
99.355
105.835
105.602
107.621
110.050
150.844
105.164
103.042
104.375
103.022
899.110
77.495
99.677
93.019
97.758
94.175
92.702
98.651
102.217
102.981
107.474
148.025
95.449
94.969
95.189
95.212
103.957
102.016
95.266
100.282
143.448
95.404
102.489
95.632
100.433
104.298
99.901
142.297
100.094
103.971
100.006
99.851
95.714
102.075
102.418
110.065
95.961
96.755
104.861
97.640
100.871
150.390
99.547
99.182
98.034
100.762
107.253
109.356
153.787
918.006
68.074
94.476
97.719
96.094
93.734
104.033
103.873
105.887
103.153
104.813
107.691
106.202
105.876
149.111
107.312
105.662
106.049
109.185
103.924
102.246
100.568
102.486
99.881
107.599
156.441
110.593
99.572
107.555
103.796
108.279
103.555
101.754
106.644
151.464
102.477
102.532
99.604
105.550
105.482
109.704
114.933
107.581
106.904
109.221
106.777
957.152
69.679
105.059
97.208
109.662
96.481
100.821
108.937
106.319
97.938
96.907
103.123
93.536
99.842
96.505
102.055
98.400
107.810
148.870
99.460
148.144
106.696
107.473
108.725
101.567
102.666
100.018
105.758
101.503
102.331
113.359
100.535
114.635
115.846
104.045
98.982
105.470
101.270
110.460
102.749
95.219
103.241
112.340
99.172
103.708
108.623
953.598
121.634
100.433
102.978
104.015
98.090
102.595
104.118
113.407
103.108
108.995
103.045
148.910
99.442
107.928
101.098
102.464
107.746
103.002
103.688
100.257
107.250
103.628
106.842
111.036
99.514
105.645
114.433
104.440
148.101
108.619
109.646
119.020
112.364
104.487
101.168
105.907
104.456
150.343
104.185
149.225
104.900
111.643
108.248
105.386
103.449
900.455
71.606
101.004
98.647
115.936
95.944
934.223
76.972
109.958
144.652
98.442
103.116
91.845
93.309
92.289
142.058
103.845
114.362
97.714
100.660
105.320
100.956
105.485
104.718
106.377
102.925
109.535
107.627
99.202
100.486
106.698
109.737
109.490
111.530
109.418
106.883
103.223
109.588
106.669
154.151
105.044
104.065
120.798
105.022
105.764
105.735
113.315
109.122
110.503
101.792
97.352
107.551
109.187
103.243
103.861
992.477
122.066
95.146
103.515
103.135
104.774
104.286
99.508
107.626
97.826
107.219
104.780
145.232
108.404
109.276
107.938
95.898
124.841
109.247
113.484
106.782
105.127
105.337
158.070
106.416
114.206
107.056
110.766
109.654
107.893
105.389
98.368
115.954
108.543
110.491
119.779
109.970
105.455
97.147
109.708
110.569
102.226
106.084
101.823
109.708
924.665
76.781
98.942
99.264
103.042
107.160
102.471
106.488
97.080
96.535
106.681
100.404
98.062
106.286
105.553
111.003
102.731
118.046
154.546
105.325
99.687
106.567
95.006
101.757
116.716
108.400
104.383
104.546
161.693
108.901
148.224
116.490
103.662
103.847
102.922
105.470
156.432
103.777
155.668
110.771
149.177
121.496
158.730
112.858
157.819
108.569
952.662
73.643
98.934
147.442
100.222
99.775
110.647
100.267
111.911
128.651
135.491
100.271
262.980
302.801
126.964
80.056
74.264
73.654
69.650
72.999
72.470
72.112
78.263
74.561
76.519
819.342
49.715
81.902
76.672
83.000
82.914
80.134
85.623
91.339
84.987
87.643
88.432
93.670
90.246
97.547
91.778
94.497
98.061
97.233
100.074
97.051
99.516
97.633
103.999
101.455
105.652
109.498
106.307
107.830
103.008
106.013
104.586
108.948
107.200
106.380
106.055
106.203
104.780
102.156
108.568
107.433
101.104
125.022
106.554
108.610
106.624
111.918
171.808
84.072
309.536
85.869
308.011
251.188
260.314
144.519
39.898
37.488
35.369
36.093
36.283
35.906
36.292
