3.371
3.238
2.402
4.069
7.508
35.239
54.555
125.759
144.718
222.095
230.692
73.132
165.535
304.739
195.901
90.985
87.659
218.069
410.144
195.478
84.949
68.185
65.300
64.671
73.463
76.407
72.630
89.195
83.493
136.900
772.749
52.464
108.172
81.044
108.575
85.159
86.462
89.101
87.092
98.951
93.481
93.558
103.178
98.982
96.302
100.628
104.693
106.660
98.072
113.218
155.838
102.472
107.268
105.818
98.176
176.794
116.836
166.721
99.596
105.201
106.971
105.789
103.482
110.727
109.499
116.882
120.988
73.941
305.569
126.224
79.852
75.656
75.953
79.955
78.375
81.773
83.446
85.973
90.155
90.002
84.207
90.498
93.801
94.363
95.060
95.790
91.314
126.569
93.365
96.748
104.489
100.385
98.594
97.179
106.310
97.444
101.887
103.484
102.787
102.730
100.637
98.427
103.201
98.247
101.667
102.617
103.434
107.139
106.774
85.951
290.439
285.735
108.441
82.104
78.602
78.375
86.328
78.929
82.401
81.165
83.301
82.968
88.213
88.673
92.050
91.132
87.018
92.503
92.947
93.825
92.576
91.056
97.906
101.844
98.187
95.616
98.319
99.738
99.326
104.146
96.562
101.632
102.303
102.775
106.313
109.227
100.085
106.791
116.959
115.431
109.407
105.438
160.791
105.647
107.440
116.535
108.372
108.929
107.037
109.326
996.335
68.184
97.811
105.719
110.843
150.023
109.141
110.784
150.888
104.155
104.441
106.929
101.467
100.598
106.503
111.730
103.043
99.311
892.824
74.300
102.009
97.785
143.353
98.185
100.182
98.574
104.363
102.494
101.214
97.959
107.992
149.627
107.626
105.387
99.364
99.075
103.482
104.532
110.984
152.165
101.763
105.924
110.590
100.876
104.750
102.910
102.636
111.967
101.112
107.780
105.226
163.964
116.753
114.035
106.602
109.228
116.445
157.316
104.973
101.006
112.100
127.487
57.659
257.848
286.315
138.896
86.953
79.692
78.164
79.049
79.421
78.372
83.985
83.635
85.184
80.108
89.450
87.132
85.847
90.350
98.359
93.952
97.206
95.765
96.570
94.922
97.395
96.821
98.169
99.224
95.687
97.360
106.429
100.237
154.889
103.698
100.249
103.629
98.439
109.716
103.348
120.881
149.631
104.500
109.886
101.822
100.847
116.220
82.450
279.238
341.319
122.613
75.916
71.224
73.660
73.347
80.036
76.560
78.407
82.716
81.180
77.924
82.429
84.180
97.043
85.377
86.878
98.437
90.541
140.429
97.550
99.849
95.890
98.035
94.861
100.680
97.416
98.108
150.195
99.168
99.824
102.405
120.430
102.195
97.680
100.201
150.102
108.214
97.612
102.131
109.458
101.246
109.898
109.204
112.959
112.939
111.838
111.265
106.427
961.522
73.840
99.012
94.433
108.467
102.644
103.130
99.092
101.019
159.089
105.192
109.739
104.198
108.419
117.662
105.798
107.459
912.577
117.923
101.277
94.446
98.576
98.690
95.991
97.134
96.430
98.107
98.919
97.230
96.339
103.910
98.797
102.502
97.629
96.243
107.233
105.532
101.666
107.353
156.586
100.213
103.735
99.162
111.101
102.190
109.761
108.951
106.006
105.468
106.429
155.922
102.793
113.326
100.779
101.657
105.450
106.763
109.453
103.825
107.616
106.534
115.838
106.554
110.944
112.750
106.159
933.304
91.576
106.430
97.701
119.173
153.438
101.602
104.983
102.857
102.383
153.778
97.889
111.195
107.354
114.081
106.442
109.788
53.378
288.001
298.373
106.485
79.065
76.407
79.348
81.472
79.831
78.044
87.298
80.800
79.509
85.111
92.103
84.459
87.707
88.471
86.932
91.095
101.554
91.004
99.919
151.760
109.126
101.127
93.849
99.486
109.038
100.848
105.103
103.453
147.648
104.021
163.405
105.598
119.177
108.091
106.607
116.452
119.513
127.749
133.115
81.133
250.691
47.647
266.303
295.963
163.270
76.936
68.638
69.549
68.040
69.925
71.937
70.497
70.919
75.640
726.221
50.011
75.182
74.196
79.124
77.696
96.991
112.904
122.071
120.274
783.779
49.561
74.105
91.312
106.716
119.496
125.065
129.712
134.126
139.977
139.843
148.780
142.444
143.816
145.434
146.602
726.650
47.230
65.351
84.578
97.554
107.771
118.900
124.248
132.437
133.343
138.809
142.539
142.187
147.195
141.133
139.549
139.232
135.303
129.843
122.271
116.106
104.642
93.278
75.034
74.940
73.126
75.423
73.583
73.641
73.882
790.725
47.493
72.552
93.427
105.845
107.164
107.290
97.784
77.519
78.677
79.217
81.443
82.321
82.372
80.232
84.143
83.511
82.897
86.767
84.918
87.710
86.162
88.493
95.956
89.359
88.392
90.405
93.965
96.656
91.845
98.287
91.635
93.159
92.720
857.948
62.981
89.969
95.448
93.940
91.181
90.070
93.103
92.046
92.869
98.884
95.323
92.335
92.606
91.414
99.996
91.186
91.792
97.136
92.158
92.720
94.660
96.475
93.542
93.350
95.778
97.065
96.088
91.832
94.732
96.239
98.489
94.360
95.434
96.356
98.434
95.317
96.103
96.716
791.778
61.384
96.031
97.645
90.131
90.685
89.415
90.631
91.872
95.197
91.298
97.198
92.544
91.028
92.120
94.328
91.840
92.335
95.176
93.069
94.122
92.410
95.294
92.821
97.010
95.364
93.948
95.223
100.651
95.571
98.031
94.313
96.019
94.904
95.984
94.789
97.707
99.567
95.963
97.681
98.145
97.679
96.215
96.719
101.845
103.152
105.026
100.027
98.944
787.122
61.536
93.347
92.450
93.822
93.279
92.252
92.795
90.918
94.035
96.274
91.727
91.724
95.469
92.623
91.538
92.345
92.985
98.793
93.083
95.011
96.747
94.962
92.990
93.309
93.349
96.088
94.688
95.516
95.719
92.565
92.922
94.034
92.362
93.112
94.838
96.182
94.083
95.614
95.456
94.626
94.131
95.034
99.008
96.202
97.570
95.495
100.075
97.633
103.821
874.069
65.998
91.933
95.543
99.699
100.551
95.951
96.290
785.807
64.048
92.128
93.395
91.197
97.031
92.307
93.530
93.472
95.510
96.050
98.929
98.524
98.191
100.532
98.667
96.680
99.208
98.622
101.183
98.428
101.030
102.711
96.904
100.072
97.437
101.231
99.464
97.845
102.945
99.129
97.603
99.763
98.628
102.948
101.918
99.102
105.013
98.746
101.018
99.820
101.693
103.062
100.704
102.590
100.295
101.103
99.647
100.712
103.791
857.123
62.693
91.788
91.495
97.006
99.910
97.271
99.788
100.297
98.803
95.996
97.942
97.711
96.598
99.294
100.176
99.379
851.221
65.085
91.775
97.336
93.686
94.454
92.128
90.042
94.534
93.370
93.786
97.496
99.041
92.197
92.594
93.443
96.347
95.908
101.184
93.837
100.603
99.024
99.220
101.859
100.234
100.995
99.431
99.681
103.826
98.461
105.041
101.447
101.642
105.446
102.252
103.636
101.135
101.131
101.627
99.281
101.994
103.395
101.107
104.988
104.198
102.651
104.260
103.501
102.230
106.253
876.662
65.976
97.081
94.091
101.470
98.418
97.090
101.863
96.368
97.551
98.143
96.319
96.475
98.693
100.735
97.495
100.411
99.857
100.738
100.386
97.015
98.461
102.467
97.773
101.921
100.291
98.000
801.127
63.558
93.335
93.527
92.344
93.464
96.289
91.578
90.860
91.017
91.742
91.981
94.423
91.207
91.411
92.554
93.483
90.981
95.481
92.802
94.837
92.828
91.959
94.099
96.373
93.285
92.588
94.570
99.587
93.572
100.688
101.301
95.833
97.166
100.488
98.046
98.077
96.949
99.417
100.306
100.573
97.719
100.406
101.018
101.615
101.105
103.064
101.505
99.002
103.157
869.904
65.947
93.230
91.894
97.784
97.697
97.196
95.045
95.153
104.304
106.840
98.710
100.773
98.341
97.797
102.585
100.061
98.858
95.192
95.833
100.381
98.596
97.778
97.204
97.334
99.349
101.865
102.214
96.992
98.722
99.437
98.454
98.252
99.408
99.105
103.834
103.398
792.976
64.299
93.444
92.771
93.315
94.930
90.536
93.999
93.257
93.003
93.803
98.127
96.815
92.307
94.952
94.774
94.351
96.254
93.948
93.111
97.596
95.989
99.438
91.957
98.865
94.907
96.764
92.122
94.745
99.678
94.856
97.012
96.264
93.618
94.129
94.070
94.582
93.968
101.483
100.498
100.999
100.226
98.305
101.830
100.611
98.181
100.879
98.384
99.708
103.920
885.708
66.544
88.923
96.133
97.001
97.603
98.690
99.065
97.492
101.377
97.708
99.447
98.656
101.366
101.526
99.031
98.706
100.154
98.327
101.721
95.759
98.944
98.483
101.137
98.732
97.504
100.834
102.696
97.499
101.529
103.100
101.587
98.743
100.995
101.437
99.868
107.772
99.367
98.518
99.633
98.712
99.122
103.402
100.761
101.725
102.611
846.649
65.310
93.034
97.521
92.147
95.767
92.193
99.632
91.163
91.287
93.091
92.937
99.068
97.804
94.629
90.311
93.507
97.104
96.525
95.614
94.800
92.353
93.630
93.441
96.510
96.171
98.112
102.070
93.667
93.428
96.214
101.063
94.896
96.757
95.486
95.394
99.535
96.435
99.497
96.714
98.633
96.306
97.342
100.744
93.756
96.352
106.706
97.238
97.756
101.152
867.613
64.867
92.846
94.444
93.701
97.840
95.785
102.110
96.575
94.937
97.419
95.722
97.222
98.870
102.053
100.386
102.886
97.343
106.328
96.780
99.743
103.559
96.684
96.492
100.115
106.033
101.642
98.006
102.662
99.398
103.657
103.214
104.478
100.557
100.523
100.218
100.337
102.463
101.646
101.632
99.640
100.855
104.369
99.896
103.929
100.381
101.178
894.114
63.634
93.760
93.330
100.895
97.415
103.151
97.737
102.383
794.352
63.691
91.567
89.939
93.118
97.417
94.829
95.172
96.303
90.713
93.822
93.063
101.139
97.524
98.609
100.243
96.147
95.825
101.109
100.769
97.087
97.362
96.804
95.577
97.353
99.603
101.601
100.377
98.008
98.279
96.509
100.004
100.917
97.111
101.482
99.523
107.322
99.259
105.070
100.124
98.297
105.549
103.551
97.530
102.793
99.511
100.387
105.454
103.014
101.086
912.367
64.565
94.348
97.054
96.586
97.326
98.420
99.352
99.266
100.403
98.523
101.671
97.934
105.870
98.408
96.449
102.041
98.370
96.147
97.475
100.296
98.327
99.783
102.501
102.110
100.397
103.654
99.568
97.046
99.954
99.917
102.520
96.014
101.007
101.819
101.897
99.095
101.582
99.578
103.303
105.884
98.069
99.837
102.394
106.830
100.452
98.742
880.275
68.062
96.149
92.797
97.123
102.635
101.052
99.970
99.039
95.631
99.642
98.854
95.901
99.390
99.217
104.610
98.391
849.158
66.387
101.052
92.906
89.929
94.936
92.458
95.093
93.099
96.291
95.484
93.923
95.411
96.310
96.312
92.205
95.334
93.653
99.168
94.093
97.576
98.042
104.849
101.423
100.619
98.481
103.101
101.495
99.285
102.024
97.168
100.567
99.222
107.555
105.556
99.422
100.507
101.070
101.902
106.789
98.807
101.218
100.961
105.498
101.922
105.173
100.207
105.584
100.534
107.024
885.792
68.159
97.787
99.717
103.339
98.768
99.521
97.106
102.666
99.679
101.254
97.429
99.059
102.015
99.093
101.506
101.590
102.574
99.573
107.128
98.539
100.879
101.818
99.375
96.939
99.321
107.849
107.140
100.848
95.242
96.363
101.602
98.204
95.625
98.223
99.000
97.046
96.501
103.543
100.103
97.367
97.165
98.084
100.825
101.332
103.139
108.791
868.213
66.232
92.331
91.842
92.660
97.202
102.357
95.472
96.654
101.882
104.704
105.790
99.281
100.220
98.656
100.817
103.593
95.445
97.681
106.385
102.136
97.625
105.361
95.889
98.453
98.251
106.825
794.739
64.697
92.017
96.764
90.936
94.806
94.277
92.188
98.358
91.416
93.812
95.042
91.773
94.394
96.774
94.743
96.528
101.858
91.923
95.655
93.886
94.719
95.633
101.733
97.980
96.981
93.232
99.424
96.677
95.047
99.290
108.427
98.816
101.495
102.491
100.415
98.343
101.448
101.054
99.984
103.128
102.887
101.219
101.664
102.870
103.343
99.872
106.971
101.126
103.584
871.312
67.082
94.943
95.252
92.359
101.935
102.597
99.051
98.492
98.057
99.281
95.990
111.972
102.720
96.814
94.675
99.090
106.097
99.162
95.251
98.919
100.219
102.224
96.735
96.306
97.704
100.424
101.790
104.076
100.776
106.217
102.991
100.342
103.579
103.789
106.891
97.135
99.703
101.815
105.300
98.659
101.006
103.422
106.553
104.996
100.868
103.246
898.455
67.921
97.367
96.818
93.819
95.471
100.905
110.723
93.646
99.783
98.480
108.691
97.882
98.454
97.916
103.421
107.159
100.457
100.803
102.481
101.799
101.367
99.681
99.927
106.545
100.250
100.316
99.558
101.471
97.990
100.099
104.425
101.258
103.242
101.674
833.277
64.802
92.037
94.042
96.947
90.966
89.675
93.519
97.035
95.429
91.964
92.440
92.741
93.891
97.904
93.427
94.488
96.101
99.547
93.405
94.574
95.343
94.992
94.397
95.019
99.076
93.820
94.310
94.501
96.184
98.243
94.211
93.462
100.121
94.907
97.132
100.137
96.710
104.420
101.996
109.868
104.223
97.046
107.341
104.191
102.142
101.885
100.571
98.834
101.347
882.263
66.720
98.187
94.306
96.635
99.848
99.406
98.793
94.620
96.837
96.509
107.902
101.213
99.471
98.457
96.060
102.229
100.181
100.122
104.037
101.650
100.224
100.938
105.988
98.256
98.176
97.497
99.676
99.642
100.333
97.424
97.519
106.546
105.185
100.847
100.922
102.041
100.216
104.271
101.321
99.876
103.555
109.928
102.846
103.418
102.228
104.624
905.097
69.139
101.715
97.682
91.963
96.880
95.451
95.862
96.066
101.318
95.988
105.240
100.313
99.776
94.592
95.384
100.913
97.174
96.703
105.630
102.169
99.848
105.228
94.725
95.905
96.538
101.806
99.416
101.332
105.371
104.897
101.532
104.062
100.505
98.328
98.742
105.633
100.394
100.156
104.112
105.010
98.227
102.147
859.875
63.786
90.818
95.761
94.720
94.276
97.870
95.851
97.451
96.259
94.209
96.390
93.284
96.233
94.278
92.930
93.908
96.977
95.393
93.646
94.466
96.297
95.276
94.629
99.842
93.696
95.158
94.557
98.468
94.384
94.661
99.067
103.971
98.272
94.215
95.098
98.093
95.428
97.649
94.144
97.794
102.023
94.705
96.938
97.863
100.325
101.279
102.907
96.702
102.885
879.958
67.755
94.118
93.116
95.933
99.041
100.302
103.724
98.745
101.281
99.687
102.714
100.076
102.779
101.915
99.427
98.834
100.187
98.805
98.599
102.011
99.066
100.286
100.917
97.025
96.824
109.412
97.357
95.376
99.113
101.110
99.129
96.908
95.206
102.394
102.109
99.532
103.796
103.586
100.963
99.761
104.063
101.552
98.272
101.306
101.903
100.867
889.508
70.111
97.884
94.366
97.030
97.531
96.563
95.017
104.182
98.475
102.343
97.173
100.430
103.744
107.459
102.592
96.410
100.600
96.668
99.707
98.341
94.729
97.234
97.226
97.090
99.284
96.922
109.203
95.291
97.547
100.808
95.662
97.244
99.091
104.113
105.625
106.263
101.882
107.660
100.358
105.047
97.987
104.592
107.786
103.722
107.712
109.434
895.402
63.153
93.965
93.247
93.366
818.896
117.817
94.124
94.732
89.327
90.500
89.662
98.831
95.433
101.396
100.344
99.161
103.243
103.807
102.940
98.622
100.202
102.125
98.063
102.534
99.900
99.050
97.378
102.980
101.983
101.451
100.155
104.005
96.721
104.259
99.411
98.188
106.326
102.103
110.247
110.933
106.932
101.606
99.555
98.895
101.908
102.304
97.994
98.500
102.664
102.428
102.747
101.673
101.077
102.244
904.992
71.948
95.438
96.020
91.886
97.295
102.042
102.071
102.129
100.458
102.468
105.890
101.207
98.090
100.871
100.057
101.575
98.981
101.171
98.114
102.248
102.773
98.374
99.877
106.353
101.508
104.100
103.754
105.501
102.386
100.856
100.946
106.644
104.152
108.685
103.931
100.376
103.969
103.000
104.439
99.431
97.840
107.306
107.489
102.026
112.131
105.849
884.781
63.310
93.009
93.115
96.602
95.955
95.832
99.658
98.694
105.316
104.906
98.307
100.645
99.627
98.252
101.468
98.176
98.394
98.658
99.215
97.458
100.712
103.645
99.172
100.063
101.582
99.741
105.501
99.987
98.815
97.998
96.018
98.329
104.482
103.326
103.027
103.361
106.983
100.616
105.267
103.153
111.348
104.553
106.246
100.791
100.616
104.889
883.567
61.634
91.819
99.472
99.121
97.137
103.380
99.857
102.356
101.800
100.032
99.573
101.165
107.122
777.525
65.789
98.571
97.754
94.875
95.075
89.904
98.609
96.961
99.340
96.922
94.878
97.913
95.151
96.099
96.095
99.939
101.055
100.456
99.483
105.316
100.286
103.981
95.940
107.058
103.122
103.545
101.677
95.237
96.574
102.727
100.156
96.975
98.376
97.661
103.833
100.783
101.730
102.601
105.729
101.839
105.198
106.063
100.990
108.525
102.620
100.494
101.786
109.467
102.152
900.077
68.158
92.560
95.692
100.751
106.741
98.611
106.010
104.062
100.020
98.652
107.205
102.841
100.573
98.945
102.556
99.650
102.881
102.885
103.017
106.071
100.072
106.290
106.168
102.843
102.297
97.247
101.414
98.783
102.232
102.481
102.929
101.085
98.333
97.400
107.132
98.822
102.281
105.475
107.912
101.561
99.521
102.369
109.027
106.259
104.196
105.962
893.524
71.841
93.276
93.305
92.326
95.895
105.572
108.851
102.831
100.971
93.573
99.999
100.420
104.340
96.552
101.028
105.475
99.587
95.892
103.588
100.882
105.848
101.185
106.894
100.907
98.784
112.804
101.542
100.140
104.548
102.111
101.263
97.901
104.170
96.587
102.331
107.207
100.016
98.304
107.492
98.973
102.569
98.750
105.144
107.196
102.108
106.011
877.963
108.995
101.222
100.935
93.552
103.393
100.633
101.277
101.075
96.064
99.524
108.400
99.951
98.360
100.808
101.516
99.896
100.871
102.485
110.020
103.816
926.613
67.186
102.382
98.649
94.811
90.472
91.916
97.785
99.597
96.766
95.484
98.469
97.351
94.884
93.646
100.835
97.055
94.572
94.741
93.098
96.825
96.671
100.737
95.213
103.777
102.264
99.160
105.376
101.372
104.117
101.256
104.920
102.990
102.806
111.120
102.815
99.014
101.096
107.559
105.999
101.692
99.922
104.194
101.759
107.014
100.610
106.274
103.243
106.190
99.982
926.635
66.897
110.446
147.370
94.524
97.991
99.600
101.853
100.880
104.349
96.806
102.484
98.070
93.506
101.884
99.015
96.780
100.245
101.537
102.158
102.671
97.832
98.768
103.389
105.479
100.509
107.203
103.609
95.675
102.159
106.099
101.941
108.115
102.478
100.190
102.345
105.931
99.901
102.609
100.312
101.662
98.459
104.955
105.735
105.630
101.521
107.771
915.849
74.352
101.867
89.780
100.316
94.602
94.168
103.419
99.669
97.971
99.377
103.208
97.294
99.902
100.238
98.788
104.226
105.104
102.336
104.556
108.643
100.707
98.306
107.079
103.071
105.129
99.037
101.987
105.130
97.872
101.260
102.205
103.756
100.553
100.873
102.112
103.281
102.169
112.403
101.393
102.197
100.456
100.354
101.193
97.590
101.958
100.202
895.991
69.277
96.144
91.753
90.354
98.150
97.375
100.977
105.277
102.522
99.279
97.883
104.572
102.584
98.445
102.979
105.388
97.657
96.781
102.918
104.936
101.985
109.648
99.501
104.169
104.400
98.671
95.959
100.335
923.214
74.655
95.205
94.081
94.388
96.017
94.782
91.211
101.319
93.039
93.166
93.209
99.533
92.555
99.657
98.811
98.999
98.858
92.199
94.594
97.035
91.767
98.282
95.241
93.566
101.420
100.762
97.093
94.226
96.584
98.436
94.752
110.825
106.172
99.789
103.866
106.430
100.354
106.635
105.011
100.739
101.219
107.413
101.618
103.982
109.215
101.110
101.285
112.396
102.016
881.295
68.032
103.150
96.934
96.812
94.673
115.337
95.876
99.855
99.219
96.629
97.291
101.675
102.790
100.197
97.292
101.527
99.002
103.655
104.147
102.019
103.592
104.584
96.322
107.416
101.783
99.626
104.900
109.732
105.745
99.245
104.698
96.357
103.426
109.121
97.693
103.242
103.016
102.001
103.074
103.212
101.239
101.297
105.368
100.976
103.695
109.317
919.528
69.725
93.712
97.488
99.185
95.036
103.345
103.990
97.010
100.852
100.071
101.832
104.548
100.314
96.450
106.871
112.339
96.840
99.988
116.833
107.102
99.952
101.253
100.778
100.401
99.005
102.131
99.719
102.333
100.640
104.075
103.275
100.852
100.136
102.222
108.030
107.213
107.020
105.262
106.209
106.569
108.018
104.530
101.580
105.715
107.838
103.485
933.081
75.355
112.606
96.139
91.116
99.417
98.855
98.921
95.234
102.141
101.538
98.643
99.289
99.101
101.554
99.722
93.470
100.306
104.265
100.043
142.509
104.121
102.047
101.835
111.519
103.203
96.725
101.996
97.613
102.989
104.338
102.879
104.799
101.174
100.450
104.171
113.828
100.053
898.167
69.833
97.577
97.060
98.164
97.687
99.217
106.540
99.383
99.832
105.101
97.242
93.663
95.380
91.964
106.167
145.314
101.152
90.676
98.581
100.032
141.125
95.583
99.005
99.328
102.071
150.233
102.097
101.213
100.089
97.658
145.643
97.748
96.033
99.700
101.164
103.370
93.581
98.055
139.017
98.856
108.862
101.010
106.243
104.662
106.505
108.090
148.812
111.816
112.446
939.402
62.779
92.843
102.799
95.398
93.229
105.146
102.582
99.241
99.633
103.941
110.663
99.765
100.635
102.159
102.920
103.128
100.382
97.777
101.085
102.812
104.288
103.612
100.699
103.576
101.539
104.156
103.126
100.384
110.563
147.396
108.212
102.736
101.022
103.134
108.710
113.765
104.806
104.329
99.296
96.544
101.029
160.972
111.112
107.755
104.740
104.706
942.339
67.448
100.473
97.083
96.908
99.943
102.462
102.521
106.126
108.398
105.258
95.880
100.034
100.995
104.780
99.554
102.425
105.261
100.684
108.571
109.057
106.582
104.009
106.698
102.523
107.308
101.760
102.771
107.658
153.855
104.387
100.385
100.884
102.724
103.356
105.903
99.149
105.213
101.424
107.901
104.023
105.518
111.292
101.759
105.917
154.814
931.974
76.399
98.936
98.221
96.433
99.121
101.994
105.378
103.133
97.072
110.563
104.989
108.362
98.994
114.199
103.356
98.441
102.565
142.460
102.784
152.810
104.176
103.235
113.066
99.481
106.754
109.114
103.911
102.947
151.303
108.127
108.500
110.981
102.484
110.159
108.611
107.575
104.615
153.708
105.505
108.133
103.679
107.000
109.769
113.172
104.495
973.225
881.683
81.973
99.042
93.662
95.362
95.936
105.736
99.655
94.059
101.736
106.678
150.707
112.378
105.366
99.488
104.254
98.980
99.817
100.218
105.378
102.897
107.085
102.870
116.279
107.257
103.724
103.967
89.886
105.628
108.368
113.833
98.834
95.911
148.409
103.877
108.512
103.133
105.654
100.675
106.871
106.754
114.667
106.634
98.443
103.481
107.306
112.826
113.298
107.481
907.165
78.583
102.973
94.129
102.193
104.164
105.278
102.361
106.387
140.616
101.443
163.984
106.760
104.555
108.067
155.465
107.086
156.790
103.786
104.741
99.280
98.072
154.649
96.223
166.332
103.906
104.332
106.656
147.132
100.516
105.065
104.479
108.919
108.302
101.691
104.390
104.812
111.469
108.780
95.935
117.674
114.750
100.905
111.974
104.944
105.718
917.420
67.563
99.912
97.607
101.167
100.765
103.912
102.911
105.615
103.393
100.022
101.849
107.850
101.909
106.901
149.202
107.522
103.507
102.251
111.430
105.348
100.429
100.676
102.482
154.247
101.335
97.940
108.801
101.075
115.310
103.839
108.048
106.320
105.506
103.059
153.314
104.916
156.406
104.620
149.240
110.165
155.164
100.110
149.212
103.071
105.596
972.451
69.653
100.771
102.972
98.887
97.161
147.504
106.554
155.824
108.801
149.849
106.063
148.201
108.995
104.537
99.565
103.979
153.319
102.223
104.584
111.519
110.027
104.266
106.125
102.550
109.055
103.905
108.351
107.999
106.371
100.400
109.868
107.777
101.348
107.973
109.778
109.855
112.826
116.791
105.233
104.900
153.742
108.455
109.448
103.494
148.701
963.507
72.140
102.254
98.400
102.350
91.638
102.087
969.052
81.643
101.150
101.324
98.125
97.628
140.604
101.705
100.071
109.391
154.931
103.453
104.013
116.888
106.054
105.549
108.904
113.435
103.941
106.839
100.957
265.198
294.587
139.367
84.599
74.899
76.861
80.061
77.222
73.941
76.089
77.992
78.436
81.002
83.234
83.248
87.904
83.490
85.579
86.378
92.661
90.065
95.533
97.569
94.015
95.551
98.856
102.785
100.998
102.249
100.024
102.855
110.062
110.951
99.655
104.262
106.195
107.369
109.006
104.702
104.446
107.588
109.898
111.034
110.234
112.352
105.825
107.827
112.503
111.862
106.604
103.273
923.106
74.659
104.305
103.012
104.030
149.449
101.291
108.095
291.034
85.743
251.749
335.449
117.738
40.464
38.211
36.909
35.395
34.440
35.664
34.547
33.460
