0.01
0.01
0.01
0.01
0.03
0.11
0.18
0.49
0.55
0.97
1.09
0.25
0.85
1.28
0.83
0.36
0.32
1.35
3.76
1.00
0.70
0.43
0.39
0.39
0.42
0.45
0.45
0.48
0.46
0.50
0.50
0.49
0.53
0.51
0.51
0.55
0.56
0.55
0.57
0.57
0.63
0.64
0.55
0.55
0.63
0.58
0.61
0.58
0.58
0.65
0.58
0.62
0.68
0.60
0.57
0.63
0.76
0.61
0.62
0.61
0.60
0.68
0.36
1.79
0.82
0.50
0.45
0.47
0.48
0.51
0.49
0.51
0.52
0.49
0.53
0.54
0.59
0.53
0.55
0.57
0.55
0.55
0.58
0.58
0.55
0.60
0.58
0.58
0.56
0.59
0.58
0.61
0.58
0.58
0.64
0.58
0.58
0.58
0.59
0.64
0.61
0.59
0.90
0.40
1.91
2.10
0.84
0.41
0.40
0.39
0.40
0.41
0.41
0.44
0.44
4.44
0.29
0.44
0.44
0.46
0.49
0.50
0.48
0.52
0.53
0.51
0.55
0.52
0.55
0.54
0.56
0.55
0.56
0.61
0.56
0.56
0.57
0.58
0.61
0.59
0.60
0.61
0.59
0.57
0.62
0.59
0.62
0.61
0.62
0.64
0.60
0.65
0.61
0.62
0.61
0.64
0.63
0.61
0.58
0.60
0.60
0.66
0.58
0.64
0.62
0.60
0.64
4.25
0.43
0.60
0.63
0.60
0.60
0.62
0.60
0.64
0.56
0.62
0.61
0.62
0.62
0.60
0.63
0.65
0.61
0.58
0.61
0.62
0.60
0.60
0.62
0.61
0.61
0.58
0.63
0.60
0.62
0.62
0.61
0.62
0.62
0.65
0.66
0.67
0.58
0.57
0.61
0.59
0.64
0.61
0.63
0.65
0.62
4.23
0.39
0.62
0.65
0.41
1.62
1.77
0.70
0.49
0.45
0.46
0.45
0.46
0.45
0.47
0.49
0.50
0.50
0.47
0.51
0.49
0.53
0.52
0.54
0.52
0.56
0.52
0.58
0.52
0.60
0.55
0.58
0.55
0.59
0.58
0.59
0.61
0.63
0.63
0.62
0.57
0.62
0.63
0.63
0.57
0.62
0.62
0.61
0.64
0.63
0.64
0.62
0.64
0.61
0.63
4.29
0.37
1.66
1.76
0.83
4.46
0.32
0.46
0.47
0.47
0.46
0.48
0.47
0.47
0.50
0.47
0.50
0.54
0.51
0.51
0.56
0.53
0.55
0.55
0.53
0.56
0.62
0.56
0.61
0.57
0.56
0.57
0.56
0.59
0.59
0.58
0.64
0.63
0.62
0.59
0.64
0.65
0.62
0.69
0.58
0.62
0.63
0.63
0.62
0.64
0.65
0.63
0.59
0.59
0.66
0.61
4.27
0.45
0.64
0.63
0.59
0.61
0.62
0.59
0.62
0.62
0.68
0.60
0.61
0.62
0.57
0.65
0.67
0.65
0.72
0.69
0.44
1.90
1.72
0.68
0.48
0.46
0.49
0.47
0.46
0.49
0.46
0.48
0.50
0.47
0.51
0.51
0.52
0.54
0.53
0.56
0.53
0.56
0.57
0.57
0.56
0.61
0.61
0.60
0.63
0.63
0.60
0.63
0.63
0.64
0.61
0.61
0.62
0.61
0.64
0.63
0.59
0.62
0.61
0.67
0.61
0.65
0.68
0.63
0.61
0.66
4.57
0.49
0.63
0.62
0.64
0.64
0.65
0.63
0.63
0.62
0.38
1.49
0.19
1.79
2.19
0.81
0.40
0.39
0.37
0.39
0.39
4.29
0.26
0.39
0.40
0.41
0.41
0.42
0.44
0.44
0.56
0.63
0.71
0.75
0.76
4.44
0.28
0.42
0.54
0.63
0.68
0.74
0.78
0.80
0.82
0.84
0.85
0.87
0.88
4.09
0.26
0.39
0.50
0.61
0.66
0.70
0.76
0.78
0.81
0.84
0.86
0.86
0.88
0.88
0.86
0.86
0.83
0.82
0.81
0.77
0.74
0.69
0.63
0.55
0.45
0.43
0.43
4.31
0.29
0.44
0.54
0.62
0.63
0.64
0.65
0.57
0.46
0.46
0.48
0.47
0.50
0.48
0.49
0.49
0.48
0.49
0.48
0.50
0.51
0.51
0.52
0.52
0.54
0.51
0.53
0.52
0.53
0.54
0.55
0.53
0.55
4.44
0.37
0.54
0.53
0.54
0.55
0.56
0.56
0.54
0.55
0.55
0.56
0.56
0.55
0.55
0.57
0.56
0.57
0.56
0.56
0.55
0.57
0.57
0.55
0.56
0.58
0.56
0.56
0.56
0.57
0.57
0.57
0.57
0.56
0.58
0.56
0.56
0.56
4.38
0.37
0.57
0.54
0.54
0.55
0.54
0.56
0.55
0.55
0.54
0.55
0.57
0.54
0.55
0.55
0.53
0.57
0.56
0.58
0.57
0.57
0.57
0.55
0.58
0.56
0.56
0.57
0.56
0.59
0.57
0.56
0.57
0.55
0.57
0.57
0.59
0.57
0.57
0.58
0.55
0.55
0.56
0.56
0.58
0.58
0.57
0.66
4.14
0.40
0.56
0.56
0.57
0.55
0.55
0.57
0.55
0.56
0.56
0.56
0.57
0.55
0.55
0.57
0.56
0.56
0.57
0.58
0.56
0.56
0.55
0.56
0.55
0.56
0.57
0.57
0.58
0.57
0.57
0.57
0.57
0.55
0.57
0.58
0.56
0.57
0.57
0.57
0.58
0.56
0.58
0.57
0.57
0.58
0.59
0.61
0.57
0.57
3.95
0.38
0.56
0.54
0.58
0.57
0.55
4.34
0.38
0.57
0.56
0.56
0.55
0.54
0.59
0.59
0.56
0.55
0.56
0.56
0.56
0.57
0.57
0.55
0.56
0.55
0.56
0.55
0.56
0.57
0.56
0.56
0.55
0.58
0.56
0.60
0.56
0.57
0.57
0.54
0.57
0.58
0.59
0.57
0.58
0.56
0.57
0.58
0.56
0.57
0.57
0.57
0.56
0.58
0.57
0.57
0.56
3.98
0.37
0.58
0.57
0.53
0.54
0.55
0.53
0.55
0.54
0.55
0.55
0.56
0.55
0.57
0.54
4.46
0.36
0.55
0.55
0.55
0.57
0.55
0.57
0.55
0.55
0.55
0.56
0.54
0.56
0.56
0.55
0.57
0.58
0.56
0.56
0.57
0.56
0.57
0.56
0.58
0.57
0.57
0.56
0.58
0.59
0.56
0.57
0.57
0.57
0.57
0.59
0.56
0.58
0.56
0.60
0.57
0.58
0.57
0.59
0.56
0.56
0.59
0.58
0.58
0.58
3.96
0.38
0.55
0.56
0.57
0.55
0.57
0.56
0.58
0.58
0.53
0.55
0.56
0.56
0.53
0.54
0.57
0.56
0.55
0.58
0.56
0.55
0.56
0.56
0.55
0.58
4.32
0.38
0.56
0.53
0.56
0.58
0.56
0.55
0.57
0.55
0.55
0.59
0.56
0.57
0.56
0.56
0.56
0.56
0.56
0.55
0.55
0.58
0.59
0.56
0.57
0.56
0.56
0.56
0.56
0.59
0.60
0.57
0.56
0.55
0.58
0.58
0.56
0.58
0.56
0.58
0.57
0.56
0.59
0.58
0.59
0.57
0.59
0.55
0.58
0.56
4.01
0.39
0.56
0.57
0.58
0.55
0.53
0.57
0.54
0.54
0.54
0.55
0.56
0.55
0.55
0.57
0.55
0.56
0.58
0.57
0.60
0.55
0.57
0.55
0.60
0.57
0.55
0.57
0.54
0.57
0.58
0.57
0.56
0.58
0.56
4.54
0.37
0.55
0.57
0.56
0.57
0.56
0.55
0.55
0.55
0.55
0.57
0.57
0.56
0.56
0.56
0.57
0.57
0.55
0.57
0.61
0.56
0.58
0.57
0.56
0.57
0.57
0.57
0.60
0.56
0.57
0.58
0.57
0.58
0.58
0.57
0.56
0.57
0.57
0.57
0.58
0.58
0.56
0.56
0.59
0.58
0.56
0.56
0.56
0.58
4.03
0.40
0.55
0.56
0.58
0.59
0.54
0.54
0.57
0.55
0.56
0.59
0.55
0.56
0.56
0.56
0.55
0.59
0.55
0.58
0.59
0.57
0.57
0.55
0.56
0.57
0.56
0.58
0.58
0.57
0.57
0.56
0.56
0.56
0.57
0.58
0.57
0.57
0.58
0.56
0.56
0.56
0.58
0.57
4.50
0.39
0.56
0.57
0.57
0.55
0.55
0.55
0.55
0.56
0.56
0.57
0.57
0.55
0.59
0.55
0.56
0.54
0.55
0.54
0.55
0.58
0.57
0.58
0.55
0.58
0.57
0.58
0.56
0.58
0.57
0.58
0.55
0.58
0.57
0.59
0.58
0.58
0.59
0.60
0.59
0.59
0.60
0.58
0.57
0.56
0.59
0.57
0.57
0.59
4.03
0.39
0.59
0.56
0.56
0.55
0.56
0.56
0.54
0.57
0.58
0.56
0.55
0.58
0.55
0.57
0.59
0.57
0.60
0.56
0.58
0.57
0.59
0.57
0.58
0.60
0.56
0.56
0.56
0.59
0.58
0.58
0.57
0.60
0.61
0.54
0.58
0.58
0.57
0.54
0.55
0.57
0.56
0.57
0.57
0.59
0.58
4.06
0.38
0.55
0.56
0.58
0.53
0.61
0.55
4.24
0.38
0.55
0.57
0.54
0.56
0.55
0.58
0.55
0.57
0.55
0.56
0.56
0.56
0.57
0.58
0.55
0.59
0.55
0.58
0.54
0.55
0.56
0.58
0.54
0.62
0.56
0.54
0.56
0.54
0.55
0.57
0.56
0.58
0.59
0.58
0.55
0.59
0.58
0.55
0.60
0.58
0.56
0.57
0.59
0.59
0.55
0.56
0.59
0.57
3.93
0.40
0.57
0.57
0.57
0.55
0.56
0.58
0.56
0.55
0.56
0.58
0.56
0.55
0.56
0.55
0.58
0.58
0.57
0.57
0.57
0.59
0.58
0.57
0.55
0.65
0.56
0.56
0.57
0.59
0.56
0.56
0.55
0.59
0.57
0.59
0.57
0.60
0.59
0.57
0.56
0.59
0.58
0.58
0.59
0.56
0.56
3.99
0.39
0.54
0.58
0.56
0.58
0.55
0.59
0.54
0.57
0.53
0.57
0.58
0.57
0.56
0.56
4.44
0.41
0.57
0.56
0.56
0.57
0.57
0.57
0.57
0.57
0.58
0.55
0.56
0.56
0.55
0.57
0.56
0.58
0.57
0.57
0.57
0.57
0.58
0.57
0.56
0.57
0.56
0.58
0.59
0.57
0.56
0.59
0.57
0.57
0.57
0.55
0.58
0.56
0.59
0.56
0.62
0.59
0.59
0.57
0.57
0.58
0.61
0.58
0.58
0.58
4.03
0.42
0.57
0.59
0.56
0.53
0.57
0.56
0.57
0.57
0.61
0.56
0.56
0.56
0.56
0.56
0.57
0.57
0.60
0.56
0.54
0.56
0.55
0.60
0.58
0.54
0.58
0.57
0.56
0.55
0.61
0.56
0.59
0.57
0.56
0.60
0.55
0.57
0.57
0.61
0.57
0.62
0.60
0.59
0.59
0.59
0.58
4.13
0.41
0.58
0.57
0.55
0.58
0.55
0.58
0.57
0.56
0.61
0.56
0.56
0.58
0.59
0.57
0.56
0.58
0.58
0.57
0.57
0.58
0.59
0.57
0.59
4.35
0.39
0.59
0.56
0.59
0.57
0.57
0.57
0.57
0.55
0.57
0.58
0.55
0.58
0.58
0.60
0.59
0.55
0.58
0.58
0.57
0.56
0.59
0.57
0.57
0.57
0.57
0.58
0.57
0.58
0.59
0.55
0.60
0.56
0.59
0.61
0.57
0.58
0.61
0.58
0.60
0.59
0.57
0.58
0.62
0.57
0.56
0.57
0.62
0.61
4.00
0.41
0.60
0.56
0.56
0.56
0.55
0.56
0.59
0.58
0.59
0.55
0.58
0.57
0.57
0.54
0.60
0.56
0.59
0.55
0.59
0.57
0.55
0.57
0.58
0.57
0.62
0.59
0.57
0.62
0.59
0.59
0.57
0.60
0.59
0.58
0.59
0.60
0.57
0.59
0.60
0.59
0.59
0.60
0.58
0.61
0.63
4.09
0.37
0.55
0.56
0.56
0.58
0.57
0.55
0.58
0.57
0.59
0.53
0.56
0.56
0.56
0.57
0.57
0.56
0.60
0.56
0.58
0.57
0.58
0.56
0.57
0.57
0.60
0.60
0.57
0.59
0.58
0.59
0.59
4.47
0.40
0.57
0.55
0.57
0.57
0.56
0.60
0.56
0.60
0.63
0.55
0.57
0.57
0.57
0.57
0.58
0.58
0.56
0.57
0.56
0.59
0.56
0.57
0.57
0.58
0.57
0.58
0.59
0.58
0.60
0.59
0.59
0.57
0.58
0.60
0.58
0.59
0.58
0.57
0.59
0.58
0.57
0.57
0.57
0.59
0.62
0.59
0.58
0.59
4.03
0.39
0.57
0.63
0.60
0.55
0.57
0.54
0.55
0.56
0.57
0.55
0.58
0.54
0.54
0.58
0.56
0.59
0.56
0.59
0.54
0.55
0.57
0.56
0.61
0.58
0.60
0.60
0.61
0.60
0.60
0.61
0.57
0.58
0.58
0.60
0.59
0.61
0.60
0.57
0.59
0.62
0.59
0.58
0.58
0.56
0.60
4.01
0.41
0.56
0.59
0.57
0.58
0.57
0.57
0.57
0.56
0.59
0.59
0.58
0.55
0.56
0.55
0.58
0.59
0.60
0.58
0.57
0.61
0.55
0.58
0.59
0.58
0.55
0.59
0.61
0.60
0.58
0.57
0.55
0.63
0.61
0.56
0.56
0.59
0.57
0.57
0.57
0.56
4.45
0.42
0.59
0.59
0.57
0.59
0.58
0.60
0.57
0.56
0.55
0.59
0.58
0.56
0.56
0.57
0.58
0.62
0.57
0.56
0.55
0.56
0.59
0.58
0.60
0.59
0.56
0.58
0.60
0.61
0.60
0.58
0.57
0.58
0.56
0.58
0.60
0.60
0.60
0.58
0.60
0.60
0.60
0.65
0.59
0.58
0.57
0.59
0.57
0.59
4.14
0.40
0.55
0.57
0.57
0.56
0.57
0.58
0.60
0.56
0.56
0.55
0.58
0.55
0.61
0.60
0.56
0.59
0.61
0.57
0.60
0.62
0.58
0.58
0.59
0.57
0.58
0.62
0.59
0.56
0.57
0.59
0.57
0.58
0.57
0.56
0.55
0.59
0.61
0.57
0.56
0.58
0.63
0.59
0.61
0.60
0.61
4.05
0.38
0.58
0.59
0.59
0.56
0.56
0.62
0.56
0.58
0.57
0.58
0.57
0.58
0.53
0.58
0.58
0.60
0.57
0.58
0.58
0.57
0.57
0.57
0.56
0.60
0.57
0.56
0.57
0.57
0.61
0.57
0.58
0.56
0.58
0.56
0.61
0.57
0.59
0.56
0.58
0.58
0.60
0.58
0.61
0.57
0.63
4.18
0.42
0.57
0.62
4.28
0.41
0.56
0.57
0.56
0.55
0.57
0.54
0.58
0.61
0.59
0.57
0.54
0.56
0.54
0.56
0.56
0.58
0.57
0.57
0.59
0.56
0.56
0.58
0.60
0.60
0.57
0.61
0.58
0.55
0.56
0.56
0.57
0.55
0.60
0.58
0.56
0.60
0.61
0.61
0.60
0.57
0.60
0.57
0.59
0.59
0.59
0.62
0.57
0.58
3.97
0.39
0.54
0.55
0.56
0.57
0.58
0.57
0.52
0.58
0.58
0.58
0.56
0.56
0.58
0.56
0.56
0.55
0.57
0.57
0.59
0.57
0.60
0.57
0.56
0.59
0.57
0.58
0.58
0.59
0.56
0.57
0.59
0.60
0.59
0.58
0.58
0.56
0.57
0.58
0.56
0.58
0.60
0.56
0.64
0.58
0.56
4.12
0.41
0.55
0.56
0.57
0.52
0.54
0.54
0.56
0.59
0.57
0.55
0.56
0.56
0.54
0.55
0.54
0.56
0.55
0.60
0.59
0.57
0.60
0.59
0.59
0.59
0.58
0.53
0.57
0.61
0.58
0.58
0.57
0.56
0.58
0.58
0.59
0.56
0.61
0.58
0.61
0.56
0.62
0.63
0.60
0.57
0.59
4.14
0.41
0.58
0.60
0.57
0.55
0.55
0.59
0.55
0.55
0.54
0.58
4.40
0.44
0.55
0.56
0.54
0.58
0.59
0.59
0.58
0.58
0.58
0.59
0.54
0.55
0.59
0.58
0.57
0.56
0.58
0.58
0.54
0.56
0.58
0.57
0.61
0.58
0.59
0.58
0.55
0.57
0.58
0.58
0.59
0.61
0.57
0.61
0.62
0.56
0.57
0.57
0.59
0.57
0.61
0.59
0.60
0.60
0.58
0.59
0.57
0.57
4.09
0.40
0.55
0.58
0.57
0.57
0.57
0.57
0.57
0.53
0.59
0.57
0.58
0.54
0.56
0.55
0.58
0.55
0.56
0.56
0.58
0.57
0.58
0.57
0.60
0.58
0.59
0.60
0.54
0.63
0.63
0.55
0.56
0.55
0.57
0.59
0.57
0.59
0.57
0.58
0.56
0.60
0.60
0.58
0.58
0.58
0.56
4.07
0.49
0.55
0.61
0.56
0.56
0.56
0.60
0.53
0.58
0.58
0.61
0.58
0.57
0.58
0.56
0.54
0.60
0.59
0.58
0.57
0.58
0.61
0.58
0.56
0.56
0.56
0.56
0.58
0.57
0.55
0.57
0.59
0.58
0.59
0.56
0.56
0.58
0.60
0.58
0.56
0.58
0.59
0.59
0.61
0.57
0.57
4.06
0.37
0.57
0.55
0.58
0.60
0.60
0.56
0.58
0.55
0.55
0.57
0.59
0.56
0.57
0.61
0.59
0.57
0.62
0.59
4.50
0.38
0.56
0.60
0.56
0.57
0.55
0.55
0.55
0.61
0.63
0.55
0.54
0.55
0.58
0.55
0.58
0.57
0.57
0.56
0.56
0.58
0.58
0.57
0.56
0.55
0.54
0.57
0.60
0.57
0.57
0.58
0.59
0.56
0.58
0.59
0.59
0.57
0.58
0.60
0.63
0.61
0.57
0.56
0.56
0.58
0.58
0.61
0.56
0.59
4.13
0.39
0.58
0.55
0.60
0.57
0.56
0.58
0.57
0.59
0.56
0.55
0.55
0.57
0.56
0.57
0.58
0.59
0.56
0.59
0.59
0.55
0.55
0.56
0.61
0.57
0.58
0.58
0.59
0.57
0.57
0.55
0.55
0.60
0.57
0.56
0.56
0.62
0.57
0.62
0.60
0.60
0.62
0.59
0.58
0.58
0.55
4.13
0.44
0.59
0.56
0.57
0.60
0.54
0.56
0.60
0.62
0.55
0.56
0.58
0.56
0.55
0.57
0.59
0.56
0.56
0.62
0.59
0.59
0.57
0.59
0.59
0.61
0.60
0.59
0.58
0.58
0.59
0.59
0.57
0.61
0.55
0.58
0.62
0.57
0.61
0.61
0.61
0.59
0.60
0.57
0.58
0.57
0.63
4.15
0.39
0.60
0.60
0.60
0.59
0.56
0.59
0.60
0.59
0.58
0.61
0.56
0.57
0.60
0.55
0.56
0.56
0.57
0.59
0.57
0.62
0.58
0.58
0.59
0.58
0.55
0.54
4.86
0.43
0.60
0.58
0.60
0.55
0.61
0.59
0.60
0.54
0.60
0.56
0.55
0.54
0.60
0.59
0.61
0.59
0.58
0.57
0.60
0.59
0.57
0.61
0.59
0.57
0.61
0.59
0.63
0.55
0.60
0.58
0.58
0.56
0.57
0.57
0.62
0.61
0.64
0.59
0.58
0.60
0.58
0.61
0.62
0.62
0.57
0.62
0.61
0.60
4.14
0.40
0.60
0.56
0.58
0.59
0.56
0.55
0.59
0.61
0.55
0.58
0.58
0.57
0.56
0.59
0.56
0.59
0.62
0.56
0.62
0.57
0.55
0.58
0.58
0.57
0.61
0.58
0.61
0.58
0.57
0.61
0.60
0.56
0.57
0.60
0.57
0.60
0.59
0.59
0.61
0.60
0.58
0.60
0.58
0.58
0.61
4.11
0.45
0.56
0.59
0.57
0.57
0.57
0.56
0.57
0.65
0.58
0.57
0.59
0.60
0.57
0.57
0.58
0.60
0.57
0.55
0.60
0.57
0.54
0.59
0.58
0.62
0.60
0.56
0.61
0.56
0.59
0.62
0.57
0.62
0.59
0.57
0.56
0.61
0.59
0.59
0.59
0.59
0.61
0.59
0.61
0.60
0.59
4.13
0.45
0.61
0.58
0.59
0.56
0.55
0.54
0.57
0.56
0.54
0.60
0.57
0.55
0.59
0.63
0.57
0.61
0.58
0.59
0.59
0.57
0.59
0.59
0.58
0.58
0.58
0.58
0.62
0.56
0.58
0.61
0.58
0.60
0.64
0.58
0.58
4.66
0.39
0.61
0.57
0.62
0.58
0.55
0.60
0.61
0.59
0.63
0.56
0.55
0.59
0.61
0.60
0.55
0.61
0.57
0.58
0.59
0.60
0.57
0.58
0.59
0.58
0.61
0.59
0.59
0.59
0.60
0.57
0.57
0.58
0.57
0.60
0.60
0.57
0.58
0.60
0.55
0.61
0.58
0.64
0.65
0.61
0.63
0.58
0.60
0.59
4.16
0.41
0.62
0.60
0.61
0.58
0.60
0.61
0.62
0.59
0.57
0.62
0.58
0.60
0.60
0.58
0.59
0.59
0.58
0.56
0.60
0.59
0.62
0.59
0.58
0.56
0.58
0.62
0.60
0.57
0.55
0.60
0.66
0.59
0.61
0.60
0.57
0.64
0.62
0.59
0.60
0.63
0.59
0.62
0.63
0.63
4.17
0.41
0.62
0.58
0.55
0.65
0.66
0.56
0.56
0.55
0.56
0.64
0.60
0.57
0.63
0.60
0.61
0.62
0.56
0.58
0.56
0.60
0.53
0.58
0.59
0.59
0.60
0.57
0.60
0.57
0.60
0.57
0.57
0.60
0.59
0.65
0.59
0.58
0.58
0.58
0.62
0.60
0.59
0.58
0.59
0.59
4.19
0.45
0.62
0.59
0.60
0.55
0.57
0.62
0.59
0.61
0.57
0.61
0.60
0.60
0.60
0.61
0.62
0.61
0.61
0.58
0.64
0.59
0.60
0.61
0.60
0.58
0.56
0.59
0.59
0.63
0.60
0.63
0.60
0.63
0.63
0.60
0.60
0.60
0.59
0.62
0.59
0.66
0.59
0.61
0.61
0.62
4.66
0.44
0.57
0.60
0.58
0.62
0.60
0.59
0.57
0.57
0.58
0.66
0.59
0.57
0.65
0.63
0.58
0.64
0.61
0.64
0.60
0.60
0.62
0.60
0.60
0.62
0.60
0.63
0.58
0.60
0.62
0.57
0.62
0.56
0.63
0.61
0.59
0.61
0.60
0.64
0.59
0.60
0.60
0.59
0.66
0.62
0.64
0.61
0.64
4.34
0.49
0.59
0.59
0.60
0.62
0.56
0.56
0.61
0.61
0.62
0.54
0.54
0.59
0.58
0.58
0.65
0.62
0.60
0.62
0.59
0.57
0.65
0.63
0.65
0.59
0.59
0.56
0.61
0.60
0.60
0.59
0.64
0.58
0.58
0.60
0.62
0.63
0.61
0.63
0.58
0.59
0.59
0.60
0.62
4.16
0.44
0.60
0.59
0.61
0.64
0.59
0.55
0.61
0.61
0.60
0.58
0.53
0.64
0.61
0.58
0.60
0.59
0.57
0.62
0.63
0.57
0.59
0.67
0.64
0.64
0.60
0.56
0.62
0.53
0.58
0.72
0.63
0.61
0.62
0.66
0.66
0.62
0.56
0.59
0.59
0.64
0.57
0.59
0.63
4.20
0.48
0.60
0.60
0.68
0.65
0.69
0.68
0.58
0.65
0.60
0.62
0.60
0.66
0.57
0.62
0.59
0.59
0.58
0.71
0.61
0.52
0.61
0.72
0.56
0.58
0.58
0.57
0.61
0.67
0.61
0.61
0.57
0.53
0.65
0.60
0.69
0.63
0.61
0.62
0.61
0.58
0.63
0.66
4.15
0.45
0.59
0.63
0.61
0.61
0.65
0.62
0.59
0.64
4.76
0.39
0.55
0.56
0.60
0.60
0.64
0.56
0.53
0.61
0.64
0.57
0.61
0.67
0.69
0.61
0.62
0.55
0.56
0.61
0.53
0.69
0.70
0.70
0.62
0.63
0.61
0.60
0.63
0.63
0.59
0.60
0.57
0.57
0.59
0.64
0.57
0.61
0.60
0.60
0.61
0.62
0.55
0.58
0.66
0.62
0.61
0.63
4.30
0.44
0.61
0.58
0.64
0.61
0.58
0.63
0.64
0.59
0.61
0.67
0.61
0.64
0.71
0.59
0.62
0.63
0.67
0.58
0.60
0.68
0.70
0.62
0.60
0.64
0.63
0.63
0.63
0.55
0.61
0.54
0.59
0.56
0.65
0.60
0.61
0.72
0.61
0.61
0.58
0.49
0.56
0.60
4.30
0.45
1.51
1.82
0.70
0.47
0.44
0.44
0.44
0.46
0.44
0.46
0.45
0.46
0.47
0.49
0.48
0.50
0.51
0.51
0.52
0.51
0.52
0.56
0.55
0.55
0.53
0.60
0.59
0.56
0.56
0.54
0.58
0.60
0.57
0.58
0.62
0.58
0.56
0.57
0.59
0.61
0.59
0.58
0.58
0.61
0.61
0.63
0.61
0.60
0.64
0.60
0.62
4.26
4.77
0.43
0.61
0.61
0.64
0.54
0.61
0.68
0.63
0.55
0.63
0.61
0.61
0.55
0.60
0.64
0.64
0.67
0.39
1.79
0.39
1.19
1.37
1.42
0.79
0.26
0.23
0.24
0.22
0.26
0.23
