62
65
65
66
61
128
202
368
521
840
1087
977
602
969
1464
1572
1822
1421
1881
2378
2380
2460
2525
2664
2735
2897
2968
3139
3216
3401
1912
2773
2981
3065
3236
3331
3485
3570
3728
3808
3966
4043
4167
4272
4388
4468
4583
4683
4791
4864
4978
5073
5157
5257
5342
5422
5487
5563
5662
5730
5838
5931
6030
6117
6235
6337
6449
4754
2524
2845
2930
3008
3089
3183
3266
3377
3468
3596
3686
3826
3915
4045
4135
4280
4360
4500
4588
4710
4789
4918
5007
5133
5223
5326
5415
5535
5609
5711
5796
5901
5991
6086
6169
6274
6355
6455
6545
6647
6739
6584
2708
3320
3171
3239
3319
3398
3501
3593
3707
3789
3924
4009
4149
4237
4383
4469
4616
4689
4843
4923
5065
5149
5277
5379
5512
5588
5698
5788
5908
5999
6117
6194
6311
6397
6499
6604
6695
6780
6872
6979
7064
7146
7237
7341
7420
7510
7615
7701
7785
7874
7971
3788
3938
4028
4129
4227
4302
4399
4485
4568
4664
4751
4853
4930
5022
5119
5220
5294
4711
3504
3663
3752
3839
3923
4013
4122
4213
4302
4392
4484
4571
4610
4693
4798
4894
4986
5077
5177
5271
5383
5460
5540
5639
5742
5813
5919
6002
6099
6206
6282
6386
6475
6578
6672
6754
6833
6922
7035
7116
7189
7277
7390
5987
2677
2931
3493
3148
3225
3310
3387
3497
3582
3704
3793
3928
4012
4147
4241
4381
4461
4612
4706
4846
4932
5073
5158
5289
5378
5507
5593
5721
5801
5912
6018
6110
6220
6301
6393
6498
6573
6691
6773
6883
6954
7051
7153
7232
7314
6529
2573
3131
3023
3070
3149
3223
3329
3406
3545
3614
3767
3847
4001
4074
4234
4318
4466
4555
4708
4807
4949
5036
5189
5276
5413
5506
5628
5726
5840
5930
6055
6134
6249
6342
6455
6527
6617
6717
6817
6921
7003
7092
7201
7280
7382
7477
7571
7659
7751
7841
7935
3785
3945
4032
4119
4219
4312
4398
4487
4586
4691
4768
4872
4959
5054
5163
5234
3616
3504
3654
3745
3825
3926
4017
4104
4197
4291
4387
4480
4575
4656
4761
4838
4937
5023
5112
5226
5305
5384
5481
5582
5655
5757
5831
5948
6012
6115
6206
6285
6377
6469
6567
6644
6756
6826
6919
7016
7111
7211
7289
7387
7482
7584
7656
7762
7844
7924
3796
3988
4051
4136
4247
4317
4406
4505
4596
4687
4788
4853
4965
5046
5148
5223
5119
2674
3252
3155
3242
3318
3399
3499
3580
3703
3775
3932
3997
4144
4233
4391
4462
4619
4697
4841
4935
5089
5152
5308
5400
5543
5610
5720
5812
5942
6019
6148
6225
6331
6427
6546
6631
6745
6828
6922
7035
7133
7255
5836
2649
2548
2647
2706
3284
2914
2982
3059
3131
3243
3317
3457
3527
3679
2537
2776
2962
3039
3201
3286
3443
3503
3506
3538
3174
2883
2988
3078
3135
3231
3266
3203
3221
3138
3151
3075
3086
3028
3031
3003
1709
2597
2661
2725
2786
2828
2934
2962
3078
3097
3125
3135
3122
3129
3132
3136
3156
3169
3212
3231
3304
3340
3405
3468
3492
3566
3634
3716
3793
3867
3474
2816
2916
3047
3108
3228
3274
3344
3409
3539
3620
3734
3819
3943
4025
4155
4241
4368
4452
4587
4670
4804
4884
5013
5112
5223
5310
5428
5522
5635
5722
5841
5925
6030
5943
3474
3623
3715
3818
3908
3997
4085
4185
4274
4370
4467
4555
4645
4738
4829
4926
5005
5099
5193
5278
5368
5463
5554
5645
5736
5829
5923
6009
6099
6189
6281
6377
6461
6553
6642
6738
6825
6916
5895
3548
3686
3781
3802
3881
3969
4059
4150
4237
4340
4423
4526
4610
4706
4798
4893
4981
5079
5166
5263
5355
5447
5539
5630
5726
5818
5904
5997
6096
6175
6270
6355
6446
6538
6628
6723
6814
6906
6991
7085
7175
7261
7350
7439
7535
7624
7719
7803
5674
3550
3684
3781
3868
3955
4047
4138
4227
4315
4410
4504
4590
4679
4773
4859
4949
5037
5132
5227
5311
5404
5493
5581
5667
5761
5851
5947
5963
6056
6150
6232
6330
6419
6510
6601
6697
6787
6879
6969
7065
7154
7249
7338
7439
7524
7619
7708
7810
7891
7986
3805
3945
4032
4127
4218
4307
4387
3251
3536
3673
3764
3855
3947
4046
4128
4217
4312
4402
4496
4581
4675
4764
4857
4947
5032
5130
5210
5308
5388
5481
5573
5654
5750
5836
5929
6020
6108
6205
6287
6375
6469
6555
6653
6743
6828
6927
7005
7097
7182
7276
7369
7457
7551
7641
7735
7819
7910
8005
3817
3953
4045
4132
4227
4315
4403
4499
4586
4672
4763
4855
4943
5036
5127
5219
4475
3553
3692
3779
3874
3960
4055
4136
4226
4318
4409
4502
4597
4616
4696
4787
4876
4976
5064
5169
5250
5347
5432
5528
5620
5717
5802
5898
5986
6086
6168
6266
6354
6445
6542
6627
6719
6808
6896
6988
7078
7171
7263
7349
7448
7534
7618
7712
7801
7887
7985
3818
3957
4049
4138
4233
4319
4410
4506
4587
4679
4770
4860
4947
5043
5134
5220
5313
5403
5492
5583
5670
5758
5855
5937
6030
6116
4834
3556
3695
3785
3879
3965
4058
4149
4233
4321
4413
4503
4592
4688
4770
4859
4953
5042
5129
5226
5309
5399
5489
5580
5673
5766
5847
5939
6030
6059
6136
6234
6322
6412
6498
6600
6685
6785
6868
6968
7055
7157
7237
7337
7424
7523
7612
7708
7800
7889
7982
3811
3954
4038
4129
4223
4311
4401
4491
4577
4675
4762
4852
4947
5032
5125
5222
5239
5327
5409
5504
5604
5688
5782
5872
5970
6059
6163
6249
6334
6427
6524
6604
6703
6792
6886
6980
5448
3538
3674
3766
3862
3952
4038
4129
4223
4310
4401
4496
4591
4677
4759
4856
4940
5031
5125
5215
5300
5398
5491
5578
5657
5754
5841
5931
6014
6110
6206
6284
6376
6471
6558
6650
6740
6825
6916
6950
7036
7124
7213
7308
7391
7488
7576
7672
7760
7854
7951
3792
3930
4017
4114
4204
4297
4392
4480
4575
4668
4757
4852
4936
5031
5123
5211
5301
5391
5483
5576
5658
5749
5839
5934
6022
6108
6205
6297
6377
6471
6563
6652
6737
6832
6920
7010
7104
7184
7265
7358
7444
7535
7633
7715
7812
6528
3546
3687
3778
3876
3958
4051
4137
4168
4245
4332
4422
4516
4615
4709
4790
4881
4975
5075
5166
5260
5347
5442
5529
5625
5717
5811
5903
6002
6081
6169
6263
6361
6438
6532
6623
6716
6807
6898
6988
7078
7172
7257
7347
7445
7526
7613
7726
7733
7823
7914
3746
3892
3980
4077
4162
4261
4344
4454
4536
4625
4718
4807
4900
4998
5091
5183
5278
5360
5462
5536
5631
5727
5807
5899
5991
6091
6173
6259
6350
6442
6539
6628
6716
6796
6886
6981
7069
7163
7248
7341
7427
7523
7620
7699
7793
7877
7972
3820
3958
4049
4143
4239
4321
4416
4498
2196
3549
3688
3778
3865
3964
4061
4079
4171
4262
4342
4440
4529
4627
4711
4812
4905
4995
5078
5183
5270
5358
5450
5542
5628
5728
5818
5914
6003
6092
6179
6270
6365
6454
6540
6638
6725
6819
6898
6997
7077
7166
7265
7352
7433
7528
7614
7705
7805
7890
7974
3821
3962
4050
4149
4235
4319
4411
4506
4592
4687
4773
4864
4953
5053
5060
5149
5245
5329
5425
5517
5612
5696
5799
5888
5989
6074
6177
6258
6345
6439
6534
6627
6714
6812
6903
6994
7083
7170
7266
7355
7454
7535
7625
7717
7813
7893
7980
3816
3962
4050
4133
4228
4322
4410
4498
4587
4673
4767
4862
4945
5039
5132
5224
5005
3558
3700
3797
3875
3959
4054
4141
4241
4323
4418
4508
4595
4689
4779
4872
4953
5048
5133
5236
5247
5338
5428
5527
5618
5708
5801
5900
5993
6080
6173
6260
6360
6444
6550
6638
6713
6811
6900
6991
7090
7167
7264
7350
7451
7531
7629
7713
7813
7894
7995
3813
3958
4046
4141
4233
4304
4398
4483
4584
4671
4761
4846
4942
5038
5123
5216
5305
5398
5479
5577
5656
5748
5839
5930
6012
6107
6214
6170
6248
6329
6417
6518
6603
6697
6790
6889
6970
7075
7170
7262
7352
7447
7541
7644
7729
7835
7936
3775
3918
4001
4091
4180
4274
4377
4453
4553
4654
4742
4837
4917
5006
5097
5186
5287
5363
5461
5566
5577
5665
5763
5838
5941
6031
4480
3492
3629
3729
3824
3912
4003
4097
4185
4291
4368
4464
4558
4640
4734
4833
4918
5013
5114
5181
5278
5366
5455
5552
5651
5732
5822
5905
6003
6093
6178
6270
6377
6383
6473
6569
6647
6745
6839
6931
7017
7118
7207
7303
7394
7489
7581
7673
7772
7853
7948
3799
3940
4032
4120
4205
4307
4401
4487
4572
4661
4759
4839
4879
4960
5045
5126
5230
5328
5415
5496
5598
5692
5790
5865
5962
6057
6151
6248
6341
6427
6529
6614
6696
6793
6888
6986
7055
7148
7244
7339
7416
7512
7604
7702
7782
7868
7962
3812
3961
4049
4144
4225
4315
4413
4507
4572
4673
4757
4859
4932
5027
5112
5215
5310
5379
5465
5563
5654
5737
5827
5921
6020
6100
6193
6280
6372
6457
6549
6647
6732
6827
6327
3553
3696
3785
3881
3975
4051
4142
4239
4332
4420
4496
4589
4678
4774
4869
4947
5041
5134
5233
5240
5332
5424
5518
5612
5702
5804
5883
5984
6072
6170
6265
6349
6437
6544
6625
6721
6813
6901
6993
7085
7184
7265
7339
7444
7528
7615
7705
7798
7879
7980
3807
3956
4046
4127
4222
4311
4399
4491
4572
4664
4757
4857
4942
5027
5113
5198
5298
5386
5478
5573
5659
5744
5835
5930
6011
6101
6193
6287
6369
6464
6551
6643
6745
6826
6907
6999
7091
7183
7277
7365
7454
7547
7644
7660
7751
7837
7932
3776
3922
4020
4100
4186
4280
4369
4458
4551
4646
4735
4837
4918
5011
5091
5181
5287
5369
5460
5561
5647
5735
5834
5906
5995
6087
6186
6273
6366
6464
6548
6630
6725
6804
6894
6982
7082
7166
7252
7349
7441
7517
7468
3542
3681
3769
3867
3957
4049
4143
4235
4321
4410
4497
4588
4674
4769
4859
4943
5036
5129
5222
5309
5401
5495
5580
5668
5763
5842
5936
6025
6120
6206
6300
6394
6418
6506
6585
6674
6769
6854
6954
7039
7140
7233
7322
7412
7509
7601
7690
7786
7865
7961
3799
3948
4032
4120
4214
4305
4400
4493
4580
4670
4763
4855
4946
5039
5125
5208
5298
5391
5478
5565
5658
5747
5837
5930
6018
6106
6140
6216
6301
6396
6492
6578
6671
6758
6863
6951
7044
7139
7235
7321
7419
7513
7603
7688
7788
7873
7964
3812
3961
4046
4140
4233
4315
4401
4491
4591
4676
4767
4855
4950
5042
5139
5155
5233
5327
5413
5510
5597
5690
5780
5873
5964
6063
6145
6260
6330
6420
6513
6601
6692
6790
6889
6982
7079
7148
7252
7328
7426
7497
7599
7697
7779
7873
7971
3795
3932
4026
4114
3627
3526
3678
3761
3855
3935
4025
4117
4221
4295
4392
4486
4572
4672
4762
4845
4926
5020
5112
5195
5293
5376
5468
5558
5654
5744
5833
5927
6019
6099
6197
6279
6368
6469
6559
6649
6745
6761
6839
6924
7013
7107
7199
7285
7378
7481
7567
7670
7757
7856
7942
3802
3952
4033
4126
4213
4307
4408
4499
4586
4672
4767
4861
4946
5027
5125
5210
5306
5391
5484
5568
5671
5762
5840
5932
6025
6109
6207
6293
6386
6469
6558
6654
6748
6835
6925
7008
7090
7185
7269
7364
7447
7535
7637
7723
7806
7913
7921
3739
3877
3964
4063
4159
4245
4331
4431
4520
4623
4713
4805
4899
4990
5079
5177
5261
5358
5447
5541
5627
5729
5820
5906
5995
6089
6177
6278
6360
6447
6538
6626
6713
6815
6898
6992
7082
7174
7253
7352
7444
7533
7612
7701
7785
7875
7972
3811
3946
4038
4139
4226
4308
4403
4489
4584
4670
4758
4845
4944
2912
3538
3683
3782
3865
3953
4035
4120
4224
4307
4401
4488
4576
4666
4752
4844
4940
5032
5118
5203
5296
5393
5477
5572
5651
5756
5772
5863
5950
6030
6126
6224
6314
6400
6499
6581
6687
6776
6874
6963
7062
7144
7248
7341
7420
7519
7600
7686
7779
7886
7955
3808
3955
4038
4134
4234
4325
4403
4498
4586
4671
4758
4863
4943
5030
5119
5212
5298
5399
5490
5580
5673
5742
5850
5933
6013
6103
6183
6280
6361
6462
6555
6643
6732
6818
6907
7011
7089
7184
7277
7366
7449
7532
7627
7726
7813
7895
7987
3806
3960
4037
4126
4212
4302
4405
4497
4575
4659
4737
4839
4933
5031
5105
5197
5296
5374
5462
5557
5648
5742
5833
5929
6007
6096
6132
6207
6297
6391
6488
6572
6666
6760
6843
6943
7044
7124
7217
7326
7404
7498
7582
7687
7779
7858
7955
3780
3922
4029
4110
4183
4286
4366
4456
4546
4630
4728
4832
4907
4998
5089
5188
5271
5365
5460
5557
5510
3530
3675
3781
3854
3936
4018
4102
4205
4295
4385
4464
4568
4658
4747
4830
4933
5021
5103
5189
5280
5376
5467
5559
5647
5739
5831
5918
6016
6103
6194
6276
6368
6459
6545
6656
6667
6746
6834
6936
7032
7110
7200
7297
7389
7484
7568
7670
7761
7851
7935
3802
3944
4065
4068
4150
4239
4328
4435
4517
4622
4697
4806
4889
4978
5083
5171
5251
5351
5446
5532
5630
5718
5811
5913
6003
6085
6185
6268
6347
6442
6540
6629
6719
6807
6897
6994
7084
7161
7265
7346
7439
7517
7627
7705
7797
7874
7977
3806
3969
4047
4123
4227
4305
4389
4496
4575
4665
4757
4857
4940
5027
5119
5212
5311
5397
5483
5584
5668
5746
5828
5938
6016
6106
6183
6282
6377
6454
6552
6642
6734
6819
6917
7011
7100
7188
7223
7297
7386
7465
7568
7651
7739
7846
7929
3765
3918
4008
4102
4184
4293
4377
4473
4574
4661
4742
4831
4933
5017
5097
5200
5290
5366
5456
5555
5648
5730
5840
5841
5937
6032
6107
6203
6110
3478
3640
3716
3809
3897
4000
4083
4172
4281
4357
4446
4533
4636
4717
4812
4911
4996
5091
5165
5267
5354
5441
5541
5628
5709
5813
5901
5982
6068
6169
6256
6344
6453
6531
6605
6708
6799
6869
6975
7054
7140
7230
7331
7413
7500
7600
7673
7764
7871
7940
3793
3940
4042
4050
4143
4228
4315
4407
4502
4596
4679
4782
4879
4982
5063
5152
5252
5338
5434
5533
5617
5717
5802
5884
5994
6070
6155
6255
6350
6436
6512
6614
6690
6785
6889
6959
7052
7146
7232
7322
7417
7512
7595
7699
7779
7872
7973
3809
3959
4041
4141
4228
4309
4409
4500
4577
4671
4757
4853
4948
5032
5113
5223
5302
5373
5469
5556
5657
5737
5830
5924
6012
6100
6199
6280
6381
6467
6561
6650
6733
6823
6919
7015
7101
7198
7279
7366
7459
7546
7635
7718
7814
7909
7993
3814
3966
4078
4072
4149
4249
4332
4432
4508
4621
4699
4798
4886
4984
5079
5171
5251
5360
5450
5549
5629
5740
5825
5912
6019
6093
6172
6272
6352
6456
6547
6633
6732
6819
6906
7003
7092
5602
3543
3690
3784
3874
3965
4054
4147
4251
4264
4349
4454
4524
4605
4705
4787
4900
4976
5076
5154
5251
5349
5429
5534
5623
5719
5816
5912
6003
6085
6172
6267
6359
6447
6540
6633
6727
6819
6898
6995
7079
7179
7273
7348
7452
7535
7625
7720
7803
7839
7925
3747
3882
3980
4084
4163
4248
4355
4441
4537
4622
4729
4831
4901
4992
5088
5176
5273
5359
5448
5544
5640
5738
5822
5908
6008
6090
6191
6277
6361
6472
6538
6645
6719
6806
6901
6998
7028
7097
7192
7273
7364
7459
7570
7660
7748
7827
7929
3760
3907
4012
4097
4183
4286
4376
4477
4575
4669
4760
4832
4924
5025
5113
5204
5297
5397
5481
5585
5677
5759
5846
5944
6029
6129
6204
6295
6393
6482
6575
6663
6746
6846
6930
7031
7107
7208
7288
7393
7469
7567
7668
7671
7772
7858
3760
3927
4008
4109
4198
4291
4380
4481
4564
4650
4764
4834
4937
5004
5126
5190
5273
5374
5449
5566
5651
5750
5831
5941
6005
6108
6208
6286
6372
6469
6560
6660
6752
6834
6941
7032
7123
7211
7298
7393
7489
7582
7668
7768
7856
7932
3336
3553
3712
3789
3879
3963
4056
4162
4241
4317
4415
4519
4605
4698
4797
4871
4968
5054
5140
5235
5335
5420
5520
5604
5642
5725
5822
5912
5969
6096
6187
6283
6357
6436
6540
6634
6739
6819
6923
7003
7112
7201
7309
7385
7470
7569
7664
7768
7865
7947
3792
3968
4043
4118
4232
4321
4412
4503
4604
4675
4783
4883
4960
5049
5139
5239
5330
5419
5514
5596
5681
5772
5870
5942
5991
6061
6159
6254
6336
6438
6537
6616
6732
6819
6909
7010
7108
7215
7301
7366
7486
7565
7634
7745
7823
7916
3762
3910
4010
4105
4208
4290
4396
4482
4582
4670
4761
4858
4947
5024
5128
5212
5315
5398
5498
5606
5678
5756
5846
5946
6033
6119
6206
6326
6391
6515
6574
6680
6764
6851
6949
7038
7129
7228
7310
7402
7503
7587
7681
7770
7866
7956
3818
3965
4068
4163
4249
4338
4415
4526
4604
4694
4778
4881
4948
5056
5143
5226
5320
5413
5509
5596
5701
5791
5864
5960
6045
6144
6228
6325
6419
6506
6589
6693
6779
6865
6970
7056
7146
7252
7285
7358
7448
7547
7637
7734
7818
7913
3766
3928
4021
4116
4216
4284
4392
3520
3694
3764
3851
3946
4032
4120
4227
4317
4417
4507
4587
4679
4797
4797
4889
4993
5098
5177
3862
2627
2902
3457
3095
3170
3248
3330
3445
3519
3643
3725
3864
3942
4089
4170
4322
4408
4552
4634
4782
4876
5012
5105
5239
5321
5454
5548
5674
5760
5878
5964
6083
6184
6282
6360
6464
6558
6654
6746
6836
6923
7027
7122
7214
7306
7401
7485
7578
7677
7770
7851
7937
3792
3946
4040
4131
4222
4310
3977
2704
2634
2399
2889
2802
2790
2812
2849
2894
2930
2999
3035
3134
