62
65
65
66
61
128
203
370
525
834
1108
954
627
1046
1570
1655
1743
1563
1520
2323
2685
2754
2843
2914
3057
3136
3293
3372
3534
3619
3785
3869
4023
4116
4271
4350
4501
4588
4722
4823
4942
5036
5155
5222
5327
5433
5542
5630
5712
5800
5923
5986
6093
6201
6286
6363
6481
6584
6652
6744
6841
6935
5972
2545
3305
2971
3041
3127
3212
3310
3400
3523
3611
3750
3824
3971
4058
4205
4274
4414
4511
4630
4713
4847
4932
5048
5152
5256
5344
5447
5543
5650
5747
5838
5931
6039
6117
6209
6301
6406
6504
6591
6616
5632
2475
3128
2965
3014
3083
3154
3257
3326
3462
3532
3693
2690
2653
2852
2929
3099
3174
3358
3435
3599
3691
3855
3930
4099
4175
4334
4411
4555
4640
4774
4878
4987
5069
5191
5279
5390
5476
5591
5686
5778
5863
5983
6065
6163
6253
6350
6443
6527
6634
6719
6810
6900
7001
7087
7170
7255
7354
7446
7549
7624
7725
7816
7900
8002
3787
3941
4026
4068
4145
4237
4333
4430
4524
4611
4716
4814
4907
5010
5092
5198
5295
5379
5456
5554
5651
5731
5829
5929
6020
6118
6199
6304
6387
6479
6573
6666
6762
6856
6961
6919
7011
7090
7172
7278
7362
7479
7557
7663
7766
7859
3713
3861
3972
2054
2631
3199
3077
3135
3218
3288
3395
3472
3595
3672
3815
3893
4047
4123
4268
4359
4500
4599
4740
4829
4966
5066
5198
5292
5413
5519
5628
5725
5835
5929
6040
6127
6249
6348
6443
6530
6609
6717
6810
6895
6983
7084
7180
7270
7378
7463
7560
7641
7744
7835
7939
3564
2694
2962
3581
2375
2825
2932
3013
3095
3208
3284
3422
3495
3643
3725
3863
3953
4104
4176
4331
4427
4568
4657
4796
4874
5026
5123
5234
5328
5450
5533
5659
5746
5867
5951
6061
6167
6267
6357
6439
6544
6635
6724
6825
6890
6988
7086
7183
7274
7380
7465
7557
7645
7736
7841
7929
3783
3942
4039
4127
4208
4307
4403
4495
4590
4692
4799
4798
4899
4994
5070
5192
5289
5398
5523
5300
2652
3280
3131
3187
3263
3342
3445
3516
3637
3722
3849
3934
4081
4150
4308
4391
4543
4632
4779
4869
5008
5104
5243
5331
5462
5564
5684
5777
5899
5991
6078
6178
6289
6382
6469
6558
6660
6756
6869
6961
7035
7149
7233
7342
7408
7518
7613
7688
7782
7877
3761
3934
4015
4105
4208
4299
4389
4476
4570
3947
2670
2523
2418
3041
2896
2913
2979
3045
3141
3210
2850
2544
2633
2784
2856
3020
3093
3265
3344
3516
3577
3636
3669
3604
3449
2815
2898
2972
3045
3089
3175
3201
3145
3160
3092
3100
3046
3050
2077
2608
2700
2763
2817
2893
2924
3014
3037
3120
3135
3124
3134
3108
3113
3112
3116
3133
3143
3184
3203
3262
3289
3369
3414
3435
3513
3562
3624
2766
2868
2944
3042
3086
3187
3233
3366
3422
3555
3638
3737
3817
3936
4013
4137
4219
4347
4430
4560
4643
4775
4860
4991
5077
5208
5291
5418
5505
5625
5713
5829
5918
5790
3451
3585
3693
3782
3886
3976
4082
4174
4267
4357
4455
4548
4646
4731
4824
4921
5009
5101
5191
5282
5376
5468
5562
5652
5749
5842
5927
6019
6109
6201
6295
6384
6478
6565
6657
6748
6839
5999
3552
3690
3784
3807
3894
3986
4075
4173
4258
4358
4446
4543
4635
4728
4819
4919
5003
5102
5191
5286
5376
5474
5564
5654
5751
5835
5933
6020
6107
6202
6287
6379
6470
6559
6651
6743
6838
6926
7014
7106
7194
7286
7378
7469
7563
7654
7746
5401
3552
3694
3782
3873
3963
4054
4142
4237
4321
4413
4504
4593
4687
4775
4870
4959
5048
5139
5231
5325
5409
5501
5589
5680
5771
5864
5955
6043
6071
6155
6243
6334
6426
6514
6609
6705
6793
6884
6981
7070
7169
7256
7352
7444
7540
7632
7727
7823
7908
7996
3804
3938
4035
4122
4222
4311
2967
3540
3681
3774
3857
3950
4036
4130
4221
4315
4405
4496
4585
4678
4774
4859
4953
5041
5129
5224
5315
5403
5495
5586
5678
5766
5860
5952
6041
6135
6219
6314
6400
6486
6580
6672
6767
6850
6946
7032
7122
7214
7303
7392
7485
7575
7667
7758
7848
7939
8030
3823
3959
3988
4075
4159
4252
4344
4430
4526
4619
4716
4799
4900
4989
5090
4777
3516
3655
3746
3843
3931
4033
4118
4212
4298
4394
4485
4580
4665
4762
4852
4942
5037
5125
5212
5305
5400
5487
5580
5670
5762
5851
5940
6025
6119
6215
6299
6393
6482
6571
6661
6757
6843
6935
7023
7118
7204
7295
7385
7481
7564
7655
7749
7836
7928
8017
3823
3963
4052
4145
4239
4328
4421
4507
4601
4625
4702
4796
4883
4975
5063
5154
5252
5343
5432
5538
5621
5716
5804
5903
5991
4639
3526
3663
3761
3843
3944
4036
4124
4212
4310
4400
4490
4590
4671
4767
4855
4945
5038
5126
5218
5305
5395
5493
5583
5667
5762
5848
5939
6032
6120
6215
6305
6387
6479
6569
6664
6755
6839
6935
7022
7115
7206
7290
7385
7476
7566
7649
7746
7830
7921
8009
3820
3959
4054
4142
4174
4253
4342
4438
4525
4617
4707
4801
4898
4984
5083
5180
5269
5356
5459
5550
5647
5727
5815
5908
6011
6088
6181
6270
6364
6457
6551
6638
6734
6824
6818
3554
3689
3784
3879
3968
4060
4151
4235
4329
4414
4510
4607
4688
4779
4872
4962
5054
5146
5226
5323
5416
5499
5588
5679
5771
5864
5953
6045
6139
6220
6311
6409
6495
6582
6676
6764
6852
6944
7039
7126
7219
7316
7395
7485
7581
7666
7748
7839
7933
8026
3823
3964
4048
4143
4237
4331
4408
4500
4590
4684
4777
4872
4952
5044
5132
5219
5315
5412
5494
5593
5680
5760
5856
5939
6029
6122
6213
6307
6397
6488
6576
6662
6752
6845
6936
7030
7119
7209
7304
7392
7486
7575
7667
7709
3558
3700
3785
3881
3973
4053
4143
4232
4324
4415
4509
4601
4689
4779
4879
4894
4981
5071
5160
5254
5341
5447
5535
5630
5718
5820
5905
6006
6093
6191
6281
6377
6460
6561
6643
6743
6834
6921
7014
7106
7191
7283
7378
7464
7552
7643
7736
7824
7914
8012
3818
3961
4056
4135
4222
4314
4409
4496
4582
4677
4774
4862
4948
5040
5127
5225
5314
5403
5499
5586
5674
5761
5859
5941
6034
6126
6212
6303
6396
6488
6576
6666
6754
6785
6874
6951
7046
7143
7228
7318
7408
7504
7592
7691
7776
7884
7965
3789
3927
4023
4115
4210
4293
4402
2434
3522
3666
3754
3853
3933
4030
4117
4216
4296
4396
4479
4575
4659
4757
4844
4940
5022
5121
5206
5303
5381
5469
5566
5658
5744
5777
5853
5936
6035
6120
6213
6319
6398
6500
6595
6690
6773
6882
6966
7057
7157
7245
7330
7426
7521
7617
7697
7793
7886
7975
3801
3947
4037
4127
4220
4305
4396
4493
4575
4666
4758
4853
4931
5024
5115
5205
5302
5392
5477
5571
5660
5751
5844
5934
6017
6053
6132
6213
6306
6408
6492
6586
6679
6781
6865
6967
7048
7153
7238
7331
7419
7517
7609
7704
7796
7888
7976
3807
3947
4033
4133
4221
4313
4400
4498
4579
4674
4757
4857
4947
5033
5123
4613
3543
3689
3780
3871
3960
4056
4141
4232
4329
4410
4510
4517
4608
4697
4787
4886
4972
5076
5162
5261
5353
5448
5540
5634
5719
5823
5909
6008
6097
6192
6274
6375
6459
6553
6640
6726
6822
6915
7008
7085
7194
7272
7363
7445
7540
7631
7730
7811
7905
7991
3816
3961
4049
4144
4227
4313
4411
4498
4589
4681
4780
4864
4952
5038
5134
5221
5314
5404
5508
5517
5608
5702
5786
5897
5979
6070
6162
6259
6344
6440
6545
6626
6724
6806
6899
7001
7078
7174
7261
7365
7452
7550
7630
7720
7811
7913
7992
3811
3955
4048
4129
4219
4320
4397
4494
4582
4670
4771
4852
4945
5032
5129
5213
5309
5401
5492
5582
5671
5763
5861
5942
4997
3550
3693
3788
3874
3969
4055
4147
4238
4325
4408
4504
4598
4677
4774
4862
4960
5045
5121
5219
5308
5398
5485
5584
5670
5757
5845
5936
6033
6109
6209
6297
6378
6479
6556
6655
6750
6827
6921
7020
7099
7197
7286
7367
7462
7556
7631
7728
7810
7913
8005
3804
3947
4041
4119
4213
4307
4391
4485
4585
4672
4762
4842
4937
5024
5121
5199
5302
5388
5481
5561
5664
5746
5834
5925
6024
6107
6207
6290
6366
6471
6555
6638
6726
6824
6914
7002
7097
7184
7276
7368
7466
7551
7640
7736
7815
7910
7940
3752
3890
3975
4072
4162
4264
4346
4444
4537
4634
4724
4811
4904
5000
5090
5185
5275
5373
5468
5551
5652
5735
5832
5914
6007
6100
6198
6287
6376
6459
6555
6648
6448
3535
3680
3771
3856
3951
4042
4133
4231
4310
4410
4507
4505
4601
4694
4779
4877
4966
5064
5150
5251
5341
5442
5520
5620
5713
5808
5896
5994
6087
6179
6274
6363
6452
6537
6628
6729
6815
6904
6996
7085
7186
7261
7354
7445
7540
7628
7725
7806
7897
7990
3812
3958
4047
4080
4170
4252
4343
4428
4521
4618
4710
4804
4904
4983
5073
5172
5259
5364
5448
5551
5630
5724
5820
5910
6013
6096
6192
6282
6375
6461
6553
6647
6728
6818
6911
7005
7094
7192
7279
7361
7454
7551
7638
7729
7815
7900
7999
3812
3965
4046
4141
4222
4316
4401
4494
4584
4674
4772
4858
4944
5033
5125
5213
5309
5405
5492
5575
5660
5765
5836
5931
6024
6114
6196
6293
6388
6479
6564
6653
6743
6848
6871
6941
7031
7129
7219
7307
7400
6811
3492
3651
3738
3836
3919
4022
4111
4211
4293
4382
4469
4574
4662
4748
4839
4936
5029
5126
5206
5291
5377
5470
5568
5660
5753
5842
5928
6023
6117
6212
6298
6373
6464
6553
6641
6739
6832
6924
7014
7100
7196
7281
7372
7467
7548
7633
7716
7813
7902
8000
3816
3966
4046
4140
4230
4324
4413
4510
4602
4679
4768
4859
4953
5040
5144
5225
5310
5406
5499
5580
5675
5764
5848
5939
6032
6120
6208
6307
6394
6468
6561
6656
6736
6833
6922
7009
7100
7199
7289
7368
7457
7554
7654
7734
7829
7916
8008
3816
3953
4052
4144
4235
4319
4414
4516
4588
4684
4767
4867
4950
5039
5122
5226
5312
5406
5483
5578
5672
5756
5851
5939
6027
6129
6215
6304
6393
6484
6582
6663
6752
6842
6937
7024
7124
7208
7301
7386
7481
7572
7663
7753
7849
7928
7959
3758
3911
3993
1767
3483
3634
3721
3813
3905
3993
4094
4172
4279
4384
4464
4544
4634
4725
4814
4908
5002
5098
5189
5275
5375
5457
5554
5646
5741
5835
5923
6015
6103
6186
6277
6369
6462
6547
6647
6736
6823
6918
7011
7099
7187
7267
7364
7445
7542
7625
7719
7815
7898
7983
3808
3952
4033
4124
4224
4320
4408
4497
4573
4676
4762
4852
4941
5031
5128
5209
5299
5389
5484
5575
5669
5752
5847
5937
6024
6124
6201
6294
6382
6484
6567
6656
6750
6839
6929
7011
7104
7190
7284
7374
7464
7555
7650
7731
7765
7847
7934
3755
3906
3987
4087
4176
4261
4350
4444
4544
4643
4730
4820
4913
5009
5091
5192
5278
5370
5462
5566
5649
5736
5837
5924
6013
6104
6188
6272
6368
6473
6550
6644
6732
6825
6919
7008
7098
7184
7289
7372
7465
7542
7642
7732
7811
7899
7994
3817
3961
4057
4150
4226
4314
4408
4503
4590
4676
4767
4225
3539
3687
3759
3853
3933
4040
4131
4222
4308
4401
4486
4581
4664
4756
4858
4944
5033
5114
5211
5300
5385
5476
5576
5662
5764
5841
5935
6016
6102
6200
6286
6380
6478
6562
6645
6741
6837
6915
7003
7095
7188
7281
7374
7465
7557
7644
7732
7829
7911
8000
3821
3969
4051
4149
4237
4327
4418
4510
4601
4679
4792
4804
4897
4979
5068
5161
5257
5350
5440
5536
5624
5721
5815
5912
6010
6094
6187
6280
6355
6465
6554
6624
6718
6799
6893
6999
7078
7180
7259
7354
7446
7540
7629
7713
7806
7895
7982
3812
3982
4043
4145
4216
4315
4403
4501
4579
4675
4768
4867
4952
5037
5130
5216
5303
5411
5495
5581
5669
5762
5795
5873
5963
6051
6146
6238
6335
6422
6519
6610
6713
6796
6898
6977
7076
7173
7271
7354
7448
7542
7639
7729
7821
7905
8004
3813
3952
4048
4126
4226
4321
4411
4482
4573
4655
4747
4848
4939
5026
5113
5216
5299
5386
5487
4738
3546
3687
3781
3882
3958
4050
4140
4223
4318
4428
4383
4451
4535
4632
4732
4811
4924
5008
5111
5200
5304
5394
5493
5587
5683
5767
5863
5962
6064
6148
6243
6341
6440
6521
6618
6716
6806
6892
6979
7075
7178
7261
7344
7427
7520
7618
7711
7804
7878
7982
3818
3957
4055
4143
4241
4327
4410
4512
4595
4692
4770
4855
4950
5046
5131
5225
5317
5414
5491
5582
5677
5757
5849
5933
6038
6119
6211
6294
6393
6479
6568
6651
6744
6849
6926
7012
7099
7203
7284
7385
7466
7554
7653
7732
7822
7903
7989
3812
3962
4047
4119
4216
4311
4383
4479
4580
4669
4743
4831
4934
5011
5102
5200
5293
5378
5468
5574
5653
5745
5834
5934
6029
6116
6199
6294
6380
6471
6561
6660
6742
6840
6919
7014
7115
7188
7287
7379
7469
7551
7639
7725
7814
7902
8011
3811
3953
4053
4140
4237
4319
4402
4505
4597
4683
4780
4872
4944
5039
5136
5212
5306
5393
5490
5582
5670
5779
5787
5875
5966
6052
6143
4835
3482
3640
3727
3820
3918
3996
4103
4185
4274
4359
4469
4547
4635
4722
4827
4914
5007
5103
5194
5284
5383
5469
5560
5660
5751
5835
5933
6022
6123
6117
6221
6313
6397
6499
6583
6678
6784
6872
6970
7055
7138
7238
7324
7426
7521
7613
7694
7799
7886
7969
3804
3953
4048
4129
4223
4321
4402
4494
4594
4685
4761
4865
4947
5039
5130
5229
5309
5406
5501
5582
5691
5696
5775
5881
5964
6058
6158
6249
6348
6441
6521
6628
6717
6808
6900
6995
7080
7185
7272
7368
7454
7551
7630
7728
7818
7909
8011
3811
3968
4036
4135
4216
4307
4402
4495
4581
4698
4704
4786
4883
4973
5067
5157
5251
5353
5441
5525
5632
5717
5803
5911
5996
6100
6186
6264
6366
6448
6542
6645
6722
6821
6908
6992
7083
7187
7276
7364
7462
7550
7649
7733
7825
7919
8001
3814
3966
4058
4131
4225
4302
4391
4479
4580
4666
4751
4861
4935
5025
5122
5221
5292
5395
5476
5568
5662
5751
5844
5936
6023
6121
6206
6300
6403
6476
6570
6664
6746
6843
6944
7013
5715
3545
3693
3792
3871
3971
4058
4138
4239
4325
4411
4515
4519
4602
4705
4800
4895
4973
5089
5166
5259
5352
5455
5528
5628
5720
5817
5912
5997
6093
6183
6281
6367
6452
6553
6637
6741
6825
6912
7005
7102
7176
7283
7364
7465
7552
7636
7725
7810
7906
7991
3810
3958
4063
4149
4239
4322
4422
4516
4597
4690
4780
4880
4965
5063
5156
5243
5331
5428
5506
5596
5693
5781
5877
5962
6051
6137
6229
6327
6415
6493
6586
6682
6792
6795
6890
6984
7066
7186
7266
7360
7459
7554
7638
7739
7833
7924
3787
3936
4041
4125
4207
4256
4346
4419
4509
4604
4695
4813
4884
4982
5089
5178
5274
5377
5451
5547
5633
5733
5814
5918
6008
6112
6196
6285
6380
6466
6573
6652
6746
6846
6931
7040
7110
7206
7290
7389
7488
7569
7660
7752
7843
7938
3813
3972
4069
4156
4245
4323
4423
4523
4608
4696
4775
4874
4955
5057
5137
5237
5324
5414
5511
5587
5700
5702
5803
5894
5977
6078
6158
6266
6352
6462
6540
6655
6729
6838
6916
6998
7096
7186
7269
7382
7458
7567
7628
7731
7827
6947
3513
3672
3748
3853
3931
4043
4114
4209
4301
4383
4481
4593
4668
4755
4862
4946
5031
5137
5215
5314
5393
5491
5583
5667
5757
5862
5944
6040
6127
6213
6321
6392
6499
6570
6680
6759
6845
6947
7032
7136
7210
7304
7397
7485
7595
7673
7774
7853
7956
3828
3993
4054
4145
4245
4337
4412
4510
4620
4706
4801
4876
4964
5069
5161
5261
5368
5449
5538
5630
5709
5801
5928
5939
6048
6123
6216
6302
6411
6495
6593
6695
6789
6876
6968
7074
7163
7270
7350
7454
7527
7626
7715
7814
7915
3795
3947
4038
4137
4235
4331
4408
4503
4603
4685
4781
4872
4943
5072
5135
5223
5310
5406
5481
5604
5678
5748
5863
5989
5995
6092
6173
6255
6364
6427
6554
6696
6743
6845
6932
7044
7158
7240
7324
7432
7521
7629
7701
7796
7906
3768
3937
4003
4111
4247
4328
4454
4537
4626
4743
4824
4926
5007
5132
5183
5294
5371
5467
5550
5611
5675
5750
5871
5998
6051
6164
6247
6356
6457
6573
6647
6744
6821
6919
7054
7125
7242
7323
7415
7525
7610
7701
7804
7913
3769
3936
4017
4124
4210
4302
4413
4500
4594
3853
3507
3643
3726
3815
3916
4005
4107
4169
4248
4373
4440
4516
4626
4755
4862
4937
5044
5116
5216
5311
5391
5552
5584
5699
5774
5884
5986
6070
6195
6287
6372
6466
6556
6644
6742
6845
6923
7027
7115
7208
7307
7405
7482
7576
7694
7785
7883
7977
3799
3958
4043
4130
4239
4321
4419
4523
4627
4703
4799
4915
4990
5100
5213
5283
5384
5490
5590
5661
5755
5882
5921
6012
6105
6227
6340
6445
6526
6611
6718
6781
6892
6964
7079
7166
7264
7404
7378
7470
7552
7612
7733
7815
3179
2593
3119
3017
3059
3138
3212
3322
3399
3532
3604
3749
3828
3977
4059
4214
4293
4451
4534
4684
4771
4914
5004
5151
5230
5371
5450
5597
5684
5786
5867
5981
6078
6194
6282
6378
6483
6572
6656
6763
6853
6965
7049
7133
7221
7327
7423
7510
7594
7686
7795
7865
7964
2702
3523
3681
3767
3858
3950
4012
4121
4215
4291
4365
4484
4562
4662
4737
4848
4946
5023
3122
2672
2672
2170
2603
2631
2966
2903
2942
2972
3011
3059
3104
