62
65
65
66
61
128
201
366
519
828
1092
962
624
1032
1552
1637
1709
1534
1969
2415
2419
2500
2566
2709
2776
2933
3017
3182
3269
3440
3524
3698
3795
3949
4035
4192
4279
4446
4518
4647
4751
4864
4952
5086
5178
5290
5375
5474
5549
5656
5754
5863
5947
6034
6115
6233
6324
6426
6484
6601
6673
6766
6903
6978
7071
5068
2513
3273
2956
3031
3115
3201
3295
3382
3506
3601
3736
3816
3955
4041
4186
4272
4400
4499
4620
4720
4843
4919
5051
5144
5253
5352
5455
5533
5637
5728
5836
5931
6019
6114
6221
6305
6395
6484
6318
2698
3292
3153
3220
3307
3381
3487
3570
3696
3769
2226
2938
3052
3188
3276
3423
3511
3650
3746
3882
3974
4108
4194
4336
4418
4549
4649
4762
4855
4972
5054
5162
5264
5368
5453
5556
5654
5746
5840
5943
6025
6122
6204
6316
6407
6485
6587
6674
6758
6856
6950
7043
7124
7228
7306
7395
7495
7581
7677
7710
7794
7871
3727
3885
3961
4062
4167
4258
4344
4452
4546
4640
4721
4822
4912
5002
5081
5169
5267
5362
5443
5553
5639
5723
5832
5905
5990
6098
6176
6264
6369
6462
6561
6643
6737
6828
6913
7015
7100
7204
7271
7366
7458
7556
7639
7337
2690
3291
3148
3215
3298
3376
3479
3570
3685
3771
3908
3984
4126
4217
4352
4440
4584
4680
4821
4907
5053
5135
5287
5367
5502
5588
5703
5805
5915
6003
6110
6236
6317
6407
6505
6587
6696
6799
6887
6978
7080
7164
7265
7345
7456
7589
7565
7669
7793
3130
2583
2510
2367
2909
2788
2796
2863
2822
2533
2643
2713
2837
2909
3060
3130
3290
3366
3533
3610
3777
3842
3881
3910
3629
2823
2926
3013
3072
3189
3219
3170
3189
3113
3123
3056
3061
1609
2612
2702
2772
2831
2900
2935
3029
3051
3122
3137
3113
3120
3095
3101
3084
3089
3093
3099
3120
3131
3196
3208
3292
3315
3373
3422
2998
2775
2876
2921
2996
3070
3127
3234
3282
3427
3476
3611
3694
3781
3858
3957
4037
4152
4235
4356
4439
4565
4650
4787
4867
5001
5086
5218
5301
5428
5515
5639
5732
5849
4765
3393
3549
3638
3691
3784
3873
3961
4070
4157
4264
4352
4458
4552
4652
4746
4847
4931
5034
5119
5219
5312
5407
5498
5594
5687
5774
5862
5958
6047
6146
6230
6325
6415
6506
6598
6690
6777
4958
3536
3670
3763
3855
3948
4036
4130
4218
4309
4397
4488
4577
4668
4765
4847
4938
5030
5120
5213
5298
5391
5480
5569
5663
5748
5840
5933
6022
6114
6201
6293
6384
6476
6566
6593
6679
6772
6860
6949
7039
7131
7226
7316
7407
7504
7567
3502
3642
3731
3833
3918
4013
4100
4198
4285
4378
4471
4564
4652
4750
4843
4928
5020
5111
5199
5293
5383
5474
5566
5659
5746
5834
5927
6022
6110
6195
6282
6374
6468
6555
6643
6739
6828
6916
6999
7089
7186
7270
7356
7447
7539
7632
7729
7740
7829
7918
3747
3887
3980
4076
4165
2871
3495
3636
3724
3813
3909
3998
4094
4180
4280
4369
4463
4553
4648
4736
4830
4923
5016
5114
5191
5283
5374
5469
5560
5649
5738
5829
5921
6013
6105
6194
6282
6374
6464
6559
6645
6734
6761
6840
6933
7018
7116
7203
7298
7389
7483
7574
7670
7772
7853
7949
3781
3917
4012
4102
4200
4290
4377
4472
4562
4650
4745
4836
4925
5017
5105
3488
3537
3673
3763
3860
3951
4035
4128
4219
4313
4400
4493
4579
4667
4759
4850
4943
5035
5121
5217
5306
5398
5478
5567
5658
5752
5843
5932
6019
6117
6199
6290
6320
6395
6493
6576
6675
6759
6858
6942
7040
7129
7226
7313
7411
7503
7601
7694
7791
7868
7966
3789
3930
4016
4108
4202
4290
4382
4477
4563
4660
4752
4843
4937
5024
5115
5208
5293
5387
5483
5567
5652
5742
5830
5919
4673
3540
3679
3778
3862
3949
4034
4120
4211
4313
4390
4478
4566
4660
4752
4840
4934
5026
5114
5207
5292
5387
5475
5563
5659
5748
5833
5931
6013
6107
6193
6284
6370
6466
6557
6644
6740
6833
6913
7014
7096
7182
7277
7358
7448
7542
7631
7720
7816
7908
7990
3814
3953
4047
4137
4225
4318
4412
4499
4589
4680
4768
4860
4952
5042
5127
5222
5310
5404
5487
5580
5666
5696
5774
5871
5963
6054
6145
6248
6334
6431
6519
6608
6705
6341
3515
3647
3748
3833
3926
4023
4119
4205
4294
4378
4476
4567
4655
4750
4846
4926
5021
5112
5204
5295
5389
5476
5565
5660
5750
5838
5927
6014
6110
6204
6286
6382
6408
6494
6586
6664
6768
6860
6951
7040
7141
7221
7320
7421
7509
7588
7685
7780
7878
7961
3793
3932
4031
4118
4215
4297
4399
4484
4572
4665
4755
4841
4934
5032
5119
5211
5291
5388
5476
5569
5663
5751
5841
5934
6020
6106
6197
6292
6319
6412
6490
6579
6674
6756
6848
6938
7037
7125
7219
7309
7407
7492
7592
6985
3523
3667
3760
3861
3948
4039
4128
4216
4299
4398
4478
4565
4656
4746
4837
4928
5024
5116
5207
5301
5391
5482
5572
5664
5752
5785
5862
5957
6048
6144
6235
6334
6413
6513
6615
6697
6785
6880
6971
7065
7153
7249
7336
7433
7521
7626
7701
7797
7887
7974
3804
3944
4039
4124
4216
4311
4406
4490
4580
4670
4761
4849
4945
5033
5120
5212
5305
5396
5480
5570
5667
5759
5848
5928
6021
6108
6201
6285
6374
6466
6559
6649
6745
6830
6916
7008
7099
7192
7274
7370
7462
7486
7565
7654
7740
7844
7931
3768
3901
4005
4091
4182
3142
3511
3660
3742
3842
3940
4022
4119
4198
4294
4389
4475
4570
4654
4747
4839
4940
5019
5103
5193
5294
5376
5475
5551
5645
5733
5831
5912
6014
6095
6183
6270
6368
6461
6551
6630
6730
6812
6905
6988
7091
7174
7269
7348
7447
7537
7628
7710
7806
7909
7987
3811
3957
4046
4130
4230
4317
4407
4496
4589
4679
4771
4867
4958
4980
5060
5148
5230
5335
5415
5507
5601
5697
5778
5879
5970
6070
6154
6256
6340
6435
6526
6627
6712
6806
6890
6990
7078
7169
7261
7351
7441
7533
7628
7716
7797
7893
7986
3813
3970
4048
4137
4231
4314
4407
4492
4592
4676
4762
4848
4944
5035
3403
3539
3680
3775
3863
3947
4048
4126
4211
4309
4400
4489
4581
4666
4765
4853
4942
5027
5120
5210
5293
5391
5487
5505
5589
5682
5775
5874
5951
6062
6140
6244
6326
6421
6505
6596
6700
6780
6875
6966
7061
7147
7235
7324
7419
7504
7604
7694
7787
7868
7962
3803
3943
4032
4134
4218
4308
4401
4493
4583
4672
4761
4857
4942
5033
5126
5209
5306
5396
5489
5579
5669
5750
5847
5936
6022
6107
6202
6290
6386
6468
6565
6661
6622
6708
6787
6883
6966
7063
7157
7237
7340
7435
7527
7621
7728
7804
7906
3751
3904
3989
4086
4177
4266
4365
4458
4550
4642
4724
4825
4919
5010
5100
5199
5285
5384
5467
5562
5643
5737
5827
5885
3541
3688
3771
3858
3953
4033
4127
4221
4309
4401
4488
4582
4677
4761
4855
4943
5039
5141
5157
5246
5326
5426
5525
5601
5698
5794
5881
5970
6073
6152
6261
6347
6433
6522
6622
6718
6804
6891
6983
7084
7155
7262
7332
7434
7514
7609
7696
7782
7869
7962
3805
3939
4042
4126
4212
4308
4401
4484
4589
4675
4757
4857
4945
5029
5120
5208
5306
5392
5486
5577
5607
5691
5775
5862
5963
6042
6145
6232
6339
6421
6514
6608
6711
6794
6883
6980
7067
7159
7254
7335
7441
7522
7624
7697
7792
7889
7969
3808
3953
4050
4125
4218
4312
4395
4484
4581
4662
4764
4848
4938
5029
5119
5212
5297
5394
5488
5561
5661
5752
5835
5931
6019
6115
6195
6294
6379
6469
6548
6516
3534
3677
3765
3866
3937
4030
4124
4216
4301
4388
4485
4577
4662
4751
4841
4944
5014
5106
5201
5294
5376
5483
5563
5654
5747
5824
5922
6014
6104
6180
6270
6362
6456
6540
6637
6730
6812
6903
6994
7092
7168
7266
7353
7442
7540
7623
7718
7804
7898
7984
3825
3977
4057
4148
4232
4326
4412
4510
4582
4673
4770
4855
4950
5033
5119
5210
5308
5392
5475
5565
5662
5750
5846
5928
6027
6109
6206
6294
6368
6462
6560
6641
6737
6818
6910
6998
7092
7189
7278
7359
7455
7547
7637
7730
7809
7908
7994
3812
3957
4048
4122
4211
4311
4390
4487
4572
4668
4748
4847
4930
5019
5118
5199
5300
5376
5459
5558
5652
5741
5827
5918
6005
6104
6191
6284
6376
6462
6557
6638
6729
6822
6906
7003
7084
7184
7263
6500
3552
3693
3786
3872
3970
4058
4152
4241
4271
4354
4446
4523
4615
4705
4810
4891
4999
5073
5182
5259
5357
5453
5548
5642
5727
5816
5904
5998
6093
6174
6277
6360
6461
6544
6627
6712
6812
6904
6991
7083
7179
7267
7357
7456
7539
7633
7722
7805
7889
7981
3809
3956
4040
4127
4224
4315
4402
4497
4501
4584
4675
4779
4873
4950
5047
5134
5242
5322
5417
5510
5608
5692
5789
5886
5985
6066
6161
6246
6337
6441
6520
6611
6708
6787
6884
6974
7071
7157
7245
7329
7427
7517
7588
7684
7775
7857
7951
3802
3949
4039
4126
4217
4311
4396
4490
4576
4672
4762
4855
4944
5037
5125
5214
5306
5398
5481
5576
5663
5761
5853
5936
6038
6051
6142
6227
6320
6420
6497
6595
6686
6789
6882
6967
7061
7147
7238
7339
7426
7523
7602
7694
7797
7881
7961
3796
3944
4041
1761
3532
3682
3765
3866
3951
4045
4128
4224
4312
4400
4495
4585
4668
4767
4852
4948
5029
5121
5209
5298
5389
5481
5564
5664
5761
5842
5926
6016
6105
6199
6281
6369
6463
6558
6648
6735
6827
6916
7005
7040
7118
7202
7296
7389
7475
7577
7653
7754
7840
7950
3769
3913
4014
4101
4184
4283
4372
4468
4547
4654
4734
4830
4914
5019
5097
5203
5280
5367
5465
5553
5645
5738
5833
5918
6011
6094
6183
6275
6359
6444
6545
6620
6710
6804
6896
6987
7073
7166
7259
7351
7442
7533
7615
7714
7798
7890
7977
3815
3970
4049
4133
4223
4317
4404
4502
4595
4675
4757
4847
4947
5042
5124
5210
5296
5386
5481
5563
5659
5754
5843
5923
6016
6099
6202
6279
6373
6467
6557
6650
6738
6820
6905
6996
7093
7172
7262
7352
7442
7529
7567
7641
7731
7823
7909
3749
3910
3990
4088
4164
4269
4356
4447
4534
4650
4098
3501
3648
3741
3831
3923
4012
4103
4199
4278
4375
4464
4561
4655
4744
4833
4927
5021
5095
5186
5266
5366
5459
5555
5648
5730
5818
5910
5994
6085
6190
6274
6365
6457
6533
6628
6718
6801
6892
7003
7022
7107
7190
7278
7378
7473
7566
7659
7746
7834
7926
3773
3926
3994
4099
4196
4272
4369
4458
4548
4646
4733
4826
4920
5003
5114
5190
5280
5372
5465
5550
5648
5741
5828
5861
5931
6028
6110
6199
6299
6395
6481
6577
6664
6762
6855
6951
7037
7139
7222
7320
7424
7507
7587
7686
7780
7859
7950
3791
3938
3973
4042
4129
4219
4315
4403
4503
4586
4680
4774
4883
4960
5048
5142
5235
5333
5431
5514
5606
5702
5791
5878
5979
6070
6164
6256
6350
6435
6520
6624
6713
6793
6884
6973
7075
7157
7247
7332
7423
7512
7613
7693
7777
7874
7960
3815
3953
4054
4141
4235
4306
4397
4497
4591
4676
4750
4836
4932
5017
5118
5211
5287
5380
4554
3521
3676
3763
3849
3935
4032
4115
4152
4232
4323
4409
4513
4590
4689
4780
4872
4964
5066
5155
5243
5328
5437
5528
5609
5712
5788
5876
5975
6068
6162
6253
6329
6441
6521
6601
6696
6778
6884
6965
7053
7148
7231
7332
7419
7510
7607
7679
7781
7868
7956
3804
3950
4064
4072
4160
4260
4350
4450
4519
4637
4712
4804
4896
4996
5081
5175
5263
5352
5459
5547
5642
5728
5799
5908
5989
6073
6160
6266
6348
6439
6533
6632
6721
6811
6892
6990
7077
7167
7256
7350
7451
7535
7616
7702
7801
7889
7978
3805
3947
4046
4134
4210
4303
4392
4489
4580
4659
4755
4847
4941
5016
5122
5204
5294
5387
5478
5568
5656
5749
5833
5929
6022
6107
6200
6298
6388
6474
6556
6643
6742
6831
6910
6992
7089
7183
7274
7351
7448
7543
7629
7710
7815
7900
7984
3812
3961
4054
4134
4223
4325
4401
4492
4597
4678
4763
4862
4944
5034
5132
5216
5301
5395
5482
5578
5659
5696
5775
5867
5960
6061
3814
3476
3638
3716
3814
3900
4006
4090
4190
4274
4375
4461
4547
4650
4743
4821
4922
5010
5092
5181
5279
5369
5456
5549
5645
5724
5818
5912
5999
6088
6186
6273
6301
6372
6461
6570
6646
6741
6840
6920
7010
7106
7200
7287
7389
7485
7574
7673
7753
7840
7943
3790
3939
4017
4125
4208
4295
4399
4474
4573
4657
4754
4851
4940
5014
5100
5202
5275
5370
5475
5546
5638
5725
5823
5917
6003
6100
6184
6282
6356
6459
6533
6626
6709
6810
6897
6991
7087
7177
7253
7351
7439
7526
7631
7713
7795
7875
7976
3800
3955
4022
4121
4209
4310
4396
4483
4518
4589
4670
4774
4862
4943
5053
5136
5246
5331
5423
5504
5614
5691
5785
5887
5980
6055
6159
6244
6338
6433
6519
6613
6708
6799
6884
6986
7072
7156
7258
7338
7420
7527
7608
7701
7795
7890
7964
3795
3944
4042
4117
4214
4300
4382
4487
4567
4649
4745
4845
4936
5021
5096
5201
5271
5361
5461
5546
5631
5731
5819
5904
6008
6088
6180
6273
6355
6448
6544
6641
6719
6820
5855
3529
3679
3768
3800
3871
3969
4052
4134
4243
4325
4402
4515
4592
4706
4779
4874
4970
5058
5157
5247
5329
5440
5516
5599
5698
5786
5876
5981
6064
6161
6244
6328
6434
6513
6607
6703
6795
6874
6973
7046
7141
7175
7244
7345
7426
7526
7621
7712
7810
7905
3753
3921
4009
4076
4191
4262
4340
4451
4525
4629
4717
4807
4904
4984
5078
5175
5259
5346
5439
5523
5625
5710
5802
5900
5990
6080
6177
6264
6345
6445
6532
6632
6720
6801
6905
6981
7083
7162
7244
7343
7423
7521
7600
7695
7785
7873
7956
3810
3964
4044
4144
4227
4313
4411
4496
4592
4674
4756
4859
4937
5037
5119
5201
5299
5394
5490
5565
5659
5748
5846
5921
6025
6111
6207
6305
6361
6464
6545
6639
6740
6823
6916
7004
7093
7189
7285
7382
7457
7534
7629
7722
7816
7904
7983
3804
3962
4042
4132
4220
4309
4398
4492
4571
4676
4755
4854
4944
5030
5127
5201
5303
5393
5478
5578
5659
5758
5837
5925
6032
6109
6203
6293
6372
6469
6550
6652
6742
6823
6919
7008
7089
7188
7271
7371
7456
6380
3534
3686
3777
3853
3956
4036
4126
4224
4313
4412
4489
4598
4674
4771
4855
4952
5036
5121
5221
5301
5402
5481
5571
5663
5754
5851
5935
6026
6120
6210
6306
6386
6487
6562
6655
6746
6835
6934
7011
7130
7128
7216
7317
7402
7499
7591
7692
7772
7891
3759
3905
4003
4093
4179
4292
4364
4455
4546
4644
4736
4780
4832
4941
5032
5098
5201
5317
5390
5485
5584
5680
5767
5859
5965
6061
6146
6251
6320
6419
6512
6614
6692
6793
6881
6978
7063
7146
7238
7335
7432
7528
7612
7699
7781
7872
7972
3802
3975
4041
4138
4222
4323
4403
4487
4587
4671
4776
4856
4953
5036
5135
5214
5314
5402
5492
5589
5678
5773
5843
5950
6027
6125
6210
6318
6378
6491
6562
6651
6751
6831
6926
7022
7094
7196
7283
7389
7461
7562
7652
7734
7837
7914
3801
3956
3983
4066
4146
4239
4339
4435
4539
4610
4712
4801
4910
5008
5080
5182
5273
5369
5463
5554
5657
5734
5843
5930
6027
6110
6217
6300
6398
6486
6575
6656
6754
6843
6943
7037
7110
7192
7285
7370
7463
7563
7663
7755
7822
7921
3799
3974
4034
4127
2620
3532
3706
3783
3872
3967
4035
4144
4222
4327
4415
4534
4609
4722
4798
4907
4982
5093
5170
5254
5336
5438
5553
5615
5707
5796
5886
5987
6072
6178
6284
6365
6456
6541
6619
6737
6821
6929
7014
7095
7201
7288
7374
7463
7560
7669
7731
7830
7929
3782
3943
4032
4136
4240
4320
4388
4490
4596
4679
4724
4768
4882
4980
5081
5159
5286
5368
5478
5574
5687
5744
5844
5934
6021
6128
6221
6327
6421
6506
6604
6684
6775
6861
6967
7069
7167
7258
7366
7453
7561
7656
7725
7809
7886
3802
3960
4067
4118
4177
4256
4375
4510
4595
4687
4762
4865
4953
5066
5202
3739
2617
3173
3055
3099
3176
3252
3353
3431
3552
3627
3767
3848
3989
4075
4224
4304
4458
4539
4687
4777
4918
5006
5157
5238
5381
5454
5587
5679
5807
5883
6002
6093
6191
6281
6381
6477
6574
6663
6766
6864
6959
5801
3500
3656
3729
3829
3925
3999
4106
4183
4280
4363
4440
4547
4619
4723
4814
4890
5000
5079
5186
5259
5294
3874
2436
2997
2441
2493
2727
3051
3056
3064
3100
3138
3175
3244
3279
