0.01
0.02
0.01
0.01
0.03
0.10
0.20
0.46
0.59
0.94
1.00
0.25
0.84
1.30
0.87
0.37
0.32
1.28
1.71
1.06
0.40
0.36
0.36
0.39
0.41
0.42
0.43
0.46
0.47
0.48
0.46
0.45
0.47
0.51
0.52
0.52
0.55
0.52
0.58
0.52
0.57
0.55
0.54
0.56
0.57
0.59
0.59
0.60
0.60
0.59
0.66
0.62
0.59
0.59
0.63
0.56
0.59
0.66
0.67
0.61
0.61
0.61
0.57
0.61
0.65
0.67
0.41
0.25
1.79
0.77
0.47
0.45
0.44
0.49
0.49
0.49
0.50
0.51
0.50
0.49
0.51
0.52
0.52
0.54
0.55
0.55
0.58
0.56
0.56
0.53
0.59
0.56
0.59
0.57
0.59
0.56
0.58
0.57
0.60
0.61
0.63
0.60
0.57
0.62
0.62
0.61
0.61
0.57
0.41
1.55
1.71
0.85
0.52
0.46
0.47
0.44
0.47
0.48
0.44
0.49
0.53
0.51
0.50
0.53
0.55
0.51
0.53
0.54
0.57
0.55
0.54
0.58
0.56
0.53
0.59
0.60
0.56
0.59
0.57
0.59
0.57
0.64
0.59
0.58
0.62
0.66
0.63
0.62
0.60
0.60
0.61
0.61
0.60
0.62
0.60
0.64
0.56
0.65
0.60
4.20
0.43
0.57
0.61
0.60
0.63
0.59
0.60
0.57
0.60
0.59
0.57
0.60
0.60
0.58
0.59
0.58
0.59
0.57
0.59
0.60
0.59
0.57
0.60
0.60
0.62
0.59
0.61
0.58
0.60
0.63
0.61
0.57
0.63
0.62
0.63
0.62
0.65
0.61
0.59
0.62
0.59
0.62
0.64
0.61
0.65
4.40
0.45
0.59
0.65
0.60
0.56
0.59
0.60
0.63
0.39
1.51
4.94
0.43
0.57
0.55
0.55
0.52
0.52
0.53
0.55
0.54
0.55
0.55
0.56
0.56
0.55
0.57
0.55
0.61
0.58
0.55
0.56
0.55
0.58
0.58
0.61
0.62
0.61
0.70
0.63
0.58
0.62
0.60
0.63
0.64
0.61
0.62
0.63
0.63
0.61
0.68
0.59
0.57
0.64
0.63
0.66
0.63
0.67
0.41
1.61
1.75
0.87
0.52
0.46
0.49
0.49
0.50
0.47
0.46
0.48
0.48
0.51
0.48
0.50
0.51
0.54
0.54
0.52
0.54
0.56
0.59
0.53
0.61
0.55
0.54
0.55
0.63
0.58
0.59
0.65
0.59
0.59
0.61
0.63
0.64
0.63
0.60
0.63
0.66
0.58
0.64
0.63
0.65
0.57
0.60
0.62
0.69
0.63
0.60
4.35
0.47
0.65
0.59
0.57
0.60
0.62
0.66
0.60
0.60
0.62
0.64
0.58
0.67
0.73
0.41
1.60
1.82
0.73
0.49
0.44
0.46
0.44
0.43
0.45
0.44
0.49
0.49
0.45
0.49
0.47
0.50
0.55
0.57
0.55
0.55
0.56
0.58
0.56
0.56
0.59
0.56
0.55
0.59
0.61
0.63
0.62
0.60
0.60
0.63
4.80
0.44
0.59
0.60
0.67
0.61
0.56
0.58
0.62
0.56
0.57
0.59
0.69
0.66
0.54
0.59
0.59
0.67
0.22
1.55
0.20
1.78
2.37
0.89
0.38
0.35
0.34
0.36
0.37
0.37
0.38
0.38
0.41
0.40
0.41
0.42
0.43
0.45
0.46
0.46
0.47
0.50
4.51
0.31
0.48
0.61
0.66
0.74
0.77
0.80
4.21
0.28
0.43
0.53
0.62
0.68
0.74
0.78
0.80
0.84
0.82
0.85
0.87
0.87
0.87
0.89
0.86
0.85
0.84
0.85
0.81
0.77
0.74
0.71
4.16
0.29
0.42
0.53
0.54
0.53
0.53
0.54
0.55
0.42
0.43
0.44
0.43
0.45
0.44
0.46
0.46
0.45
0.47
0.47
0.48
0.48
0.49
0.52
0.52
0.50
0.52
0.51
0.52
0.52
0.54
0.54
0.52
4.16
0.36
0.52
0.53
0.55
0.53
0.53
0.52
0.54
0.55
0.53
0.54
0.55
0.54
0.54
0.54
0.55
0.56
0.56
0.55
0.55
0.55
0.54
0.56
0.56
0.55
0.56
0.55
0.58
0.55
0.55
0.55
0.57
0.55
0.56
0.63
4.15
0.37
0.55
0.54
0.54
0.55
0.54
0.55
0.55
0.55
0.55
0.54
0.56
0.53
0.55
0.54
0.53
0.53
0.54
0.54
0.54
0.54
0.53
0.60
0.56
0.55
0.56
0.57
0.54
0.58
0.54
0.57
0.57
0.55
0.57
0.54
0.56
0.54
0.56
0.55
0.56
0.57
0.57
0.56
0.56
4.26
0.38
0.55
0.56
0.54
0.55
0.55
0.55
0.57
0.55
0.55
0.56
0.55
0.55
0.55
0.55
0.56
0.56
0.56
0.54
0.55
0.56
0.57
0.54
0.57
0.57
0.56
0.56
0.56
0.56
0.56
0.60
0.55
0.56
0.55
0.57
0.57
0.55
0.54
0.57
0.55
0.56
0.56
0.55
0.55
0.54
0.55
0.58
0.57
0.56
3.95
0.37
0.55
0.54
4.38
0.37
0.55
0.54
0.55
0.55
0.55
0.53
0.54
0.55
0.56
0.53
0.54
0.53
0.54
0.54
0.55
0.56
0.55
0.54
0.55
0.60
0.57
0.56
0.55
0.56
0.58
0.59
0.55
0.59
0.55
0.54
0.55
0.56
0.56
0.55
0.55
0.57
0.56
0.54
0.56
0.57
0.58
0.58
0.55
0.56
0.55
0.59
0.56
0.56
3.98
0.37
0.54
0.53
0.56
0.55
0.54
0.57
0.52
0.55
0.56
0.52
0.55
4.51
0.40
0.54
0.53
0.59
0.54
0.54
0.54
0.55
0.56
0.57
0.55
0.54
0.55
0.54
0.55
0.54
0.54
0.54
0.56
0.54
0.59
0.57
0.54
0.55
0.56
0.58
0.55
0.55
0.58
0.58
0.58
0.55
0.55
0.59
0.55
0.56
0.56
0.55
0.55
0.54
0.56
0.56
0.57
0.55
0.57
0.55
0.57
0.56
0.55
4.02
0.37
0.55
0.54
0.56
0.56
0.55
0.57
0.54
0.56
0.56
0.55
0.58
0.54
0.56
0.55
0.55
0.56
0.55
0.57
0.56
0.56
0.56
4.31
0.38
0.56
0.55
0.55
0.54
0.55
0.54
0.55
0.55
0.56
0.57
0.60
0.53
0.56
0.55
0.55
0.57
0.56
0.54
0.55
0.56
0.56
0.54
0.56
0.56
0.55
0.56
0.54
0.56
0.55
0.55
0.59
0.56
0.57
0.57
0.59
0.57
0.54
0.56
0.57
0.57
0.55
0.57
0.60
0.56
0.55
0.56
0.58
0.58
3.95
0.38
0.55
0.53
0.56
0.54
0.56
0.55
0.55
0.60
0.53
0.55
0.54
0.58
0.53
0.57
0.55
0.59
0.55
0.55
0.56
0.54
0.56
0.56
0.55
0.56
0.55
0.55
0.56
0.56
0.55
0.56
0.60
4.23
0.37
0.56
0.53
0.54
0.55
0.53
0.56
0.56
0.55
0.54
0.57
0.53
0.56
0.55
0.56
0.56
0.54
0.59
0.54
0.55
0.56
0.55
0.57
0.55
0.55
0.55
0.56
0.55
0.56
0.56
0.56
0.55
0.58
0.57
0.56
0.56
0.56
0.58
0.56
0.54
0.53
0.58
0.58
0.58
0.60
0.57
0.58
0.55
0.55
3.98
0.37
0.54
0.54
0.54
0.53
0.54
0.55
0.54
0.53
0.54
0.57
0.56
0.54
0.55
0.58
0.55
0.53
0.54
0.57
0.56
0.56
0.55
0.54
0.55
0.55
0.56
0.55
0.53
0.56
0.55
0.55
0.56
0.57
0.55
0.55
0.60
0.59
0.54
0.56
0.55
0.58
4.43
0.39
0.59
0.58
0.54
0.56
0.55
0.56
0.55
0.55
0.54
0.55
0.59
0.55
0.55
0.52
0.52
0.55
0.54
0.56
0.56
0.54
0.55
0.55
0.56
0.53
0.54
0.57
0.57
0.55
0.58
0.57
0.56
0.58
0.56
0.58
0.58
0.58
0.57
0.59
0.59
0.57
0.57
0.58
0.57
0.57
0.58
0.60
0.58
0.57
4.01
0.39
0.55
0.56
0.58
0.55
0.54
0.55
0.57
0.59
0.56
0.58
0.55
0.54
0.56
0.54
0.55
0.55
0.57
0.54
0.54
0.56
0.56
0.55
0.57
0.58
0.56
0.55
0.55
0.57
0.56
0.56
0.55
0.56
0.54
0.57
0.59
0.57
0.60
0.55
0.56
0.58
0.57
0.57
0.59
0.59
0.59
4.10
0.40
0.59
0.56
4.40
0.40
0.55
0.55
0.54
0.60
0.55
0.56
0.57
0.54
0.57
0.56
0.57
0.57
0.53
0.59
0.57
0.57
0.57
0.54
0.55
0.57
0.56
0.57
0.56
0.54
0.56
0.57
0.57
0.56
0.56
0.57
0.57
0.59
0.58
0.56
0.54
0.55
0.58
0.57
0.56
0.59
0.58
0.54
0.56
0.55
0.55
0.55
0.55
0.59
4.02
0.36
0.55
0.54
0.55
0.53
0.55
0.55
0.55
0.56
0.59
0.57
0.57
0.54
0.55
0.55
0.54
0.57
0.58
0.55
0.54
0.58
0.56
0.57
0.55
0.59
0.56
0.55
0.57
0.56
0.57
0.56
0.57
0.59
0.55
0.59
0.59
0.53
0.58
0.57
0.56
0.54
0.59
0.55
0.58
0.58
0.58
4.09
0.39
0.55
0.54
0.56
0.58
0.58
0.55
0.53
0.57
0.54
0.56
0.59
0.63
4.29
0.39
0.57
0.54
0.58
0.55
0.54
0.58
0.57
0.58
0.56
0.58
0.57
0.58
0.56
0.58
0.56
0.54
0.54
0.59
0.55
0.55
0.58
0.54
0.54
0.53
0.56
0.58
0.60
0.57
0.58
0.59
0.56
0.58
0.58
0.58
0.56
0.56
0.56
0.60
0.55
0.59
0.57
0.60
0.58
0.59
0.56
0.55
0.57
0.58
4.03
0.37
0.55
0.56
0.56
0.54
0.55
0.56
0.56
0.54
0.56
0.56
0.55
0.55
0.55
0.59
0.53
0.55
0.54
0.56
0.57
0.58
0.56
0.55
0.54
0.58
0.54
0.56
0.57
0.55
0.56
0.58
0.57
0.56
0.58
0.58
0.56
0.57
0.59
0.55
0.58
0.59
0.57
0.58
0.58
0.55
0.60
4.05
0.38
0.55
0.56
0.59
0.57
0.56
0.55
0.54
0.54
0.54
0.55
0.54
0.55
0.56
0.59
0.57
0.58
0.55
0.57
0.58
0.55
0.59
4.41
0.40
0.54
0.56
0.58
0.58
0.54
0.56
0.54
0.56
0.54
0.57
0.57
0.58
0.58
0.57
0.58
0.57
0.57
0.58
0.56
0.58
0.57
0.57
0.58
0.60
0.59
0.56
0.54
0.57
0.59
0.57
0.59
0.56
0.57
0.57
0.57
0.57
0.60
0.61
0.59
0.54
0.57
0.58
0.60
0.59
0.55
0.56
0.56
0.58
4.02
0.36
0.56
0.57
0.55
0.56
0.57
0.56
0.55
0.56
0.58
0.54
0.55
0.56
0.54
0.59
0.57
0.56
0.56
0.56
0.60
0.57
0.59
0.56
0.55
0.58
0.54
0.57
0.57
0.62
0.56
0.59
0.57
0.55
0.60
0.55
0.58
0.58
0.56
0.57
0.57
0.55
0.56
0.57
0.57
0.58
0.59
3.98
0.40
0.57
0.55
0.56
0.59
0.56
0.55
0.54
0.54
0.54
0.53
0.58
0.59
0.59
0.55
0.56
0.55
0.57
0.54
0.56
0.61
0.58
0.59
0.57
0.58
0.56
0.55
0.60
0.58
0.62
4.36
0.39
0.56
0.54
0.56
0.55
0.54
0.55
0.53
0.56
0.56
0.56
0.54
0.56
0.55
0.57
0.56
0.58
0.61
0.52
0.56
0.59
0.57
0.57
0.58
0.56
0.57
0.56
0.58
0.59
0.59
0.61
0.56
0.57
0.57
0.56
0.57
0.56
0.59
0.52
0.55
0.58
0.56
0.56
0.57
0.56
0.56
0.56
0.55
0.58
4.10
0.41
0.56
0.57
0.56
0.55
0.53
0.56
0.61
0.54
0.53
0.56
0.55
0.57
0.55
0.57
0.55
0.58
0.56
0.54
0.55
0.55
0.57
0.55
0.55
0.59
0.56
0.57
0.58
0.56
0.56
0.54
0.57
0.60
0.56
0.59
0.56
0.54
0.57
0.58
0.55
0.57
0.58
0.59
0.54
0.58
0.58
4.04
0.37
0.54
0.55
0.54
0.57
0.58
0.55
0.55
0.57
0.57
0.59
0.59
0.56
0.55
0.55
0.57
0.54
0.60
0.54
0.56
0.58
0.56
0.54
0.55
0.56
0.59
0.57
0.57
0.59
0.54
0.55
0.60
0.57
0.60
0.56
0.56
0.54
0.56
4.55
0.36
0.55
0.55
0.58
0.54
0.61
0.53
0.56
0.55
0.54
0.52
0.55
0.57
0.56
0.58
0.56
0.57
0.58
0.54
0.55
0.55
0.59
0.57
0.57
0.61
0.54
0.55
0.55
0.60
0.56
0.55
0.59
0.59
0.59
0.57
0.54
0.57
0.55
0.57
0.59
0.56
0.57
0.55
0.55
0.63
0.58
0.55
0.57
0.58
4.00
0.40
0.54
0.57
0.55
0.59
0.54
0.58
0.55
0.57
0.56
0.56
0.56
0.56
0.55
0.58
0.54
0.57
0.57
0.59
0.59
0.55
0.59
0.55
0.58
0.60
0.57
0.57
0.58
0.58
0.58
0.61
0.58
0.58
0.58
0.54
0.55
0.55
0.57
0.56
0.57
0.59
0.58
0.57
0.59
0.56
0.59
4.07
0.36
0.56
0.56
0.58
0.56
0.57
0.57
0.56
0.55
0.55
0.58
0.57
0.57
0.59
0.56
0.53
0.54
0.58
0.56
0.53
0.56
0.56
0.55
0.58
0.59
0.59
0.57
0.60
0.58
0.58
0.58
0.55
0.56
0.56
0.56
0.57
0.57
0.57
0.62
0.61
0.58
0.55
0.59
0.57
0.60
0.55
4.18
4.37
0.40
0.56
0.57
0.55
0.58
0.57
0.56
0.56
0.58
0.59
0.59
0.61
0.60
0.56
0.61
0.57
0.59
0.56
0.57
0.59
0.56
0.55
0.60
0.58
0.57
0.56
0.57
0.62
0.57
0.59
0.58
0.60
0.57
0.56
0.58
0.57
0.56
0.58
0.58
0.57
0.58
0.56
0.66
0.56
0.59
0.56
0.56
0.61
0.56
4.01
0.37
0.55
0.55
0.53
0.52
0.56
0.58
0.57
0.56
0.58
0.58
0.58
0.59
0.56
0.56
0.54
0.57
0.60
0.56
0.58
0.57
0.56
0.57
0.55
0.56
0.57
0.56
0.59
0.58
0.56
0.60
0.56
0.54
0.60
0.58
0.57
0.58
0.56
0.55
0.54
0.58
0.61
0.60
0.57
0.59
0.59
4.07
0.42
0.56
0.56
0.56
0.52
0.55
0.59
0.59
0.57
0.57
0.57
0.56
0.57
0.54
0.56
0.57
0.56
0.59
0.55
0.56
0.57
0.55
0.54
0.58
0.56
0.57
0.56
0.60
0.59
0.57
0.56
0.56
0.56
0.55
0.55
0.55
0.62
0.60
0.60
0.59
0.57
0.59
0.59
0.56
0.59
0.60
4.02
0.42
0.58
0.57
0.59
0.58
0.57
0.58
0.55
0.58
4.51
0.40
0.64
0.58
0.60
0.55
0.55
0.56
0.55
0.56
0.56
0.60
0.57
0.59
0.60
0.58
0.59
0.55
0.57
0.58
0.53
0.58
0.57
0.59
0.61
0.58
0.55
0.59
0.57
0.57
0.56
0.57
0.58
0.56
0.59
0.57
0.58
0.57
0.57
0.57
0.60
0.62
0.60
0.57
0.60
0.59
0.60
0.57
0.61
0.59
4.08
0.39
0.59
0.58
0.59
0.56
0.56
0.56
0.55
0.59
0.57
0.55
0.57
0.53
0.54
0.54
0.56
0.55
0.56
0.56
0.57
0.58
0.60
0.59
0.56
0.57
0.56
0.56
0.55
0.58
0.58
0.61
0.56
0.58
0.56
0.56
0.58
0.58
0.59
0.59
0.59
0.57
0.56
0.57
0.61
0.60
0.58
4.11
0.43
0.57
0.52
0.57
0.57
0.56
0.55
0.57
0.58
0.58
0.56
0.57
0.57
0.54
0.54
0.55
0.56
0.58
0.57
0.57
0.58
0.61
0.58
0.55
0.60
0.56
0.55
0.61
0.58
0.57
0.55
0.61
0.59
0.55
0.59
0.59
0.57
0.58
0.56
0.62
0.62
0.59
0.55
0.55
0.58
0.64
4.08
0.41
0.55
0.55
0.58
0.59
0.57
0.57
0.60
0.55
0.55
0.56
0.57
0.59
0.53
0.55
0.56
0.57
4.44
0.40
0.55
0.58
0.56
0.60
0.53
0.53
0.60
0.60
0.58
0.56
0.55
0.56
0.57
0.56
0.58
0.57
0.59
0.57
0.56
0.56
0.55
0.56
0.60
0.59
0.56
0.55
0.58
0.58
0.56
0.55
0.55
0.59
0.57
0.54
0.56
0.56
0.58
0.57
0.58
0.56
0.62
0.59
0.59
0.55
0.59
0.58
0.58
0.56
4.04
0.40
0.62
0.54
0.55
0.55
0.57
0.56
0.57
0.56
0.54
0.56
0.60
0.57
0.57
0.58
0.58
0.61
0.59
0.56
0.60
0.61
0.61
0.55
0.61
0.57
0.55
0.58
0.57
0.61
0.57
0.56
0.54
0.62
0.58
0.57
0.56
0.58
0.58
0.58
0.61
0.54
0.59
0.59
0.57
0.58
0.59
4.08
0.44
0.59
0.56
0.57
0.57
0.54
0.60
0.55
0.56
0.52
0.55
0.55
0.56
0.53
0.56
0.57
0.55
0.57
0.56
0.59
0.60
0.56
0.58
0.58
0.60
0.59
0.57
0.59
0.59
0.55
0.60
0.58
0.58
0.55
0.59
0.57
0.62
0.58
0.55
0.58
0.61
0.59
0.58
0.59
0.59
0.57
3.99
0.41
0.63
0.56
0.60
0.56
0.54
0.59
0.57
0.53
0.53
0.57
0.58
0.54
0.56
0.56
0.59
0.56
0.56
0.61
0.58
0.62
0.57
0.56
0.60
0.60
0.56
4.99
0.40
0.59
0.60
0.60
0.54
0.60
0.57
0.56
0.56
0.61
0.58
0.57
0.56
0.59
0.57
0.57
0.60
0.58
0.58
0.55
0.59
0.58
0.57
0.60
0.57
0.57
0.55
0.60
0.60
0.56
0.57
0.60
0.59
0.54
0.58
0.56
0.54
0.61
0.61
0.58
0.56
0.59
0.58
0.57
0.60
0.58
0.57
0.60
0.60
4.02
0.42
0.59
0.56
0.56
0.58
0.58
0.57
0.58
0.57
0.56
0.53
0.55
0.59
0.59
0.57
0.57
0.60
0.54
0.57
0.58
0.56
0.58
0.57
0.59
0.60
0.60
0.57
0.56
0.59
0.57
0.56
0.62
0.58
0.58
0.55
0.61
0.61
0.57
0.59
0.57
0.61
0.61
0.58
0.57
0.61
0.63
4.08
0.44
0.59
0.56
0.56
0.57
0.56
0.56
0.61
0.56
0.57
0.61
0.55
0.54
0.62
0.57
0.54
0.60
0.59
0.54
0.61
0.56
0.58
0.57
0.56
0.58
0.58
0.58
0.58
0.62
0.60
0.58
0.62
0.56
0.60
0.57
0.59
0.58
0.59
0.56
0.61
0.60
0.64
0.59
0.58
0.65
0.61
4.05
0.41
0.57
0.57
0.56
0.56
0.57
0.59
0.58
0.53
0.59
0.56
0.58
0.59
0.55
0.59
0.58
0.56
0.59
0.57
0.56
0.60
0.58
0.58
0.59
0.59
0.62
0.58
0.58
0.57
0.53
0.60
0.56
0.57
0.61
0.57
4.52
0.42
0.57
0.60
0.56
0.59
0.60
0.53
0.58
0.56
0.58
0.58
0.56
0.59
0.59
0.56
0.56
0.57
0.56
0.57
0.59
0.58
0.60
0.58
0.62
0.58
0.59
0.59
0.61
0.56
0.61
0.55
0.59
0.59
0.58
0.59
0.60
0.56
0.58
0.63
0.57
0.59
0.57
0.60
0.57
0.59
0.58
0.59
0.60
0.59
4.10
0.44
0.60
0.57
0.61
0.56
0.57
0.55
0.58
0.55
0.55
0.57
0.59
0.54
0.56
0.55
0.58
0.55
0.57
0.59
0.58
0.62
0.55
0.56
0.58
0.55
0.59
0.58
0.56
0.60
0.58
0.59
0.58
0.58
0.58
0.59
0.59
0.59
0.57
0.60
0.59
0.58
0.59
0.62
0.61
0.58
0.59
4.11
0.44
0.61
0.60
0.59
0.54
0.59
0.59
0.59
0.57
0.57
0.56
0.56
0.59
0.56
0.53
0.61
0.56
0.55
0.59
0.56
0.58
0.55
0.60
0.59
0.56
0.59
0.62
0.54
0.60
0.57
0.62
0.59
0.56
0.61
0.57
0.54
0.58
0.56
0.60
0.58
0.62
0.59
0.60
0.60
0.56
0.61
4.12
0.44
0.57
0.60
0.57
0.54
0.59
0.59
0.56
0.57
0.61
0.59
0.57
0.58
0.55
0.58
0.54
0.55
0.56
0.59
0.56
0.60
0.56
0.63
0.58
0.61
0.60
0.58
0.56
0.55
0.63
0.59
0.60
0.56
0.60
0.59
0.61
0.62
0.60
0.59
0.58
0.59
0.58
4.64
0.46
0.59
0.55
0.58
0.56
0.55
0.58
0.61
0.60
0.63
0.60
0.57
0.56
0.56
0.56
0.61
0.60
0.56
0.58
0.58
0.57
0.60
0.56
0.60
0.62
0.59
0.57
0.58
0.62
0.58
0.59
0.57
0.60
0.60
0.65
0.56
0.56
0.62
0.58
0.60
0.60
0.58
0.58
0.57
0.58
0.60
0.61
0.60
4.15
0.40
0.56
0.57
0.56
0.56
0.59
0.58
0.59
0.58
0.59
0.61
0.61
0.60
0.57
0.61
0.60
0.60
0.61
0.59
0.56
0.57
0.58
0.56
0.60
0.62
0.63
0.57
0.61
0.58
0.61
0.58
0.56
0.60
0.59
0.57
0.57
0.55
0.58
0.60
0.62
0.65
0.61
0.60
0.62
0.61
4.13
0.41
0.62
0.58
0.65
0.58
0.57
0.63
0.59
0.55
0.55
0.58
0.52
0.56
0.53
0.57
0.55
0.62
0.58
0.55
0.55
0.60
0.61
0.62
0.58
0.57
0.57
0.59
0.58
0.56
0.63
0.56
0.65
0.64
0.59
0.55
0.60
0.57
0.62
0.57
0.54
0.58
0.64
0.56
0.58
0.61
4.16
0.44
0.59
0.62
0.62
0.58
0.58
0.59
0.64
0.58
0.62
0.58
0.57
0.56
0.61
0.57
0.58
0.62
0.58
0.59
0.55
0.60
0.58
0.61
0.62
0.56
0.60
0.64
0.59
0.58
0.61
0.61
0.67
0.64
0.59
0.56
0.60
0.58
0.57
0.58
0.58
0.59
0.64
0.61
0.59
0.58
4.11
0.42
0.60
0.58
0.68
0.56
4.79
0.45
0.64
0.58
0.59
0.60
0.54
0.55
0.55
0.54
0.59
0.64
0.55
0.56
0.58
0.57
0.58
0.59
0.60
0.58
0.63
0.61
0.57
0.58
0.60
0.63
0.61
0.63
0.62
0.60
0.58
0.63
0.59
0.59
0.58
0.60
0.68
0.60
0.61
0.59
0.63
0.62
0.62
0.58
0.54
0.61
0.62
0.58
0.58
4.36
0.45
0.57
0.61
0.61
0.62
0.60
0.56
0.60
0.54
0.61
0.59
0.55
0.61
0.62
0.59
0.54
0.71
0.62
0.64
0.60
0.60
0.60
0.62
0.59
0.64
0.61
0.61
0.61
0.61
0.60
0.55
0.66
0.62
0.63
0.68
0.60
0.59
0.55
0.62
0.63
0.58
0.60
0.57
0.62
4.21
0.46
0.58
0.59
0.61
0.63
0.59
0.61
0.56
0.55
0.61
0.57
0.55
0.58
0.60
0.62
0.57
0.67
0.62
0.60
0.56
0.61
0.53
0.57
0.66
0.62
0.59
0.59
0.65
0.62
0.56
0.67
0.59
0.59
0.57
0.60
0.62
0.59
0.62
0.63
0.57
0.69
0.63
0.63
0.63
0.61
4.18
0.43
0.59
0.60
0.59
0.59
0.64
0.57
0.63
0.72
0.75
0.45
1.56
1.81
0.76
0.48
0.44
0.44
0.41
0.43
0.43
0.43
0.47
0.44
0.46
4.57
0.29
0.49
0.45
0.49
0.50
0.47
0.51
0.54
0.50
0.52
0.53
0.56
0.53
0.58
0.55
0.56
0.55
0.55
0.57
0.54
0.55
0.54
0.57
0.57
0.59
0.62
0.61
0.62
0.58
0.60
0.60
0.62
0.60
0.60
0.60
0.60
0.60
0.58
0.64
0.61
0.57
0.59
0.60
0.61
0.60
0.64
0.89
0.42
1.85
0.43
1.83
1.45
1.55
0.86
0.24
0.22
0.21
0.21
0.21
0.21
0.21
