62
65
65
66
61
128
205
371
533
853
1097
948
626
1035
1556
1645
1769
1548
1992
2412
2409
2489
2557
2699
2776
2933
3009
3187
3265
3445
3527
3698
3780
3944
4035
4195
4280
4437
4515
4674
4743
4878
4959
5068
5165
5281
5377
5480
5575
5670
5759
5866
5936
6028
6124
6237
6306
6412
6519
6609
6688
6779
6868
6955
7055
7161
6705
233
2543
2863
2943
3022
3105
3199
3287
3401
3485
3618
3711
3844
3926
4065
4155
4286
4373
4515
4600
4741
4822
4941
5021
5157
5237
5351
5436
5541
5629
5737
5823
5931
6021
6125
6213
6289
6401
6483
6568
6662
5893
2685
2948
3571
3226
3301
3385
3467
3577
3659
3791
3860
4010
4100
4242
4322
4482
4568
4704
4795
4934
5028
5160
5244
5387
5465
5586
5691
5806
5886
6010
6093
6203
6290
6414
6496
6588
6688
6793
6874
6965
7048
7146
7240
7333
7426
7531
7614
7711
7789
7899
7979
3777
3931
4010
4111
4201
4308
4312
4407
4489
4590
4691
4774
4888
4976
5067
5163
5254
5347
5442
5533
5636
5720
5814
5906
6006
6105
6185
6289
6361
6466
6559
6644
6737
6831
6929
7021
7108
7213
7287
7373
7471
7558
7655
7745
7842
7941
3793
3950
4033
4146
4151
4239
4340
4424
2998
2633
2477
3550
3436
3521
3610
3702
3799
3884
3997
4085
4201
4288
4409
4500
4619
4699
4827
4906
5037
5119
5220
5320
5421
5518
5622
5724
5824
5914
6022
6095
6170
6275
6368
6467
6566
6652
6749
6836
6936
7018
7062
7127
7208
7316
7411
7507
7600
7470
2638
2915
3462
3118
3193
3276
3363
3476
3557
3684
3762
3905
3982
4132
4207
4355
4440
4592
4678
4816
4911
5047
5144
5268
5373
5478
5563
5683
5798
5883
5985
6101
6176
6280
6377
6490
6587
6680
6761
6862
6962
7039
7153
7239
7328
7408
7506
7608
7718
7790
7874
3769
3934
4028
4100
4190
4290
4391
4487
4566
4655
4750
4856
4926
5067
4749
2505
3040
2928
2952
3038
3105
3210
3280
3406
3483
3620
3710
3861
3928
4098
4165
4331
4425
4587
4663
4822
4913
5060
5148
5281
5378
5494
5582
5711
5804
5932
6013
6114
6208
5496
3460
3621
3705
3808
3905
3978
4062
4153
4268
4350
4448
4541
4595
4687
4751
4860
4960
4252
2609
2610
2350
2947
2834
2876
2938
2998
3093
3156
3291
3358
3517
3586
3765
3832
4014
4089
4271
4350
4533
4609
4785
4749
3032
3208
3292
3341
3380
3270
3292
3104
2793
2893
2978
3034
3154
3189
3177
3197
3133
3146
3078
3084
3039
3043
3019
3028
3028
3034
3055
3068
3122
3140
3230
2749
2739
2858
2929
2988
3049
3112
3166
3255
3315
3421
3500
3593
3669
3787
3865
3999
4074
4214
4295
4437
4520
4662
4746
4891
4978
5115
5201
5336
5422
5551
5644
5768
4137
3377
3539
3627
3742
3836
3944
4032
4138
4229
4334
4419
4520
4610
4708
4799
4897
4988
5084
5174
5269
5359
5454
5542
5636
5726
5820
5911
6001
6092
6186
6274
6366
6459
6550
6641
4368
3551
3687
3781
3870
3961
4053
4142
4233
4322
4414
4505
4596
4621
4705
4799
4888
4978
5065
5160
5253
5348
5437
5532
5636
5717
5806
5901
5993
6087
6186
6267
6364
6453
6542
6641
6725
6818
6906
7002
7093
7187
7282
7368
7459
5636
3546
3685
3774
3870
3954
4047
4136
4230
4323
4409
4496
4589
4680
4770
4861
4952
5045
5136
5221
5310
5404
5493
5587
5673
5767
5856
5944
6035
6125
6218
6309
6410
6421
6509
6599
6692
6786
6872
6967
7061
7150
7242
7339
7428
7522
7609
7707
7796
7897
7980
3798
3935
4030
3260
3532
3672
3765
3853
3949
4037
4130
4211
4302
4393
4487
4575
4666
4758
4851
4941
5031
5127
5212
5301
5395
5488
5573
5663
5752
5848
5940
6028
6110
6206
6288
6378
6467
6561
6650
6742
6833
6929
7020
7104
7195
7289
7379
7472
7562
7653
7741
7837
7923
8011
3823
3959
4054
4138
4232
4323
4410
4440
4516
4614
4704
4791
4682
3494
3643
3726
3822
3928
4003
4092
4184
4275
4373
4464
4559
4648
4747
4832
4930
5020
5115
5203
5298
5385
5486
5571
5658
5748
5841
5938
6020
6108
6203
6297
6384
6469
6562
6664
6675
6764
6854
6943
7040
7126
7227
7315
7412
7499
7600
7687
7783
7875
7970
3794
3935
4025
4120
4214
4305
4396
4492
4580
4674
4761
4859
4946
5032
5124
5214
5305
5395
5488
5581
5668
5763
4698
3549
3688
3782
3868
3960
4047
4142
4233
4323
4411
4502
4595
4694
4701
4797
4881
4971
5065
5155
5248
5336
5435
5527
5616
5710
5809
5893
5994
6078
6178
6266
6358
6463
6540
6631
6718
6812
6907
6991
7086
7178
7266
7356
7450
7541
7630
7716
7806
7904
7990
3816
3954
4049
4136
4232
4315
4407
4502
4586
4619
4693
4787
4872
4976
5054
5162
5246
5353
5432
5527
5614
5712
5806
5900
5987
6087
6171
6267
6361
6456
6538
6632
4526
3534
3673
3771
3855
3947
4040
4127
4224
4316
4403
4490
4588
4668
4763
4848
4947
5037
5121
5230
5229
5323
5418
5502
5601
5687
5784
5872
5972
6055
6155
6246
6344
6432
6534
6625
6717
6809
6903
6993
7090
7177
7266
7360
7453
7543
7575
7658
7749
7830
7927
3757
3896
3987
4079
4171
4265
4354
4454
4543
4634
4726
4828
4913
4999
5094
5191
5276
5362
5456
5552
5639
5738
5819
5910
6002
6095
6191
6277
6365
6461
6547
6638
6731
6823
6912
7002
7099
7184
7265
7357
7449
6679
3551
3692
3789
3880
3953
4050
4140
4233
4324
4411
4505
4595
4626
4703
4794
4877
4969
5064
5155
5251
5348
5429
5529
5620
5719
5803
5901
5995
6093
6176
6281
6364
6455
6547
6638
6731
6826
6913
7003
7101
7188
7271
7367
7454
7545
7635
7730
7826
7903
7996
3814
3954
4049
4141
4234
4314
4404
4497
4589
4685
4763
4859
4944
5031
5128
5214
5304
5396
5486
5573
5664
5760
5853
5943
6032
6126
6210
6297
6386
6479
6567
6656
6747
6841
6926
7017
7114
7203
7294
7377
7469
7560
7646
7737
7832
7921
8014
3828
3973
4064
3610
3539
3685
3771
3853
3941
4049
4122
4215
4306
4389
4491
4577
4670
4758
4842
4938
5027
5122
5214
5294
5384
5478
5569
5661
5749
5834
5927
6021
6115
6199
6290
6383
6468
6572
6593
6679
6764
6854
6955
7042
7134
7238
7322
7405
7505
7590
7685
7772
7871
7967
3799
3934
4034
4120
4213
4302
4400
4489
4585
4676
4775
4860
4952
5036
5131
5218
5310
5406
5497
5581
5668
5769
5848
5940
6027
6126
6212
6299
6396
6483
6575
6662
6758
6851
6933
7033
7054
7127
7228
7315
7409
7494
7600
7682
7790
7879
7969
3786
3935
4022
4112
4210
4306
4396
4481
4563
4666
4746
4843
4938
2733
3546
3688
3784
3867
3970
4049
4136
4238
4320
4417
4502
4592
4682
4772
4868
4960
5044
5133
5224
5327
5337
5420
5519
5600
5697
5783
5882
5972
6080
6157
6256
6346
6444
6533
6628
6721
6809
6900
6991
7095
7175
7273
7355
7454
7535
7627
7715
7797
7901
7986
3815
3955
4044
4139
4231
4315
4411
4502
4594
4685
4776
4866
4960
5046
5137
5236
5247
5342
5426
5521
5616
5709
5804
5893
5983
6083
6166
6261
6359
6446
6542
6642
6730
6811
6910
6991
7089
7177
7277
7356
7456
7545
7629
7719
7812
7897
7998
3812
3956
4043
4139
4237
4258
4343
4428
4521
4613
4702
4795
4883
4988
5076
5179
5262
5364
5446
5548
5640
5725
5223
3528
3675
3755
3855
3943
4038
4117
4217
4299
4395
4477
4579
4663
4760
4849
4937
5034
5116
5209
5299
5386
5485
5570
5664
5753
5848
5934
6023
6103
6202
6296
6380
6479
6561
6648
6742
6831
6926
7018
7106
7189
7275
7365
7459
7556
7641
7720
7813
7904
7996
3816
3955
4048
4142
4227
4327
4414
4503
4588
4684
4778
4860
4954
5045
5130
5229
5319
5401
5492
5582
5682
5702
5795
5877
5966
6072
6144
6241
6333
6441
6513
6611
6689
6788
6890
6967
7066
7158
7246
7342
7431
7521
7613
7708
7798
7895
7988
3806
3951
4039
4123
4215
4320
4326
4415
4503
4596
4689
4775
4882
4973
5076
5154
5253
5338
5440
5526
5623
5721
5810
5906
5987
6085
6167
6253
6354
6439
5186
3537
3677
3770
3855
3955
4038
4130
4220
4306
4402
4492
4585
4671
4770
4861
4954
5043
5137
5164
5230
5324
5420
5514
5603
5703
5787
5891
5971
6076
6168
6267
6359
6441
6531
6627
6716
6811
6899
6998
7073
7167
7264
7351
7446
7533
7624
7717
7803
7894
7988
3827
3973
4060
4156
4246
4336
4422
4516
4545
4621
4709
4806
4895
4993
5081
5173
5266
5366
5452
5542
5636
5723
5824
5913
6008
6106
6190
6284
6379
6469
6560
6641
6739
6843
6917
7014
7096
7184
7280
7373
7455
7551
7644
7740
7812
7912
8002
3814
3954
4042
4134
4227
4323
4412
4495
4584
4682
4770
4859
4945
5031
5119
5212
5303
5395
5491
5568
5662
5759
5842
5928
6019
6111
6211
6294
6388
6477
6549
6645
6747
6824
6920
7002
7092
7183
6513
3546
3684
3776
3866
3965
4047
4156
4150
4249
4336
4418
4514
4609
4710
4796
4898
4987
5091
5176
5261
5352
5448
5545
5638
5728
5826
5896
5987
6076
6180
6257
6349
6449
6539
6624
6708
6796
6894
6978
7078
7170
7257
7348
7434
7524
7561
7635
7723
7813
7915
3749
3904
3984
4086
4174
4278
4360
4468
4545
4643
4730
4823
4912
5008
5093
5197
5276
5372
5461
5559
5646
5729
5823
5905
6006
6101
6183
6270
6361
6453
6545
6641
6727
6821
6915
6987
7081
7172
7267
7354
7445
7543
7630
7718
7811
7897
7996
3821
3956
4049
4139
4236
4325
4414
4506
4595
4690
4775
4873
4956
5046
5138
5218
5302
5395
5491
5577
5661
5759
5848
5937
6034
6124
6216
6300
6395
6479
6571
6661
6740
6831
6923
7011
7101
7194
7288
7388
7414
7492
7584
7675
7770
7867
7948
3414
3494
3640
3731
3833
3918
4021
4108
4196
4284
4385
4477
4571
4658
4753
4832
4934
5013
5108
5191
5283
5376
5456
5551
5648
5734
5823
5910
6002
6103
6184
6278
6365
6457
6540
6634
6725
6809
6903
6993
7084
7175
7268
7354
7390
7461
7555
7637
7733
7832
7913
3751
3897
3982
4079
4164
4257
4354
4457
4546
4638
4729
4823
4913
5013
5093
5189
5274
5373
5472
5553
5648
5730
5820
5916
6000
6092
6189
6277
6373
6459
6544
6642
6723
6811
6914
6996
7086
7177
7262
7356
7440
7542
7634
7714
7796
7893
7980
3813
3969
4041
4134
4221
4305
4402
4508
4587
4668
4760
4850
4947
5038
5125
5211
5309
5395
5495
5569
5659
5758
5839
5923
6026
6112
6206
6286
6386
6469
6559
6647
6741
6832
6918
7006
7094
7205
7281
7370
7455
7538
7634
7728
7808
7909
7998
3807
3957
4042
4130
4227
4319
4404
4497
4579
4573
3542
3691
3789
3868
3959
4040
4126
4224
4309
4402
4493
4595
4672
4769
4859
4947
5036
5119
5217
5309
5384
5485
5569
5674
5755
5835
5921
6023
6104
6195
6279
6380
6474
6555
6654
6736
6830
6915
7004
7100
7197
7290
7369
7451
7547
7636
7726
7811
7915
7998
3819
3964
4060
4144
4241
4323
4413
4503
4592
4698
4711
4795
4892
4973
5064
5157
5258
5340
5440
5532
5626
5719
5820
5909
6001
6094
6184
6269
6360
6458
6556
6653
6716
6814
6902
6985
7090
7173
7268
7355
7450
7539
7631
7716
7755
7841
7923
3761
3920
4000
4084
4194
4282
4372
4453
4548
4646
4743
4829
4923
5014
5098
5189
5282
5379
5474
5565
5652
5748
5850
5931
6007
6109
6191
6285
6381
6464
6553
6643
6743
6827
6906
7010
7101
7181
7276
7355
7463
7545
7621
7708
7797
7894
8000
3800
3946
4029
4120
4224
4311
4401
4487
4589
4673
4767
4857
4951
5043
5121
5211
5312
5081
3545
3689
3774
3875
3961
4052
4124
4213
4321
4402
4489
4573
4661
4759
4849
4940
5035
5126
5223
5306
5396
5486
5573
5673
5771
5787
5873
5957
6056
6149
6232
6325
6415
6520
6603
6693
6783
6883
6975
7066
7159
7249
7357
7441
7522
7608
7707
7790
7884
7971
3804
3953
4059
4130
4221
4311
4407
4499
4590
4682
4764
4867
4968
5042
5125
5222
5309
5406
5488
5572
5674
5760
5853
5921
6023
6107
6192
6285
6376
6475
6548
6637
6722
6829
6903
6994
7076
7185
7269
7362
7456
7528
7635
7720
7802
7893
7992
3811
3973
4042
4125
4219
4305
4393
4499
4574
4667
4747
4845
4938
5026
5113
5215
5305
5389
5485
5578
5676
5765
5841
5931
6026
6119
6208
6290
6385
6473
6556
6662
6744
6829
6912
7003
7100
7199
7276
7356
7456
7552
7636
7725
7820
7905
7992
3808
3957
4063
4059
4156
4239
4317
4432
4514
4603
4691
4796
4886
4970
5071
5169
5260
5357
5442
5548
5634
5731
5810
5893
5995
6090
5520
3527
3673
3770
3861
3951
4020
4129
4208
4295
4381
4484
4573
4660
4746
4844
4934
5023
5126
5213
5301
5385
5487
5574
5661
5761
5842
5928
6015
6117
6205
6288
6381
6478
6561
6640
6743
6825
6905
7016
7096
7171
7260
7357
7449
7530
7635
7716
7804
7907
7994
3806
3957
4043
4129
4216
4316
4404
4494
4589
4677
4761
4846
4944
5039
5127
5212
5301
5398
5468
5570
5659
5736
5840
5926
6016
6114
6200
6281
6363
6466
6550
6638
6744
6822
6907
6990
7100
7182
7264
7363
7444
7542
7637
7714
7807
7903
7996
3807
3962
4044
4132
4217
4315
4405
4492
4598
4672
4765
4871
4941
5027
5130
5208
5290
5397
5478
5558
5664
5742
5833
5920
6015
6105
6206
6289
6380
6481
6566
6648
6683
6752
6857
6935
7037
7128
7225
7306
7414
7499
7613
7686
7776
7882
7962
3780
3938
4019
4115
4198
4296
4384
4489
4576
4651
4756
4843
4941
5027
5114
5215
5299
5383
5485
5573
5656
5760
5838
5931
6021
6112
6218
6226
6314
6405
6486
6599
6671
6771
6872
5043
3499
3652
3741
3845
3920
4025
4112
4183
4292
4370
4468
4557
4648
4750
4838
4919
5017
5105
5200
5289
5385
5479
5575
5656
5757
5836
5926
6018
6116
6187
6292
6366
6467
6553
6638
6738
6824
6908
7008
7109
7178
7277
7362
7461
7544
7634
7730
7816
7913
7998
3818
3974
3989
4062
4169
4239
4340
4423
4529
4614
4706
4804
4901
4981
5083
5174
5276
5357
5459
5551
5644
5744
5828
5911
6007
6094
6199
6276
6366
6465
6554
6649
6736
6828
6921
7010
7105
7191
7274
7375
7461
7549
7639
7731
7823
7905
7998
3822
3975
4064
4157
4241
4314
4421
4506
4602
4683
4782
4863
4949
5049
5131
5213
5322
5395
5480
5581
5658
5760
5842
5946
6030
6117
6211
6310
6375
6480
6561
6663
6743
6828
6929
7014
7095
7200
7282
7380
7465
7566
7642
7735
7829
7914
8002
3820
3983
4049
4154
4225
4309
4414
4501
4591
4682
4782
4860
4940
5039
5121
5224
5308
5393
5491
5584
5666
5771
5847
5955
6028
6127
6213
6290
6382
6469
6509
6585
6681
6756
6865
6952
7051
7150
7242
7328
7422
7512
7017
3515
3679
3761
3840
3936
4031
4115
4221
4314
4398
4500
4573
4662
4745
4837
4929
5033
5120
5204
5299
5387
5477
5579
5658
5759
5854
5943
6023
6123
6218
6295
6390
6466
6573
6658
6765
6823
6914
7018
7093
7193
7285
7374
7462
7553
7649
7744
7839
7929
3816
3963
4048
4146
4236
4328
4430
4515
4604
4686
4786
4870
4963
5050
5129
5231
5312
5408
5498
5579
5667
5756
5852
5934
6042
6127
6218
6286
6395
6470
6576
6651
6736
6838
6919
7018
7100
7193
7294
7381
7487
7566
7647
7733
7830
7922
3796
3943
4051
4127
4242
4236
4326
4435
4516
4603
4687
4794
4868
4976
5058
5170
5245
5363
5444
5531
5621
5728
5819
5917
6001
6088
6182
6286
6371
6462
6574
6632
6754
6769
6841
6925
7022
7113
7214
7299
7376
7491
7596
7667
7765
7864
3761
3930
4013
4125
4213
4296
4391
4482
4589
4672
4770
4853
4937
5034
5135
5216
5311
5410
5488
5588
5668
5776
5862
5964
6057
6134
6236
6337
6406
6496
6589
6691
6789
6863
6938
7022
7120
7209
7298
7397
7480
7584
7683
7776
7860
7948
3803
3961
4052
4146
4265
3558
3454
3616
3714
3793
3900
3994
4079
4165
4258
4342
4450
4560
4615
4715
4813
4900
5002
5096
5194
5287
5389
5481
5553
5648
5747
5844
5921
6021
6111
6192
6286
6383
6469
6563
6649
6748
6858
6923
7016
7108
7218
7307
7399
7481
7554
7667
7748
7828
7927
3817
3979
4055
4156
4241
4335
4427
4510
4610
4688
4796
4879
4956
5066
5157
5236
5316
5373
5444
5572
5641
5741
5835
5943
6035
6162
6245
6357
6451
6546
6639
6711
6840
6906
6996
7114
7177
7267
7347
7463
7549
7634
7727
7819
7933
3778
3941
4016
4111
4212
4305
4393
4491
4572
4653
4762
4841
4929
5028
5132
5229
5312
5434
5433
5526
5611
5711
5783
5887
6007
6070
6164
6257
6379
6460
6540
6662
6717
6813
6896
6991
7103
7182
7289
7385
7463
7596
7657
7749
7844
7925
3782
3941
4030
4130
4220
4317
4424
4496
4614
4751
2590
2490
3018
2911
2939
3021
3089
3189
3255
3382
3457
3595
3677
3823
3623
2860
3047
3137
3285
3377
3532
3608
3771
3865
3999
4089
4232
4325
4453
4554
4668
4759
4872
4961
5078
5166
5278
5368
5478
5568
5676
5774
5853
5947
6030
6127
6215
6317
6402
6489
6579
6672
6764
6848
6955
7045
7128
7223
7319
7419
7506
7587
6023
2403
2963
2402
2491
2759
3089
3095
3099
3134
3171
3207
3275
3311
