IR/PR Accuracy
===================================
Domain Marker;HIGH_BOUND_IR;1.0
Domain Marker;WARMUP;68.0
Domain Marker;RT_CURVE;69.0
Domain Marker;max-jOPS;150.0
Domain Marker;VALIDATION;157.0
Domain Marker;PROFILE;171.0
Iteration;Actual IR;Actual PR;Low Bound;High Bound
1.0;0.0;0.0;-0.05000000074505806;0.05000000074505806
2.0;0.0;0.0;-0.05000000074505806;0.05000000074505806
3.0;0.0;0.0;-0.05000000074505806;0.05000000074505806
4.0;0.0;0.0;-0.05000000074505806;0.05000000074505806
5.0;0.0;0.0;-0.05000000074505806;0.05000000074505806
6.0;0.0;0.0;-0.05000000074505806;0.05000000074505806
7.0;0.0;0.0;-0.05000000074505806;0.05000000074505806
8.0;0.0;0.0;-0.05000000074505806;0.05000000074505806
9.0;0.0;0.0;-0.05000000074505806;0.05000000074505806
10.0;0.0;0.0;-0.05000000074505806;0.05000000074505806
11.0;0.0;0.0;-0.05000000074505806;0.05000000074505806
12.0;0.0;0.0;-0.05000000074505806;0.05000000074505806
15.0;0.0;0.0;-0.05000000074505806;0.05000000074505806
16.0;0.0;0.0;-0.05000000074505806;0.05000000074505806
17.0;0.0;0.0;-0.05000000074505806;0.05000000074505806
18.0;0.0;0.0;-0.05000000074505806;0.05000000074505806
19.0;0.0;0.0;-0.05000000074505806;0.05000000074505806
20.0;0.0;0.0;-0.05000000074505806;0.05000000074505806
21.0;0.0;0.0;-0.05000000074505806;0.05000000074505806
22.0;0.0;0.0;-0.05000000074505806;0.05000000074505806
23.0;0.0;0.0;-0.05000000074505806;0.05000000074505806
24.0;0.0;0.0;-0.05000000074505806;0.05000000074505806
25.0;0.0;0.0;-0.05000000074505806;0.05000000074505806
26.0;0.0;0.0;-0.05000000074505806;0.05000000074505806
27.0;0.0;0.0;-0.05000000074505806;0.05000000074505806
28.0;0.0;0.0;-0.05000000074505806;0.05000000074505806
29.0;0.0;0.0;-0.05000000074505806;0.05000000074505806
30.0;0.0;0.0;-0.05000000074505806;0.05000000074505806
31.0;0.0;0.0;-0.05000000074505806;0.05000000074505806
32.0;0.0;0.0;-0.05000000074505806;0.05000000074505806
33.0;0.0;0.0;-0.05000000074505806;0.05000000074505806
34.0;0.0;0.0;-0.05000000074505806;0.05000000074505806
35.0;0.0;0.0;-0.05000000074505806;0.05000000074505806
36.0;0.0;-0.03355493281543988;-0.05000000074505806;0.05000000074505806
37.0;0.0;-0.027517803235079116;-0.05000000074505806;0.05000000074505806
38.0;0.0;-0.03061647642229141;-0.05000000074505806;0.05000000074505806
39.0;0.0;-0.0193627407924528;-0.05000000074505806;0.05000000074505806
40.0;0.0;0.0;-0.05000000074505806;0.05000000074505806
41.0;0.0;0.0;-0.05000000074505806;0.05000000074505806
42.0;0.0;0.0;-0.05000000074505806;0.05000000074505806
43.0;0.0;0.0;-0.05000000074505806;0.05000000074505806
44.0;0.020888821750801714;0.020814264656126163;-0.05000000074505806;0.05000000074505806
45.0;0.0;0.0;-0.05000000074505806;0.05000000074505806
46.0;-0.007970770408396567;-0.007974984713030094;-0.05000000074505806;0.05000000074505806
47.0;0.011895561311671255;0.011881278396935724;-0.05000000074505806;0.05000000074505806
48.0;0.014698212324493249;0.014841269861635021;-0.05000000074505806;0.05000000074505806
49.0;0.005549215455782012;0.020176896725586757;-0.05000000074505806;0.05000000074505806
50.0;0.012449990317122938;0.012577307906453571;-0.05000000074505806;0.05000000074505806
51.0;0.0;0.0;-0.05000000074505806;0.05000000074505806
52.0;-0.034315944062678516;-0.04860393294544825;-0.05000000074505806;0.05000000074505806
53.0;-0.0033305380142585276;-0.2781099732818637;-0.05000000074505806;0.05000000074505806
55.0;0.0;0.0;-0.05000000074505806;0.05000000074505806
56.0;0.0;0.0;-0.05000000074505806;0.05000000074505806
57.0;-0.008831070371650871;-0.030747186221299863;-0.05000000074505806;0.05000000074505806
58.0;0.0;-0.025831056745568223;-0.05000000074505806;0.05000000074505806
59.0;0.007416389326196766;0.0;-0.05000000074505806;0.05000000074505806
60.0;-0.030104353505908187;-0.0286962954226817;-0.05000000074505806;0.05000000074505806
61.0;0.007429372422581527;0.007187469897826495;-0.05000000074505806;0.05000000074505806
62.0;0.0;0.0;-0.05000000074505806;0.05000000074505806
63.0;0.010495338276597214;0.012978601878008433;-0.05000000074505806;0.05000000074505806
64.0;-0.02291032814935841;-0.02572494727827279;-0.05000000074505806;0.05000000074505806
65.0;-0.007855808547488735;-0.0842672204253915;-0.05000000074505806;0.05000000074505806
68.0;0.0;0.0;-0.009999999776482582;0.009999999776482582
69.0;0.0;0.0;-0.009999999776482582;0.009999999776482582
70.0;0.0;0.0;-0.009999999776482582;0.009999999776482582
71.0;0.0;0.0;-0.009999999776482582;0.009999999776482582
72.0;0.0;0.0;-0.009999999776482582;0.009999999776482582
73.0;0.0;0.0;-0.009999999776482582;0.009999999776482582
74.0;0.0;0.0;-0.009999999776482582;0.009999999776482582
75.0;0.0;0.0;-0.009999999776482582;0.009999999776482582
76.0;0.0;0.0;-0.009999999776482582;0.009999999776482582
77.0;0.0;0.0;-0.009999999776482582;0.009999999776482582
78.0;0.0;0.0;-0.009999999776482582;0.009999999776482582
79.0;0.0;0.0;-0.009999999776482582;0.009999999776482582
80.0;0.0;0.0;-0.009999999776482582;0.009999999776482582
81.0;0.0;0.0;-0.009999999776482582;0.009999999776482582
82.0;0.0;0.0;-0.009999999776482582;0.009999999776482582
83.0;0.0;0.0;-0.009999999776482582;0.009999999776482582
84.0;0.0;0.0;-0.009999999776482582;0.009999999776482582
85.0;0.0;0.0;-0.009999999776482582;0.009999999776482582
86.0;0.0;0.0;-0.009999999776482582;0.009999999776482582
87.0;0.0;0.0;-0.009999999776482582;0.009999999776482582
88.0;0.0;0.0;-0.009999999776482582;0.009999999776482582
89.0;0.0;0.0;-0.009999999776482582;0.009999999776482582
90.0;0.0;0.0;-0.009999999776482582;0.009999999776482582
91.0;0.0;0.0;-0.009999999776482582;0.009999999776482582
92.0;0.0;0.0;-0.009999999776482582;0.009999999776482582
93.0;0.0;0.0;-0.009999999776482582;0.009999999776482582
94.0;0.0;0.0;-0.009999999776482582;0.009999999776482582
95.0;0.0;0.0;-0.009999999776482582;0.009999999776482582
96.0;0.0;0.0;-0.009999999776482582;0.009999999776482582
97.0;0.0;0.0;-0.009999999776482582;0.009999999776482582
98.0;0.0;0.0;-0.009999999776482582;0.009999999776482582
99.0;0.0;0.0;-0.009999999776482582;0.009999999776482582
100.0;0.0;0.0;-0.009999999776482582;0.009999999776482582
101.0;0.0;0.0;-0.009999999776482582;0.009999999776482582
102.0;0.0;0.0;-0.009999999776482582;0.009999999776482582
103.0;0.0;0.0;-0.009999999776482582;0.009999999776482582
104.0;0.0;0.0;-0.009999999776482582;0.009999999776482582
105.0;0.0;0.0;-0.009999999776482582;0.009999999776482582
106.0;0.0;0.0;-0.009999999776482582;0.009999999776482582
107.0;0.0;0.0;-0.009999999776482582;0.009999999776482582
108.0;0.0;0.0;-0.009999999776482582;0.009999999776482582
109.0;0.0;0.0;-0.009999999776482582;0.009999999776482582
110.0;0.0;0.0;-0.009999999776482582;0.009999999776482582
111.0;0.0;0.0;-0.009999999776482582;0.009999999776482582
112.0;0.0;0.0;-0.009999999776482582;0.009999999776482582
113.0;0.0;0.0;-0.009999999776482582;0.009999999776482582
114.0;0.0;0.0;-0.009999999776482582;0.009999999776482582
115.0;0.0;0.0;-0.009999999776482582;0.009999999776482582
116.0;0.0;0.0;-0.009999999776482582;0.009999999776482582
117.0;0.0;0.0;-0.009999999776482582;0.009999999776482582
118.0;0.0;0.0;-0.009999999776482582;0.009999999776482582
119.0;0.0;0.0;-0.009999999776482582;0.009999999776482582
120.0;0.0;0.0;-0.009999999776482582;0.009999999776482582
121.0;0.0;0.0;-0.009999999776482582;0.009999999776482582
122.0;0.0;0.0;-0.009999999776482582;0.009999999776482582
123.0;0.0;0.0;-0.009999999776482582;0.009999999776482582
124.0;-0.005371833428777894;-0.005458328372436461;-0.009999999776482582;0.009999999776482582
125.0;0.0031162995634407163;0.0033863106517117696;-0.009999999776482582;0.009999999776482582
126.0;-0.004610789990117966;-0.005017800827965156;-0.009999999776482582;0.009999999776482582
127.0;-0.007437619821042068;-0.007338541789113217;-0.009999999776482582;0.009999999776482582
128.0;0.0;0.0;-0.009999999776482582;0.009999999776482582
129.0;0.0;0.0;-0.009999999776482582;0.009999999776482582
130.0;0.0;0.0;-0.009999999776482582;0.009999999776482582
131.0;0.0;0.0;-0.009999999776482582;0.009999999776482582
132.0;0.0;0.0;-0.009999999776482582;0.009999999776482582
133.0;0.004366834449069531;0.004309847689004792;-0.009999999776482582;0.009999999776482582
134.0;0.0;0.0;-0.009999999776482582;0.009999999776482582
135.0;0.0;0.0;-0.009999999776482582;0.009999999776482582
136.0;0.0;0.0;-0.009999999776482582;0.009999999776482582
137.0;-0.0073852008993288915;-0.0074248692509450084;-0.009999999776482582;0.009999999776482582
138.0;-0.00902976609247935;-0.009029725011836846;-0.009999999776482582;0.009999999776482582
139.0;0.0071506729795350705;0.007606771554349949;-0.009999999776482582;0.009999999776482582
140.0;0.0;0.0;-0.009999999776482582;0.009999999776482582
141.0;-0.009341635900482523;-0.009341682391269293;-0.009999999776482582;0.009999999776482582
142.0;0.005351480234795861;0.00531609104757737;-0.009999999776482582;0.009999999776482582
143.0;-0.009328091623446779;-0.009235348902202681;-0.009999999776482582;0.009999999776482582
144.0;0.0024446418005015656;0.002331393020757932;-0.009999999776482582;0.009999999776482582
145.0;-0.014465267836048816;-0.021041403114166832;-0.009999999776482582;0.009999999776482582
146.0;0.003953315682256499;0.003834942992146087;-0.009999999776482582;0.009999999776482582
147.0;-0.009228898496519682;-0.014475041855696725;-0.009999999776482582;0.009999999776482582
148.0;-0.003193662938396135;-0.00441082374925398;-0.009999999776482582;0.009999999776482582
149.0;-0.012431446392505763;-0.01859841727809739;-0.009999999776482582;0.009999999776482582
150.0;0.0;0.0;-0.009999999776482582;0.009999999776482582
151.0;0.0036928634273277364;-0.01877326987507162;-0.009999999776482582;0.009999999776482582
152.0;-0.019988589822376727;-0.020864810642022266;-0.009999999776482582;0.009999999776482582
153.0;-0.0038723064993537895;-0.046407775185872344;-0.009999999776482582;0.009999999776482582
154.0;-0.11191453809314111;0.00921051319656651;-0.009999999776482582;0.009999999776482582
155.0;-0.005141614766331926;-0.04353639958668867;-0.009999999776482582;0.009999999776482582
157.0;0.0;0.0;-0.05000000074505806;0.05000000074505806
158.0;0.0;-0.02300903550606531;-0.05000000074505806;0.05000000074505806
159.0;0.0;-0.01635755520596683;-0.05000000074505806;0.05000000074505806
160.0;0.0;0.0;-0.05000000074505806;0.05000000074505806
161.0;0.0;0.0;-0.05000000074505806;0.05000000074505806
162.0;-0.010580948945022223;-0.01090138907581786;-0.05000000074505806;0.05000000074505806
163.0;0.0;0.0;-0.05000000074505806;0.05000000074505806
164.0;0.004482120688707785;0.004483670976257005;-0.05000000074505806;0.05000000074505806
165.0;-0.014014708307072368;-0.016566538694036768;-0.05000000074505806;0.05000000074505806
166.0;0.008399615467328475;0.008327155196987924;-0.05000000074505806;0.05000000074505806
167.0;-0.037407324484056884;-0.03785051375870208;-0.05000000074505806;0.05000000074505806
171.0;0.0;0.0;-0.05000000074505806;0.05000000074505806
