Request Mix Accuracy
===================================
Domain Marker;max-jOPS;10162.0
Domain Marker;critical-jOPS;3704.0
Domain Marker;Validation Start jOPS;1154.8
Range Marker;Main Tx Limit;-5.0
Range Marker;Main Tx Limit;5.0
Range Marker;Minor Tx Limit;-1.0
Range Marker;Minor Tx Limit;1.0
jOPS;In-store Purchase [50%];Online Purchase [35%];Installment Purchase [10%];Associativity of Category [0.1%];Associativity of Product [1%];Business Report [0.25%];Customer Buying Behavior [1%];Product Return [2.65%]
115.0;0.021704529011721263;-0.05570829113008102;0.04196208942265933;0.0012878020546954055;-0.030531037476486778;0.03939372015627263;-0.030531037476486778;0.012422225437708434
231.0;0.0;-0.03889369057908709;0.04753673292999139;0.008038029386344;0.0011524056467875354;-0.005113800057620271;0.0011524056467875354;-0.013872082973206634
346.0;0.016847172081824624;-0.02527075812274404;0.0072202166064982976;0.005896510228640184;0.006016847172081841;3.0084235860411424E-4;0.001203369434416457;-0.012214199759326139
462.0;0.001801996612250889;-0.0016217969510208263;-0.01693876815511608;0.008119796734782123;-0.0016938768155114747;-0.0013244675100010928;0.009118102857966548;0.0025390132266553955
577.0;-0.0043333814820201155;-0.02094467716307946;0.0332225913621258;-0.0017766864076267652;-4.333381482016785E-4;0.001336125956955092;0.0024555828398094004;-0.00952621695796596
693.0;-0.00480815463025408;0.02259832676218565;-0.011058755649580476;9.712472353110846E-4;9.616309260507272E-5;-0.0023800365419751612;-0.004711991537647897;-7.067987306470513E-4
808.0;0.0;-0.004941932295530194;0.007412898443291738;8.97784367020843E-4;-0.005436125525080215;0.0012148916893171546;7.41289844329085E-4;1.1119347664934054E-4
924.0;0.007213966238637681;-0.0014427932477261152;0.003967681431252146;9.955273409320425E-4;-0.006276150627615107;-0.0029216563266483975;-0.002669167508296044;0.001132592699466084
1039.0;0.021638429851414287;-0.01626889355495109;0.008174517943867698;-6.235073490519355E-4;-0.0014265335235378318;0.0016469249386911189;-0.0030293801791981823;-0.010111558127233966
1155.0;-0.01226073535563188;0.01810261514273037;-0.016876541607166118;-4.7167770132849896E-4;0.005380299161942492;-0.0019004139801231668;-0.0047167770132848785;0.012743231352863926
1270.0;0.05046863734678908;-0.04030936619256664;0.005898931637936755;-3.7359900373599986E-4;-0.0063577374319985225;-9.339975093399788E-4;-0.0024251163400407227;-0.005967752507046065
1386.0;0.014992144116490635;-0.03592117730308786;0.006356669105388235;7.472084627655057E-4;0.006272713098336435;-0.0029294649603607836;-9.235160775753481E-4;0.011405423558055627
1501.0;-0.020522036229714047;0.021686800448158294;0.002551388288019041;0.0020555315207383407;0.0028065271168202788;-4.0766747645509804E-4;-0.0038492684171409497;-0.00432127525042425
1617.0;-0.01385226304934406;0.010312240270067718;0.006464389423028294;-0.0014950183157700359;0.001467313789671243;0.0024190155658392887;4.412202304606705E-4;-0.005756897913951509
1732.0;0.005287393891620695;-3.364705203736662E-4;-0.0020188231222544317;-0.0019428769190836387;-0.00116322665615598;-0.001973159265917457;-0.005008604031878194;0.007155766624047377
1848.0;0.02880547303987413;-0.005851111711230317;-0.012602394454946264;-8.101539292465487E-5;-0.006211180124223614;0.002948060131425012;-0.0035106670267349704;-0.0034971644612475927
1963.0;-0.046204844302394577;0.01903300467134983;0.02263613473163062;8.876416877909021E-4;-0.0038405127466025757;0.0026430018736276484;-0.0012971268217001342;0.006142700906293541
2079.0;-0.005606638259699537;0.0046455002723249095;0.003043603626693425;-6.824079710377184E-4;-0.004421234741934454;-1.0412328196582332E-4;0.002787300163393347;3.380001922277387E-4
2194.0;-0.018222957889776126;-0.0050872424108945324;0.02870115867640699;2.2626839379810693E-4;7.441041138327442E-4;5.656709844952812E-4;-0.003052345446538429;-0.0038746564213147927
2310.0;-0.021253142943592707;0.028061353140785172;-0.0016570247040768038;8.623732916435561E-4;-0.0014625044127288822;-5.4033414263188195E-6;0.002139723204829913;-0.006685374235427144
2425.0;0.04361892855425964;-0.038226667307782236;-0.0047396945988094075;-0.0010846344596404794;-5.426606859506578E-4;0.0027837119364743645;1.4425157474629025E-4;-0.0019532350132918097
2541.0;-0.030061429878443846;0.001960528035553466;0.008495621487387695;-1.3070186903677006E-5;0.003136844856881371;-0.001012939485034614;0.003136844856881371;0.014357600313684493
2656.0;-0.015963340657684455;0.00854508235205742;0.0024414521005891032;0.0014141641782635522;-2.566654772412358E-4;4.0534365003352946E-4;0.005377454754884381;-0.001963490900895426
2772.0;-0.009300985904502568;-0.01689179052979739;0.01686178734945898;8.1068593270886E-4;0.0015061596529233334;2.2652401154521495E-4;9.060960461808598E-4;0.005881523441484848
2887.0;-0.02217448149150414;0.012642334252952026;0.005586817414743095;7.930976886702801E-4;0.0033232924209349868;-3.31177320976872E-5;0.001019450188051163;-0.001157392741744978
3002.0;0.006934466517627413;-3.6059225891449387E-4;-0.0021635535534976214;9.658324965743648E-4;7.822078231876084E-4;-0.0020234773298420383;-0.0019915787838610255;-0.0021433049112666858
3118.0;0.017598685964784977;-0.01381230201478445;-0.0012799044338027699;7.924741619292353E-4;0.0025918064784495876;-9.519289226404548E-4;-0.002207835148308912;-0.0027309960856256588
3233.0;-0.003343019518091239;0.01632936456913825;-0.0064288836886365885;-2.237251523645456E-4;-0.0022372515236454005;-0.0021022449661840525;8.486126469000599E-4;-0.002842852367114901
3349.0;-0.007205004745365784;4.223623471446558E-4;0.004024864719825771;-1.2372732286869415E-4;0.002241004924248058;4.3602701131434385E-4;7.503142872760105E-4;-5.458412215713082E-4
3464.0;0.00430844646994899;0.004691419489496695;-0.008712636194781354;-4.270149167991122E-4;5.170135763936656E-4;-0.0010675372919977666;0.0019531623997091074;-0.001262853531968311
3580.0;-0.009529254812271404;0.017454805765893866;-0.00404412277398869;4.058068024934136E-4;0.0021987012322952637;5.496753080738159E-4;-0.0033793991456209094;-0.0036562123768750787
3695.0;-0.017268368385877864;0.006795215092104456;0.0030948504379875175;4.705069723840577E-4;2.1977923400218202E-4;2.792093329924694E-4;0.0033594825768890058;0.003049324739516912
3811.0;0.006554168013920503;-0.0024905838452866647;-0.007078501455024977;-3.766461885328365E-4;-0.00289257281680666;8.061626657112075E-4;6.029834572798265E-4;0.004874990168747928
3926.0;0.006982205953917742;0.0032795209783529344;-0.00486638596788147;2.8986733808686327E-4;-4.8663859678821364E-4;5.130863466136226E-4;-6.347459958111479E-5;-0.005648181452722056
4042.0;0.0069736151220780584;-0.004348254134939111;-0.004758466789184013;0.0013225255972696137;0.0013290889997374933;6.399317406143301E-4;-0.004003675505381943;0.0028452349698082635
4157.0;0.017145682477917035;-0.014833009027398703;-0.005263325783916528;8.293725477685754E-5;0.0028230565568281296;0.001204185141471803;0.0024243197550160023;-0.003583846374684896
4273.0;0.0021274538245847907;4.835122328614716E-4;-1.93404893142457E-4;-5.898849240885823E-4;0.002997775843728734;-8.944976307900809E-4;-0.0020307513780098985;-0.0019002030751376076
4388.0;0.009102770276427918;-0.028673726370726627;0.01646084291652805;1.304730406287008E-4;-5.916800679672818E-4;7.054646964225753E-4;0.003959705070243125;-0.0010938495615500088
4504.0;-0.01401117944633512;0.005456985679103354;2.9497219886920334E-4;-8.155981298762632E-4;3.2446941875741153E-4;-3.7977670604544267E-4;3.2446941875741153E-4;0.008805657566774538
4619.0;-0.03255930444738908;0.034527174496403745;0.0014311782174676324;1.8247522272710204E-4;0.0011091631185373707;4.561880568177412E-4;-0.004257755196965918;-8.891194676015068E-4
4735.0;8.76666982264851E-4;-0.006259402253384394;0.006978269178844698;-5.9964021587061156E-5;-0.002002307387497293;0.0035320912715528507;-0.0013009738016839245;-0.001764379968510088
4850.0;-0.019762576494805728;0.019967016941301097;-0.004565836638454002;1.7581878398821582E-4;-9.676847800902388E-4;0.0018024832699568005;-0.004034291477559293;0.007385070395660609
4966.0;0.003161660703888458;0.007571345369832727;-0.01181462684083634;1.7472335468841915E-4;-0.0012480239620601408;-7.280139778683969E-4;0.0024128463266495093;4.7008902570944144E-4
5081.0;0.046764149006548905;-0.0376883193909876;-0.0012709420287499995;-2.79933128896348E-4;-0.0014958010030665658;-0.0020033631081375902;-0.002473448717489113;-0.0015523416292171355
5197.0;0.005098074202471992;-0.009367711347039176;0.0014656963332093653;-5.8755305183468E-4;0.003364728973630271;0.0013987841093026643;1.7843259708638648E-4;-0.001550451816826115
5312.0;-0.004209712273961941;-0.004505951285835863;0.005082837782634186;7.212640362721234E-4;0.0028470128193534006;8.809212721438975E-5;-8.949536463903618E-4;8.714104407099299E-4
5428.0;0.024315272743955063;-0.01812175987521414;-0.001682188680399932;-0.0012096465874508744;-0.002615038766802802;1.873346484990157E-4;1.376336193052996E-4;-0.0010116071018946293
5543.0;0.035319890910713525;-0.023174021251541888;-0.010581064365657866;-0.001044693819764228;5.81213394733382E-4;-5.253274913935568E-4;0.0014753878481692517;-0.002051385225257274
5659.0;0.014949172812436018;-0.003986446083317219;-0.010141987829614507;0.001126757260608055;0.0015945784333266655;0.001497848491599174;-0.0030953581352811677;-0.0019445649497589201
5774.0;0.00501413987444721;0.0021345909751175896;-0.002378134911879215;-5.76769346700548E-4;-0.001183337010369101;-0.00158518450602127;8.223189394089836E-4;-0.002247624014005023
5889.0;-0.012342492959163565;0.020421215623350975;-8.976358515759841E-4;-6.990339194147543E-4;-0.0019411375290327992;-0.0011865623913019097;-0.0030631823435027794;-2.911706293549088E-4
6005.0;0.00767910132574201;-0.007432273068843642;-0.0029070883590307517;-1.71682765354092E-4;-0.0019910812723175075;0.0025875828931562483;-6.198131784349581E-4;0.0028552544250821654
6120.0;-6.749150281990524E-4;-0.015644530353625896;0.01249942632222556;-1.1257582670343158E-4;0.006703256060061946;-8.213715893168883E-4;0.0031936979134328247;-0.0051429874978738965
6236.0;-6.60919312331032E-4;0.0030798839954400137;0.007375859525566852;-3.3336770113756575E-4;-0.0020118383867223644;-4.3686766544792643E-4;-0.0041267801861677444;-0.002885970269205451
6351.0;0.020197387109632814;-0.013434520070987332;-0.008157138277827158;-4.4642740798461755E-4;-3.387948805488872E-5;7.082116060701527E-4;2.2673195852118688E-4;9.396345706296216E-4
6467.0;-0.0053451435552887006;-0.019598859702711025;0.01247200162899631;0.001048666259417616;-7.126858073712716E-4;9.672164528609084E-4;0.004123396456933381;0.007045408267155384
6582.0;-0.012100224789740821;0.02728164084037843;-0.01943520641486529;4.5157539936960256E-5;0.001699021253982469;2.3763843530372197E-4;0.003195956279517631;-9.239831445113644E-4
6698.0;-0.018418919914537923;0.010928559149292028;-2.4558559886145304E-4;-5.378324615044616E-4;0.0024804145484909057;0.0017252388319948797;2.701441587464881E-4;0.0037979812863775386
6813.0;0.07902417267023765;-0.04755994686473031;-0.019198510660991985;-3.7136513046261144E-4;-0.0029864349917098076;8.896279561343423E-4;-0.0017744078035157873;-0.008023135174968221
6929.0;0.008720228780575212;-0.001063151180098032;0.01679539954177045;-8.521933167211088E-4;-0.003982635993759698;-0.0020110281030276955;-0.003504815238659531;-0.01410180449008136
7044.0;-0.01623820393782438;0.03900673593409465;-0.019228837181048064;-7.016305960472341E-4;-0.0014088686294254638;6.991773422148628E-4;-7.009296663751385E-6;-0.0021213636353012433
7160.0;-0.10526845745094704;0.1475360315622325;-0.04045970277679878;5.034578399829015E-6;5.080347294370569E-4;-0.0010172136812379717;-1.784986887212181E-4;-0.0011252282723615004
7275.0;0.07414078561941295;-0.06877353856231139;-0.01396393937739937;-3.8753343158123843E-4;2.1832869384863507E-4;-0.0016511107472299558;-2.3652275166929915E-4;0.010653530556920199
7391.0;0.14852773564755495;-0.15431627881931576;0.020013102748883682;6.551374442458069E-5;-0.0013641218017177437;1.6378436106151417E-4;-0.0011397596632771734;-0.0119499762176134
7506.0;0.027178201329100204;-0.06877838368606604;0.05001665760726581;-2.735354456348399E-4;-1.0520594062879418E-4;7.408251652609721E-4;0.001209868317231022;-0.009988427346530937
7622.0;0.013327486436054414;-0.06285414570812264;0.051719245750250664;6.010266463744723E-4;-0.0021581929648067932;0.0010726476986440137;-6.534767542840658E-4;-0.0010545911041175415
7737.0;0.0421850574958782;-0.06027966337609314;0.006424120430844837;0.001072828111951002;0.0034476112978865103;5.406968029293968E-4;0.00280519925480216;0.003804149981798677
7853.0;0.07642568155895901;-0.039203739271414406;-0.0397835203039314;-2.776624072086953E-4;-0.00108998834113061;2.5457658064120814E-4;-0.001722476740239065;0.005397128924327088
7968.0;0.23231534399864273;-0.2813366780666513;0.005199389330687865;-5.694470625521725E-4;0.005077172609368352;4.4070521119671247E-4;0.003212849741791368;0.03566066423752323
8084.0;0.11821202771529471;-0.15633899194027379;0.01216948777519633;3.880304687916142E-4;-0.004724383637980223;-0.0012835326752795306;0.002651063498502415;0.028926298795753258
8199.0;0.13848799670122958;-0.07910007945208264;-0.06889199545413405;3.711116251470803E-4;-0.005742675825446852;-1.785157546439209E-4;-0.0025243636290493976;0.01757852178897945
8315.0;-0.16512589342750772;0.038027167428012376;0.07509009606229;4.415410142988574E-4;0.007629539455446199;0.0017065017818329586;0.010843668767903658;0.03138737891772214
8430.0;-0.10158033483234163;0.23728577345328006;-0.10106997952689944;-0.0014621679500794044;-0.006770059417134933;-0.0026739673647411255;-0.013836517492428091;-0.009892746869657021
8546.0;-0.06513791570318972;0.07448632297921876;-0.0252591440625487;3.7646026392990084E-4;-0.00361316426598024;-7.091393058298034E-4;0.0074534860919386325;0.01240309400245776
8661.0;0.06444930806769378;-0.05562296587778093;0.02763193208063619;-0.0011525275090814996;-5.632226922045458E-4;-0.002597817417567233;-0.009257264249723174;-0.02288744240197449
8776.0;-0.39417633806016994;0.3501580870520087;0.04203032999488876;3.4267971752588444E-4;0.0034267971752588444;0.0018033283477536521;-0.004146235256252462;5.613510289856904E-4
8892.0;-0.4187127446215442;0.2376057489436718;0.15003640575564603;-5.586560969106369E-7;0.006512067902786356;2.7793140820442375E-4;3.6685083696008647E-4;0.023914298430362635
9007.0;-0.4100608465511044;0.3342511236182517;0.02826990396330764;3.06625390643675E-4;0.015029429411743012;0.002330978734995437;0.009323914939981748;0.020548870492183458
9123.0;-0.13235645572945742;0.001030756684869516;0.07277324629976611;3.3914631454314004E-4;0.014155117022809804;0.001942474655243831;0.006127985317646356;0.03598772943457984
9238.0;0.2833188110450493;-0.36532650099926656;0.030756238470884156;-1.6299553954030044E-4;0.005705738480724198;0.0020973822308024137;0.006779254657718337;0.036832071653626564
9354.0;-0.30031656405704865;0.20412441736141318;0.08165675511359183;4.549298038420968E-4;0.004549298038420968;-0.0013958867637090255;0.0026275515552169892;0.00829949894828097
9469.0;0.3349842365559823;-0.47637782048947486;0.12467531548990429;0.0013174808902499946;0.009992060811706782;0.0026748345413041275;0.00521793867551712;-0.0024840464751947344
9585.0;-0.293441941764911;0.4687000985580312;-0.163942870682936;2.750696259259111E-4;3.4340777268493383E-6;-0.001201068684988621;-0.010985614648401976;5.928935195522733E-4
9700.0;0.10373301693334014;-0.02054085194811961;-0.0728360092450977;-5.534713696873361E-4;-0.007077849485964349;-3.5492123149094557E-4;2.949103952485377E-4;-0.0026648240482280983
9816.0;-0.24270578674531862;0.3541148936385028;-0.1357974630725458;-5.7374470211563056E-5;0.0016135518162132545;0.0010343388728019653;0.003800848334541973;0.017996991626019643
9931.0;0.02514313510244648;0.02175785024551402;0.0284955531161053;-5.777991047071912E-4;-0.005284988398004398;-0.0016909990863017699;-0.0067639963452070795;-0.061078755529845985
10047.0;-0.09720374782570929;0.18597017785768344;-0.04786289805218935;-0.0017405723733468492;2.9721446703590004E-4;-0.0034581634094884295;-0.013183004529678466;-0.02281900613431187
10162.0;0.008084285618622289;-0.08062237566940667;0.01226524949411889;6.044432540311256E-4;0.01257718859576773;0.0010211514309185765;0.016333523327655364;0.029736533948283572
10278.0;-0.14667493168266077;0.102890718445245;0.03893870210146666;0.00607740594906539;0.032835977265385674;0.011046455792350196;0.023668794035219598;-0.06878312190607572
10393.0;-0.5234980912614304;1.254792661451809;-0.5558030231754589;3.2846122783719567E-4;-0.02252602919932889;-0.00688040930681777;-0.024191231875309693;-0.12222233786129699
10509.0;-0.49622912136214126;0.7655114977097099;-0.23350144203334366;0.001790588997362702;0.012507904193463926;0.009103317447832326;-0.01216860223013927;-0.04701414272274418
10624.0;0.03302198320596261;-0.1131694271743271;-0.06282310302533389;8.553181659948506E-4;0.0036730856196582895;0.003439654359064459;0.03880977710974687;0.0961927117392336
