5.541
3.237
0.822
0.011
63.147
81.931
81.061
74.620
70.263
76.913
98.965
43.458
54.998
70.338
62.289
62.100
69.793
74.837
76.674
39.892
28.282
28.178
37.293
145.444
141.617
125.620
185.576
60.872
44.938
40.362
53.650
56.831
61.512
68.088
74.149
78.897
85.957
97.731
94.126
96.624
101.508
4.718
0.278
94.393
105.520
114.239
115.555
107.659
94.817
138.565
136.743
108.422
113.417
113.183
120.243
103.285
87.621
105.730
83.658
4.443
102.698
0.382
101.767
106.093
169.018
135.388
162.023
94.046
114.124
98.917
99.208
121.100
92.276
86.589
3.476
86.434
0.327
87.509
92.112
133.933
145.863
157.819
123.627
102.054
4.221
0.210
121.646
111.263
105.689
124.321
2.484
166.125
0.212
99.702
162.958
152.332
107.821
4.237
130.175
0.188
142.779
146.207
139.810
126.552
42.739
13.869
1.778
0.071
477.620
194.993
60.140
7.258
0.101
84.203
95.313
109.486
117.530
117.073
9.535
0.168
117.698
130.848
128.229
122.040
2.933
0.190
124.048
147.218
126.878
4.402
0.142
127.239
187.826
123.653
4.008
0.119
121.942
142.477
177.970
119.776
3.687
0.165
125.183
133.699
195.445
123.104
3.976
0.155
108.531
127.913
167.419
131.231
4.489
115.293
0.192
100.961
114.689
148.770
120.773
4.008
0.195
103.904
147.304
35.111
13.821
1.776
0.085
37.030
8.723
1.661
0.068
481.446
186.196
56.997
3.556
0.092
75.387
88.652
102.468
113.307
113.166
3.275
0.167
114.923
129.806
122.852
118.019
2.564
0.147
120.876
134.125
117.987
2.677
0.128
116.726
134.331
117.732
2.141
0.120
117.457
129.106
115.787
2.176
0.128
117.499
129.999
119.972
2.362
0.126
116.833
130.011
114.876
2.442
0.124
116.206
132.388
117.593
2.340
0.118
118.288
128.937
116.029
2.598
0.136
118.064
131.024
115.204
2.593
0.122
116.453
130.144
116.158
2.692
0.112
116.562
132.303
117.455
2.594
0.115
114.938
128.966
122.498
2.694
0.123
117.339
131.907
118.270
2.904
0.119
117.976
129.764
116.228
2.595
0.127
116.254
131.299
115.435
2.571
0.118
115.950
129.887
115.597
2.308
0.117
115.865
129.641
109.235
2.360
0.126
117.803
130.829
122.117
2.393
0.132
116.474
134.275
116.794
2.434
0.116
114.718
132.125
114.876
2.568
0.119
115.869
131.441
115.240
2.963
0.116
115.995
133.704
115.773
2.353
0.121
115.849
130.110
116.081
2.585
0.133
116.613
132.755
115.691
2.521
0.128
115.875
130.293
119.148
2.780
0.132
115.186
132.135
116.138
2.525
0.129
115.755
130.651
118.030
2.309
0.117
122.770
132.660
116.007
2.761
0.767
115.977
129.422
116.647
2.741
0.126
115.644
131.904
115.321
2.888
0.128
116.718
131.935
117.114
2.718
0.133
118.354
131.926
116.033
2.670
0.127
117.078
133.284
116.656
3.089
0.120
116.355
132.926
116.993
2.923
0.123
117.308
132.408
116.897
2.620
0.118
116.037
130.638
115.681
2.817
0.109
116.777
137.335
115.782
3.106
0.111
115.874
131.807
115.788
2.552
0.118
119.957
131.770
119.050
2.516
0.129
115.129
131.325
117.307
2.646
0.130
117.504
130.434
120.192
2.872
0.119
116.966
136.145
116.287
2.776
0.130
115.226
135.589
120.651
3.152
0.132
117.575
132.208
116.909
2.841
0.121
118.925
136.940
115.639
2.902
0.128
119.149
131.806
118.781
2.623
0.116
115.674
132.391
117.573
2.664
0.143
116.924
133.738
119.054
2.908
0.116
116.143
130.219
117.449
3.067
0.114
114.455
136.482
114.942
2.655
0.132
115.686
134.470
116.275
2.833
0.121
116.775
129.209
120.282
3.008
0.113
115.718
131.935
120.039
2.988
0.135
120.584
133.554
114.590
2.638
0.124
117.104
131.400
117.756
3.175
0.133
115.823
136.199
114.108
3.054
0.130
119.161
131.806
117.997
3.030
0.116
115.543
131.939
115.481
3.518
0.118
118.595
131.120
120.103
2.931
0.117
119.541
130.777
115.318
2.808
0.124
116.455
136.635
121.004
3.089
0.126
115.906
134.979
116.181
3.023
0.136
116.914
131.757
117.706
2.854
0.112
117.528
132.899
116.825
2.920
0.143
115.453
128.973
115.135
3.230
0.127
114.250
132.219
118.034
3.438
0.118
121.161
133.525
119.044
3.020
0.126
116.838
129.322
114.761
2.973
0.112
115.479
131.449
120.019
2.775
0.132
120.002
131.365
118.815
3.209
0.143
116.871
133.653
116.406
2.325
0.142
122.959
135.486
120.472
2.740
0.121
116.419
133.632
119.570
2.731
0.123
115.173
131.930
116.241
3.453
0.135
115.748
134.919
115.418
2.747
0.131
125.062
130.419
115.796
3.214
0.741
117.195
135.022
121.366
2.898
0.137
119.031
132.149
116.310
3.585
0.126
122.354
132.691
116.591
2.417
0.123
116.676
131.302
116.425
3.024
0.128
116.711
131.183
115.151
3.224
0.115
115.556
134.366
117.854
3.836
0.118
121.673
133.481
116.992
3.453
0.125
115.605
139.397
117.168
2.880
0.136
120.375
134.892
120.197
3.053
0.138
114.411
132.430
114.610
4.458
0.190
118.131
129.437
115.725
4.511
0.118
117.658
138.425
115.097
3.337
0.118
116.248
130.946
118.455
3.750
0.115
114.841
133.333
116.669
3.106
0.119
117.609
132.503
116.198
4.625
0.123
114.871
132.531
116.122
3.063
0.124
120.813
135.689
122.348
2.612
0.108
119.841
135.911
117.298
3.130
0.117
117.293
137.604
119.148
2.971
0.104
119.685
130.361
115.956
3.565
0.106
117.965
133.763
116.064
3.495
0.108
116.351
129.512
120.241
3.217
0.104
119.155
134.920
116.043
2.850
0.103
115.662
135.782
119.603
2.869
0.118
116.908
138.638
115.946
2.892
0.128
121.059
136.018
115.457
3.011
0.113
116.314
133.978
119.809
4.655
0.110
118.457
136.129
116.861
3.122
0.116
115.917
131.681
117.880
2.433
0.106
119.840
131.491
115.045
2.861
0.106
125.781
133.097
116.924
3.995
0.105
120.004
130.863
123.293
4.137
0.096
117.842
131.911
114.816
3.437
0.103
114.886
132.962
115.273
3.916
0.113
120.444
130.808
120.063
3.916
0.129
116.754
139.852
118.789
3.301
0.115
115.678
133.480
120.491
3.511
0.109
118.433
139.855
119.792
3.505
0.115
116.232
133.614
120.868
3.638
0.118
119.448
137.303
123.153
3.835
0.110
124.564
133.473
115.454
3.597
0.124
117.747
137.530
129.007
5.301
0.112
121.632
130.547
117.959
3.430
0.114
117.915
132.699
117.632
3.648
0.119
119.180
132.740
120.496
4.159
0.109
118.104
131.813
118.707
4.103
0.120
116.365
133.076
117.701
3.528
0.132
119.497
137.577
116.164
2.920
0.110
116.148
133.168
117.854
3.280
0.118
117.027
134.951
120.720
3.487
0.783
121.252
133.132
117.868
3.453
0.118
116.745
131.209
122.715
4.476
0.118
118.593
136.818
116.607
3.290
0.119
119.177
133.372
117.721
4.297
0.122
119.468
132.448
117.113
3.891
0.102
121.872
137.074
116.562
3.668
0.100
125.871
131.667
118.507
3.544
0.116
118.099
133.634
118.358
3.359
0.114
116.197
137.005
119.262
3.820
0.107
117.043
136.838
123.870
4.403
0.115
116.376
132.273
121.257
3.010
0.103
118.124
135.783
119.107
3.475
0.113
114.957
134.313
123.091
3.838
0.118
117.097
134.783
119.138
4.016
0.122
116.746
131.600
122.631
3.525
0.114
119.316
136.784
120.468
4.257
0.105
118.045
132.800
115.432
4.089
0.113
121.735
134.128
118.189
3.814
0.108
118.002
136.509
118.832
3.809
0.112
115.348
130.826
116.350
3.420
0.119
117.786
139.652
115.954
3.981
0.126
116.518
134.840
119.336
4.316
0.114
115.469
133.716
116.667
3.014
0.107
119.697
131.244
115.811
4.361
0.107
118.662
135.928
117.787
3.412
0.116
116.323
132.971
115.707
3.850
0.116
117.139
133.286
120.683
2.571
0.106
116.542
137.170
117.815
3.405
0.121
117.048
137.923
127.613
3.382
0.118
118.774
134.177
117.027
3.241
0.107
120.516
135.188
117.999
3.248
0.116
115.126
134.958
117.012
3.507
0.102
118.077
135.178
118.525
4.023
0.121
116.115
134.805
120.492
3.403
0.121
118.455
140.922
116.808
3.690
0.126
118.293
133.572
122.030
4.051
0.125
117.193
134.911
117.196
3.702
0.115
117.520
136.395
118.734
3.486
0.118
116.660
137.641
120.492
3.529
0.110
119.528
141.918
116.699
3.550
0.118
116.063
137.520
118.738
3.633
0.126
118.269
134.324
118.286
51.812
0.117
122.519
136.276
117.997
2.723
0.110
118.021
134.765
124.873
51.613
0.095
117.591
136.777
120.684
4.241
0.116
121.376
135.460
116.946
3.710
0.124
126.122
136.705
116.259
2.359
0.122
119.832
134.779
123.858
3.739
0.122
118.140
134.676
115.509
3.599
0.100
114.154
133.380
124.064
4.474
0.109
127.785
137.683
119.399
3.826
0.110
121.710
134.859
118.761
2.587
0.128
117.977
138.945
121.242
3.220
0.117
117.980
135.832
118.420
4.443
0.112
120.628
137.544
120.105
4.454
0.105
119.609
134.721
121.918
2.702
0.114
117.601
138.204
120.614
3.403
0.124
115.533
137.915
117.786
3.659
0.119
121.128
137.866
119.702
3.004
0.127
120.057
132.337
117.518
3.251
0.112
120.136
135.119
120.045
3.240
0.108
118.331
135.244
119.521
3.258
0.108
120.975
131.836
118.096
3.784
0.115
118.103
136.218
121.345
4.401
0.112
118.318
132.851
117.191
4.716
0.126
120.734
137.270
119.673
2.625
0.114
124.290
140.600
115.155
4.531
0.119
121.749
137.703
117.459
4.663
0.116
116.533
132.375
123.823
4.103
0.114
121.779
140.850
118.392
2.876
0.116
118.754
140.526
118.794
2.707
0.126
117.046
137.490
117.655
2.666
0.112
121.191
134.917
120.173
2.511
0.130
118.604
136.138
117.149
3.977
0.124
119.216
134.931
118.108
3.335
0.119
120.721
134.534
116.278
4.088
0.112
119.180
136.581
122.173
4.292
0.108
115.457
138.788
120.110
3.745
0.134
120.459
130.423
124.748
2.805
0.121
120.966
134.488
118.159
3.597
0.109
117.749
136.120
118.768
4.006
0.111
116.694
131.993
124.463
4.390
0.114
116.942
142.123
118.745
4.706
0.110
119.066
143.291
116.069
3.463
0.120
116.934
133.452
119.001
2.701
0.124
122.137
138.589
120.293
4.558
0.115
118.217
133.977
120.766
3.964
0.125
119.864
133.170
116.706
4.148
0.120
120.472
134.377
119.233
4.657
0.105
120.750
130.440
126.901
3.815
0.122
118.541
134.237
121.015
3.402
0.125
119.738
137.311
124.908
4.537
0.122
120.286
135.703
117.975
4.804
0.116
124.987
133.602
119.460
3.939
0.102
123.352
133.648
122.710
4.379
0.129
123.089
138.211
122.487
4.848
0.121
119.375
135.062
120.576
3.831
0.122
118.064
135.808
122.545
3.571
0.137
124.995
132.706
126.675
3.436
0.100
120.982
138.919
122.108
3.817
0.131
123.493
139.493
120.361
4.612
0.110
115.714
136.880
123.273
4.794
0.123
118.538
139.537
120.625
4.175
0.117
120.478
139.665
124.553
4.898
0.115
123.221
135.898
117.901
2.449
0.116
118.207
134.903
118.801
4.075
0.112
117.341
135.706
121.138
3.985
0.122
120.518
139.483
116.249
3.964
0.131
117.928
129.162
117.552
3.024
0.136
119.699
132.707
118.291
4.465
0.136
118.869
139.414
124.157
3.854
0.112
119.242
133.456
118.470
4.737
0.116
119.012
133.870
120.978
4.524
0.120
116.480
138.725
116.743
2.632
0.108
124.748
143.706
119.031
4.203
0.110
120.869
141.054
113.522
3.997
0.111
121.892
133.576
120.526
3.900
0.122
119.960
135.204
121.460
3.440
0.119
127.772
142.419
118.495
4.643
0.109
118.958
137.587
121.133
3.860
0.138
124.746
139.248
119.878
4.901
0.111
122.673
136.258
117.801
3.799
0.132
117.845
133.180
122.484
3.381
0.124
119.507
136.435
119.805
2.744
0.109
120.797
132.341
115.769
4.597
0.107
124.014
135.424
117.363
5.122
0.114
120.449
139.655
114.912
5.087
0.133
116.466
136.619
121.750
4.228
0.140
120.764
137.471
123.464
4.456
0.114
118.925
138.836
116.268
4.541
0.119
122.264
137.473
120.459
3.445
0.117
119.801
133.028
122.912
3.950
0.099
119.869
137.294
115.071
4.001
0.129
123.040
135.731
117.150
3.765
0.117
118.100
131.210
116.385
4.790
0.116
121.516
132.603
120.835
4.368
0.133
117.742
136.034
116.966
3.282
0.155
115.630
133.934
116.200
3.252
0.099
116.062
131.353
119.865
2.984
0.104
120.604
131.619
118.531
3.496
0.124
117.190
135.740
119.431
3.240
0.124
119.957
135.277
118.201
3.349
0.134
118.414
140.389
119.925
3.039
0.124
125.427
131.932
119.432
5.058
0.116
120.153
132.961
118.102
3.921
0.099
117.401
131.930
123.267
4.057
0.120
117.641
133.023
119.622
3.920
0.123
117.422
133.923
121.118
3.840
0.116
119.191
140.372
117.937
4.043
0.135
119.659
141.155
115.940
3.299
0.133
116.465
132.359
116.385
3.914
0.113
122.745
135.204
120.487
4.056
0.122
126.021
133.535
118.771
4.081
0.117
120.676
134.019
118.717
3.799
0.115
124.986
131.389
115.652
3.236
0.129
117.925
130.344
124.756
3.720
0.144
121.948
132.589
125.679
3.643
0.124
125.549
128.615
116.993
2.278
0.136
121.965
140.241
120.511
4.836
0.106
121.237
135.136
124.053
4.672
0.102
117.316
133.212
120.082
3.903
0.125
118.702
132.739
117.925
3.689
0.124
117.699
141.612
124.539
3.159
0.126
120.006
137.114
116.859
4.846
0.126
121.588
136.962
121.171
2.496
0.141
116.596
135.375
120.951
4.904
0.127
117.622
137.000
119.516
4.457
0.151
127.401
132.874
119.065
4.736
0.103
124.320
137.699
116.318
4.124
0.119
117.856
136.973
119.188
4.558
0.126
116.669
135.793
118.884
3.654
0.151
118.121
136.962
116.365
3.747
0.113
119.978
134.785
121.261
3.574
0.125
116.810
135.094
118.352
4.646
0.130
114.811
140.032
121.371
4.582
0.099
123.436
134.175
119.943
4.632
0.125
121.756
136.240
118.374
4.154
0.130
120.341
138.122
119.334
3.524
0.137
120.737
134.706
123.752
3.966
0.116
118.517
137.144
120.443
4.912
0.137
117.641
134.714
117.479
2.633
0.124
119.533
134.684
118.559
4.907
0.120
119.199
136.488
121.920
4.746
0.131
118.171
134.244
120.359
4.827
0.125
119.495
133.128
121.905
3.798
0.131
124.471
139.609
114.894
4.311
0.125
118.491
141.255
121.503
3.039
0.132
119.410
131.856
118.764
4.442
0.126
120.346
134.119
117.819
3.124
0.115
118.899
138.345
115.608
4.626
0.125
119.972
139.022
118.848
4.683
0.121
119.125
135.585
126.088
3.609
0.143
128.474
134.623
123.793
5.293
0.137
117.739
134.635
122.733
4.718
0.140
120.173
138.521
117.358
3.621
0.154
120.675
143.627
120.145
5.156
0.123
123.315
134.677
119.308
4.183
0.126
120.276
135.585
118.793
2.774
0.137
116.997
137.247
124.123
3.997
0.127
117.122
139.499
117.947
4.765
0.134
124.493
133.789
118.740
4.525
0.132
122.276
133.901
124.791
4.498
0.130
114.569
133.541
120.021
2.608
0.131
119.644
133.516
116.181
4.184
0.117
120.302
135.769
119.901
2.843
0.144
118.687
137.734
126.704
4.954
0.123
120.098
136.689
119.322
3.801
0.118
113.967
137.007
115.194
3.851
0.132
124.887
137.507
120.483
2.740
0.132
114.769
141.334
120.138
3.849
0.122
120.200
136.067
113.412
2.765
0.118
118.980
137.186
122.580
2.641
0.132
124.036
145.219
115.994
4.945
0.126
120.642
138.736
122.589
5.154
0.119
118.607
137.241
118.932
4.151
0.118
122.793
133.443
123.050
3.490
0.123
119.303
139.994
121.160
4.405
0.141
117.781
133.025
117.509
2.257
0.122
118.559
136.117
124.986
5.362
0.121
121.017
131.948
119.230
4.377
0.129
121.166
142.062
122.442
4.168
0.120
115.554
133.793
115.715
3.187
0.125
121.107
135.008
120.330
3.431
0.126
118.815
136.534
120.852
3.488
0.126
124.613
136.354
119.617
4.298
0.118
122.400
135.290
120.902
4.845
0.112
125.386
140.183
126.190
4.568
0.112
117.134
135.025
119.998
4.541
0.127
121.110
136.136
123.712
5.303
0.149
120.586
141.068
121.108
4.765
0.115
123.925
136.500
119.476
3.771
0.121
120.996
136.962
122.253
2.659
0.134
120.839
135.886
120.479
3.285
0.130
129.148
136.975
114.916
5.737
0.133
122.221
142.135
123.421
4.493
0.125
123.335
138.617
122.799
3.663
0.125
124.598
138.038
118.355
3.829
0.125
118.733
133.245
115.369
5.257
0.143
116.445
140.472
118.344
4.343
0.137
120.152
133.179
117.490
4.214
0.124
136.816
143.099
123.588
3.396
0.122
119.047
136.973
126.081
3.441
0.102
121.395
139.618
121.367
5.492
0.139
122.302
141.542
124.864
4.248
0.150
118.962
132.890
118.526
4.096
0.120
117.683
138.868
118.520
4.798
0.114
123.560
134.752
116.306
5.691
0.112
129.025
141.985
119.508
2.757
0.117
118.917
137.520
119.284
4.460
0.127
115.054
133.968
118.636
3.983
0.131
118.103
135.598
119.418
4.556
0.132
118.991
135.834
120.003
3.256
0.140
122.866
136.021
121.660
4.340
0.106
126.893
143.092
118.793
3.221
0.104
122.921
135.267
117.425
4.333
0.124
120.689
134.559
119.154
2.865
0.125
123.230
137.430
122.942
3.682
0.145
127.021
148.195
119.794
5.781
0.129
118.292
139.318
120.381
3.805
0.152
165.878
134.649
118.253
3.722
0.113
124.665
137.693
120.437
4.488
0.107
119.289
136.939
119.315
3.286
0.103
124.006
138.409
122.233
4.035
0.112
123.789
136.873
120.157
3.149
0.112
123.502
137.617
117.176
4.402
0.123
120.701
135.931
115.103
4.879
0.118
122.739
138.310
121.230
5.402
0.119
125.915
136.273
118.040
3.788
0.110
118.717
135.133
124.296
3.856
0.131
120.414
139.579
117.338
5.809
0.130
119.916
137.531
127.455
2.750
0.126
116.684
139.313
119.210
4.978
0.137
117.545
139.623
121.938
4.236
0.128
118.260
138.606
116.167
5.151
0.125
166.387
138.371
114.997
3.730
0.753
118.515
137.669
118.392
3.270
0.122
122.004
132.065
124.039
4.496
0.134
116.855
136.598
118.828
3.775
0.135
121.474
136.859
120.237
3.901
0.133
125.398
135.072
115.032
5.835
0.130
114.077
138.810
115.329
4.257
0.137
121.485
133.982
118.457
4.000
0.141
120.176
138.630
125.241
3.533
0.133
124.700
134.072
118.932
4.650
0.117
116.688
132.883
116.466
3.567
0.118
166.324
136.478
116.994
51.694
0.123
126.824
135.951
115.676
4.516
0.129
167.644
134.534
117.763
3.870
0.130
119.454
140.256
121.024
4.613
0.150
119.128
134.010
121.640
4.396
0.136
121.195
139.106
125.057
3.547
0.139
130.765
134.077
116.889
2.809
0.129
120.061
137.619
119.323
3.431
0.134
124.443
137.098
117.952
3.831
0.128
122.450
181.615
117.386
3.706
0.120
115.559
142.605
120.765
3.588
0.129
120.520
145.227
121.823
3.758
0.109
128.646
141.489
118.584
4.094
0.138
119.962
134.657
121.723
4.442
0.105
123.206
137.604
118.097
3.163
0.121
121.194
136.301
122.422
3.185
0.115
117.469
179.096
117.271
5.043
0.131
119.300
137.359
115.877
5.243
0.120
118.112
136.269
115.359
5.111
0.134
166.784
139.620
121.951
3.841
0.116
121.640
138.953
122.457
3.416
0.140
122.788
136.036
120.782
5.274
0.134
117.678
133.448
116.801
4.158
0.138
163.369
134.527
129.588
3.325
0.140
124.817
138.329
121.978
3.573
0.114
127.299
138.991
118.543
3.181
0.119
120.618
132.749
119.127
4.243
0.130
120.858
139.929
118.979
4.246
0.112
123.593
136.097
121.656
2.563
0.110
125.646
138.629
118.607
4.101
0.139
121.427
138.354
119.276
3.243
0.126
168.801
142.075
121.569
3.297
0.127
118.433
141.033
118.464
4.133
0.139
121.552
133.144
121.470
3.699
0.128
117.441
138.345
119.806
3.743
0.105
120.041
138.834
125.326
3.945
0.126
124.548
141.157
116.410
5.550
171.268
0.107
125.446
135.944
120.812
5.071
0.141
124.606
138.338
116.824
3.357
0.124
118.467
138.737
120.374
5.541
0.124
122.194
136.384
117.550
4.257
0.132
168.268
139.306
120.380
3.006
0.114
132.341
144.294
100.857
4.918
0.131
124.224
152.832
114.846
4.045
0.106
165.737
134.089
120.890
6.043
0.116
125.767
133.216
122.072
3.239
0.126
120.025
140.077
118.566
3.954
0.127
119.732
133.957
119.554
3.511
0.129
121.544
154.668
122.130
3.299
0.125
175.772
137.576
121.608
3.134
0.119
122.261
137.846
119.693
5.515
0.123
119.843
136.843
121.626
3.253
0.135
125.442
139.688
120.981
3.834
0.115
121.480
134.722
121.587
3.271
0.130
124.366
135.556
124.195
4.506
0.099
117.859
135.413
118.448
5.623
0.133
129.571
139.130
123.131
5.112
0.111
120.860
135.893
124.389
4.703
0.115
121.621
161.772
123.543
5.327
0.121
117.712
138.452
125.153
3.316
126.319
0.136
120.361
129.292
123.873
4.154
0.131
121.139
146.792
123.573
3.929
0.123
123.399
132.673
124.554
5.042
0.140
119.772
135.757
124.273
3.631
0.129
124.249
138.556
114.663
4.450
0.138
122.996
140.434
118.395
3.927
0.152
124.309
135.643
122.391
4.173
0.133
121.952
144.064
124.170
2.760
0.142
123.587
139.531
121.442
4.650
0.140
120.734
140.412
117.641
4.497
0.139
122.287
141.141
125.632
5.865
0.125
122.785
139.093
119.421
4.757
0.135
129.652
137.967
122.840
3.387
0.131
121.540
141.366
122.307
4.471
0.145
123.785
139.506
119.953
4.178
0.128
121.679
140.909
118.633
3.638
0.110
123.304
192.066
127.893
4.977
0.147
166.140
139.855
121.265
2.241
0.128
125.590
189.100
121.683
5.943
0.112
121.863
138.611
123.891
116.743
3.676
0.142
122.175
157.297
124.444
3.329
0.125
124.543
141.186
115.735
4.723
0.138
169.799
140.632
122.554
3.182
0.097
118.824
131.682
120.865
5.554
0.142
120.703
140.786
127.958
6.221
0.109
126.384
135.169
121.255
5.150
0.126
125.840
144.975
120.619
5.172
0.127
171.905
137.464
122.241
4.760
0.128
127.058
190.821
119.513
4.096
0.148
120.761
144.448
120.939
3.784
0.125
164.850
145.188
122.748
3.435
0.137
122.611
184.808
123.105
3.414
0.131
118.608
141.188
153.127
3.905
0.125
126.959
143.371
123.229
118.483
3.227
0.156
125.132
138.655
121.718
3.370
125.841
0.122
124.305
125.261
122.891
4.374
0.135
121.419
149.160
123.291
5.002
0.106
117.281
139.019
119.291
4.676
121.430
0.133
171.686
136.816
120.262
3.567
0.126
125.541
139.806
122.562
6.416
129.952
0.110
120.774
118.347
126.067
2.877
0.134
121.990
143.972
122.703
3.665
0.096
123.426
136.000
166.278
4.688
0.121
120.926
139.324
120.792
4.090
0.139
121.785
181.308
126.226
3.833
120.027
0.136
120.102
184.849
130.648
4.499
120.931
0.146
125.993
134.793
129.041
122.456
4.062
0.151
119.515
143.188
123.724
3.735
0.107
121.166
142.457
164.088
4.225
0.140
124.832
138.185
125.844
3.200
0.123
127.538
135.711
123.620
5.106
0.125
123.874
139.653
120.778
3.711
0.110
133.340
181.176
109.831
119.446
3.695
0.129
99.017
191.378
126.273
117.382
121.748
4.310
0.147
130.042
133.685
94.982
4.012
0.817
164.770
150.761
127.192
120.745
4.925
0.114
172.163
136.724
169.403
3.794
0.131
122.613
138.196
119.423
4.204
126.612
0.113
174.599
138.080
126.563
3.598
0.136
117.069
146.911
121.378
118.246
4.639
0.134
123.870
134.346
120.211
3.018
0.531
117.124
187.724
121.789
2.271
123.737
0.122
126.167
142.819
122.236
5.186
0.144
122.946
145.184
123.204
5.134
172.330
0.135
128.345
174.256
103.137
126.742
3.259
0.158
118.259
129.497
125.356
167.044
5.965
130.485
0.141
128.837
114.109
99.425
3.726
124.768
0.143
122.445
196.471
130.626
118.857
2.871
123.775
0.142
132.284
133.609
105.574
4.594
0.135
113.320
131.070
119.937
3.057
0.137
128.737
134.411
99.604
4.136
0.141
126.788
190.392
128.351
4.681
122.338
0.123
127.979
184.700
123.190
3.180
128.620
0.099
119.255
136.032
124.070
115.870
125.440
5.414
0.165
120.140
141.217
117.795
5.900
0.135
124.446
137.519
135.129
124.618
2.953
0.141
99.243
131.749
120.413
3.559
126.017
0.119
131.228
131.450
99.108
129.652
3.230
0.129
116.909
125.697
124.530
2.440
0.149
122.567
148.746
122.781
2.934
126.491
0.104
126.310
129.984
102.179
125.478
8.396
0.155
167.167
116.345
115.524
126.509
6.960
0.157
123.824
116.566
100.308
127.045
8.208
0.168
123.880
121.166
128.696
5.045
0.127
121.458
138.521
128.729
6.209
0.129
127.024
113.328
122.765
6.729
166.580
0.126
126.365
139.990
120.825
6.833
0.139
116.431
128.949
120.416
6.898
171.443
0.136
130.724
180.077
110.424
5.644
0.164
118.555
128.118
135.009
6.418
0.108
174.565
123.346
126.320
130.279
6.382
0.120
144.475
154.056
121.807
100.650
7.033
0.141
126.616
133.094
145.928
5.557
120.834
0.131
152.499
131.537
104.021
166.743
4.305
118.588
0.153
174.201
115.470
98.972
118.960
7.858
0.169
156.628
149.768
129.882
103.942
7.604
0.147
88.650
153.764
125.567
7.103
0.137
107.570
130.654
107.677
4.826
0.146
129.370
124.637
101.057
169.854
7.366
0.139
126.870
146.727
125.023
2.309
0.121
164.978
128.951
125.854
2.435
132.521
0.120
115.910
134.090
173.088
2.660
176.346
0.113
124.675
120.870
128.910
3.478
122.150
0.144
174.136
143.732
111.447
3.220
0.129
123.936
138.045
126.433
4.702
127.660
0.105
123.365
112.795
134.684
123.906
3.680
0.140
95.175
141.948
145.473
4.583
174.015
0.117
95.247
124.893
128.004
132.792
5.773
0.160
123.603
116.998
129.724
122.141
5.638
0.146
143.685
145.204
132.118
115.546
3.642
0.154
115.770
139.581
91.800
117.904
3.666
0.141
118.397
190.949
131.595
2.459
0.148
120.696
169.813
143.663
5.107
120.295
0.121
110.547
132.839
118.529
94.238
117.709
4.852
0.177
114.920
129.545
127.092
126.290
2.275
117.002
0.145
112.512
142.055
95.461
4.572
0.126
130.580
137.192
101.807
5.955
126.338
0.112
137.569
143.890
104.984
4.692
121.761
0.153
129.272
148.034
107.991
134.456
2.964
0.162
146.195
118.689
166.233
6.001
170.069
0.170
129.952
133.780
107.717
5.386
0.152
118.779
131.557
120.564
109.105
8.344
0.149
179.960
121.864
107.292
105.171
9.011
0.170
94.338
126.816
123.164
129.512
8.151
102.037
0.171
107.297
103.917
97.471
7.299
111.503
0.196
101.978
121.802
199.075
116.817
8.547
98.764
0.155
111.892
136.142
112.871
7.161
123.306
0.145
180.584
132.290
174.143
8.025
122.652
0.129
106.206
130.524
118.549
106.997
7.225
0.173
109.052
134.467
113.189
7.168
0.148
119.797
123.670
120.993
6.961
168.927
0.126
124.025
190.526
130.529
5.286
0.129
117.054
141.792
127.614
5.138
0.135
128.456
142.262
122.861
10.030
131.523
0.122
137.290
160.317
110.277
127.127
9.596
0.160
105.855
120.665
114.830
139.477
173.595
9.080
0.156
97.303
103.696
133.327
117.909
2.616
0.160
87.894
159.271
137.601
3.665
0.135
105.671
155.107
94.374
99.066
8.521
0.177
120.214
156.163
122.721
4.407
104.840
0.172
103.133
137.981
37.090
486.992
185.500
3.324
0.071
61.584
90.976
115.116
107.974
112.493
7.002
0.152
112.133
137.368
124.140
123.162
4.233
0.125
121.150
136.901
120.029
5.358
0.118
121.384
132.854
128.645
3.117
0.109
121.819
141.078
116.506
4.725
0.179
130.066
136.624
120.211
7.082
0.112
122.517
139.538
120.790
6.522
0.120
118.529
139.743
127.868
7.247
0.110
121.259
137.651
127.766
5.136
0.140
118.334
137.272
125.265
4.890
0.134
124.704
133.885
123.303
6.062
0.111
126.413
136.999
120.454
5.091
0.103
127.736
135.788
119.195
5.313
0.117
119.257
135.743
124.960
4.186
0.121
124.163
138.801
178.022
7.315
123.098
0.124
103.333
137.010
171.341
6.102
0.154
162.435
139.849
126.845
5.307
0.143
131.389
143.020
110.588
5.097
0.096
360.955
44.503
528.646
209.819
19.155
1.927
0.091
192.168
35.268
12.110
1.645
0.056
195.984
313.406
109.991
172.051
1.744
0.791
102.243
243.103
51.160
27.934
39.348
49.530
64.999
60.984
2.628
0.141
55.275
85.174
90.977
