5.466
3.389
0.826
0.010
64.882
80.108
72.409
73.244
75.445
77.349
67.343
45.752
54.727
68.564
61.707
62.172
68.635
72.397
81.135
29.098
24.778
39.066
35.172
194.633
144.312
142.082
161.745
51.470
40.740
55.061
56.790
62.947
66.193
77.383
76.251
85.624
88.469
95.844
94.140
100.243
101.948
5.600
0.263
97.651
113.232
110.046
125.640
105.474
95.254
128.726
129.734
114.873
111.769
162.207
114.472
114.282
107.727
85.376
7.405
107.768
0.374
89.509
94.199
166.916
130.439
137.198
122.518
92.092
88.520
120.710
113.340
135.877
4.162
90.103
0.313
85.912
86.356
125.171
175.211
121.674
4.852
0.174
119.826
191.406
131.543
113.253
131.724
3.220
106.793
0.200
117.828
123.419
169.659
156.853
5.618
137.532
0.199
95.474
123.709
134.702
124.155
3.694
107.547
0.200
40.523
14.317
1.705
0.086
476.319
200.984
60.490
8.737
0.112
80.506
94.063
99.994
112.830
120.407
116.462
8.525
0.206
123.414
140.745
126.461
121.697
6.309
0.185
121.537
145.630
126.337
7.059
0.145
126.180
181.255
122.000
5.861
0.136
125.385
143.136
124.066
5.489
0.155
121.421
147.891
123.838
5.081
0.132
129.114
147.919
172.849
7.008
0.134
126.958
156.820
124.658
3.012
0.165
126.976
194.504
119.402
10.246
133.098
0.140
121.853
164.591
135.695
5.089
129.555
0.169
103.127
35.526
14.024
1.679
0.071
35.842
13.906
1.659
0.066
484.307
180.310
54.655
3.726
0.104
73.333
85.517
94.889
106.982
113.741
116.259
3.336
0.201
116.689
131.689
136.445
117.515
2.733
0.152
117.920
136.439
116.431
2.571
0.124
124.197
128.793
115.962
1.958
0.123
117.427
132.604
116.155
2.110
0.124
117.203
132.250
117.276
2.079
0.122
117.228
131.470
116.276
2.085
0.127
117.423
130.568
116.909
2.133
0.125
120.359
132.231
115.486
2.183
0.128
118.071
131.600
115.505
2.128
0.117
116.469
129.071
118.094
2.464
0.121
119.492
132.284
117.579
2.382
0.131
117.249
130.435
116.944
2.523
0.130
116.058
132.311
118.848
2.217
0.131
117.405
132.153
117.690
2.328
0.130
117.030
134.665
116.308
2.168
0.121
115.863
128.776
116.540
2.239
0.138
119.681
132.087
121.043
2.324
0.116
117.999
135.191
118.710
2.524
0.113
116.159
129.931
115.970
2.250
0.120
118.661
134.712
116.967
2.225
0.123
118.546
134.739
119.262
2.392
0.118
116.116
133.800
115.263
2.571
0.115
116.968
131.219
116.575
2.297
0.121
115.904
132.379
117.731
2.662
0.127
118.893
129.608
116.763
2.398
0.129
116.931
135.120
114.885
2.290
0.168
116.038
132.022
117.104
2.564
0.137
116.392
132.116
115.343
2.182
0.150
120.627
133.643
116.850
2.447
0.151
115.897
131.473
115.842
2.586
0.121
120.952
136.599
116.976
2.407
0.131
115.263
131.106
117.983
2.654
0.128
115.557
132.241
116.823
2.611
0.135
117.025
133.584
116.227
2.547
0.143
116.530
130.270
117.662
2.488
0.122
117.615
133.309
117.954
2.693
0.127
117.258
134.950
116.969
2.929
0.124
117.854
130.430
114.389
2.808
0.115
116.529
133.504
117.401
2.615
0.135
119.107
136.448
114.797
2.674
0.144
116.345
133.439
120.649
2.514
0.135
116.181
129.816
117.369
2.401
0.126
117.825
134.551
118.237
2.545
0.123
117.238
133.986
116.728
2.498
0.123
117.549
133.170
116.176
2.224
0.121
115.893
130.406
115.395
2.418
0.125
118.618
135.597
115.134
2.641
0.130
119.135
130.596
115.434
2.608
0.154
116.908
135.564
117.991
2.999
0.139
116.586
135.862
118.295
2.921
0.115
115.320
132.208
119.843
2.728
0.117
117.019
134.720
118.982
2.374
0.138
119.917
133.235
116.284
2.989
0.130
116.025
135.679
118.065
2.278
0.124
119.695
132.665
118.301
2.384
0.122
116.435
134.731
118.049
2.731
0.120
120.238
131.406
116.395
3.112
0.148
120.205
132.162
116.893
2.509
0.126
119.031
136.309
120.351
2.826
0.126
118.511
136.018
114.347
2.227
0.125
121.861
133.979
115.176
2.872
0.126
116.673
131.781
121.084
2.356
0.123
116.811
134.828
118.514
2.745
0.139
120.925
135.387
118.065
2.932
0.120
119.900
133.422
116.472
3.073
0.129
117.497
140.278
115.449
2.598
0.127
115.202
131.102
122.578
2.673
0.143
121.759
129.942
116.319
2.405
0.129
119.038
133.769
120.055
2.650
0.133
119.146
137.788
115.705
2.697
0.137
117.889
139.122
115.565
2.538
0.124
116.718
134.644
118.945
2.570
0.143
115.740
135.710
115.243
2.760
0.123
117.071
132.370
116.893
2.958
0.141
115.883
136.025
115.021
2.963
0.127
115.349
140.183
119.511
3.148
0.127
116.817
132.773
117.083
3.108
0.126
118.563
132.437
120.823
2.237
0.126
117.998
131.155
113.326
2.735
0.138
118.291
138.300
116.897
2.429
0.124
116.614
130.420
116.427
3.369
0.135
115.778
131.279
116.456
3.306
0.126
118.894
130.891
118.078
2.786
0.136
117.065
135.724
114.593
2.850
0.123
116.708
133.297
119.950
3.815
0.133
115.465
131.651
117.871
3.014
0.137
118.687
138.111
117.343
3.106
0.121
116.238
132.772
118.836
4.522
0.132
120.473
131.318
115.940
3.354
0.126
123.319
135.235
121.284
3.214
0.136
115.733
133.450
113.356
3.064
0.120
121.824
135.383
121.046
4.044
0.101
115.744
133.406
114.441
3.014
0.126
118.734
132.624
116.369
2.336
0.124
117.171
134.418
118.065
2.916
0.118
117.009
133.798
116.017
3.046
0.105
122.956
141.201
116.493
2.270
0.111
117.699
131.625
116.594
2.403
0.104
114.953
136.972
121.786
2.712
0.105
117.427
136.045
116.020
2.893
0.119
115.406
134.492
123.464
4.009
0.108
115.338
131.087
115.112
3.410
0.128
115.123
134.557
121.555
3.178
0.111
118.129
134.148
116.385
3.115
0.105
120.064
132.784
120.152
2.714
0.109
118.327
135.205
116.574
3.128
0.120
117.469
136.062
117.027
3.331
0.118
121.662
131.153
117.386
2.810
0.108
115.435
135.231
120.804
3.196
0.116
122.228
134.805
118.347
2.391
0.103
116.570
134.641
116.813
2.923
0.120
120.787
132.129
115.822
2.764
0.111
121.110
132.617
116.069
3.532
0.106
117.211
134.511
121.793
3.102
0.104
114.847
138.868
118.189
2.782
0.105
121.765
132.369
115.904
2.431
0.111
116.156
135.045
118.102
2.408
0.109
115.406
133.260
115.173
3.439
0.123
117.687
136.294
116.377
4.615
0.115
116.554
134.151
117.934
3.358
0.103
119.271
144.497
117.067
3.531
0.106
119.326
131.784
116.060
2.871
0.116
117.767
135.914
117.739
3.100
0.121
120.218
130.950
118.613
3.940
0.102
115.562
133.064
116.456
3.429
0.115
116.873
133.935
115.153
3.035
0.103
117.561
135.773
113.401
3.298
0.126
119.183
138.170
116.998
3.466
0.105
120.214
131.422
121.326
2.974
0.118
117.985
132.514
118.564
2.187
0.117
116.240
131.099
114.394
2.866
0.104
115.743
137.761
115.472
3.394
0.116
116.679
134.185
115.969
2.623
0.116
117.238
133.399
114.779
3.664
0.125
122.248
136.425
116.847
3.260
0.113
118.615
132.004
116.546
2.348
0.106
121.670
131.285
115.375
2.916
0.110
115.464
137.245
115.994
2.966
0.117
119.217
133.852
120.089
2.695
0.102
116.280
140.116
116.118
3.730
0.122
116.741
131.215
122.491
3.190
0.114
115.233
131.451
119.004
2.942
0.115
120.539
132.952
117.618
3.153
0.128
123.195
132.192
121.029
3.320
0.116
115.735
131.217
119.760
2.111
0.116
116.522
132.749
116.836
2.830
0.107
119.238
134.154
113.903
2.738
0.126
120.153
132.700
118.599
2.580
0.118
120.042
132.980
117.352
3.423
0.109
118.728
133.633
118.758
2.910
0.118
117.187
131.201
115.618
3.566
0.119
118.867
137.978
120.222
3.804
0.116
119.595
137.367
115.751
2.737
0.112
117.304
137.230
117.750
3.377
0.115
117.038
134.108
118.161
3.583
0.117
120.885
132.993
114.665
3.516
0.122
117.705
133.364
117.003
3.021
0.120
117.050
134.709
121.635
3.830
0.115
120.285
136.711
121.396
3.515
0.124
121.393
130.019
119.612
2.755
0.129
116.820
133.200
124.962
3.168
0.114
117.112
137.408
122.023
2.571
0.122
118.184
131.926
115.788
3.748
0.101
127.137
129.845
122.804
3.128
0.116
118.135
133.579
116.881
3.305
0.122
120.385
138.328
116.611
3.726
0.116
117.267
133.201
117.174
3.393
0.116
119.288
135.916
119.732
3.064
0.111
129.049
133.981
118.242
3.010
0.115
121.901
133.044
118.082
3.397
0.104
116.663
133.052
116.144
2.900
0.125
121.384
133.038
117.751
2.869
0.135
114.906
135.405
115.399
2.962
0.112
116.075
132.311
114.711
2.965
0.107
114.545
134.625
122.314
2.495
0.125
116.657
131.872
118.138
3.978
0.115
120.318
132.212
115.184
2.729
0.110
116.368
131.032
118.547
2.473
0.109
122.162
134.751
119.115
3.521
0.126
115.401
134.403
116.971
4.786
0.104
116.200
134.092
116.316
3.163
0.112
116.646
140.145
116.971
3.536
0.103
115.837
134.482
115.594
4.253
0.110
115.621
132.262
119.620
2.049
0.122
115.601
131.902
116.160
3.349
0.114
115.297
130.356
118.449
2.532
0.108
119.426
132.384
114.865
2.532
0.109
114.151
141.097
120.442
3.925
0.126
118.904
132.596
115.704
2.900
0.114
116.483
131.055
117.164
2.851
0.116
123.482
132.788
116.337
2.390
0.125
116.278
137.133
122.375
3.793
0.112
117.629
133.050
114.115
3.025
0.117
120.699
131.859
118.847
2.353
0.122
117.141
140.281
124.819
2.616
0.130
120.589
137.309
121.317
3.599
0.108
117.937
141.024
124.762
2.960
0.117
113.810
137.888
118.459
4.017
0.118
120.683
133.495
118.888
2.643
0.133
116.188
137.091
124.302
2.754
0.115
121.482
131.768
115.977
2.896
0.142
121.490
134.225
116.578
2.600
0.131
119.911
137.407
119.402
2.770
0.132
115.153
136.327
115.633
2.637
0.106
125.743
133.862
122.824
3.684
0.110
121.987
135.517
116.315
2.257
0.135
116.669
134.476
118.919
3.247
0.107
118.008
135.265
116.869
4.150
0.109
119.821
135.486
117.415
3.955
0.116
122.644
136.983
123.743
3.090
0.119
122.425
134.736
114.768
2.863
0.123
118.994
135.964
119.702
3.693
0.124
117.471
134.544
113.586
2.559
0.113
122.122
131.542
119.738
3.489
0.120
117.760
136.145
116.394
3.141
0.105
118.453
133.873
117.410
3.385
0.115
118.509
136.172
114.296
4.357
0.103
120.660
140.720
119.720
2.490
0.125
118.669
136.242
122.219
4.654
0.114
122.867
135.051
116.988
3.387
0.111
117.397
138.150
119.691
3.224
0.122
114.923
139.878
114.574
2.199
0.108
117.364
131.025
116.432
3.879
0.115
117.537
136.038
123.966
2.661
0.121
120.481
133.417
116.674
4.582
0.115
124.545
133.939
115.479
3.662
0.102
123.926
138.345
121.712
3.069
0.113
118.632
133.723
118.391
3.839
0.139
116.083
134.439
122.633
2.385
0.100
118.545
134.823
117.216
3.345
0.123
121.866
132.364
122.498
3.122
0.118
119.695
138.708
116.560
2.042
0.113
115.869
135.424
120.534
4.049
0.139
120.422
132.524
116.614
3.435
0.139
125.018
131.168
116.280
3.163
0.151
120.512
139.337
121.345
3.375
0.105
118.209
137.236
116.632
3.501
0.109
118.353
138.830
117.642
3.525
0.159
119.350
133.123
116.934
3.225
0.102
117.418
137.282
120.498
2.767
0.103
119.958
132.708
119.272
3.440
0.113
115.850
141.777
120.226
4.459
0.119
119.903
137.921
117.685
3.746
0.122
122.330
132.349
117.180
3.150
0.121
117.237
134.414
122.104
3.396
0.113
115.516
131.937
114.736
2.619
0.137
121.443
136.327
117.009
3.249
0.129
120.856
130.557
125.428
3.795
0.111
115.820
132.149
117.038
4.304
0.126
120.366
131.571
120.525
2.838
0.122
114.917
141.433
114.988
3.883
0.102
118.698
133.815
126.641
2.107
0.130
119.376
141.401
115.951
2.897
0.126
117.705
138.480
121.738
2.776
0.120
115.001
132.613
114.478
3.490
0.116
118.869
138.659
117.071
3.013
0.123
123.900
134.965
119.200
2.769
0.139
117.951
130.902
113.604
4.133
0.117
119.439
136.883
117.517
4.057
0.091
119.184
136.799
120.464
3.203
0.123
117.530
131.926
118.300
2.871
0.126
116.515
139.157
118.768
2.079
0.122
119.709
135.590
118.376
2.557
0.127
118.252
135.689
119.450
2.842
0.111
121.004
129.713
115.189
3.353
0.147
123.127
138.667
117.844
3.465
0.114
119.893
134.706
117.181
4.377
0.107
116.684
138.705
122.403
3.745
0.118
116.525
138.293
117.908
3.218
0.138
116.156
135.216
117.268
3.426
0.124
119.836
142.135
115.206
2.968
0.129
116.908
131.067
116.746
2.813
0.665
120.239
132.341
122.588
3.966
0.106
119.838
138.971
116.232
3.377
0.125
122.490
134.070
121.181
3.008
0.114
120.077
129.881
122.406
3.929
0.116
122.178
133.754
124.585
4.151
0.126
126.819
128.717
122.596
3.160
0.129
120.259
132.013
116.510
2.724
0.135
118.509
131.365
120.071
2.559
0.135
120.115
133.508
117.820
3.796
0.104
120.391
133.286
118.609
2.679
0.119
123.941
132.904
122.348
3.178
0.122
125.755
138.166
114.663
3.116
0.116
116.219
142.444
121.790
3.012
0.110
116.712
137.401
121.576
3.119
0.130
115.912
134.031
119.247
3.561
0.112
124.781
138.861
120.036
2.367
0.115
118.480
134.889
117.867
2.666
0.120
113.604
138.194
118.032
1.992
0.127
117.494
134.585
116.791
3.071
0.110
119.631
135.520
118.907
4.235
0.121
123.092
134.023
117.638
2.722
0.166
121.422
138.427
114.223
3.079
0.126
121.709
140.693
124.021
4.485
0.124
120.913
132.772
121.936
2.742
0.137
125.635
138.222
118.177
2.777
0.142
117.623
136.896
113.574
4.712
0.118
123.239
136.171
120.636
3.846
0.119
121.884
135.622
120.035
3.320
0.113
115.112
132.712
115.593
4.614
0.105
118.895
132.223
118.202
2.850
0.116
117.830
138.946
114.745
4.627
0.136
121.300
138.804
120.849
3.602
0.124
129.030
133.873
117.745
3.125
0.132
119.157
137.305
114.066
4.261
0.119
116.023
138.447
116.780
2.346
0.117
118.263
128.883
121.634
3.543
0.102
120.813
139.137
122.639
3.613
0.147
118.568
131.523
118.515
4.495
0.126
121.745
139.162
119.420
3.066
0.132
123.013
136.050
119.534
4.463
0.121
115.661
135.245
127.039
3.987
0.129
118.864
137.747
121.026
4.280
0.119
116.236
136.067
122.211
4.444
0.116
116.405
133.008
124.733
2.512
0.102
118.917
134.341
118.406
3.748
0.160
114.719
139.881
116.711
2.471
0.114
120.105
137.153
120.774
5.000
0.131
120.223
134.365
122.946
3.746
0.126
121.464
136.778
120.354
3.402
0.129
117.005
144.433
117.363
4.033
0.128
129.074
140.370
120.545
2.788
0.133
118.219
135.360
117.016
3.063
0.114
120.584
137.894
122.674
3.122
0.138
118.987
135.496
117.022
4.474
0.130
121.259
138.731
119.961
2.745
0.138
120.586
148.637
120.190
4.349
0.117
121.008
137.406
116.257
2.741
0.130
120.715
139.260
117.258
4.254
0.127
123.509
139.640
118.060
4.293
0.131
120.957
139.068
117.736
3.167
0.127
120.669
132.175
119.794
1.871
0.108
122.895
145.545
120.024
4.608
0.107
155.418
137.091
116.727
2.344
0.142
116.411
134.613
116.383
3.968
0.128
119.609
132.620
113.230
4.575
0.108
124.905
137.075
121.246
4.055
0.136
142.491
136.759
119.716
4.922
0.126
121.381
132.312
115.767
2.988
0.151
116.899
136.116
120.128
4.290
0.137
119.263
146.110
123.125
3.604
0.152
120.825
137.743
116.613
3.493
0.134
122.092
135.033
119.687
3.119
0.117
123.585
140.183
123.227
3.258
0.149
118.927
138.262
116.178
2.792
0.151
119.434
132.161
120.344
2.312
0.148
115.125
140.500
115.909
4.436
0.132
122.347
134.469
116.845
3.963
0.131
118.475
138.656
116.830
2.304
0.125
117.879
133.888
115.116
4.085
0.133
120.289
135.938
124.338
3.077
0.107
120.988
136.167
120.763
4.359
0.132
118.613
136.212
115.996
3.186
0.128
118.725
143.387
117.342
3.749
0.110
117.484
141.479
121.575
3.782
0.120
130.045
130.749
127.356
5.521
0.138
116.771
136.483
125.242
3.760
0.115
122.724
133.778
116.987
4.972
0.132
175.636
144.698
120.082
4.858
0.102
114.050
131.388
116.097
2.430
0.138
118.082
136.575
124.381
3.458
0.112
124.505
136.068
122.103
4.576
0.132
119.507
134.674
120.236
3.274
0.788
117.095
132.172
124.406
2.660
0.109
124.513
134.216
122.078
3.397
0.116
119.928
137.531
125.664
2.731
0.111
122.153
134.473
119.555
2.346
0.117
117.311
140.117
125.538
3.667
0.140
167.042
140.534
126.989
3.349
0.134
119.758
140.443
114.793
4.349
0.129
127.124
134.408
117.667
4.239
0.130
122.531
137.838
118.487
1.775
0.134
124.737
139.552
122.772
3.149
0.144
120.757
140.204
119.899
4.405
0.122
120.136
136.387
119.669
3.000
116.659
0.134
121.229
132.291
119.328
3.719
0.135
119.069
137.203
119.702
4.702
0.122
117.029
139.820
121.965
4.135
0.135
128.960
136.556
119.809
3.389
0.139
123.631
137.765
117.893
2.917
0.123
118.971
135.494
119.549
4.305
0.145
120.478
137.729
117.285
3.751
0.111
170.418
136.149
118.553
3.847
0.126
178.317
136.323
96.962
2.300
0.153
117.046
147.711
116.489
3.807
0.131
125.987
128.943
116.293
2.711
0.139
117.111
131.604
115.856
2.926
0.125
123.929
132.085
116.282
3.684
0.137
117.553
135.285
117.642
3.156
0.121
117.718
134.263
116.098
2.552
0.130
119.894
134.067
118.183
3.245
0.133
119.834
132.896
114.267
3.052
0.130
114.925
130.677
115.534
2.265
0.123
121.645
133.582
123.465
2.685
0.141
119.688
140.336
125.443
2.637
0.119
115.365
129.827
114.417
3.550
0.126
119.343
132.350
116.072
2.215
0.136
116.555
132.088
115.984
2.909
0.131
116.120
134.109
118.490
2.235
0.104
125.516
128.951
116.160
2.414
0.129
117.236
140.694
124.973
3.333
0.126
117.997
134.485
122.483
2.477
0.106
119.567
138.630
122.320
2.163
0.122
125.231
140.973
132.886
3.191
0.133
125.739
110.034
115.896
2.449
0.139
121.571
141.273
122.025
3.075
0.128
124.194
130.935
116.185
3.813
0.133
119.919
190.076
122.393
2.758
0.125
172.432
138.198
119.451
3.626
0.125
168.769
138.180
120.475
2.159
0.113
174.035
136.545
119.999
2.699
0.134
119.020
137.007
119.276
2.459
0.134
120.250
137.039
121.686
2.843
0.124
123.844
132.265
115.811
3.372
0.136
119.442
134.675
120.388
2.299
0.124
122.630
136.110
124.951
2.507
0.142
125.535
135.337
116.936
2.968
0.137
122.112
132.950
114.983
2.633
0.138
120.830
134.121
116.158
2.782
0.125
125.638
134.853
120.287
1.946
0.135
118.253
133.733
126.845
2.528
0.108
169.494
138.057
118.924
1.933
0.134
120.484
132.304
117.476
3.524
0.136
115.946
133.893
123.257
3.660
0.122
117.830
134.058
127.904
2.229
0.126
124.883
133.416
121.204
2.562
0.128
123.767
142.793
118.091
2.242
0.130
120.803
132.697
124.642
2.361
0.120
125.496
134.015
121.022
2.746
0.139
120.008
138.452
120.769
3.978
0.122
125.850
137.197
115.810
2.640
0.112
119.202
133.339
119.371
2.006
0.122
120.594
136.543
127.545
2.496
0.120
166.878
132.145
123.915
2.716
0.147
121.189
135.513
115.603
2.086
0.137
115.953
132.030
118.836
3.601
0.131
116.227
135.690
123.256
2.676
0.112
122.971
142.329
117.578
2.415
0.119
119.200
139.694
121.525
2.426
0.119
120.381
128.481
115.752
2.105
0.123
119.408
146.222
120.398
3.624
0.129
168.980
134.429
121.024
2.682
118.996
0.121
126.156
133.966
121.108
3.376
0.153
124.562
138.224
122.981
2.951
0.135
167.559
132.810
120.523
1.816
0.124
122.490
132.727
125.262
2.831
0.117
121.184
136.543
118.540
3.375
0.124
121.298
136.619
117.129
2.808
0.123
125.010
136.636
115.966
3.416
0.130
120.846
168.461
119.972
3.201
0.135
167.962
136.250
116.113
3.050
0.144
123.092
135.486
115.208
3.022
0.130
119.026
188.026
118.968
2.031
167.561
0.099
121.208
133.770
117.593
2.567
0.145
122.133
141.037
120.569
2.035
0.135
168.899
136.989
122.194
3.834
0.131
123.914
138.470
115.670
2.643
0.130
119.795
134.935
122.261
2.157
0.132
123.250
134.329
120.433
2.345
0.118
121.970
130.867
123.327
2.002
0.140
119.321
141.235
117.193
2.485
0.139
165.964
133.424
128.403
2.098
0.132
115.718
132.985
125.191
3.539
120.070
0.130
124.227
129.872
122.745
2.446
0.138
120.024
161.198
121.186
2.105
0.107
173.207
140.033
105.620
2.449
0.108
121.544
148.269
134.123
4.588
0.128
114.605
129.851
116.752
3.587
0.118
117.790
130.123
116.704
2.137
0.143
124.512
138.377
119.421
3.855
0.130
123.462
136.763
115.638
2.955
0.132
118.124
138.277
119.164
1.939
0.135
125.515
132.574
116.084
3.440
0.140
120.560
133.000
128.668
3.523
0.105
117.597
139.709
120.497
2.551
0.142
166.837
135.988
122.640
2.084
0.116
121.004
170.155
121.196
2.725
0.120
122.582
140.437
120.593
2.432
0.106
126.119
139.053
120.168
3.544
118.678
0.117
122.190
130.599
118.956
3.204
0.146
126.933
136.177
97.750
2.948
0.133
120.880
148.029
120.144
2.445
0.112
123.290
133.042
125.345
2.191
0.141
127.117
134.515
118.169
2.908
0.138
167.277
136.074
119.921
2.301
0.134
126.237
137.364
122.840
2.277
0.128
175.426
134.188
93.738
4.296
0.140
120.685
151.443
123.678
3.492
0.128
124.464
126.913
121.598
1.959
0.129
124.214
187.938
125.111
3.084
0.111
120.816
134.656
117.194
3.526
0.173
125.835
196.440
122.153
2.231
0.138
101.762
133.254
128.669
119.553
4.029
0.132
119.334
142.809
167.090
3.484
0.135
119.720
134.239
117.488
2.617
0.135
126.948
131.715
122.049
1.934
0.137
171.642
138.230
117.101
3.493
0.133
121.150
138.292
123.248
2.018
0.134
121.743
137.158
118.425
2.329
0.113
123.450
136.533
118.013
2.956
0.128
126.156
137.977
120.029
3.873
0.119
117.463
135.183
123.186
2.535
0.130
126.038
136.657
115.518
2.338
117.431
0.126
178.147
131.775
97.331
3.216
0.140
119.131
153.909
117.565
2.969
0.125
120.769
135.406
119.608
2.024
0.119
120.057
142.772
121.558
2.693
0.138
125.695
185.253
120.599
4.126
118.489
0.133
126.696
178.636
121.909
2.108
0.135
125.382
134.996
179.957
122.882
2.549
0.125
168.574
131.409
182.924
121.624
2.995
0.146
149.599
138.124
130.474
117.709
4.163
0.156
120.150
144.525
123.831
2.027
0.120
124.525
186.684
128.220
2.977
0.145
124.217
130.817
129.752
117.433
2.114
0.164
126.782
201.305
124.391
97.494
4.703
0.161
119.654
135.006
134.266
121.752
3.397
0.134
119.842
136.091
120.169
2.304
0.124
120.194
187.306
123.083
2.530
0.103
119.706
132.179
173.269
2.151
0.117
123.377
146.624
117.724
3.288
0.132
127.780
146.209
117.969
2.584
127.862
0.113
120.140
125.160
123.070
2.828
0.140
176.823
136.327
124.077
3.943
0.137
120.623
190.367
123.995
2.104
0.105
123.073
134.239
185.769
119.111
4.030
96.626
0.132
116.847
143.317
124.870
114.846
2.986
0.158
119.711
141.953
114.830
2.672
0.384
117.222
136.184
121.317
2.079
0.149
169.752
133.015
121.872
2.062
0.102
127.054
137.028
99.621
2.592
0.153
139.711
204.682
105.450
3.268
0.145
168.802
145.610
122.529
118.421
116.053
3.383
0.125
119.475
188.411
122.514
2.344
129.336
0.131
117.501
113.241
120.522
3.590
121.059
0.144
126.876
134.283
112.436
120.211
2.205
0.180
101.836
146.373
118.445
2.280
0.130
164.986
134.924
117.687
2.367
123.219
0.098
169.357
142.610
125.968
133.391
4.068
0.128
163.486
111.120
163.363
2.246
0.151
118.301
153.291
129.274
123.277
3.054
0.108
133.377
126.729
100.884
4.316
0.146
127.971
197.039
103.887
2.165
124.488
0.141
108.861
138.465
110.513
2.617
0.138
113.986
113.193
124.367
2.257
0.149
126.017
147.166
171.721
2.015
0.129
169.052
136.020
123.475
2.101
126.662
0.115
173.317
105.316
130.012
4.590
0.141
120.101
126.294
125.587
125.575
2.642
0.129
161.184
137.511
124.786
3.509
0.144
121.341
111.674
127.607
3.110
0.111
123.634
151.205
119.266
2.374
0.109
103.638
147.788
122.857
2.085
101.872
0.125
129.617
129.192
97.507
2.242
173.349
0.100
121.260
166.867
126.160
5.617
0.505
123.739
116.048
125.484
2.187
0.122
122.529
155.959
127.488
105.957
1.987
0.124
175.623
140.841
165.625
149.732
6.397
0.149
122.101
163.877
98.567
2.140
0.156
125.556
128.234
114.838
124.633
2.264
124.352
0.159
129.640
138.868
107.508
122.114
122.613
5.199
0.164
120.362
136.944
121.712
2.172
0.130
127.384
184.925
116.746
2.842
125.704
0.117
122.925
104.432
126.700
2.573
0.152
125.979
126.151
119.120
3.335
0.131
119.986
143.113
120.850
4.253
104.721
0.123
129.327
111.189
100.707
124.207
2.066
0.148
119.242
123.848
121.353
119.127
2.761
0.136
124.875
126.917
104.972
116.240
2.821
0.154
99.350
145.187
119.342
2.652
0.150
119.563
137.740
117.705
3.934
0.123
120.108
194.975
122.500
102.347
4.966
0.146
126.065
135.297
123.635
5.193
126.044
0.154
167.726
133.192
121.648
2.023
0.141
121.046
212.654
115.388
105.182
2.164
0.133
119.586
119.402
111.124
131.934
2.808
0.132
120.213
118.630
114.011
3.037
0.151
119.318
199.201
121.846
3.981
0.117
167.772
133.265
123.155
126.005
3.040
0.136
168.247
143.704
164.653
3.579
0.116
125.860
138.242
130.346
2.223
122.106
0.123
174.810
131.307
123.759
2.578
0.142
126.087
142.827
125.562
2.782
120.801
0.140
126.104
136.960
122.945
120.432
2.352
0.144
121.656
136.276
176.224
2.774
0.149
123.313
123.612
123.376
4.237
0.137
121.157
148.844
121.856
44.873
486.950
194.865
3.008
0.076
58.943
91.647
103.892
4.471
0.131
78.455
131.358
120.093
5.700
0.124
120.339
147.363
122.017
3.947
0.117
122.711
132.351
119.767
5.484
0.124
118.821
140.398
118.577
6.640
0.112
117.769
137.674
117.416
6.833
0.111
125.657
135.974
119.697
5.015
0.126
120.118
139.921
122.797
6.788
0.134
131.013
138.358
116.558
4.921
0.126
122.164
140.541
121.427
6.722
0.123
117.416
134.001
119.844
5.899
0.140
122.730
159.820
121.521
6.740
0.138
127.827
139.214
121.438
5.417
0.117
121.734
141.671
126.729
9.892
0.124
129.946
135.348
93.664
7.507
0.155
123.595
148.620
170.933
1.948
0.104
42.089
534.409
222.012
1.838
0.086
35.901
9.908
1.611
0.063
278.640
455.935
132.344
1.804
205.912
0.067
72.835
33.240
29.161
36.193
46.695
53.707
3.569
0.115
50.237
61.684
66.796
76.057
