5.634
3.299
0.791
0.011
64.173
75.138
74.373
80.477
79.165
78.867
98.011
46.644
54.234
72.037
63.406
62.569
65.783
70.834
88.306
28.533
24.281
34.835
37.822
201.076
150.706
116.804
179.219
50.504
41.731
55.727
56.843
60.872
65.473
72.405
78.760
82.060
95.151
92.112
98.566
99.281
5.000
0.237
113.378
111.762
119.467
112.477
105.144
93.855
128.665
142.672
114.557
108.880
111.243
110.902
113.657
112.825
115.023
109.016
4.490
79.709
0.331
89.060
116.083
110.633
141.065
160.847
118.107
107.045
113.292
80.082
119.177
123.117
92.203
4.037
92.166
0.313
129.912
144.087
97.975
166.549
119.862
2.419
127.857
0.217
120.966
120.645
126.501
174.534
2.695
0.239
95.277
127.687
38.519
9.092
1.865
0.082
481.694
186.264
54.683
7.011
0.111
74.604
87.869
100.482
116.416
117.156
115.017
7.015
0.190
120.958
132.109
127.108
121.465
3.167
0.175
120.737
148.291
122.290
6.424
0.170
129.980
140.807
124.177
4.689
0.157
123.077
143.068
125.876
122.945
4.129
0.158
171.481
145.994
124.846
4.581
129.773
0.162
124.207
119.607
124.794
124.036
5.725
0.189
119.592
147.651
140.795
8.085
105.941
0.163
110.725
124.114
41.694
14.808
1.786
0.083
37.400
11.714
1.647
0.064
476.838
190.024
62.882
3.930
0.110
80.440
99.028
120.835
116.620
116.559
3.839
0.183
117.387
134.050
119.145
120.117
2.607
0.152
118.767
138.000
117.547
2.696
0.134
117.104
128.736
117.300
2.090
0.122
117.213
130.009
115.969
2.439
0.121
116.980
133.809
120.050
2.315
0.122
117.239
134.334
117.250
2.495
0.122
116.599
131.004
117.469
2.606
0.125
117.032
132.410
119.809
2.498
0.127
117.534
131.689
119.327
2.955
0.132
116.984
131.329
117.361
2.654
0.118
118.705
129.434
117.450
2.514
0.120
117.232
132.617
118.105
2.729
0.118
119.051
135.732
116.379
2.929
0.132
118.948
136.464
120.284
3.185
0.135
115.722
133.982
118.893
2.796
0.125
117.906
133.975
119.465
2.938
0.130
116.527
131.299
118.786
2.923
0.131
122.000
138.952
121.020
3.008
0.129
117.424
130.265
116.672
3.011
0.125
117.898
133.193
122.867
2.973
0.131
116.976
131.378
120.279
3.003
0.133
117.520
131.956
117.683
3.175
0.135
116.839
134.744
117.835
3.127
0.125
120.825
131.122
116.933
2.984
0.141
117.399
131.606
119.528
3.366
0.131
117.415
133.161
117.772
3.366
0.135
116.193
132.382
115.798
2.850
0.136
118.007
132.240
118.237
3.179
0.128
119.111
133.701
115.350
3.233
0.133
119.375
130.182
121.097
3.376
0.128
117.881
135.174
119.291
3.224
0.136
119.508
132.408
117.997
3.255
0.130
117.539
132.027
118.289
4.253
0.133
121.809
136.803
121.747
3.387
0.128
115.795
133.721
116.540
3.996
0.131
117.372
132.558
117.678
3.935
0.132
119.108
133.758
117.340
3.431
0.139
120.829
138.296
115.920
3.298
0.129
119.689
131.709
117.367
3.763
0.137
116.674
134.760
118.059
3.554
0.130
118.615
130.489
117.966
3.452
0.149
117.129
135.964
116.929
3.444
0.125
122.795
130.590
118.696
3.509
0.129
117.681
131.520
120.573
3.832
0.115
117.350
134.871
120.583
4.471
0.121
117.714
134.058
119.273
3.431
0.141
118.529
137.492
118.567
4.412
0.141
118.362
138.876
117.866
3.816
0.133
116.107
131.916
118.269
3.888
0.134
116.361
135.476
117.212
53.001
0.128
119.568
134.530
122.407
4.669
0.130
119.513
135.142
117.180
3.875
0.140
119.505
130.598
117.674
4.232
0.132
119.665
134.377
119.468
4.476
0.123
116.836
130.372
125.382
4.412
0.136
116.936
134.264
121.298
3.684
0.133
117.817
133.819
117.295
4.645
0.138
119.896
132.526
118.611
4.120
0.144
117.074
133.865
117.635
3.769
0.121
117.862
137.719
116.430
3.526
0.140
122.119
132.026
118.271
4.429
0.135
119.729
132.248
116.684
3.945
0.138
117.541
134.974
120.180
4.248
0.127
119.160
133.843
120.437
4.805
0.127
118.444
131.606
114.878
3.251
0.136
118.399
135.953
117.131
4.012
0.129
117.276
134.419
117.991
4.636
0.130
116.380
133.652
118.649
4.080
0.130
122.720
132.939
116.177
4.098
0.150
120.642
135.204
117.481
4.565
0.145
118.885
136.878
116.621
3.951
0.131
117.975
137.301
116.401
4.482
0.124
117.063
135.469
118.300
4.535
0.134
117.860
133.608
119.096
4.423
0.144
117.834
134.872
119.472
4.346
0.125
117.927
132.483
118.113
4.343
0.128
121.191
133.002
116.207
5.272
0.132
119.632
131.695
116.994
4.105
0.129
122.769
131.844
121.126
4.361
0.149
116.685
138.230
117.124
4.348
0.139
120.282
130.558
117.926
4.052
0.122
117.062
134.541
117.897
2.524
0.127
118.142
132.077
120.946
4.890
0.137
116.812
131.876
118.623
4.453
0.138
120.069
137.838
119.086
4.064
0.134
120.273
132.184
124.091
4.089
0.130
118.536
135.534
116.866
5.649
0.137
120.290
133.602
118.668
4.588
0.130
115.560
130.918
116.650
5.051
0.135
117.757
131.171
118.453
6.107
0.133
120.123
131.775
120.669
4.611
0.131
122.269
132.462
119.417
4.117
0.141
120.452
135.465
118.128
4.435
0.129
118.692
132.556
121.042
5.601
0.104
117.995
132.470
119.095
5.442
0.102
122.011
132.532
117.224
4.622
0.099
121.355
130.387
116.376
5.326
0.117
118.671
133.099
117.179
4.240
0.105
117.662
136.373
117.224
6.168
0.123
120.044
151.890
120.272
5.120
0.111
122.684
134.318
114.876
4.461
0.107
125.189
139.796
117.549
4.658
0.113
117.334
130.692
115.426
5.552
0.115
117.992
136.034
118.595
4.754
0.116
118.132
131.914
119.931
5.627
0.108
119.266
136.316
117.993
4.135
0.103
116.659
134.127
119.991
4.580
0.111
117.851
136.535
116.766
4.712
0.107
116.329
130.742
117.743
4.505
0.117
117.312
136.175
118.590
4.952
0.122
118.582
134.357
115.338
4.055
0.120
119.187
134.706
120.531
4.837
0.122
119.632
132.143
116.096
5.575
0.123
118.066
132.161
116.888
5.550
0.121
118.361
131.810
125.933
4.884
0.118
119.044
133.596
116.874
4.312
0.136
118.041
133.799
122.478
4.559
0.113
122.620
133.684
117.610
5.063
0.107
116.362
136.855
119.451
5.534
0.115
122.390
132.706
116.915
6.267
0.106
118.908
136.097
116.198
5.131
0.105
119.154
134.772
121.627
5.310
0.109
120.845
136.208
116.403
4.810
0.113
117.984
137.436
117.674
6.539
0.105
123.479
132.005
118.261
5.377
0.117
120.279
134.585
119.936
5.729
0.111
119.760
134.737
117.856
3.933
0.113
117.239
132.265
118.060
5.583
0.115
121.747
133.932
118.913
5.390
0.107
120.165
140.612
119.454
4.788
0.114
119.972
137.336
116.366
4.683
0.119
121.496
138.027
118.270
5.889
0.106
118.879
134.441
118.451
6.010
0.117
118.270
134.707
119.174
5.662
0.134
118.499
132.708
117.116
6.068
0.119
120.177
135.326
120.791
6.686
0.123
120.021
133.009
119.213
6.269
0.100
117.212
133.742
119.793
5.548
0.122
128.813
132.967
117.504
4.509
0.123
117.051
137.766
118.055
34.639
0.121
120.354
133.034
118.736
5.728
0.120
118.655
135.397
120.965
5.854
0.102
121.517
139.257
115.709
4.883
0.113
119.276
136.019
120.612
6.424
0.113
117.770
135.125
121.053
6.095
0.113
119.456
133.503
121.164
4.794
0.113
119.159
146.841
115.146
5.100
0.100
118.297
133.718
120.310
6.933
0.112
118.764
137.605
118.411
5.459
0.110
118.228
135.508
119.477
5.481
0.124
118.953
133.523
117.007
5.067
0.124
117.696
132.177
121.883
4.464
0.102
118.552
134.709
118.985
3.599
0.109
124.659
134.059
121.407
5.613
0.109
116.307
133.410
121.825
5.841
0.120
123.320
136.021
119.192
4.715
0.117
116.219
134.147
118.104
5.794
0.116
119.952
140.058
116.406
5.349
0.103
115.995
131.603
116.481
5.369
0.111
118.279
136.013
121.364
6.150
0.106
118.660
134.791
116.278
4.525
0.108
116.960
135.797
117.508
6.274
0.113
120.380
130.466
118.547
5.924
0.121
117.990
138.596
120.092
6.418
0.129
116.388
132.417
117.136
4.099
0.104
117.532
130.818
119.341
5.419
0.110
120.800
135.531
117.743
5.013
0.108
117.192
134.943
117.372
6.745
0.111
117.665
132.412
118.449
5.491
0.106
118.354
138.201
123.903
5.366
0.121
118.865
132.700
118.396
5.240
0.128
118.844
136.268
118.952
4.175
0.110
119.540
131.383
119.173
6.102
0.124
123.043
133.624
115.171
5.792
0.112
118.133
133.062
120.542
6.645
0.103
126.737
134.591
119.336
3.873
0.121
119.845
137.984
120.949
4.223
0.127
117.912
133.499
117.093
5.997
0.125
122.399
131.918
119.773
5.461
0.114
119.751
139.346
117.236
6.966
0.116
120.836
135.508
116.859
5.748
0.120
125.413
131.521
121.174
5.269
0.113
118.296
134.393
117.356
6.550
0.124
118.926
138.369
116.775
5.287
0.106
116.736
135.854
122.892
4.684
0.109
117.948
132.714
117.168
5.086
0.134
118.506
136.438
122.129
4.511
0.116
121.910
132.793
117.347
6.098
0.116
118.481
131.980
117.760
5.117
0.107
120.039
136.187
118.514
4.989
0.119
115.440
133.363
124.171
5.569
0.119
120.482
136.967
116.783
5.489
0.111
120.549
135.217
119.968
5.180
0.114
116.879
138.315
119.944
6.703
0.098
117.797
134.110
120.824
5.665
0.115
120.140
134.858
117.461
6.794
0.104
116.322
136.261
119.136
6.189
0.136
117.216
132.547
126.676
6.168
0.115
129.134
131.807
119.486
5.325
0.782
122.313
132.740
119.951
4.484
0.125
119.156
135.161
120.810
5.535
0.103
121.711
137.802
126.691
5.732
0.118
117.716
131.187
121.654
6.383
0.118
118.837
133.914
128.458
6.743
0.118
119.682
133.893
115.432
5.075
0.119
119.660
136.100
119.053
7.340
0.117
121.667
137.279
118.302
7.197
0.129
122.816
137.275
122.131
3.995
0.105
120.412
139.029
116.893
5.472
0.121
120.036
136.696
121.285
7.006
0.127
120.131
138.168
118.105
5.287
0.117
117.150
139.330
119.768
4.768
0.136
119.686
137.079
118.006
4.360
0.117
124.159
132.840
117.095
8.144
0.122
121.041
138.569
118.729
4.639
0.119
118.070
132.135
119.492
51.161
0.117
120.193
138.894
125.776
4.983
0.118
121.165
137.264
120.603
7.042
0.116
121.703
137.741
118.954
5.220
0.122
116.465
139.331
123.015
5.388
0.120
124.135
136.364
119.820
6.426
0.122
121.943
137.252
127.179
5.505
0.115
124.984
137.328
128.719
7.308
0.115
119.643
132.409
125.490
6.130
0.121
118.701
136.937
120.609
5.657
0.114
118.409
133.226
117.347
8.200
0.112
122.851
137.995
119.508
7.945
0.110
121.312
135.448
129.625
5.448
0.136
116.955
131.289
119.358
5.142
0.123
118.182
138.940
118.570
6.335
0.139
120.617
135.878
121.604
5.974
0.122
118.939
135.951
121.984
5.508
0.117
116.275
137.697
120.098
7.805
0.120
120.665
143.625
114.428
4.880
0.123
117.246
134.402
122.677
31.557
0.129
120.203
133.998
121.344
6.343
0.121
118.959
137.402
119.864
7.045
0.117
117.036
137.279
117.559
6.104
0.122
120.734
139.604
120.709
6.594
0.115
118.275
134.389
129.230
6.248
0.112
121.549
132.733
122.347
6.416
0.115
124.680
136.111
123.267
6.315
0.121
117.856
136.577
118.110
5.405
0.113
117.382
135.577
121.978
5.496
0.122
121.005
134.647
119.677
4.888
0.108
124.858
133.089
121.742
4.219
0.122
123.181
136.130
117.153
5.098
0.115
118.136
138.186
122.161
5.255
0.125
116.824
135.088
121.829
4.847
0.130
117.509
136.274
120.220
4.760
0.117
122.020
138.612
124.123
5.516
0.133
119.011
135.397
117.328
5.279
0.117
120.945
131.841
118.637
5.070
0.120
118.134
139.617
117.267
7.203
0.113
123.318
136.418
117.605
5.779
0.124
121.379
137.369
119.839
7.292
0.113
117.112
140.677
120.687
4.551
0.118
120.677
136.104
118.903
5.287
0.139
118.913
136.397
121.100
5.690
0.124
123.420
130.935
117.941
6.715
0.123
118.652
133.887
123.687
6.879
0.129
119.280
130.197
124.088
7.661
0.133
120.791
138.324
121.142
4.407
0.109
118.194
143.942
115.037
6.189
0.126
123.086
140.836
120.471
6.155
0.121
125.244
137.121
122.334
5.082
0.117
117.288
131.782
118.768
6.637
0.128
126.330
137.655
122.502
5.813
0.120
115.764
139.986
121.134
4.455
0.124
125.384
135.489
116.300
5.464
0.122
120.417
134.028
116.400
4.514
0.114
121.123
132.700
118.116
3.370
0.127
124.066
132.544
121.936
4.871
0.123
128.187
135.808
123.790
5.132
0.117
121.005
133.484
125.358
7.347
0.136
121.393
137.178
122.879
6.215
0.115
121.251
133.178
124.339
8.557
0.113
119.506
136.028
123.894
4.540
0.126
117.345
133.153
121.397
7.439
0.128
128.466
133.859
125.125
6.932
0.130
121.788
135.220
120.568
7.373
0.134
125.371
138.355
122.700
5.368
0.137
115.764
135.401
118.823
7.006
0.107
120.953
139.649
123.203
7.341
0.132
120.129
135.534
122.366
6.535
0.120
119.535
142.938
120.904
7.219
0.123
121.837
133.042
123.191
7.032
0.115
117.560
136.870
124.191
6.207
0.130
117.225
137.872
118.926
6.646
0.132
122.102
140.757
121.813
7.022
0.138
120.811
130.968
117.757
6.985
0.120
118.136
135.707
119.713
6.456
0.119
121.570
139.214
117.253
4.978
0.121
122.777
134.124
118.360
5.760
0.118
119.285
141.501
122.200
8.458
0.123
119.821
139.593
121.560
7.905
0.121
122.033
143.339
124.599
4.797
0.109
122.667
136.293
122.175
5.291
0.116
118.077
143.272
120.500
3.772
0.123
116.947
135.188
125.631
7.487
0.117
120.933
129.421
120.601
4.532
0.112
123.783
139.971
116.980
4.456
0.119
120.996
135.040
118.177
5.565
0.133
123.305
135.865
119.144
6.112
0.123
120.901
133.739
118.583
5.562
0.121
122.985
134.037
115.092
7.754
0.131
118.042
144.642
123.875
8.187
0.137
118.870
134.661
123.590
4.946
0.124
120.789
139.005
116.282
7.706
0.136
120.905
145.341
122.359
5.928
0.114
117.831
131.582
118.793
7.344
0.131
126.261
138.155
119.912
5.676
0.133
118.070
138.107
125.022
8.105
0.119
126.919
136.949
123.353
5.694
0.130
126.335
143.208
117.597
4.845
0.118
120.353
132.855
120.823
3.084
0.131
121.773
138.406
119.365
5.223
0.133
119.669
135.792
122.562
6.319
0.127
120.111
131.734
119.665
6.543
0.110
121.602
134.408
121.678
4.221
0.118
124.248
137.572
120.019
6.605
0.120
124.581
133.578
117.237
5.924
0.131
119.599
138.266
123.893
6.347
0.121
118.548
131.202
119.828
7.309
0.115
122.813
136.324
118.290
4.604
0.128
123.592
135.967
123.185
6.732
0.115
119.396
138.427
118.565
4.284
0.115
118.058
146.838
121.574
3.852
0.121
119.845
134.047
126.313
6.652
0.125
120.726
135.233
124.783
7.380
0.124
119.162
137.356
118.076
5.958
0.128
122.415
134.628
120.776
6.328
0.136
127.862
136.279
118.112
7.007
0.132
120.470
135.950
123.686
5.368
0.144
124.088
137.184
116.087
6.228
0.128
115.251
137.083
117.551
7.465
0.132
168.476
145.849
122.551
7.172
0.132
126.409
136.335
122.338
5.833
0.131
150.373
136.417
117.598
5.235
0.120
124.834
141.766
120.487
5.257
0.131
134.004
135.903
125.301
4.166
0.121
115.879
141.061
118.679
5.789
0.131
167.564
136.628
126.503
5.084
0.122
123.241
139.224
114.664
4.135
0.125
118.130
136.807
119.834
5.419
0.109
124.553
135.990
119.610
3.598
0.142
121.668
136.787
114.868
6.338
0.119
122.301
140.313
118.628
5.317
0.123
168.883
140.587
121.469
6.839
0.127
121.621
133.154
121.031
54.494
0.130
120.236
134.520
120.896
5.213
0.142
121.818
142.427
121.546
7.919
0.124
120.665
139.907
116.967
4.580
0.117
120.426
136.179
120.076
6.523
0.131
125.652
131.984
117.186
6.651
0.121
119.628
136.446
118.472
7.066
0.137
168.767
138.898
121.069
7.735
0.145
124.958
143.134
115.038
6.530
0.124
122.416
140.046
120.881
4.424
0.120
122.815
141.125
129.479
5.359
0.132
172.476
138.994
118.987
5.315
0.122
128.127
139.263
116.247
3.384
0.136
115.701
133.570
119.107
3.535
0.122
122.434
135.509
121.425
5.316
0.130
130.697
135.150
117.065
5.370
0.128
124.823
134.173
119.846
6.957
0.131
120.684
135.330
117.903
5.122
0.130
126.557
133.344
117.022
3.338
0.145
167.013
141.914
126.526
5.397
0.116
124.029
131.548
122.274
5.613
0.124
125.880
139.985
124.303
4.492
0.131
126.815
136.498
117.450
6.696
0.134
124.264
139.458
115.964
6.494
0.126
119.112
135.221
121.102
6.725
0.125
126.943
137.969
124.477
6.502
0.139
120.238
133.855
120.096
4.681
0.129
122.429
143.172
117.872
5.328
0.137
118.379
137.797
121.587
6.075
0.129
122.738
135.799
123.976
6.861
0.125
121.092
141.496
121.985
7.693
0.132
156.532
139.851
125.083
3.981
0.131
120.033
135.968
122.521
7.116
0.127
122.945
138.381
121.734
5.330
0.127
124.762
143.524
122.061
4.479
0.123
122.431
137.043
121.806
5.490
0.138
122.374
133.994
122.836
7.092
0.127
126.439
138.125
115.607
5.327
0.135
125.557
137.468
118.480
7.656
0.128
128.150
138.744
118.200
3.816
0.122
118.317
135.754
125.023
7.072
0.112
124.899
142.056
127.467
6.999
0.133
125.880
137.597
129.839
7.664
0.138
121.044
138.988
121.435
6.625
0.124
130.743
135.249
98.638
6.863
0.141
169.479
148.233
123.040
4.683
0.125
166.768
129.160
115.331
5.493
0.132
170.122
136.534
123.670
6.330
0.133
168.621
136.663
121.474
4.581
0.130
173.281
138.738
120.155
5.659
0.129
121.206
134.415
118.562
5.723
0.133
125.640
138.485
123.564
7.650
0.137
121.984
136.968
117.618
8.234
0.124
119.968
137.492
127.285
4.743
0.124
120.399
133.837
123.152
5.423
0.121
128.459
138.479
125.142
4.715
0.125
121.905
141.248
127.732
5.455
0.122
174.046
134.892
120.758
5.199
0.127
121.123
136.614
122.969
5.212
0.127
117.457
137.903
127.999
4.050
0.126
116.754
136.197
120.629
5.924
0.135
119.306
134.363
122.754
3.125
0.123
121.976
138.343
115.084
5.190
0.132
119.073
135.057
118.153
7.251
0.134
119.308
132.355
122.246
5.952
0.118
130.181
140.166
101.348
6.501
0.116
133.419
163.363
100.873
6.827
0.133
125.781
144.933
120.457
6.528
0.117
119.262
139.976
119.946
6.345
0.117
167.823
134.890
120.374
4.848
0.128
127.157
128.233
120.467
9.207
0.124
128.103
138.045
125.355
8.283
0.134
117.847
136.193
126.229
6.164
0.126
128.845
138.506
122.385
5.508
0.131
120.458
139.689
121.219
4.997
0.118
121.504
132.224
123.196
3.163
0.126
124.227
133.745
121.798
5.045
0.123
122.951
135.716
121.286
6.279
0.131
118.417
137.751
120.004
7.011
0.122
130.449
140.312
121.754
6.888
0.111
122.949
137.303
123.587
6.548
0.132
119.296
130.760
116.684
6.666
0.126
121.470
141.421
122.284
5.015
0.121
117.790
141.861
126.659
4.570
0.123
118.366
134.566
119.790
5.816
0.131
129.684
137.844
123.636
4.144
0.136
121.730
138.073
115.773
5.670
0.261
123.163
139.196
119.803
7.205
0.128
122.479
184.337
123.772
7.212
0.124
164.942
135.992
122.045
6.238
0.135
127.923
139.360
117.040
3.325
0.126
120.402
142.056
126.299
3.621
0.117
125.301
135.359
120.979
6.429
0.130
123.846
138.805
122.901
4.860
0.129
122.447
161.355
124.000
6.125
0.134
173.244
134.138
119.975
6.099
0.130
122.527
138.389
122.767
5.831
0.116
122.074
142.445
118.653
5.103
0.138
118.791
139.495
120.418
5.999
0.133
123.397
142.372
120.999
6.311
0.130
121.463
134.944
120.144
5.142
0.127
119.466
137.952
122.207
7.808
0.133
122.710
136.261
119.975
4.385
0.130
123.724
187.157
119.767
6.527
0.131
123.203
145.975
123.658
6.081
0.117
123.999
136.018
134.973
6.473
0.131
120.575
135.888
118.863
6.562
0.147
120.389
135.954
124.041
7.230
0.149
120.486
137.918
121.065
4.655
0.120
120.846
138.859
125.413
5.996
0.133
123.232
179.952
127.507
8.373
0.141
120.459
143.000
121.898
6.870
0.134
118.338
182.737
121.873
7.918
0.124
127.880
131.157
124.108
127.591
7.644
0.149
116.052
140.851
121.326
3.646
0.123
127.473
133.460
126.455
5.386
0.116
121.176
186.168
119.765
4.403
0.351
168.800
148.007
124.240
6.791
0.136
124.156
138.682
118.191
5.499
0.120
170.598
143.341
117.371
7.253
0.129
120.118
139.217
124.612
6.426
0.133
121.073
136.838
117.613
6.823
0.131
116.585
140.840
118.765
5.039
0.117
169.050
134.825
124.749
5.180
0.124
118.103
136.827
122.553
5.228
0.120
129.049
134.661
117.274
4.803
0.124
120.201
132.419
122.850
7.826
0.131
123.258
181.672
117.926
5.579
0.140
128.322
137.777
127.925
8.037
0.120
118.496
159.349
120.397
5.838
0.127
118.781
137.178
129.654
5.629
0.120
117.810
141.726
117.399
7.233
0.125
121.380
143.825
122.433
6.362
0.115
124.411
141.395
123.262
6.083
0.126
122.519
144.219
116.660
5.406
0.125
124.734
135.374
119.404
4.934
0.132
122.600
138.880
119.015
6.744
0.119
123.047
142.698
126.650
5.421
0.119
167.849
140.885
121.951
4.513
0.133
122.740
142.825
122.643
5.112
0.134
172.187
139.854
117.535
7.738
0.116
119.122
139.518
125.194
7.826
0.125
175.045
132.707
130.319
6.521
117.984
0.141
109.256
137.251
124.629
5.077
0.155
114.235
187.232
120.537
7.200
0.115
122.593
144.160
126.761
7.618
0.138
119.526
134.160
128.707
7.974
0.117
124.929
142.325
121.956
5.079
0.121
168.748
139.991
125.441
6.469
0.123
119.236
184.896
121.130
4.798
0.124
117.414
136.217
126.662
6.754
0.116
129.003
143.251
123.635
7.039
0.135
127.598
149.600
122.444
5.948
0.134
178.556
136.374
105.925
7.689
0.145
127.083
200.918
120.629
125.800
5.254
0.129
117.550
140.924
119.274
7.748
0.124
120.842
138.973
177.434
4.954
0.115
121.768
123.989
129.744
6.810
126.635
0.138
129.229
137.192
126.152
6.076
0.121
122.568
140.850
115.176
4.576
0.150
127.186
142.136
145.751
6.205
0.128
132.696
132.373
97.431
5.999
0.146
118.817
153.641
122.773
5.531
0.120
123.748
132.890
126.303
8.081
0.130
120.305
183.806
125.999
6.068
0.125
127.057
133.842
171.452
117.644
7.147
0.132
120.107
133.229
172.188
6.560
0.151
121.754
136.802
122.466
4.507
0.125
127.522
180.319
118.920
4.243
0.653
127.461
144.200
122.777
53.581
0.128
167.719
144.070
123.131
5.971
0.126
119.580
137.995
119.418
7.693
0.124
122.388
143.812
121.351
5.998
121.435
0.123
122.619
136.201
118.894
5.189
0.134
130.046
141.692
173.580
5.138
120.830
0.136
121.483
144.518
120.226
6.209
0.148
122.186
132.412
123.931
6.881
0.113
123.553
184.732
121.380
6.829
0.118
120.417
150.425
121.487
6.784
124.234
0.106
129.041
139.349
115.893
2.898
0.133
126.471
143.726
171.168
5.532
0.125
122.704
133.157
132.604
6.121
0.780
120.645
164.368
131.832
5.126
0.131
132.454
133.108
116.298
131.824
4.915
0.137
123.572
127.855
118.862
5.956
0.129
122.283
135.741
171.499
6.253
0.116
130.188
129.815
123.709
4.369
134.472
0.115
119.237
111.554
122.908
4.103
0.144
123.747
147.256
116.053
4.663
0.118
126.123
141.683
126.190
122.145
5.290
0.125
122.788
138.695
117.215
5.947
172.286
0.136
129.938
179.100
114.870
6.182
0.143
121.726
140.967
123.916
118.990
4.611
0.132
123.735
138.707
117.008
171.925
6.334
0.120
127.119
134.495
109.783
5.743
0.157
125.854
140.738
168.087
7.618
108.827
0.097
129.992
110.169
125.101
125.912
5.051
0.146
103.298
144.544
133.187
116.154
7.320
0.123
92.750
133.715
120.205
126.771
4.422
0.162
120.964
114.856
126.854
121.952
10.419
0.156
103.129
193.315
103.699
7.217
0.159
135.456
137.986
104.382
128.559
4.446
0.157
124.449
170.398
127.024
6.182
0.122
121.413
141.886
173.020
127.305
8.525
0.149
118.823
132.520
127.682
120.761
6.856
123.188
0.130
171.161
135.679
117.460
4.940
0.128
122.206
143.862
128.023
128.382
7.366
0.097
128.697
142.431
97.771
4.962
0.157
119.826
197.059
127.226
125.268
6.750
0.126
128.010
133.164
98.477
123.146
4.390
0.154
122.176
150.456
179.612
118.128
6.419
0.145
100.184
135.040
109.420
125.376
4.555
0.150
116.712
201.829
128.940
127.824
3.025
132.445
0.156
119.459
117.972
119.964
6.886
0.149
119.327
151.744
136.280
114.669
5.589
0.124
117.877
142.771
165.291
4.964
0.121
135.264
142.469
100.413
5.477
129.756
0.135
171.678
120.786
124.629
7.494
0.134
131.694
143.428
101.544
6.128
0.136
121.789
146.590
125.876
5.542
0.143
120.692
135.194
171.342
5.552
140.700
0.104
126.489
112.310
118.354
4.752
0.154
168.486
158.601
166.404
3.171
0.129
177.163
136.775
102.508
7.205
0.137
126.721
146.174
127.779
3.120
120.203
0.105
126.507
129.102
118.415
5.613
0.126
126.605
152.726
121.436
7.963
100.945
0.130
116.122
148.013
119.788
7.790
98.011
0.143
169.198
136.175
166.960
5.829
0.141
121.195
143.934
119.506
4.977
0.125
118.614
207.320
120.380
5.879
0.142
93.230
150.572
127.600
6.510
0.132
122.933
135.637
121.913
6.702
118.963
0.135
127.820
144.889
149.775
169.086
5.879
0.165
94.262
148.119
159.479
124.656
5.980
127.002
0.146
102.085
130.527
92.619
6.130
0.170
124.474
141.928
106.189
126.521
3.518
181.979
0.141
123.690
173.579
125.299
122.488
7.682
0.140
99.391
117.409
120.418
5.917
0.163
120.627
170.109
127.073
122.617
4.270
0.141
125.599
133.183
149.300
124.619
5.868
122.316
0.164
127.010
139.589
117.430
118.210
9.187
0.130
123.617
131.351
125.015
129.005
7.278
0.130
101.410
111.596
175.406
5.340
0.135
176.769
124.584
147.317
128.188
4.482
0.114
122.370
153.055
119.813
8.723
124.164
0.138
131.458
136.021
118.647
4.944
0.143
133.565
140.574
151.257
121.046
5.384
0.161
166.204
146.959
123.547
5.878
100.961
0.122
130.908
128.239
111.451
7.049
115.801
0.234
111.361
158.608
110.158
130.686
8.015
0.155
98.621
116.216
171.480
121.150
5.824
0.142
130.610
150.079
106.650
138.900
6.653
100.991
0.174
112.982
195.073
95.556
153.329
5.954
0.169
117.668
193.546
114.793
151.918
110.466
6.034
0.161
97.644
114.499
123.733
115.237
6.414
0.172
97.940
140.363
120.452
134.299
122.000
5.424
0.143
107.671
134.868
102.736
2.604
121.933
0.138
119.021
111.877
101.210
120.313
8.683
0.160
101.078
151.295
127.370
5.576
0.132
126.758
112.642
124.753
6.614
0.152
126.435
145.046
127.934
4.274
0.130
170.769
136.779
121.053
7.044
0.120
141.255
150.186
106.227
117.141
4.826
0.153
179.140
143.688
106.853
6.532
131.515
0.114
105.210
184.618
103.491
5.346
0.140
134.011
134.996
39.237
492.773
183.356
2.995
0.077
61.787
89.113
108.747
107.434
113.134
119.812
118.072
5.414
0.179
114.409
128.338
122.382
118.697
4.708
0.133
118.470
132.294
125.269
4.877
0.108
120.858
132.623
120.986
5.402
0.114
123.767
138.167
124.182
3.683
0.125
118.766
132.954
124.786
7.474
0.119
128.274
130.008
119.195
5.088
0.127
124.909
141.608
122.036
8.142
0.110
121.447
131.154
120.919
8.148
0.127
121.846
131.519
124.439
4.260
0.127
123.439
144.151
123.186
5.678
0.116
170.258
136.878
126.287
6.049
0.132
127.565
132.988
167.136
8.173
0.127
123.884
140.895
120.219
4.623
128.644
0.146
119.014
136.336
99.428
1.898
0.108
41.370
538.620
220.289
1.851
0.073
36.741
16.662
1.707
0.061
433.176
405.748
129.016
2.100
0.090
67.818
39.452
30.473
38.767
50.320
57.203
47.552
4.497
0.153
50.410
54.024
68.719
