5.571
2.927
0.751
0.010
63.439
73.269
67.961
76.713
74.101
77.208
78.637
47.533
54.386
68.398
61.454
65.709
65.466
83.783
80.077
32.121
27.223
54.875
36.350
200.234
148.291
136.301
155.432
51.645
42.097
56.106
57.553
60.836
68.654
72.352
77.791
83.740
91.344
96.825
98.771
100.534
4.981
0.275
97.345
109.275
114.059
113.899
108.930
96.734
131.544
129.741
110.275
112.844
116.760
107.111
166.458
117.092
82.430
4.957
90.079
0.324
105.420
98.091
112.331
146.911
135.356
112.952
119.718
117.044
146.771
119.185
95.719
89.809
6.552
88.150
0.329
82.264
86.939
104.796
156.657
119.981
5.908
0.212
99.421
147.242
146.038
109.873
6.782
109.309
0.172
102.440
126.450
125.955
149.103
3.375
0.171
136.890
154.109
116.123
5.085
88.291
13.546
1.706
0.073
478.436
185.586
59.580
9.769
0.104
79.355
89.808
99.780
112.770
119.005
118.716
8.081
0.220
124.026
127.956
124.611
120.089
5.710
0.163
172.731
147.916
125.597
6.472
0.149
172.708
140.604
131.482
3.882
0.151
131.084
141.756
123.876
6.280
0.152
171.040
147.960
125.167
4.934
0.143
104.673
194.807
129.491
3.759
0.160
131.227
137.355
103.854
124.204
7.403
131.478
0.163
136.843
148.223
112.696
5.729
117.852
0.127
149.515
145.695
170.576
4.432
0.165
128.972
150.440
35.540
9.076
1.817
0.083
36.906
13.749
1.690
0.093
481.107
199.245
58.841
4.692
0.099
75.443
95.004
116.112
114.405
113.953
3.758
0.171
118.284
132.471
121.355
118.327
2.788
0.141
118.853
133.139
118.830
2.440
0.129
117.505
131.620
117.021
2.148
0.115
115.938
132.775
115.667
2.161
0.125
116.639
133.276
117.334
2.289
0.118
123.846
134.839
116.742
2.350
0.118
117.304
130.468
119.201
2.510
0.121
119.377
133.043
117.411
2.357
0.119
116.830
131.457
116.408
2.431
0.125
116.168
128.978
119.537
2.398
0.141
116.204
134.092
116.484
2.466
0.124
116.141
131.248
116.905
2.482
0.126
120.034
132.591
116.883
2.733
0.110
117.019
133.833
116.547
2.838
0.129
117.682
133.184
116.499
2.857
0.126
116.150
130.278
116.084
2.595
0.123
117.018
134.660
122.861
2.902
0.129
116.169
133.546
115.245
3.421
0.123
116.915
134.069
117.796
2.732
0.121
116.596
135.258
116.434
2.699
0.131
117.872
131.548
117.660
2.951
0.126
115.543
131.738
119.587
2.992
0.130
115.908
131.642
117.876
2.978
0.139
116.615
137.687
118.104
2.969
0.149
119.040
134.530
115.848
3.671
0.134
115.814
138.418
115.526
2.994
0.135
117.068
132.645
118.087
3.072
0.126
117.557
135.316
119.320
2.879
0.114
119.846
131.167
119.339
3.184
0.133
118.577
134.009
118.055
3.208
0.127
116.731
131.389
115.986
3.251
0.113
115.939
134.067
121.525
2.995
0.126
117.093
129.469
117.241
3.051
0.119
117.758
133.936
115.604
3.067
0.126
116.550
134.571
118.075
3.233
0.127
115.808
131.980
120.130
2.966
0.135
119.003
132.669
116.978
3.277
0.136
117.212
133.184
116.514
3.668
0.117
121.161
134.355
116.249
3.204
0.130
116.548
133.119
116.661
4.136
0.148
115.996
131.710
119.172
3.136
0.142
119.346
136.083
116.508
3.065
0.134
117.524
129.475
116.922
3.239
0.121
116.425
133.504
117.816
3.267
0.130
118.614
135.223
119.175
3.348
0.137
117.327
133.742
116.891
3.318
0.128
121.255
133.078
118.190
3.225
0.113
119.503
132.345
118.130
3.201
0.137
117.093
130.972
116.341
3.122
0.130
122.277
134.441
115.400
4.320
0.128
117.185
134.008
118.850
4.069
0.133
118.283
133.889
123.251
3.050
0.140
117.257
130.656
119.559
3.071
0.132
117.336
131.008
117.351
3.399
0.139
119.033
133.609
120.646
3.433
0.141
119.582
134.020
117.086
3.546
0.125
118.006
132.712
116.182
3.566
0.125
117.707
133.316
116.258
4.184
0.135
117.847
134.901
117.600
4.190
0.115
115.397
136.278
118.265
3.305
0.137
117.157
131.979
115.926
4.311
0.123
118.254
137.569
117.445
4.453
0.143
117.059
134.598
115.962
4.243
0.110
118.545
132.508
116.397
3.533
0.125
117.700
134.970
116.579
3.867
0.143
116.090
136.083
118.748
3.602
0.124
120.481
134.152
116.457
3.141
0.134
116.594
130.939
119.565
4.025
0.143
121.108
137.195
115.988
3.785
0.134
119.142
130.614
115.893
3.646
0.137
116.553
135.898
122.610
3.591
0.118
116.988
134.101
118.687
3.695
0.117
117.286
133.637
117.724
3.524
0.130
118.124
135.709
121.251
4.079
0.135
116.395
136.700
123.466
4.086
0.127
120.565
135.387
118.628
4.114
0.134
116.605
137.981
115.697
4.023
0.138
116.191
133.270
122.223
4.267
0.127
117.943
136.816
116.209
3.695
0.127
116.241
132.440
115.232
5.088
0.115
115.455
132.257
118.305
4.073
0.115
115.725
131.512
115.166
4.090
0.134
117.155
136.767
117.096
4.160
0.140
116.853
132.800
118.169
3.666
0.115
114.874
135.923
119.848
5.107
0.131
117.441
130.642
115.473
3.869
0.142
120.604
132.475
118.079
4.001
0.140
117.203
138.428
116.152
5.176
0.116
118.429
134.590
115.929
4.272
0.151
118.085
135.117
119.244
3.752
0.155
119.711
137.221
127.446
4.786
0.135
116.718
136.647
119.130
4.750
0.126
120.854
133.322
114.209
4.577
0.119
115.581
135.543
114.633
3.810
0.121
115.973
128.754
115.910
4.173
0.123
115.390
134.607
115.801
4.378
0.121
115.015
131.358
115.541
5.107
0.118
118.341
133.171
118.893
4.003
0.100
115.587
131.257
115.920
4.303
0.118
116.655
131.355
114.112
4.037
0.101
117.581
135.898
116.963
4.380
0.111
120.371
129.993
113.649
4.778
0.726
111.642
127.574
110.563
3.465
0.111
110.244
130.288
114.823
4.188
0.118
112.951
132.288
110.771
3.655
0.101
110.213
128.828
115.415
4.139
0.107
111.554
126.557
115.140
3.761
0.098
115.562
125.414
112.290
3.737
0.101
110.890
127.056
113.316
3.777
0.109
111.819
128.287
116.307
3.888
0.099
118.562
132.744
119.161
4.753
0.130
115.405
134.165
117.579
4.025
0.099
122.336
137.068
120.842
4.334
0.116
126.606
148.455
134.631
4.926
0.116
117.790
135.525
117.754
4.550
0.113
116.855
132.692
116.755
3.720
0.107
117.510
130.727
118.071
5.039
0.115
127.371
134.112
115.388
5.105
0.110
120.912
133.426
117.026
6.007
0.115
120.825
132.967
125.325
6.724
0.109
122.058
141.112
115.510
3.705
0.107
114.935
136.908
120.384
6.325
0.109
118.870
136.803
115.099
5.203
0.123
121.678
134.362
120.091
2.857
0.122
118.114
136.063
114.772
4.767
0.124
119.208
133.127
116.737
4.350
0.132
117.998
139.628
117.065
4.593
0.125
117.076
133.049
115.292
5.013
0.128
118.588
133.405
116.907
5.474
0.125
119.008
133.519
115.501
3.702
0.123
117.789
134.380
116.251
4.429
0.126
117.498
132.597
119.539
4.470
0.128
116.517
132.288
116.788
4.875
0.110
117.977
144.081
116.703
5.276
0.142
124.375
134.839
115.473
3.483
0.109
117.603
133.415
122.692
4.536
0.108
116.846
134.296
119.563
4.826
0.120
117.436
135.816
115.962
5.266
0.108
119.992
132.830
116.995
4.703
0.114
118.539
134.799
119.992
4.856
0.116
117.405
137.735
120.152
5.836
0.120
118.882
133.383
113.259
5.408
0.101
117.565
135.000
119.460
2.882
0.111
115.260
133.037
116.167
4.445
0.112
119.699
131.176
115.975
4.440
0.116
116.250
133.472
121.788
5.493
0.108
115.476
137.551
116.876
4.308
0.124
122.132
136.467
118.180
3.850
0.114
121.286
133.707
117.361
5.394
0.129
120.877
136.665
117.221
5.789
0.110
122.244
140.023
115.464
4.604
0.107
116.912
137.776
117.260
4.732
0.122
121.304
132.998
118.471
2.858
0.122
115.860
131.563
118.917
5.741
0.114
119.736
133.576
116.127
6.022
0.116
123.857
132.338
118.006
5.600
0.104
115.472
137.102
120.264
5.225
0.113
116.732
135.074
114.042
5.641
0.126
119.412
134.559
117.539
4.875
0.112
116.221
133.071
116.499
5.005
0.139
118.551
136.519
121.224
4.062
0.118
116.885
135.205
115.961
5.543
0.124
117.412
133.531
116.964
5.101
0.113
119.364
133.331
116.416
6.375
0.112
120.983
140.393
116.091
4.928
0.105
118.522
137.462
115.392
6.351
0.113
120.365
137.413
120.120
5.269
0.108
124.790
134.312
117.774
5.342
0.101
118.119
136.239
121.036
6.085
0.124
117.441
135.220
121.681
5.215
0.111
119.289
137.736
120.852
5.772
0.112
120.067
138.739
116.259
5.662
0.104
117.474
136.475
119.658
6.372
0.122
120.160
133.454
119.552
6.258
0.121
115.810
137.642
117.874
6.038
0.107
118.802
135.510
115.371
6.727
0.133
115.921
140.488
116.210
4.957
0.114
117.789
131.620
121.971
5.435
0.117
116.924
139.144
117.896
6.180
0.129
121.317
134.673
117.116
5.097
0.112
114.890
135.180
120.871
3.899
0.120
119.108
130.932
119.020
5.569
0.108
118.964
140.682
115.453
4.996
0.119
119.315
134.325
121.765
5.637
0.113
122.943
133.655
117.763
5.949
0.106
115.612
130.839
115.117
5.704
0.106
118.618
136.334
116.687
2.862
0.119
116.876
134.199
122.696
4.392
0.109
120.540
134.880
116.131
5.238
0.116
118.514
129.955
115.081
5.251
0.119
114.757
135.256
119.825
6.235
0.121
116.659
135.664
116.455
5.425
0.111
118.077
138.983
119.319
6.700
0.115
121.088
133.676
114.939
5.386
0.122
118.122
133.888
119.352
3.297
0.765
118.614
140.188
115.784
5.452
0.135
117.168
136.507
114.808
5.346
0.128
119.327
136.806
116.448
5.626
0.114
117.762
133.459
116.658
6.373
0.132
119.535
134.044
118.353
6.011
0.111
119.386
133.884
116.273
5.169
0.121
120.194
134.829
117.991
5.159
0.113
112.917
147.031
122.448
3.037
0.125
116.235
134.636
120.775
6.820
0.123
118.872
137.215
120.658
4.677
0.118
117.668
132.564
120.246
5.071
0.113
118.680
139.290
119.126
4.795
0.112
117.924
137.906
119.818
6.810
0.115
117.283
133.105
120.636
5.320
0.114
124.330
140.925
117.578
3.477
0.109
116.198
135.520
121.272
5.057
0.114
120.789
136.763
115.982
4.242
0.122
116.886
136.927
117.757
5.125
0.128
115.310
136.116
121.729
4.441
0.126
116.079
133.293
121.542
3.628
0.111
116.760
134.759
118.263
4.823
0.118
119.943
136.316
121.450
5.577
0.108
116.963
134.646
120.201
6.221
0.108
116.182
137.134
118.943
6.255
0.134
116.670
140.815
122.256
5.202
0.125
117.788
141.202
120.994
6.586
0.116
120.403
138.913
115.065
6.186
0.122
116.810
137.288
121.021
7.130
0.117
125.022
136.862
119.564
7.999
0.113
118.303
131.411
117.857
5.226
0.109
122.609
135.071
118.362
7.191
0.130
120.278
133.971
119.356
6.979
0.118
124.879
136.384
120.618
5.667
0.116
117.027
137.930
115.631
6.065
0.114
117.708
136.862
118.664
6.583
0.107
119.827
134.394
119.307
5.318
0.122
116.050
133.406
120.762
5.903
0.117
117.407
140.071
119.122
5.917
0.130
122.069
134.732
118.732
5.260
0.114
117.241
138.885
124.521
3.922
0.144
114.767
142.395
115.956
5.856
0.106
121.321
134.999
120.791
5.674
0.131
117.865
135.634
119.737
5.988
0.108
126.343
134.940
122.912
6.594
0.116
118.721
135.724
118.980
5.438
0.132
121.232
135.387
121.835
3.602
0.133
117.319
137.619
127.453
4.453
0.109
121.799
136.074
115.024
6.172
0.121
117.750
140.382
118.866
5.516
0.112
115.448
136.225
117.582
5.487
0.141
118.722
135.889
120.516
5.862
0.127
118.988
139.507
122.966
6.886
0.120
123.715
140.281
116.959
4.732
0.119
117.741
142.275
117.428
4.134
0.130
118.484
136.494
115.432
7.259
0.127
123.518
138.561
116.686
5.050
0.126
114.301
130.793
120.737
4.036
0.143
121.593
140.141
116.003
6.407
0.119
120.521
135.210
120.708
5.721
0.129
125.523
136.805
121.228
7.023
0.133
119.375
139.128
115.661
7.648
0.111
119.473
136.564
117.684
4.635
0.110
122.997
136.187
119.354
5.437
0.135
116.321
137.918
117.622
5.953
0.114
122.097
135.090
119.809
7.006
0.114
121.636
141.187
115.579
6.779
0.129
118.649
140.158
117.991
5.888
0.104
121.154
137.534
116.748
5.245
0.137
119.718
139.825
118.528
6.265
0.132
119.495
136.437
122.518
6.375
0.120
119.338
140.741
123.671
6.716
0.126
117.464
138.328
122.047
6.396
0.114
119.553
135.829
119.781
6.034
0.107
117.789
137.219
118.571
4.727
0.129
122.445
132.068
117.076
6.401
0.132
121.503
139.282
119.104
5.878
0.112
115.363
140.170
118.918
4.995
0.127
121.844
134.570
121.358
5.273
0.108
118.155
135.184
114.253
3.555
0.113
119.752
136.401
116.595
4.865
0.111
119.040
138.257
118.500
4.729
0.119
124.580
133.506
118.120
5.116
0.137
118.992
135.871
121.143
3.325
0.121
117.410
131.964
124.830
3.735
0.117
118.788
138.472
117.797
5.930
0.138
120.271
134.324
118.208
2.693
0.143
123.250
134.800
115.740
6.064
0.132
118.036
143.234
116.183
4.976
0.104
122.887
137.260
117.227
7.454
0.112
118.945
140.135
120.677
7.340
0.143
119.706
144.165
118.705
6.169
0.127
116.628
135.164
123.848
5.056
0.123
119.530
139.856
118.094
7.656
0.108
120.211
133.580
120.144
5.065
0.138
118.658
131.293
120.398
6.394
0.123
120.497
139.505
117.610
5.032
0.118
121.437
138.821
117.642
6.585
0.135
127.470
134.919
119.106
7.179
0.138
117.694
139.640
124.296
6.123
0.121
119.375
146.035
117.801
6.024
0.134
117.966
132.938
119.851
5.300
0.105
118.648
133.243
122.342
50.793
0.134
118.471
139.211
120.491
5.892
0.138
120.772
140.597
116.109
5.281
0.103
116.817
134.800
118.024
5.031
0.138
123.983
135.061
119.231
5.366
0.117
121.473
136.226
115.865
5.009
0.117
119.387
133.543
117.267
5.540
0.145
125.762
135.008
121.214
4.213
0.129
124.396
136.052
118.845
5.418
0.113
122.156
134.336
118.789
4.896
0.131
121.014
138.565
120.012
5.000
0.119
117.818
136.248
118.812
6.864
0.122
117.039
140.701
116.549
3.844
0.135
121.030
131.887
115.786
4.204
0.140
118.078
137.843
126.448
4.139
0.142
116.754
131.944
121.988
6.017
0.143
120.032
136.208
117.283
5.782
0.106
120.380
133.997
117.895
3.669
0.135
122.591
137.175
119.159
5.750
0.121
126.427
139.178
118.371
4.291
0.140
116.446
141.762
127.532
5.329
0.147
121.603
140.797
121.170
5.908
0.127
123.204
137.889
117.352
5.107
0.117
121.154
138.140
119.462
5.313
0.118
119.052
136.531
119.888
6.835
0.109
125.872
138.970
118.075
7.452
0.129
119.237
137.848
118.652
6.633
0.128
117.086
141.862
116.557
5.298
0.118
119.444
138.497
123.424
3.895
0.155
116.114
135.788
118.318
4.906
0.130
128.751
138.364
121.875
5.680
0.135
118.682
131.188
121.205
4.164
0.128
117.911
139.396
119.884
3.464
0.127
123.397
136.675
117.241
4.516
0.118
119.996
141.438
124.006
6.145
0.137
121.091
142.859
113.723
6.480
0.124
120.259
133.776
125.041
7.171
0.134
121.875
138.243
116.205
3.163
0.124
122.862
136.276
120.646
5.436
0.124
122.072
150.760
119.374
5.219
0.126
117.477
135.883
119.333
5.784
0.122
124.610
138.150
125.425
4.974
0.132
125.437
133.118
118.084
2.546
0.127
124.519
136.918
120.419
6.942
0.123
125.817
138.643
118.777
6.848
0.181
117.324
136.811
121.211
6.475
0.130
118.938
136.200
122.540
4.983
0.798
121.301
130.852
120.463
6.684
0.120
120.803
143.012
125.059
6.685
0.126
163.757
141.331
121.369
7.545
0.118
119.817
138.706
115.684
5.290
0.133
122.663
132.613
118.100
5.205
0.132
125.936
136.523
114.512
3.954
0.134
124.587
138.248
117.865
5.148
0.134
165.937
133.846
121.909
6.521
0.130
121.741
138.559
120.798
5.462
0.127
119.589
130.906
114.000
4.736
0.132
115.873
133.878
122.912
5.498
0.128
124.879
136.709
120.366
3.862
0.125
169.807
135.249
122.650
6.866
0.134
128.978
142.857
119.457
5.598
0.122
121.407
137.703
118.489
5.196
0.128
115.779
135.042
123.515
3.850
0.110
121.231
139.116
120.736
6.263
0.115
130.174
144.334
99.848
7.334
0.146
121.103
153.496
121.162
6.932
0.110
116.884
130.275
126.049
7.383
0.130
124.068
140.122
121.405
6.235
0.118
122.820
132.191
116.354
6.682
0.121
122.251
141.619
120.138
5.488
0.123
123.868
144.288
119.636
5.678
0.123
119.052
135.992
114.678
4.435
0.126
119.005
140.296
117.724
4.561
0.147
169.693
136.108
116.517
5.999
0.131
123.026
134.068
118.985
7.410
0.121
120.078
136.964
120.950
7.048
0.124
123.247
139.124
120.039
6.438
0.133
120.530
135.220
118.834
6.831
0.136
123.282
131.208
119.189
6.863
0.122
123.114
138.142
117.616
7.210
0.125
119.609
132.187
123.203
5.505
0.133
122.273
133.993
116.493
6.430
0.127
125.210
139.752
118.932
6.844
0.143
117.203
139.899
119.984
3.971
0.136
120.157
133.865
115.071
6.920
0.123
121.191
133.107
118.477
7.861
0.125
119.673
135.180
117.312
4.735
0.125
124.284
135.314
118.731
6.241
0.123
122.834
134.335
115.350
4.917
0.120
165.010
136.884
123.906
6.099
0.114
122.569
138.431
119.682
5.321
0.123
128.341
128.860
115.958
4.594
0.120
116.705
137.811
118.422
5.198
0.132
121.359
139.335
120.387
3.233
0.106
163.005
134.779
118.154
3.108
0.122
120.642
136.180
128.287
7.200
0.129
122.424
139.074
116.857
4.237
0.128
125.587
141.108
117.163
7.193
0.143
129.201
140.253
100.065
7.961
0.145
125.263
149.750
117.716
3.824
0.131
118.280
133.478
119.594
5.087
0.105
168.912
139.765
120.552
7.373
0.139
170.200
140.178
123.376
4.766
0.123
116.746
139.197
122.032
8.080
0.110
167.740
140.596
123.142
6.465
0.137
120.727
129.663
114.054
7.103
0.131
120.488
137.323
122.549
4.310
0.116
123.717
132.596
123.170
4.813
0.126
116.386
135.868
120.899
4.503
0.133
120.721
137.566
121.599
6.300
0.120
127.665
138.627
118.489
5.695
0.130
122.537
133.948
117.587
7.008
0.131
124.349
143.248
119.111
7.906
0.135
166.723
132.931
116.222
6.713
0.127
122.146
132.329
120.254
5.981
0.135
119.643
131.644
117.517
5.903
0.109
114.703
139.641
124.277
5.305
0.768
124.715
139.660
119.660
5.910
0.132
121.395
133.154
118.807
5.283
0.120
121.179
137.971
117.336
5.959
0.138
123.587
135.861
116.787
6.320
0.145
119.344
133.663
116.028
5.112
0.135
124.553
140.874
121.570
5.881
0.135
118.673
133.476
121.693
6.112
0.135
120.604
133.284
118.931
5.410
0.111
165.928
135.907
115.655
5.018
0.118
121.211
143.565
119.932
7.726
0.135
119.714
139.270
125.873
7.773
0.130
128.264
146.138
96.258
3.583
0.131
119.522
153.217
117.540
5.229
0.129
122.398
132.248
118.739
4.738
0.133
167.340
131.899
119.251
5.473
0.112
121.120
138.783
121.395
7.075
0.136
122.986
135.601
118.451
5.512
0.119
128.113
135.054
97.180
8.351
0.136
169.595
150.112
118.535
4.738
0.118
121.430
130.663
121.749
5.603
0.126
122.410
132.154
129.146
5.218
0.113
123.915
141.240
117.779
5.501
0.133
167.474
130.544
115.760
4.347
0.137
124.891
141.656
128.254
5.293
0.135
118.326
139.903
120.100
5.567
0.116
126.665
131.259
114.656
5.704
0.117
123.938
136.718
115.392
8.058
0.138
120.462
135.677
120.213
7.242
0.123
128.213
186.924
121.679
4.537
0.123
117.794
140.139
133.339
4.674
0.131
122.947
113.052
117.523
7.484
0.141
118.786
144.038
125.405
4.889
0.114
126.800
127.103
115.268
6.646
0.126
122.903
137.210
119.059
6.583
0.130
126.783
133.593
119.772
7.047
0.141
115.401
136.498
130.571
6.770
0.115
127.548
133.920
122.003
6.684
0.132
166.485
136.710
120.161
5.653
0.733
122.667
138.186
122.754
4.022
0.116
128.569
180.070
116.594
3.923
0.150
167.406
134.221
118.884
115.189
6.860
0.131
116.390
129.862
121.273
3.490
0.144
119.114
138.584
119.259
7.422
0.171
117.706
137.620
127.313
5.703
0.128
122.781
182.331
122.401
4.390
0.124
168.447
135.293
125.645
5.026
0.164
123.749
139.360
125.002
8.457
0.124
121.428
135.991
122.323
3.988
0.141
125.712
145.080
119.332
5.238
0.136
122.275
135.297
117.369
4.772
0.134
129.820
137.180
120.280
6.410
0.141
125.460
141.273
123.427
7.216
0.128
120.138
138.085
119.073
5.819
0.104
123.120
137.663
122.095
6.386
0.129
168.597
133.700
122.633
6.479
0.130
117.929
143.844
121.967
6.661
0.131
121.014
135.274
120.916
6.076
0.137
120.709
134.307
122.539
4.901
0.128
119.777
180.909
119.170
6.302
0.126
167.730
129.524
119.041
3.775
0.151
120.103
136.508
126.325
4.579
0.135
121.327
132.651
121.277
6.066
0.112
123.234
140.295
116.814
6.627
0.117
120.125
137.300
123.863
4.760
0.122
117.669
141.591
121.984
6.408
0.132
121.923
131.860
122.919
5.109
0.719
122.450
190.702
118.823
7.178
0.139
126.653
131.981
118.241
5.905
0.136
124.917
144.246
116.974
4.065
0.125
126.227
138.453
122.321
6.700
0.119
126.953
184.555
118.730
4.775
0.113
123.236
135.514
130.592
122.164
5.980
0.142
121.234
142.464
123.435
7.811
0.123
125.912
138.272
125.052
6.710
0.128
127.312
133.397
123.330
8.705
0.141
124.781
189.458
123.528
6.041
0.132
169.730
139.694
122.305
5.668
0.119
117.975
194.480
119.897
5.610
121.274
0.128
122.148
128.234
126.096
119.423
5.356
0.175
117.060
144.745
119.103
5.747
0.108
174.383
141.217
123.448
6.195
0.109
116.647
191.261
118.341
6.397
120.190
0.115
125.776
184.787
124.314
122.725
6.605
0.159
121.675
132.274
128.956
116.186
7.046
0.769
121.877
151.404
121.913
6.176
0.746
165.837
142.971
122.049
4.655
122.749
0.121
119.805
132.382
122.093
7.842
123.369
0.145
167.878
134.886
118.843
5.131
0.123
118.664
183.643
123.880
6.106
0.122
171.311
139.286
124.797
5.992
0.129
124.858
193.537
118.710
7.147
0.125
136.555
127.778
157.412
118.095
6.675
0.141
117.790
136.840
129.945
128.490
119.312
7.077
0.153
122.994
137.910
117.115
5.747
0.119
171.950
136.668
125.755
8.721
121.252
0.110
121.153
135.159
123.097
4.970
115.426
0.136
165.683
133.525
124.407
3.838
0.160
118.956
136.053
119.079
55.179
0.148
122.488
142.244
120.318
4.751
0.136
120.658
185.767
119.345
6.386
0.141
126.158
145.420
166.408
5.302
0.154
117.328
139.591
124.165
4.518
0.108
126.308
131.495
125.327
6.961
122.292
0.086
118.133
133.010
125.151
5.525
0.128
125.732
183.339
116.009
6.547
0.121
122.802
152.000
119.925
7.121
0.142
117.643
140.371
123.674
126.475
7.083
0.794
119.936
135.204
127.980
7.410
0.113
124.974
185.660
123.749
6.286
0.108
177.019
140.199
102.711
125.396
4.742
0.160
124.398
157.661
171.399
120.428
6.509
0.147
131.215
126.831
153.099
125.137
6.386
0.162
126.200
127.003
133.569
126.844
125.603
5.244
0.154
124.942
189.763
118.671
5.811
0.125
170.935
135.003
125.322
117.226
6.103
0.140
168.558
138.170
128.018
6.218
0.128
124.800
140.008
125.917
5.831
0.137
123.946
141.292
128.180
4.304
0.133
126.933
134.947
138.300
4.748
0.144
172.265
139.160
120.741
3.830
126.198
0.109
123.065
132.913
118.892
7.202
125.931
0.146
169.493
136.740
120.422
6.158
117.407
0.127
116.754
141.445
177.329
5.602
115.542
0.120
97.036
134.117
121.884
4.820
0.123
121.059
136.751
169.083
6.465
0.132
121.450
145.099
122.402
5.864
0.108
121.658
183.190
117.056
7.734
127.101
0.134
125.537
188.280
125.337
7.967
128.768
0.130
117.049
106.869
119.498
5.580
0.124
125.499
181.333
138.495
119.402
5.404
0.144
120.689
135.576
121.117
130.985
169.157
4.407
0.157
98.179
139.146
116.105
3.883
0.153
115.737
137.017
119.129
4.653
0.108
173.786
143.662
121.221
8.102
0.130
121.246
179.397
117.456
7.179
133.560
0.126
120.026
109.012
121.724
4.800
0.147
123.458
152.899
132.352
121.881
4.976
124.984
0.135
174.743
133.740
143.183
4.753
0.157
125.743
150.678
101.547
5.787
126.621
0.141
124.132
139.091
123.175
6.407
0.133
121.370
142.315
121.510
105.870
4.163
0.129
167.943
137.862
119.472
4.691
0.140
116.114
159.347
121.273
6.830
102.908
0.124
121.881
134.012
135.661
7.675
121.382
0.161
102.993
137.126
165.733
121.031
7.642
0.129
119.751
117.692
123.958
122.984
5.487
0.157
107.340
122.756
99.764
123.156
5.971
0.165
104.484
132.507
101.636
5.794
0.135
123.416
122.433
100.444
125.016
5.324
0.145
132.301
142.926
100.477
121.908
7.604
0.122
126.137
138.402
104.539
127.086
6.106
0.131
98.721
118.668
123.505
5.811
0.161
117.790
119.319
166.541
5.432
0.110
120.462
154.680
126.313
8.388
0.112
101.167
132.002
130.669
134.418
6.343
0.147
93.390
116.400
114.197
4.232
124.374
0.164
121.614
147.542
123.255
170.095
6.032
0.150
120.962
150.113
111.664
100.491
7.197
0.149
118.009
187.268
121.051
7.137
124.102
0.128
179.339
141.485
103.642
121.048
5.000
119.043
0.118
174.948
138.805
114.827
128.292
109.444
8.137
0.150
97.035
121.000
124.019
6.463
0.183
116.885
134.776
118.818
5.277
108.272
0.114
128.297
138.748
108.381
136.301
3.777
0.160
108.469
126.692
146.729
117.297
6.175
0.179
116.913
185.868
124.761
5.755
0.122
126.820
160.872
122.524
5.323
0.157
156.738
125.300
115.480
125.414
6.868
0.122
104.494
116.971
140.806
5.826
163.689
0.137
102.123
138.106
103.274
7.106
128.087
0.151
174.319
118.855
106.227
6.240
0.162
116.321
142.132
126.964
5.131
0.127
104.499
115.280
140.620
122.622
6.286
0.130
109.410
141.552
152.823
175.157
5.885
0.166
100.134
125.710
97.918
6.892
145.423
0.150
132.267
147.917
99.662
123.249
5.943
0.134
122.433
120.238
128.244
118.691
9.147
0.157
105.677
152.110
104.966
6.151
0.166
129.441
123.255
101.958
125.010
8.067
0.145
135.120
146.221
108.203
5.419
0.129
122.282
139.871
100.362
5.129
0.143
161.849
158.165
161.689
8.123
161.516
0.131
102.251
138.476
106.958
5.708
0.135
124.672
129.335
100.221
7.855
171.812
0.151
128.577
143.168
117.562
7.293
133.094
0.143
119.081
103.288
136.588
124.607
6.679
0.148
100.237
121.686
120.887
112.174
7.730
0.121
119.495
131.470
169.633
3.067
174.716
0.122
135.401
123.073
94.319
5.028
0.156
126.150
149.709
169.073
4.196
167.954
0.114
122.484
140.588
121.412
5.747
101.543
0.150
113.021
132.297
125.383
6.121
118.798
0.153
148.654
140.261
121.498
125.716
9.047
0.152
122.996
106.323
130.138
124.583
3.646
0.147
97.611
126.430
126.477
5.624
118.692
0.118
91.736
145.523
129.927
6.693
110.172
0.139
42.916
482.030
184.573
3.015
0.073
62.083
92.987
114.433
109.766
115.864
5.426
0.158
111.609
139.095
121.293
119.970
3.539
0.138
128.568
134.069
118.876
4.844
0.108
116.182
135.654
118.288
5.504
0.114
115.841
136.605
117.487
5.738
0.119
119.046
140.446
118.259
5.850
0.126
119.335
135.635
118.591
5.513
0.108
122.500
132.928
122.103
4.908
0.144
115.388
139.935
123.356
4.147
0.126
120.931
136.724
122.004
7.735
0.119
166.469
135.578
125.597
5.402
0.116
133.873
136.214
102.121
10.249
0.152
121.788
147.763
123.051
5.773
0.126
130.741
133.645
98.962
6.900
0.135
128.863
152.572
127.079
6.417
0.123
116.182
131.793
123.719
7.166
0.146
168.265
138.345
123.584
6.025
0.122
130.326
188.565
106.900
6.908
0.134
364.175
44.552
527.569
209.557
24.276
1.954
0.076
114.673
36.772
12.375
1.701
0.071
198.612
268.210
145.902
1.803
0.067
181.929
136.509
191.203
46.046
27.910
38.374
48.709
53.069
3.488
0.135
48.380
62.634
76.448
87.005
