5.623
3.028
0.801
0.011
66.722
73.471
68.809
71.638
73.297
71.807
77.558
62.307
54.522
68.097
80.516
82.052
65.454
97.654
90.899
35.855
29.148
27.265
36.299
165.461
131.948
130.683
181.544
53.355
42.881
40.326
53.125
56.975
61.657
67.678
73.667
81.921
86.819
108.738
95.662
96.748
98.597
4.790
0.282
99.169
111.123
112.938
116.854
101.245
90.754
131.314
139.575
113.531
120.166
111.182
110.272
109.770
116.079
111.822
84.553
4.548
135.296
0.320
154.344
88.305
105.882
190.659
145.812
164.383
118.096
121.424
96.711
102.200
110.294
94.521
5.021
102.604
0.317
83.145
121.901
132.208
116.288
128.632
4.253
104.288
0.203
107.910
120.369
160.041
121.341
5.233
124.127
0.201
116.236
127.225
131.638
143.717
131.150
115.415
3.996
0.168
99.857
110.043
102.738
40.151
15.900
1.801
0.060
473.458
188.795
63.217
7.216
0.107
81.715
93.787
111.980
122.538
118.446
8.348
0.192
118.333
138.980
129.861
124.466
2.677
0.167
126.317
163.570
132.456
116.899
6.006
0.142
118.878
179.563
127.200
6.602
0.125
127.563
150.077
130.212
126.670
5.339
0.159
172.339
153.762
122.833
6.839
123.934
0.116
127.218
154.081
139.437
2.893
0.132
121.909
172.283
128.366
132.323
7.407
0.705
104.543
176.969
125.028
130.542
122.451
40.566
14.289
1.715
0.078
36.199
13.415
1.650
0.060
474.474
184.268
58.190
3.970
0.097
75.561
87.938
102.279
113.188
116.412
114.043
3.036
0.169
119.145
126.737
120.635
116.702
2.478
0.149
117.947
133.361
115.800
2.381
0.130
117.058
129.816
116.223
2.082
0.121
118.672
130.470
119.208
1.995
0.110
115.965
132.721
123.593
2.228
0.114
114.973
132.036
116.536
2.239
0.116
116.520
133.122
118.751
2.364
0.116
115.971
135.510
116.122
2.242
0.111
117.651
132.294
116.652
2.652
0.113
115.404
130.204
116.516
2.279
0.123
115.963
130.158
117.260
2.377
0.117
116.423
132.057
116.352
2.410
0.114
115.065
132.408
116.997
2.947
0.115
117.079
131.723
116.741
2.981
0.119
116.465
132.614
116.109
2.567
0.128
118.827
130.943
109.757
2.929
0.125
115.398
127.269
120.371
2.555
0.138
116.561
132.602
115.134
2.534
0.110
118.063
130.348
119.246
2.455
0.121
117.017
133.739
127.535
2.588
0.117
122.549
134.633
117.376
2.623
0.136
115.744
130.876
115.717
2.916
0.123
115.984
135.345
115.593
2.573
0.124
115.993
131.614
114.791
2.610
0.117
116.872
132.559
118.885
2.719
0.134
120.883
131.661
115.997
2.660
0.130
117.974
134.339
114.761
2.721
0.111
117.280
130.528
117.512
2.739
0.119
118.953
132.728
115.198
3.010
0.124
115.746
130.457
114.751
3.389
0.113
117.383
134.212
118.969
3.352
0.113
116.914
132.292
118.315
3.678
0.122
116.310
130.776
118.867
3.124
0.114
116.015
135.148
116.453
3.335
0.118
115.083
133.444
117.392
3.243
0.121
117.536
132.833
113.866
2.557
0.128
117.282
135.647
118.031
2.747
0.122
118.669
130.629
115.093
3.383
0.119
115.937
133.753
119.492
2.871
0.126
118.053
132.935
119.625
4.054
0.131
118.783
132.013
115.008
2.903
0.120
116.368
134.714
117.584
3.109
0.135
114.594
133.477
115.314
3.211
0.113
119.780
129.963
122.092
2.997
0.122
115.159
134.201
116.115
3.182
0.128
114.269
132.818
120.407
3.310
0.119
121.519
132.493
115.503
3.193
0.124
115.081
133.524
114.135
2.891
0.115
118.607
136.900
114.112
3.113
0.123
114.793
132.699
116.275
3.289
0.116
115.419
132.593
117.120
3.004
0.115
116.075
131.802
114.693
3.171
0.127
117.036
132.198
118.006
3.801
0.131
117.103
131.903
115.173
3.377
0.142
117.431
133.090
116.599
3.203
0.110
115.866
132.227
114.904
3.481
0.129
115.748
132.211
116.849
3.537
0.124
114.951
133.091
116.016
2.928
0.117
115.663
139.048
116.390
3.131
0.115
118.912
131.307
114.891
3.239
0.117
115.390
131.697
119.869
3.276
0.125
118.773
130.610
115.156
3.694
0.126
114.795
133.776
116.453
4.105
0.122
119.235
130.800
118.756
3.114
0.131
118.011
134.701
115.335
3.893
0.114
116.921
135.865
117.553
3.371
0.123
116.561
133.407
115.456
3.808
0.127
119.353
132.505
118.397
3.400
0.131
117.471
131.688
115.250
3.216
0.126
116.742
129.266
117.300
2.976
0.121
116.565
129.505
119.247
3.501
0.128
117.924
134.960
123.684
3.045
0.127
118.476
130.647
119.409
4.352
0.125
117.239
130.336
115.841
3.836
0.127
116.010
132.791
114.479
4.273
0.130
116.008
135.385
117.066
3.616
0.125
119.817
131.632
114.810
3.612
0.115
116.678
132.915
116.623
4.005
0.120
115.693
131.484
115.933
4.612
0.108
118.826
133.393
118.069
3.189
0.133
119.007
133.697
115.860
3.632
0.120
116.359
131.231
119.099
3.354
0.123
117.592
131.622
115.082
4.586
0.139
116.809
133.802
115.700
3.521
0.133
123.251
134.173
119.007
5.422
0.124
117.144
131.487
115.665
4.335
0.104
118.213
133.670
115.004
5.472
0.131
120.399
132.985
124.230
3.772
0.116
121.823
130.999
114.434
4.833
0.113
115.420
136.310
119.320
5.266
0.126
116.220
130.179
116.275
4.186
0.134
116.824
133.814
117.097
4.256
0.124
114.193
131.798
118.636
5.429
0.116
115.797
133.688
121.481
5.352
0.136
116.974
133.070
119.509
3.466
0.114
117.120
131.944
116.347
4.905
0.134
115.767
134.611
119.800
5.015
0.117
116.138
131.309
119.612
3.823
0.109
118.496
132.522
117.301
4.254
0.115
116.568
135.760
113.292
3.732
0.152
118.107
132.177
115.161
4.178
0.106
117.459
133.046
121.537
4.850
0.109
120.870
136.358
119.336
4.294
0.116
117.511
133.107
118.607
3.662
0.097
118.094
132.361
113.667
3.944
0.113
122.652
133.591
114.919
4.410
0.107
114.272
134.035
116.632
3.192
0.095
116.059
136.623
116.612
4.036
0.101
122.334
131.417
115.478
5.257
0.114
118.185
135.236
115.572
3.731
0.103
116.783
132.126
117.609
4.097
0.107
120.847
138.683
116.506
3.456
0.117
114.834
133.894
114.897
4.063
0.101
116.010
139.088
116.438
4.049
0.105
114.917
134.847
116.276
4.971
0.104
115.572
132.398
117.272
4.151
0.136
114.770
137.340
116.513
3.817
0.104
116.513
135.865
119.349
3.851
0.114
115.028
131.129
121.111
4.722
0.098
115.398
137.103
118.707
4.956
0.102
116.982
134.638
116.074
4.511
0.100
115.607
130.853
117.101
5.440
0.121
116.738
132.706
119.001
5.943
0.112
118.655
136.882
117.433
4.564
0.114
120.374
133.289
115.147
4.816
0.107
115.978
133.320
114.183
4.846
0.128
114.234
130.793
114.280
4.222
0.104
116.621
134.360
121.241
4.381
0.104
117.824
139.217
120.076
5.363
0.120
115.965
136.946
116.958
5.208
0.101
118.309
133.302
119.561
5.908
0.116
119.089
131.426
117.964
5.794
0.124
116.235
133.823
116.410
4.631
0.102
119.235
129.052
117.227
4.344
0.110
118.733
135.438
120.322
4.819
0.102
115.609
132.855
119.345
4.453
0.466
115.886
132.812
119.253
5.107
0.126
117.593
137.062
121.924
4.160
0.109
120.105
131.173
115.954
4.146
0.108
116.176
133.676
118.010
5.043
0.123
117.630
135.346
116.002
3.563
0.113
120.289
134.087
117.435
4.730
0.112
115.839
132.098
117.130
5.512
0.126
117.642
133.649
117.776
5.383
0.113
120.082
135.104
114.491
4.175
0.102
117.426
141.790
118.622
5.849
0.096
119.573
134.904
123.488
4.639
0.104
117.077
130.809
114.804
4.469
0.113
117.497
138.259
118.908
3.915
0.117
115.375
135.804
117.580
6.022
0.114
116.016
132.067
118.649
5.101
0.124
121.214
130.055
115.610
5.903
0.107
119.613
136.030
126.237
4.327
0.113
117.588
127.138
114.325
3.631
0.125
120.057
136.778
125.996
4.362
0.119
118.967
135.433
120.032
4.244
0.095
116.278
136.758
118.287
4.049
0.108
120.499
131.540
121.753
4.628
0.116
117.216
134.611
113.805
5.814
0.102
117.796
136.184
118.832
3.875
0.117
116.255
129.123
118.886
5.431
0.107
118.942
136.782
116.542
6.219
0.120
114.570
132.738
114.339
6.495
0.102
114.595
137.634
118.426
3.020
0.108
116.686
136.542
119.754
6.238
0.104
117.539
137.730
118.073
4.157
0.134
118.052
133.523
115.245
5.021
0.111
119.248
134.284
118.872
4.523
0.107
118.352
132.734
124.223
4.914
0.108
116.307
134.842
120.379
4.809
0.117
117.159
130.966
120.612
5.898
0.126
122.140
132.413
116.841
6.236
0.110
121.259
137.937
117.961
5.707
0.125
117.422
131.395
119.251
4.920
0.113
119.569
133.269
118.844
6.410
0.126
114.006
135.674
115.918
5.678
0.132
119.422
130.644
115.549
4.889
0.102
122.976
137.060
118.621
6.532
0.109
117.727
134.231
121.392
6.430
0.103
115.038
132.673
116.874
6.843
0.112
117.724
138.057
114.044
4.236
0.103
120.460
135.052
115.795
6.079
0.122
117.500
134.151
122.488
5.650
0.101
115.291
136.281
114.935
5.374
0.108
117.823
136.231
115.401
4.817
0.111
117.566
134.527
118.574
5.834
0.105
115.651
131.585
120.142
7.059
0.111
117.015
134.133
116.755
4.864
0.118
114.675
135.392
118.961
2.933
0.111
120.117
132.619
120.305
5.409
0.121
116.455
132.624
118.861
6.893
0.102
119.191
140.356
115.897
6.414
0.119
117.480
134.336
116.101
5.983
0.132
116.124
134.890
118.291
4.773
0.114
115.799
134.434
116.661
5.773
0.103
124.369
133.447
114.315
5.561
0.115
117.327
132.606
120.286
5.184
0.120
118.026
137.952
121.973
6.888
0.121
116.310
132.278
116.939
5.918
0.121
117.713
135.674
119.227
5.825
0.126
119.888
134.013
116.974
4.148
0.121
116.807
138.723
117.277
4.192
0.115
118.385
131.914
116.619
6.286
0.116
122.881
133.604
120.431
7.195
0.120
122.567
134.281
117.262
4.612
0.121
114.350
139.499
118.913
4.123
0.106
116.714
136.859
116.168
4.508
0.116
125.538
136.290
115.968
4.738
0.110
120.412
134.202
119.306
7.316
0.115
119.270
130.939
115.178
6.418
0.106
116.605
148.228
119.093
6.389
0.126
122.631
130.203
114.891
4.224
0.119
121.591
135.194
117.339
3.413
0.120
123.977
132.720
117.891
6.274
0.117
118.253
130.862
118.411
4.913
0.114
116.766
133.777
120.345
7.627
0.118
117.792
132.207
118.554
4.428
0.123
117.875
132.620
118.321
3.980
0.123
119.273
136.408
118.863
6.639
0.109
116.345
134.197
120.073
5.472
0.123
115.955
137.756
121.583
3.377
0.124
118.141
136.109
116.486
3.702
0.124
117.197
134.024
115.323
2.922
0.117
118.614
136.865
118.030
5.161
0.119
124.325
132.675
121.178
4.891
0.124
117.591
133.655
124.093
6.775
0.115
116.602
132.914
120.526
7.295
0.113
119.896
136.367
116.462
7.283
0.119
117.652
138.092
116.832
4.748
0.114
121.850
131.090
120.751
5.604
0.121
120.318
132.815
115.505
7.239
0.131
119.312
131.122
117.494
6.821
0.122
116.490
137.610
121.175
5.979
0.121
117.583
130.720
114.903
3.635
0.113
122.458
130.635
121.629
4.673
0.132
115.767
134.567
114.864
4.902
0.117
121.047
134.984
117.891
7.310
0.114
118.179
130.472
116.689
3.881
0.099
116.443
138.100
117.918
4.882
0.127
120.462
131.615
120.288
4.339
0.132
117.569
133.711
117.429
2.240
0.132
119.890
137.170
119.278
4.761
0.112
117.638
136.734
118.190
6.347
0.125
117.572
133.169
117.757
6.914
0.122
118.533
136.408
118.717
5.006
0.139
121.301
133.769
119.574
6.855
0.131
118.240
137.041
117.003
5.718
0.132
119.896
134.794
118.239
6.326
0.130
117.259
134.678
115.990
4.141
0.120
119.075
136.938
120.303
4.330
0.122
119.027
135.483
114.320
6.666
0.124
118.087
133.806
118.045
5.256
0.130
121.826
135.158
116.871
4.574
0.121
119.785
134.120
122.433
3.276
0.115
115.117
134.548
121.947
5.283
0.116
116.041
137.876
125.963
4.091
0.143
128.800
133.321
119.631
5.056
0.128
123.977
133.020
123.258
5.108
0.132
120.076
137.518
120.481
5.263
0.114
114.705
138.268
116.781
6.729
0.113
118.430
133.797
116.088
6.121
0.132
115.300
135.524
118.920
5.025
0.099
116.873
136.120
114.387
4.559
0.108
116.318
136.942
115.504
5.273
0.107
120.965
131.632
116.320
5.071
0.127
114.731
136.705
122.391
7.600
0.108
117.375
135.364
116.589
7.159
0.118
120.307
138.680
116.288
4.873
0.107
121.866
134.316
119.785
4.657
0.119
118.769
139.637
116.086
6.014
0.116
116.559
137.991
116.546
6.272
0.122
120.370
137.540
121.444
7.931
0.128
115.851
137.231
117.116
5.942
0.140
120.149
135.528
116.592
4.869
0.129
119.888
134.910
120.219
5.446
0.128
121.655
134.451
117.215
5.081
0.147
119.548
136.550
125.876
5.470
0.137
118.517
137.037
118.806
4.371
0.109
117.194
136.780
116.475
7.494
0.129
117.218
137.986
125.477
5.943
0.106
114.926
132.501
119.757
4.479
0.134
121.523
138.969
116.877
4.217
0.115
119.104
132.323
118.075
7.863
0.122
114.719
138.326
118.828
5.493
0.126
116.645
134.432
120.511
4.561
0.134
115.323
136.143
118.430
7.554
0.105
117.557
139.239
119.261
3.938
0.124
117.573
135.521
118.395
4.261
0.115
115.837
136.322
123.493
5.323
0.130
120.930
131.042
120.161
4.879
0.125
115.026
135.355
118.875
6.282
0.107
115.567
137.363
119.958
5.128
0.119
121.575
135.146
119.893
6.600
0.117
120.121
138.297
119.382
7.294
0.116
117.326
134.464
120.573
6.529
0.106
116.270
133.821
114.580
4.899
0.137
117.927
132.814
114.238
6.116
0.137
128.459
137.276
121.183
7.245
0.144
121.068
134.292
120.687
3.483
0.118
116.773
133.229
117.270
3.926
0.139
115.860
141.172
121.579
5.620
0.118
114.728
138.848
117.286
6.248
0.130
122.554
133.693
120.089
5.198
0.119
125.536
139.842
118.160
5.550
0.122
114.821
131.751
118.438
6.793
0.124
119.057
142.415
121.129
6.760
0.133
116.429
132.416
116.782
4.009
0.116
122.581
143.560
119.272
8.027
0.138
117.440
141.500
117.816
8.075
0.130
116.072
132.513
116.749
6.359
0.135
114.922
131.983
122.202
5.923
0.783
119.233
133.757
116.934
4.676
0.124
122.278
139.825
120.968
5.634
0.103
117.579
132.406
122.773
5.309
0.109
119.974
131.141
118.539
4.337
0.113
119.710
134.253
118.198
7.192
0.103
116.860
135.849
117.625
3.965
0.133
121.881
133.670
116.424
5.581
0.125
118.375
134.721
117.123
3.771
0.129
119.310
132.144
120.096
5.189
0.130
121.596
133.195
118.348
5.165
0.153
119.600
142.193
121.596
3.053
0.117
118.513
136.088
117.004
7.675
0.147
170.342
136.438
123.035
7.837
0.133
124.355
131.413
124.551
4.037
0.127
119.314
131.265
115.551
7.287
0.116
119.777
136.869
126.652
6.645
0.144
123.278
133.831
118.915
4.964
0.133
121.159
137.869
118.249
4.912
0.113
117.027
136.597
118.935
3.954
0.124
121.261
134.244
119.527
4.884
0.133
118.030
136.151
115.848
4.457
0.122
120.783
136.839
116.550
6.228
0.138
123.163
136.885
120.010
53.917
0.135
121.356
136.687
119.676
4.743
0.123
116.985
131.998
116.894
4.953
0.134
119.441
136.012
120.090
6.298
0.118
121.135
139.550
116.681
5.788
0.128
122.377
142.460
121.900
7.835
0.124
172.005
137.540
119.488
6.044
0.130
115.697
136.719
117.620
3.136
0.185
130.345
141.090
122.012
8.037
0.120
117.680
132.519
119.504
3.761
0.129
118.027
139.106
122.282
3.319
0.122
113.251
131.288
114.984
4.770
0.130
118.007
135.198
119.014
4.639
0.129
116.560
133.562
119.667
5.381
0.130
121.657
137.792
119.144
6.278
0.118
120.001
140.841
127.184
4.607
0.117
118.807
131.731
120.225
3.381
0.123
117.826
136.333
114.196
5.177
0.127
119.360
137.826
122.250
4.726
0.140
119.415
135.569
115.905
5.260
0.129
123.212
139.615
121.122
5.515
0.124
119.788
137.351
119.427
5.184
0.120
115.379
133.773
123.430
7.728
0.120
119.644
132.371
116.331
6.615
0.138
119.263
136.213
124.845
4.497
0.130
122.719
130.959
118.482
4.302
0.131
122.686
134.927
119.831
5.588
0.122
120.252
136.517
124.078
8.250
0.110
122.802
143.300
116.992
5.744
0.124
120.558
139.719
119.876
4.233
0.127
117.412
136.831
115.698
4.246
0.134
123.310
136.209
115.894
5.766
0.120
121.067
136.477
122.158
3.530
0.133
121.254
136.756
119.657
6.182
0.120
121.703
136.260
117.429
3.832
0.118
116.861
136.736
119.172
5.841
0.137
127.003
137.375
119.494
4.029
0.130
119.450
131.719
116.187
5.680
0.119
117.277
139.680
115.482
5.921
0.126
119.813
130.426
119.203
117.646
8.708
0.126
117.885
133.129
115.802
6.944
0.146
122.726
141.995
116.918
7.357
0.133
120.547
138.776
123.326
6.156
0.124
123.845
132.192
116.707
3.736
0.136
118.071
136.981
118.000
4.165
0.099
166.271
137.823
131.426
7.953
0.117
122.618
139.478
125.038
6.597
0.130
121.249
134.823
118.851
4.836
0.135
170.786
135.016
121.292
4.620
0.125
126.222
142.954
123.130
9.000
0.128
120.142
129.982
120.700
6.358
0.118
125.044
138.653
117.778
4.651
0.127
117.044
134.171
118.587
6.657
0.126
121.944
139.664
116.917
3.596
0.118
118.189
140.867
122.808
5.567
0.129
120.211
136.537
122.172
6.301
0.150
120.221
134.506
120.040
3.637
0.133
119.884
138.842
119.270
5.438
0.129
170.741
140.821
120.856
7.404
0.133
168.105
137.164
124.023
5.768
0.121
153.510
135.161
121.475
5.384
0.114
123.148
137.201
125.804
4.728
0.114
116.301
134.211
119.768
9.432
0.127
115.858
136.912
116.704
5.928
0.134
120.162
137.801
117.284
5.217
0.125
119.591
134.973
118.599
6.401
0.136
119.035
134.435
116.378
4.982
0.132
116.077
134.697
115.667
3.971
0.133
117.909
132.861
119.993
6.391
0.132
116.708
133.401
114.760
4.925
0.119
119.853
138.080
121.293
7.755
0.120
124.740
138.117
122.958
7.832
0.135
166.703
137.073
121.393
8.860
0.136
116.211
141.434
121.026
8.111
0.141
124.785
138.202
122.055
6.657
0.136
121.335
135.599
116.177
4.517
0.151
117.410
133.703
120.625
4.698
0.129
122.174
136.370
118.193
5.993
0.120
118.563
137.052
120.047
7.006
0.123
123.017
133.775
117.857
5.776
0.115
117.754
136.277
118.384
7.819
0.129
121.963
132.484
121.669
6.204
0.124
116.752
138.785
122.477
5.012
0.126
174.941
137.759
115.735
6.922
0.117
123.904
135.524
123.497
4.324
0.114
116.696
142.622
116.693
5.269
0.132
119.598
135.924
115.969
3.636
0.125
121.333
141.363
116.848
6.087
0.123
120.840
149.265
123.064
7.494
0.137
96.170
134.562
121.155
7.953
0.151
119.132
136.854
120.083
7.768
0.117
164.738
141.798
119.428
3.336
0.138
119.726
133.237
119.301
4.972
0.131
122.108
131.085
117.000
5.334
0.165
118.084
140.989
119.528
6.604
0.105
115.514
130.829
113.885
7.237
0.129
118.271
136.531
123.311
6.961
0.115
123.947
134.697
117.726
2.751
0.138
126.676
135.123
121.422
5.712
0.121
120.170
134.301
114.717
4.735
0.112
127.356
130.818
117.048
6.757
0.125
125.373
141.843
118.577
4.854
0.111
169.605
135.483
122.304
4.367
0.135
120.449
138.317
115.190
7.886
0.121
122.068
131.756
120.660
4.424
0.121
117.042
145.720
120.185
5.630
0.117
124.085
139.452
119.063
4.624
0.122
117.298
132.805
115.177
6.399
0.129
115.781
131.840
123.488
5.572
0.115
115.356
137.811
121.977
6.458
0.149
173.104
135.741
116.498
6.973
0.122
122.569
136.679
124.925
5.800
0.115
120.176
140.121
118.404
6.327
0.127
174.452
134.793
116.710
5.545
0.117
118.591
132.088
118.723
7.003
0.118
120.775
144.861
121.212
6.403
0.129
168.185
138.506
126.189
4.853
0.122
171.157
139.863
121.798
6.209
0.140
122.448
138.982
123.345
6.506
0.133
167.630
137.439
116.143
4.051
0.111
125.328
135.488
118.648
6.916
0.136
119.702
136.989
119.866
5.125
0.138
126.171
135.523
120.044
2.510
0.121
119.486
140.456
118.339
5.806
0.135
170.760
133.982
120.425
5.868
0.120
127.586
136.743
117.239
5.889
0.123
118.960
148.497
126.659
6.289
0.123
116.150
137.395
116.179
6.070
0.127
122.636
137.726
116.132
6.636
0.135
118.606
141.445
120.441
5.350
0.126
122.630
134.062
115.869
6.588
0.121
119.997
136.004
128.257
4.900
0.140
125.575
140.397
119.207
6.556
0.131
124.435
137.761
114.431
5.302
0.127
122.274
151.818
118.022
5.268
0.119
119.882
135.615
117.508
8.446
0.142
117.882
140.816
122.442
6.773
0.153
125.434
136.668
119.103
5.544
0.131
127.755
143.043
122.022
5.212
0.149
121.569
137.996
116.228
5.348
0.153
121.464
186.735
118.977
4.861
0.130
172.166
145.904
120.884
6.727
0.122
120.012
132.373
123.878
5.659
0.148
118.148
137.559
121.980
7.226
0.114
123.543
140.933
115.716
5.289
0.126
116.348
179.593
119.960
5.845
0.115
168.211
136.861
117.763
6.746
0.110
124.208
134.610
127.192
9.274
0.125
168.384
137.917
115.717
5.524
0.105
116.539
177.146
120.356
5.513
0.120
119.819
134.232
116.310
6.168
0.134
120.095
191.247
122.024
7.261
0.108
119.487
140.101
121.639
121.485
6.254
0.146
118.165
146.207
120.902
5.854
0.136
123.413
131.327
120.353
3.779
0.126
121.007
138.778
126.530
6.878
0.114
129.489
134.763
100.265
8.391
0.131
128.577
162.487
124.834
4.949
0.108
122.496
139.076
156.466
7.220
125.423
0.122
117.888
128.030
123.122
7.179
0.133
175.896
135.725
97.111
7.511
0.145
124.709
153.527
118.694
7.472
0.126
169.176
130.913
117.976
3.506
124.351
0.139
172.181
135.562
120.724
4.882
0.145
118.431
140.858
121.141
2.793
0.112
119.959
133.249
117.528
5.716
0.131
119.874
188.264
118.269
2.862
0.119
120.627
135.961
119.484
7.593
0.116
167.372
140.320
121.870
7.400
0.121
122.327
131.126
121.041
4.599
0.129
168.188
131.977
116.578
5.743
0.130
121.411
186.939
117.664
5.532
0.127
120.176
138.494
119.142
5.234
0.124
121.030
139.455
119.888
4.344
0.116
119.230
133.851
121.338
5.853
0.134
116.748
138.925
125.058
7.085
0.144
121.212
183.366
128.540
6.014
128.910
0.136
120.221
138.377
118.991
4.828
0.165
121.595
138.096
120.995
6.087
0.131
125.201
187.093
117.601
2.802
0.123
118.204
139.663
178.053
120.210
3.862
0.139
132.462
132.172
112.663
121.364
5.278
0.147
123.448
136.592
129.918
118.960
6.842
0.153
119.430
143.623
126.536
7.544
0.139
124.595
134.514
119.289
5.086
0.141
120.388
141.086
124.919
6.747
0.133
121.207
134.869
175.903
4.285
0.118
119.154
112.284
115.999
6.173
0.131
118.440
142.673
117.600
3.248
0.120
119.765
134.664
171.940
6.153
0.130
116.887
136.892
126.730
122.509
8.555
0.148
130.125
133.889
96.257
5.534
0.151
123.196
146.395
117.742
5.538
0.110
168.029
139.631
120.216
5.590
0.108
116.800
183.078
127.947
4.674
0.120
125.543
141.194
119.154
7.605
0.133
124.850
137.857
124.496
6.964
124.427
0.129
167.620
131.157
114.166
5.588
0.152
122.662
139.559
122.679
4.829
0.125
120.300
134.627
172.466
5.902
0.137
126.787
138.554
115.468
4.605
0.148
120.201
190.415
120.903
3.882
0.164
123.040
134.299
175.062
5.401
0.131
126.643
138.335
126.269
127.244
4.370
0.119
122.560
137.631
122.310
5.590
0.144
129.009
135.951
99.998
7.655
0.155
125.434
203.749
124.226
5.488
0.115
123.722
130.282
173.506
4.974
0.122
120.758
142.029
134.867
5.677
128.491
0.121
149.007
110.901
114.273
4.196
0.145
126.244
142.806
98.351
6.917
123.036
0.120
173.773
146.916
168.435
4.058
0.131
130.335
134.414
100.180
4.869
0.142
122.795
193.064
126.709
6.692
0.129
133.127
125.680
143.935
5.118
0.129
119.489
157.178
122.669
5.010
0.132
104.444
184.088
101.096
6.379
0.122
123.594
191.214
121.767
115.876
126.871
4.430
0.133
126.781
139.947
125.164
120.246
7.840
124.246
0.154
113.697
127.365
115.980
122.416
2.106
0.150
121.454
135.477
115.668
129.719
7.869
0.118
115.580
108.324
116.643
8.139
0.147
122.243
193.594
116.394
6.602
118.664
0.115
118.748
174.171
118.181
6.801
0.751
120.979
141.004
177.352
115.453
4.585
0.142
122.461
131.916
131.931
124.175
4.287
0.128
121.766
143.985
126.067
4.057
0.125
122.081
136.294
120.043
7.730
168.847
0.117
119.387
140.046
123.842
3.852
0.136
167.744
144.298
168.335
5.330
0.102
129.094
138.674
103.477
6.566
131.070
0.147
129.096
139.482
95.600
5.607
124.065
0.101
120.745
139.615
127.246
2.732
0.146
120.082
111.472
169.543
4.786
0.134
128.623
146.755
124.314
6.174
0.114
126.241
135.742
132.026
4.751
0.128
165.576
116.163
121.213
6.675
0.141
122.707
164.742
119.542
6.471
100.434
0.116
137.175
131.328
96.231
120.517
4.906
0.175
163.860
148.741
166.906
6.947
170.128
0.115
122.255
132.105
121.282
7.360
0.149
117.605
132.925
172.542
6.036
0.123
119.704
139.234
125.007
7.144
0.118
121.024
139.312
116.635
8.172
126.740
0.117
122.942
183.670
117.643
3.569
0.442
121.899
138.188
124.671
6.832
0.115
124.233
136.940
119.627
5.063
0.128
123.608
146.574
130.176
5.012
0.125
116.720
190.166
123.518
3.465
0.124
101.766
133.440
123.465
8.234
173.245
0.143
123.705
187.692
124.888
6.099
125.951
0.111
126.075
117.922
124.029
4.117
0.164
124.450
187.368
128.023
126.994
2.888
0.132
126.037
133.991
129.960
120.162
7.231
0.151
95.781
145.867
128.845
129.430
5.956
0.140
130.178
130.631
97.826
115.505
6.342
0.150
122.667
153.401
166.803
6.301
0.124
173.839
143.090
102.227
3.626
121.480
0.118
136.046
151.447
147.455
6.601
127.946
0.121
118.188
119.086
120.065
6.379
127.150
0.127
126.952
137.733
106.027
6.970
0.159
119.185
132.603
121.598
121.892
5.796
0.106
124.268
133.390
118.240
7.245
117.758
0.119
127.690
128.172
98.197
7.919
123.619
0.153
170.807
148.419
166.046
6.432
0.140
122.246
129.046
123.632
125.873
8.389
0.137
122.574
132.168
123.912
130.009
2.648
0.133
110.737
110.533
122.214
5.113
0.142
125.660
207.561
118.384
101.164
6.442
0.130
119.967
132.328
118.310
3.846
127.782
0.124
124.886
112.160
100.775
3.636
122.177
0.152
173.822
143.232
121.579
124.331
5.432
0.151
118.889
120.986
124.090
5.827
128.152
0.125
129.900
165.659
118.490
123.284
3.295
0.139
125.540
118.936
102.017
129.040
3.827
0.137
165.833
138.145
130.031
130.002
4.965
124.203
0.154
96.026
142.331
118.732
123.642
4.928
0.132
121.400
138.767
118.324
8.198
129.202
0.126
126.780
121.366
121.462
6.444
126.034
0.130
123.303
118.001
130.131
2.188
130.163
0.156
102.781
129.166
108.805
3.305
0.161
113.745
125.094
127.448
128.565
6.261
0.131
126.752
140.911
105.282
127.492
6.330
0.150
142.751
119.294
135.902
3.993
0.151
169.185
120.333
95.393
120.467
8.145
120.819
0.149
117.020
145.204
125.981
125.950
4.404
0.151
96.611
125.147
122.206
4.185
0.155
98.211
190.697
127.269
5.631
125.549
0.108
121.297
135.074
129.406
5.799
0.128
121.743
122.484
125.160
129.285
6.262
0.130
133.054
148.464
113.731
117.153
5.061
0.146
103.675
156.273
103.391
8.592
120.889
0.154
122.949
132.275
181.959
6.795
119.033
0.127
112.890
135.787
101.495
125.672
7.756
0.154
122.390
129.167
104.989
100.413
7.542
120.842
0.161
116.675
140.506
127.514
110.849
5.013
0.147
98.440
137.963
101.039
120.462
4.663
0.165
101.156
143.501
124.108
5.310
0.150
122.423
155.556
124.876
108.310
7.330
0.121
127.634
165.090
121.241
5.831
0.155
124.232
136.268
137.881
118.168
4.889
129.498
0.141
123.586
107.212
146.612
169.865
6.590
0.159
120.638
151.775
128.593
122.261
5.021
0.133
124.112
142.851
96.768
5.365
118.968
0.115
112.257
141.940
121.829
127.396
6.031
0.142
121.194
175.080
144.939
116.570
5.674
0.160
126.693
167.797
121.557
179.528
101.558
5.333
0.181
94.588
111.555
109.620
159.819
4.042
0.181
115.749
39.610
489.948
181.503
3.180
0.081
61.156
86.221
105.580
102.178
108.372
112.994
6.183
0.160
115.342
135.078
119.199
120.875
5.585
0.134
119.713
131.444
116.030
4.973
0.112
117.280
130.594
122.047
5.793
0.119
120.986
136.534
119.422
5.747
0.103
122.018
138.265
117.901
7.261
0.116
129.336
139.265
120.995
6.432
0.115
117.633
137.730
125.391
5.668
0.120
122.111
136.828
121.250
4.434
0.117
120.879
139.451
124.022
4.644
0.126
118.922
140.896
123.536
7.194
0.132
132.464
137.049
102.307
8.162
0.131
122.945
149.707
121.498
6.129
0.128
121.902
136.734
122.087
6.364
0.142
134.948
137.404
99.081
4.591
0.135
127.695
148.737
107.198
1.845
0.106
42.448
541.236
221.730
1.848
0.080
37.425
12.256
1.645
0.054
597.074
381.633
84.191
1.899
0.073
135.190
70.624
38.816
46.861
4.018
0.125
58.497
63.788
81.471
86.127
83.983
3.544
0.083
