5.380
3.051
0.832
0.010
61.887
79.973
79.598
72.760
76.305
85.900
78.181
44.803
54.352
69.423
62.627
62.304
61.581
82.306
108.805
29.447
23.866
34.236
38.411
170.952
163.543
120.502
184.468
57.936
43.965
44.868
56.565
58.829
64.373
69.619
75.507
81.082
89.888
92.506
93.442
96.565
4.745
0.265
98.028
109.089
113.882
115.343
112.274
94.708
126.993
124.876
111.865
112.723
116.136
109.434
110.661
115.109
113.718
88.667
85.086
8.190
0.344
85.233
80.750
107.683
148.305
140.139
117.875
126.458
113.337
101.639
116.105
95.073
92.093
3.882
88.250
0.327
83.460
83.160
189.120
147.255
129.794
97.626
94.834
2.041
0.243
110.807
155.829
143.496
144.740
40.349
12.674
2.038
0.092
477.886
191.415
61.143
7.385
0.106
78.393
90.234
102.191
116.641
126.160
117.607
54.015
0.180
116.877
138.695
133.128
121.856
3.941
0.157
142.020
152.903
123.392
3.940
0.125
127.241
136.989
120.160
5.035
0.133
117.710
194.258
123.993
6.028
129.567
0.160
121.732
199.314
125.122
4.726
0.166
105.284
138.636
164.201
132.888
4.160
126.800
0.166
104.256
125.759
185.279
135.785
124.243
117.835
4.602
0.863
120.538
132.480
136.873
176.357
2.611
0.143
126.369
144.377
130.262
125.034
6.457
0.139
127.022
142.329
137.568
5.163
128.357
0.111
107.926
141.268
173.733
51.013
0.174
174.236
133.061
125.516
128.768
125.727
4.129
0.194
105.784
148.443
40.307
14.284
1.808
0.066
37.715
14.307
1.734
0.073
470.813
186.265
60.261
3.791
0.101
84.892
96.692
109.376
114.245
3.237
0.157
115.737
134.001
127.960
119.550
2.633
0.145
117.956
133.807
116.677
2.629
0.128
117.911
131.556
117.397
2.718
0.126
117.507
137.909
116.724
2.180
0.119
116.712
133.797
117.415
2.435
0.116
117.243
133.351
116.090
2.382
0.122
116.889
133.515
120.032
2.491
0.122
117.223
131.288
117.190
2.524
0.120
116.818
134.704
119.581
2.911
0.118
117.651
132.491
116.631
3.093
0.119
117.649
130.833
117.099
2.605
0.119
117.755
132.399
117.310
2.806
0.114
115.742
130.927
116.122
2.725
0.129
117.157
131.344
116.855
3.256
0.127
116.688
132.738
116.206
2.849
0.133
118.442
130.759
119.791
2.797
0.123
117.072
132.895
91.589
3.212
0.116
102.138
133.695
121.834
3.556
0.120
117.676
130.490
116.039
2.865
0.128
118.982
140.066
123.904
2.751
0.112
120.174
131.659
120.888
2.991
0.124
118.149
132.357
120.386
2.955
0.118
117.588
130.497
121.527
2.987
0.120
118.340
135.559
117.772
3.738
0.130
122.093
133.045
120.232
3.641
0.112
117.556
134.173
118.658
3.203
0.127
120.485
129.554
119.380
3.165
0.122
116.006
131.856
117.065
3.258
0.128
118.368
130.108
119.988
3.142
0.126
119.192
138.398
119.261
3.114
0.123
123.200
131.887
116.465
3.303
0.117
120.076
133.425
116.942
3.142
0.131
117.873
132.565
118.316
3.128
0.129
117.208
128.761
116.768
3.355
0.129
120.897
133.670
116.140
3.488
0.123
118.058
131.779
118.338
3.380
0.134
116.816
135.080
117.438
3.395
0.117
117.146
134.291
121.471
4.021
0.117
116.807
132.734
119.617
3.335
0.133
118.959
132.121
117.960
3.650
0.125
119.464
138.628
117.024
3.369
0.125
116.674
132.064
118.889
3.626
0.153
117.013
133.683
117.480
3.529
0.145
118.554
132.296
125.954
3.647
0.126
116.601
136.097
118.341
4.292
0.129
118.486
135.039
117.298
3.864
0.133
116.325
131.935
121.135
3.706
0.120
121.625
131.837
117.922
3.500
0.123
117.720
132.559
122.920
3.592
0.125
118.448
133.386
121.614
3.668
0.136
116.609
132.029
117.983
3.682
0.123
118.496
134.512
117.773
3.656
0.122
118.202
131.622
116.525
3.702
0.129
116.544
134.439
117.606
3.657
0.135
119.607
135.449
116.930
3.952
0.131
118.483
132.726
118.302
3.868
0.122
117.835
133.410
122.532
3.799
0.144
116.918
134.198
120.895
3.649
0.124
117.212
135.719
117.524
3.746
0.132
118.406
131.744
118.366
3.990
0.129
116.382
130.772
115.804
3.702
0.140
117.721
131.850
116.883
3.962
0.134
117.587
133.570
123.434
4.108
0.125
117.439
132.215
115.425
3.995
0.124
120.346
132.473
116.956
4.048
0.129
119.962
133.501
118.386
4.567
0.122
116.968
137.108
116.144
3.710
0.159
116.605
135.062
120.056
4.105
0.125
117.709
130.843
116.747
4.078
0.129
121.900
133.571
121.071
4.374
0.146
119.906
135.475
116.415
4.434
0.127
116.773
132.203
119.608
4.233
0.135
119.238
138.713
117.731
5.045
0.140
117.991
135.749
116.264
4.298
0.132
122.450
130.289
117.713
4.097
0.134
115.589
133.443
117.583
4.926
0.125
118.467
135.424
122.410
4.619
0.128
119.807
133.542
117.754
4.064
0.152
116.754
132.021
116.038
4.270
0.135
121.778
132.196
116.694
5.780
0.128
118.259
130.023
117.578
4.936
0.119
116.298
132.558
118.452
5.203
0.122
116.145
132.577
119.100
4.634
0.133
120.353
133.520
121.882
5.624
0.120
117.315
133.395
117.107
6.195
0.130
116.772
134.377
119.160
4.179
0.127
125.593
137.537
119.267
4.224
0.127
120.303
132.905
120.204
4.086
0.126
119.031
135.428
122.537
5.141
0.137
115.252
134.021
121.292
4.058
0.117
122.270
138.219
117.512
4.035
0.132
119.674
132.485
117.457
5.110
0.114
118.447
131.060
118.834
5.043
0.107
120.937
132.663
117.126
4.443
0.838
119.341
137.818
117.428
4.531
0.122
118.575
129.868
117.492
4.256
0.108
119.713
135.695
117.216
4.635
0.100
116.306
132.550
118.534
3.926
0.117
124.261
134.194
122.192
4.991
0.102
115.822
136.242
122.105
4.392
0.113
118.157
138.034
117.006
6.492
0.102
118.565
135.174
119.830
4.881
0.112
117.992
136.488
118.375
4.954
0.100
117.340
134.817
119.961
4.898
0.104
117.842
128.891
120.700
4.458
0.146
121.403
131.480
116.694
4.491
0.123
118.557
134.965
116.390
5.355
0.103
120.868
136.605
123.311
4.775
0.101
125.409
135.476
118.343
5.253
0.121
120.728
133.794
122.451
5.156
0.105
115.822
136.805
122.042
5.295
0.103
117.165
136.023
118.593
5.427
0.117
119.699
135.849
119.690
5.749
0.120
115.873
134.192
117.760
5.031
0.103
118.614
138.536
118.205
4.188
0.118
122.245
131.980
116.171
4.713
0.126
116.363
133.703
116.822
4.686
0.104
116.067
133.632
119.721
4.484
0.121
120.120
135.561
121.376
4.064
0.107
121.576
137.237
116.775
6.068
0.101
118.657
131.890
120.457
6.186
0.122
115.199
134.278
116.482
4.275
0.579
128.613
129.905
118.351
5.176
0.121
119.248
135.759
117.428
6.092
0.112
116.647
132.029
118.533
5.089
0.112
119.273
136.417
113.480
4.896
0.104
118.281
135.900
121.143
5.577
0.111
116.288
134.913
123.364
4.419
0.122
119.419
133.566
115.703
5.251
0.113
118.220
132.000
118.154
5.653
0.115
118.042
137.275
120.666
5.662
0.108
117.162
133.642
117.331
6.038
0.106
122.225
134.100
116.887
5.372
0.111
118.301
138.391
115.113
5.664
0.122
120.816
135.630
119.983
5.873
0.113
120.682
131.495
120.115
5.721
0.109
118.414
137.516
118.911
5.783
0.106
119.932
131.230
119.426
4.164
0.105
117.934
138.159
117.420
4.828
0.102
120.176
132.104
119.567
5.892
0.104
118.843
135.068
120.159
4.659
0.133
115.240
136.059
116.813
4.242
0.097
119.062
132.587
118.880
5.042
0.130
124.303
131.086
116.333
5.301
0.109
118.149
137.884
119.513
5.504
0.123
115.799
132.901
117.936
6.180
0.113
119.457
135.010
114.474
47.789
0.101
119.713
134.546
117.559
4.075
0.104
116.667
133.468
119.115
4.810
0.099
119.013
131.045
119.570
5.847
0.117
116.853
132.674
121.332
4.978
0.103
118.436
140.125
123.440
5.041
0.112
118.178
132.718
117.389
5.436
0.119
116.008
140.319
119.291
5.025
0.104
115.098
137.465
120.297
5.513
0.124
117.755
134.806
117.952
5.009
0.095
119.203
136.330
115.249
6.020
0.106
116.432
134.240
121.164
6.023
0.099
116.093
135.198
115.505
5.498
0.108
120.009
134.219
119.967
4.976
0.097
118.656
134.705
118.417
4.396
0.142
120.092
130.665
120.703
5.293
0.113
122.682
130.525
119.620
5.529
0.114
115.218
132.136
117.431
5.915
0.101
117.995
134.043
120.653
6.057
0.129
119.022
133.228
122.771
5.706
0.126
117.820
137.761
119.716
5.255
0.102
117.498
133.225
123.074
5.478
0.114
118.620
134.689
115.152
5.685
0.102
117.677
132.963
117.946
5.089
0.114
116.924
139.812
118.544
4.928
0.105
121.878
135.230
118.606
5.341
0.108
120.896
136.434
116.604
5.386
0.111
116.883
132.195
116.107
5.821
0.113
116.022
136.442
116.783
5.644
0.115
117.037
136.295
117.069
4.576
0.101
115.412
133.469
120.427
5.373
0.105
121.116
143.061
116.867
5.964
0.123
119.789
136.043
119.028
4.731
0.119
117.328
140.040
117.314
6.091
0.147
115.475
137.540
123.325
5.128
0.125
117.315
130.966
116.650
4.385
0.117
121.314
133.290
115.180
5.486
0.101
117.658
139.001
117.096
4.852
0.114
119.442
133.498
116.847
3.638
0.134
116.982
135.150
120.870
6.019
0.123
119.543
134.140
117.240
4.631
0.108
119.441
143.581
116.171
5.365
0.120
121.163
135.533
119.039
5.029
0.136
117.087
132.523
114.467
5.685
0.106
120.087
141.374
116.692
4.589
0.099
118.038
130.688
121.246
6.105
0.133
118.313
133.146
114.795
5.898
0.114
115.754
140.886
120.738
5.318
0.124
117.594
131.584
120.329
4.545
0.111
114.794
135.247
118.257
5.808
0.113
118.192
134.769
113.192
5.746
0.141
123.903
131.977
119.415
3.992
0.101
119.958
139.196
120.454
5.092
0.111
115.467
135.690
122.352
4.267
0.103
118.315
135.468
114.994
4.760
0.130
120.083
138.514
122.061
4.970
0.120
114.567
137.025
117.455
5.141
0.126
117.902
133.101
122.528
6.074
0.135
121.623
134.665
117.197
6.943
0.109
118.778
138.304
116.483
6.812
0.115
120.053
136.732
117.069
5.932
0.102
118.455
133.064
123.158
5.187
0.107
119.047
141.601
117.832
6.907
0.111
118.459
136.470
118.767
7.819
0.095
119.185
137.389
120.490
4.472
0.126
120.923
132.709
120.141
5.538
0.140
117.491
138.586
125.880
6.549
0.125
119.886
138.322
121.491
6.839
0.111
121.298
133.069
117.203
5.222
0.119
117.893
136.935
117.715
6.548
0.129
120.607
135.206
125.157
7.316
0.116
116.972
133.507
121.695
6.134
0.133
114.982
133.293
116.669
5.092
0.102
115.103
133.649
117.138
4.667
0.099
115.392
134.137
119.230
5.135
0.115
119.377
135.081
116.354
5.699
0.117
118.823
136.202
116.243
6.122
0.114
116.715
134.038
119.097
5.367
0.103
116.487
132.763
124.958
5.028
0.109
121.079
135.463
117.821
3.341
0.119
125.667
138.397
119.914
6.062
0.103
117.688
133.300
122.049
5.253
0.105
120.098
134.445
117.507
5.991
0.113
116.555
133.448
123.516
6.209
0.115
120.091
137.111
117.686
5.778
0.113
121.193
138.322
118.236
5.515
0.119
117.395
134.158
118.376
5.352
0.121
118.280
132.953
116.241
5.213
0.142
117.259
142.669
118.679
4.857
0.146
117.545
137.225
116.662
6.061
0.125
116.693
139.600
117.204
5.675
0.122
118.690
134.999
119.559
6.069
0.104
119.348
135.361
117.874
5.477
0.122
115.713
133.979
120.300
6.150
0.119
123.777
141.488
127.123
4.695
0.123
118.293
134.508
115.745
4.932
0.134
117.256
127.965
120.360
3.973
0.112
117.702
136.840
115.724
7.594
0.111
117.248
132.394
117.895
6.678
0.117
115.832
132.534
115.563
7.321
0.112
122.931
134.288
129.482
5.450
0.144
116.836
132.914
123.052
6.016
0.135
118.770
130.843
118.026
4.542
0.125
116.765
137.047
114.780
6.039
0.110
121.935
139.790
123.007
4.483
0.119
121.934
138.689
119.151
6.347
0.122
117.310
138.020
119.193
4.682
0.126
120.696
137.240
118.786
7.812
0.119
120.017
135.583
121.422
6.498
0.125
119.126
133.317
117.544
6.719
0.139
120.147
141.027
117.878
4.018
0.099
122.254
132.952
122.609
5.353
0.116
116.646
136.062
120.478
6.849
0.125
120.348
139.021
120.021
5.705
0.115
115.623
141.645
121.974
4.410
0.095
119.949
133.150
115.573
3.340
0.151
120.331
137.959
119.189
5.897
0.121
120.396
135.551
120.527
6.940
0.130
120.624
132.702
123.123
7.224
0.111
117.243
134.180
120.992
6.136
0.116
116.676
139.696
117.161
4.914
0.139
121.895
133.514
119.676
7.083
0.112
119.198
138.731
117.222
5.384
0.110
115.701
138.634
122.380
5.243
0.132
119.065
142.044
122.962
3.692
0.118
117.314
138.866
118.946
6.381
0.138
121.087
138.921
115.261
6.266
0.137
121.057
138.400
120.170
6.421
0.118
120.010
132.710
117.197
5.106
0.109
118.824
141.872
118.059
4.783
0.134
119.190
136.547
119.971
5.823
0.118
117.524
136.954
127.278
4.578
0.129
115.750
135.712
118.568
5.089
0.141
116.617
140.010
122.710
3.755
0.120
124.685
137.746
120.465
6.935
0.098
116.221
140.885
117.947
4.021
0.106
122.017
131.420
119.209
3.181
0.114
122.247
131.672
124.946
5.487
0.120
119.435
135.922
122.641
5.099
0.110
116.812
134.908
121.127
5.576
0.118
116.635
134.243
121.670
5.167
0.131
119.191
133.717
125.406
5.017
0.124
119.806
135.583
122.077
3.206
0.137
116.402
134.117
116.618
6.185
0.125
123.877
134.137
117.701
4.994
0.112
135.836
148.689
122.367
4.442
0.093
120.723
135.087
116.358
5.259
0.135
117.720
135.284
122.586
4.975
0.139
118.593
136.119
121.206
6.343
0.125
119.864
134.107
119.485
5.135
0.135
129.495
141.067
115.447
4.499
0.145
122.317
133.791
117.595
4.677
0.129
119.827
139.858
123.434
4.288
0.110
118.720
138.026
118.675
5.448
0.120
117.771
142.499
121.703
6.860
0.128
120.370
133.702
124.197
5.177
0.131
118.272
135.419
122.258
4.668
0.109
116.798
132.405
120.321
4.476
0.117
119.040
138.507
120.323
6.474
0.130
122.730
133.017
117.248
6.572
0.130
120.300
140.164
121.100
5.690
0.136
118.745
138.125
125.806
7.801
0.125
123.583
132.588
119.470
4.710
0.150
119.450
138.988
125.505
6.248
0.124
119.440
133.288
120.542
5.729
0.146
122.841
134.165
120.317
4.409
0.123
119.900
134.683
116.270
6.605
0.108
122.039
141.467
119.370
4.605
0.140
120.745
134.820
122.060
6.371
0.126
120.132
140.730
121.397
7.479
0.108
114.308
136.273
117.982
6.026
0.127
120.898
138.342
117.628
3.421
0.117
122.050
132.924
119.173
4.965
0.129
117.969
136.490
116.996
5.768
0.137
120.303
142.841
124.424
7.623
0.133
117.947
134.860
125.421
5.832
0.099
119.181
138.270
118.338
6.504
0.138
128.655
136.394
123.101
4.075
0.123
120.119
139.058
114.330
5.940
0.101
120.251
137.819
125.126
5.831
0.126
124.140
134.594
123.725
6.261
0.124
121.737
134.000
125.443
4.997
0.129
118.481
134.125
118.956
7.378
0.131
118.624
131.800
124.310
4.651
0.128
114.410
142.143
120.219
4.256
0.133
121.735
135.860
122.277
6.712
0.130
117.702
136.582
124.166
6.806
0.138
120.832
134.497
117.806
5.124
0.120
119.013
137.398
120.053
4.845
0.126
120.121
140.038
125.250
7.599
0.130
146.657
136.032
120.406
6.154
0.137
117.954
140.879
117.967
5.798
0.122
122.250
142.323
118.574
5.288
0.103
121.472
137.502
123.325
4.335
0.137
118.445
133.088
122.600
5.855
0.136
165.221
133.621
118.673
5.081
0.126
119.841
139.127
124.039
5.213
0.108
120.045
140.763
115.643
6.082
0.136
121.910
138.067
120.837
5.875
0.121
120.155
134.888
123.993
5.866
0.121
119.899
140.660
122.106
5.665
0.128
117.900
135.183
118.558
5.351
0.135
117.918
136.082
121.786
7.217
0.131
128.501
134.295
123.918
5.899
0.136
120.305
134.994
115.787
5.219
0.138
120.997
134.471
118.079
6.550
0.118
120.688
137.547
118.766
5.267
0.135
118.572
134.334
118.820
5.609
0.120
125.339
141.794
120.634
6.031
0.143
122.457
136.368
126.440
6.152
0.125
161.570
132.846
121.417
7.118
0.127
117.642
137.204
119.192
5.604
0.144
119.930
134.376
120.742
6.387
0.113
123.848
140.213
121.719
4.775
0.146
162.534
132.250
117.139
4.524
0.118
118.727
136.263
121.769
7.330
0.123
120.383
141.506
122.971
4.746
0.135
118.929
137.131
130.357
7.024
0.127
118.733
139.266
124.022
6.525
0.131
120.118
132.081
121.800
5.357
0.127
118.907
141.091
124.537
6.482
0.122
121.264
139.698
115.312
5.728
0.130
120.619
137.387
118.987
6.237
0.126
119.625
140.540
119.532
6.442
0.129
119.885
131.566
117.891
7.075
0.132
122.507
136.392
124.625
6.506
0.139
117.717
142.954
116.755
6.188
0.132
122.605
136.918
124.618
4.821
0.140
135.451
136.720
108.217
4.575
0.125
125.572
152.418
120.951
6.960
0.124
167.709
133.054
115.743
6.458
0.131
135.152
127.898
123.314
4.323
0.116
124.493
133.415
117.279
4.214
0.138
122.513
134.601
118.247
6.320
0.116
117.089
139.978
121.641
4.922
0.119
119.076
136.735
120.043
4.045
0.122
126.868
131.107
118.432
5.319
0.123
122.832
135.270
120.677
6.530
0.140
125.674
139.369
118.969
3.820
0.107
116.003
133.783
117.701
7.419
0.134
124.422
132.381
121.343
4.912
0.128
122.936
140.071
122.461
6.260
0.130
120.043
141.943
126.556
3.930
0.107
120.218
137.462
123.902
3.958
0.139
123.996
132.376
125.459
6.665
0.135
118.870
136.307
120.566
6.068
0.137
119.276
134.806
118.697
6.813
0.132
117.897
130.174
118.971
4.867
0.117
116.632
139.803
116.750
6.032
0.128
123.442
132.470
120.826
5.132
0.114
117.248
138.343
130.283
4.737
0.140
125.040
132.920
115.238
7.797
0.134
117.561
136.530
121.577
5.047
0.128
121.331
135.250
118.378
5.993
0.143
118.948
138.557
122.997
5.319
0.113
118.917
137.960
114.995
3.207
0.124
121.465
133.236
120.276
6.971
0.130
120.983
133.723
121.367
5.248
0.117
119.872
134.458
123.729
7.358
0.132
118.553
131.346
119.233
5.604
0.135
123.688
135.600
127.414
4.459
0.149
121.715
140.725
120.027
7.589
0.124
126.155
134.576
118.163
6.018
0.135
117.590
140.361
120.686
6.839
0.133
118.563
134.006
115.459
5.071
0.141
119.065
135.576
117.980
8.201
0.135
116.642
134.731
118.511
4.417
0.121
116.534
141.039
118.629
6.925
0.130
163.478
141.374
119.482
4.903
0.143
125.752
134.617
118.408
4.464
0.115
121.404
138.580
115.934
4.694
0.131
126.194
136.139
117.803
5.365
0.127
120.662
132.177
122.539
5.672
0.117
120.965
137.480
128.422
5.095
122.146
0.136
122.181
134.980
115.815
3.725
0.157
119.754
143.449
114.914
3.701
0.132
124.127
138.522
120.025
5.954
0.117
124.155
139.985
123.148
5.235
0.131
172.250
134.369
119.530
5.074
0.132
118.555
136.665
122.015
5.808
0.124
120.156
135.027
115.397
5.442
0.149
120.249
137.007
119.196
3.827
0.136
169.779
139.707
118.501
4.994
0.138
125.896
138.753
125.122
4.653
0.124
117.963
140.285
119.113
6.456
0.133
121.474
136.586
123.608
4.456
0.128
120.303
138.649
117.341
7.064
0.135
121.492
142.246
118.564
4.332
0.117
121.360
139.208
119.151
5.284
0.131
123.311
137.957
123.799
6.392
0.134
123.314
136.954
115.481
7.388
0.148
126.591
175.293
127.104
6.164
0.143
166.045
140.551
120.869
6.112
0.123
121.799
136.057
120.351
4.999
0.120
120.158
139.718
114.608
4.351
0.132
123.386
139.918
117.473
4.833
0.142
118.802
134.508
121.791
6.314
0.134
122.185
140.890
115.482
5.626
0.137
121.382
140.575
116.366
4.356
0.088
119.804
135.700
126.142
4.930
0.126
130.989
136.733
96.512
4.818
0.123
124.587
147.187
118.595
4.587
0.125
117.275
133.374
120.801
6.154
0.118
127.897
144.897
119.286
4.467
0.136
125.522
128.134
122.305
4.979
0.136
127.294
135.085
119.470
7.255
0.128
119.909
138.762
115.316
6.737
0.122
118.119
132.519
125.253
4.655
0.132
129.822
136.612
98.824
8.286
0.144
122.255
193.879
122.888
6.368
0.124
121.799
132.569
117.454
6.772
0.142
121.252
132.364
120.523
4.624
0.149
117.747
139.005
125.199
4.209
0.105
120.608
149.518
116.216
5.842
0.131
116.238
186.281
119.287
5.518
0.126
164.032
137.400
121.132
6.545
0.125
124.854
133.006
119.961
6.913
173.806
0.104
123.845
135.915
124.933
7.116
0.145
117.814
197.766
120.321
6.618
0.134
126.210
136.766
118.536
121.055
6.836
0.156
165.426
142.400
122.368
3.696
0.134
126.740
133.428
121.982
5.399
0.119
166.534
134.357
119.886
5.242
0.133
129.952
185.203
103.447
6.693
0.135
124.917
138.514
131.297
126.885
5.565
0.122
130.723
175.344
95.899
7.058
0.130
116.165
138.777
133.315
123.226
5.401
0.126
123.926
135.835
123.634
7.426
0.117
120.213
136.513
124.697
5.973
0.134
119.931
134.655
123.485
4.944
0.129
116.634
143.638
118.886
4.276
0.132
124.863
133.741
122.320
4.871
0.123
123.515
143.678
121.367
5.249
0.126
119.615
136.677
120.617
6.791
0.177
116.983
144.333
119.600
5.667
0.141
127.275
132.708
123.206
5.497
0.122
168.688
134.799
121.967
4.087
0.128
122.244
131.256
125.219
6.685
0.133
123.670
138.901
117.304
4.267
0.130
124.208
179.868
121.307
5.643
0.131
120.980
135.215
115.315
4.727
0.133
119.686
137.495
124.377
3.017
0.134
165.848
139.306
119.105
7.293
124.192
0.124
173.606
133.939
122.611
5.329
0.142
123.183
132.626
124.294
5.394
0.128
160.667
139.043
118.802
4.372
0.135
119.265
180.291
123.087
4.901
0.133
121.649
143.399
167.547
5.377
0.097
130.380
148.950
99.343
6.653
0.129
123.472
151.772
128.467
121.885
5.858
0.112
123.389
140.010
121.333
4.454
0.126
121.192
134.267
117.044
7.317
0.119
122.631
181.465
127.329
4.885
0.126
123.225
144.605
122.685
8.320
121.450
0.081
125.034
137.544
123.410
6.269
0.123
117.612
186.069
128.473
4.640
0.138
121.743
140.514
172.427
124.992
6.877
0.126
123.200
127.198
187.819
118.719
6.137
0.148
145.274
130.652
134.917
130.459
7.128
165.771
0.111
98.124
129.279
119.123
5.654
0.158
124.292
136.756
121.880
5.751
0.138
118.760
132.586
123.077
6.741
0.119
167.123
134.682
133.150
4.937
0.138
121.454
170.453
126.231
6.345
0.127
124.283
127.087
143.196
124.620
5.320
0.134
118.833
134.213
165.666
6.148
0.148
119.792
136.660
122.547
6.937
130.142
0.139
123.475
133.156
125.550
125.802
8.028
0.119
175.758
139.672
97.585
6.029
0.151
121.041
155.276
120.464
128.319
5.879
0.130
130.637
176.079
98.307
127.934
6.215
0.166
119.956
125.149
127.946
120.372
7.036
0.138
116.001
137.723
123.634
8.885
125.860
0.109
126.807
126.926
101.578
4.953
116.662
0.152
171.322
142.268
97.435
5.977
122.418
0.167
120.671
131.808
119.175
4.892
0.142
161.749
133.961
122.344
8.572
0.142
132.551
142.440
106.763
126.328
5.515
0.131
120.634
183.811
127.283
7.379
0.140
129.892
137.821
103.288
6.353
129.918
0.124
124.650
140.789
128.715
116.943
4.883
0.136
121.821
190.536
125.564
126.345
4.679
0.115
126.075
111.656
119.902
5.670
0.146
117.835
145.351
177.710
121.978
119.687
4.848
0.131
118.041
129.781
131.949
120.067
5.643
0.162
127.158
141.088
98.407
6.876
117.874
0.125
118.491
150.915
126.626
4.432
120.136
0.142
134.041
128.125
101.146
8.063
0.141
116.473
198.452
126.652
119.247
6.685
0.122
118.935
132.231
120.248
6.346
0.126
168.162
135.755
117.193
7.352
119.551
0.104
125.627
132.295
176.590
119.169
6.257
0.129
152.855
132.524
146.068
121.854
6.914
0.160
121.679
132.029
167.234
5.228
170.626
0.164
127.938
134.387
117.133
4.293
175.979
0.137
130.703
105.418
100.308
124.536
5.085
0.167
121.435
191.686
116.376
4.653
0.131
123.412
139.935
120.055
4.692
0.128
126.944
133.934
123.075
120.595
7.171
0.140
126.540
129.705
100.560
5.750
0.754
117.710
128.703
121.512
4.323
0.103
131.746
139.717
130.756
2.672
0.103
117.507
124.545
123.391
4.402
0.160
145.663
147.599
170.951
125.117
7.030
0.121
126.613
131.589
99.870
6.173
0.155
113.054
187.160
135.092
6.337
0.121
123.626
118.305
126.460
7.304
0.130
124.196
150.365
126.125
3.424
0.104
122.182
127.742
142.968
6.875
119.768
0.151
95.387
134.573
120.887
4.540
115.589
0.122
128.497
134.902
104.565
6.333
118.887
0.155
106.710
146.555
143.958
8.815
172.295
0.123
120.960
103.491
125.996
5.430
0.151
115.721
131.857
130.948
129.894
4.260
0.128
122.393
133.398
121.621
6.698
0.126
173.498
132.732
112.729
6.296
131.385
0.109
169.373
132.248
137.704
4.965
0.152
100.101
125.045
123.565
170.168
11.068
167.859
0.150
120.449
178.775
123.661
8.759
120.792
0.159
114.074
131.638
118.751
117.922
6.331
145.141
0.174
119.510
146.832
136.415
155.033
6.131
165.926
0.151
98.469
147.612
120.981
6.467
118.258
0.163
116.006
138.305
124.903
4.428
123.532
0.133
169.638
134.917
125.417
116.940
5.124
0.136
189.913
136.699
99.665
123.830
6.347
0.152
131.517
118.914
95.866
118.587
7.041
0.133
122.524
139.323
138.134
6.011
0.140
167.614
119.309
122.880
8.135
123.943
0.126
120.269
122.436
169.562
4.004
0.149
171.297
140.644
115.243
120.204
6.892
0.128
133.379
130.041
101.658
134.697
7.352
0.163
120.683
115.777
177.935
124.515
7.269
0.161
129.525
162.014
109.514
5.189
0.154
117.348
133.493
169.854
6.746
125.935
0.135
115.729
146.069
126.628
165.222
6.674
0.127
110.120
111.951
94.356
5.571
0.147
123.553
140.080
125.832
119.588
106.906
8.593
0.148
127.456
121.901
91.179
6.358
0.181
127.325
160.778
108.347
170.243
5.610
0.131
105.654
133.977
100.920
7.600
0.131
126.728
168.796
116.783
3.447
122.559
0.130
108.159
184.937
169.302
120.678
8.074
0.160
115.814
131.516
139.638
116.727
102.791
4.720
0.133
118.817
120.402
125.504
5.020
0.139
121.841
123.621
129.561
5.696
0.127
122.323
165.268
143.122
7.498
98.937
0.136
104.583
139.679
113.657
129.362
8.129
0.121
120.510
108.720
124.280
132.840
5.783
128.185
0.105
100.679
118.779
118.973
5.824
0.175
113.206
119.569
124.844
169.730
9.448
121.203
0.158
122.632
182.294
124.313
6.207
167.316
0.136
138.875
123.602
119.517
167.856
5.628
0.164
97.446
143.157
117.671
7.275
0.136
128.741
143.208
126.691
5.881
0.129
118.014
145.502
129.976
119.647
7.592
0.136
102.841
166.492
123.398
111.212
7.276
0.155
95.260
128.801
128.763
139.455
5.700
0.144
124.768
113.555
131.916
5.882
0.135
169.073
126.703
122.282
7.837
124.586
0.141
124.308
134.974
127.610
4.377
0.132
127.033
109.138
117.204
133.471
9.225
0.114
184.515
147.272
115.245
5.980
0.165
105.788
139.173
142.669
7.674
0.137
133.466
155.115
101.339
7.050
106.784
0.116
128.553
122.980
97.888
172.670
7.465
0.160
115.461
119.249
119.974
116.127
7.185
0.150
130.455
135.780
105.861
9.557
120.400
0.128
120.855
128.323
125.064
5.955
135.417
0.132
105.657
108.620
172.949
9.355
129.234
0.150
109.758
121.030
101.347
126.857
5.173
0.172
95.488
147.047
166.591
125.130
7.507
0.131
133.955
139.590
108.757
7.321
123.800
0.149
128.693
151.568
118.956
8.230
0.138
116.671
208.566
134.159
106.096
8.349
0.104
196.406
115.457
149.428
3.818
0.179
113.367
141.663
119.110
196.621
139.226
10.204
167.296
0.127
179.685
92.454
152.368
6.370
0.219
115.209
150.714
130.419
119.135
101.493
6.819
0.151
101.963
115.572
108.562
9.063
123.840
0.158
101.970
134.677
159.741
111.449
131.295
6.965
0.198
124.988
111.906
121.648
7.419
0.157
129.933
118.450
127.810
8.094
125.094
0.149
101.508
131.911
117.015
6.394
0.144
171.988
137.427
96.676
8.586
121.419
0.139
119.083
184.726
165.570
6.519
0.122
169.623
130.010
131.390
122.287
3.611
0.125
131.159
108.064
100.974
128.612
7.354
0.134
124.317
195.457
114.989
121.228
5.615
0.150
105.210
139.736
109.104
116.516
42.759
482.882
191.388
3.200
0.085
61.466
90.248
107.922
101.492
111.136
6.569
0.148
112.089
146.497
135.621
120.600
3.482
0.118
121.024
142.901
118.839
3.478
0.100
119.230
146.906
120.543
5.461
0.106
122.270
134.588
120.954
4.302
0.125
118.702
142.649
124.579
3.500
0.119
121.019
138.328
123.927
3.900
0.127
118.315
145.669
122.873
3.857
0.121
122.021
134.428
120.937
4.320
0.118
151.065
138.566
119.968
3.440
0.112
124.508
142.947
125.296
4.075
0.123
122.967
142.920
122.285
5.667
0.120
120.395
142.277
121.765
4.470
0.122
125.059
196.169
123.687
2.965
0.141
121.152
140.850
133.747
6.506
0.127
121.785
123.530
117.414
3.897
0.149
102.711
146.339
124.293
107.804
2.018
0.176
43.984
539.693
232.363
2.025
0.075
38.638
16.561
1.831
0.058
244.642
434.881
127.145
1.984
0.070
130.544
165.903
50.875
30.896
43.931
54.884
66.325
69.098
2.633
0.148
59.676
98.097
