5.427
3.264
0.873
0.015
63.695
75.429
68.695
74.042
86.421
79.107
79.902
44.235
55.038
72.051
62.497
61.650
70.327
76.188
95.105
31.673
25.244
40.107
37.367
195.621
157.354
128.366
176.094
54.348
43.460
40.133
53.557
57.715
60.645
67.331
76.357
80.737
86.285
94.685
95.716
94.158
6.098
0.237
96.564
104.674
110.364
109.610
101.166
83.247
122.225
116.120
107.882
109.373
109.198
113.085
110.482
108.549
108.539
153.344
4.352
103.756
0.320
80.001
91.992
132.268
150.560
143.321
103.690
124.211
91.892
91.484
108.129
97.047
78.708
4.473
88.218
0.308
116.857
98.933
103.529
136.434
117.474
6.244
179.946
0.218
111.941
139.893
104.532
97.328
44.436
14.016
1.866
0.066
474.686
192.685
67.099
8.995
0.096
79.808
95.114
121.625
119.076
120.446
6.362
0.199
117.752
133.002
131.129
119.284
5.823
0.172
128.596
156.404
121.761
3.233
0.156
121.490
138.767
118.762
4.471
0.145
122.284
140.787
120.239
6.813
0.155
124.397
135.845
174.220
3.874
0.109
125.032
154.156
121.492
5.381
0.143
127.474
140.995
124.665
6.895
0.158
170.560
156.670
169.744
4.769
102.478
0.156
132.338
150.460
123.855
5.080
0.169
109.568
39.236
11.653
1.828
0.071
37.356
11.448
1.782
0.066
486.414
193.810
60.492
3.816
0.096
80.798
95.914
120.229
115.794
115.952
3.269
0.162
115.531
138.762
117.963
2.398
0.116
116.455
128.272
118.227
2.722
0.118
116.180
129.728
116.929
2.658
0.116
115.559
129.622
114.872
2.217
0.130
114.428
131.297
116.728
2.392
0.114
116.940
129.791
117.416
2.544
0.119
114.905
131.960
115.534
2.510
0.115
117.287
128.371
115.190
2.591
0.115
114.979
129.443
115.406
3.005
0.113
119.933
126.051
115.116
2.617
0.116
114.302
125.677
115.844
2.910
0.112
114.725
127.124
115.698
3.133
0.109
115.304
129.884
116.899
3.006
0.113
116.150
126.078
120.428
3.389
0.119
116.125
129.136
114.803
2.793
0.127
115.101
136.212
116.151
2.899
0.111
116.290
128.697
116.182
2.704
0.112
119.738
134.734
120.102
2.691
0.113
117.094
130.133
115.681
2.920
0.117
117.724
131.554
115.827
3.061
0.124
116.239
128.886
119.527
2.815
0.113
114.850
130.995
114.769
2.848
0.110
116.042
129.739
115.367
3.155
0.117
115.352
129.651
115.572
3.800
0.122
114.899
131.136
115.148
3.048
0.120
114.148
127.770
115.530
3.061
0.112
117.594
129.158
115.084
3.091
0.133
117.207
131.861
115.957
3.503
0.126
114.681
130.358
115.319
3.269
0.115
116.174
130.033
113.786
3.038
0.117
117.945
132.190
121.977
3.390
0.118
116.522
129.380
115.079
3.387
0.114
116.231
129.978
114.190
3.458
0.116
116.378
131.180
116.254
3.369
0.134
114.974
129.279
115.089
3.245
0.118
115.042
129.420
116.109
3.443
0.120
114.870
135.143
113.672
3.553
0.114
116.067
129.975
114.826
3.429
0.116
116.718
130.040
118.936
3.554
0.110
115.993
129.450
115.030
3.563
0.111
114.566
131.309
115.914
3.489
0.111
116.641
127.736
115.045
4.408
0.113
115.715
129.541
114.846
3.853
0.125
117.280
130.045
115.015
3.747
0.121
119.063
132.407
115.139
3.144
0.117
115.697
129.600
120.496
3.520
0.129
117.839
129.568
117.556
3.583
0.121
120.693
129.732
114.860
3.793
0.118
116.295
136.179
115.700
3.597
0.131
119.511
129.136
113.842
3.382
0.114
116.569
136.175
114.918
4.732
0.107
114.568
128.890
117.866
4.406
0.117
115.337
127.858
116.125
3.726
0.118
115.108
129.850
115.505
3.768
0.139
117.215
130.421
115.023
3.595
0.117
115.899
130.453
121.740
3.481
0.109
114.305
133.735
119.132
3.390
0.121
116.674
128.021
115.683
3.815
0.143
115.212
131.871
119.764
3.873
0.110
115.913
128.257
116.956
3.981
0.123
115.261
128.821
114.508
3.860
0.126
119.659
132.391
115.587
4.002
0.123
117.851
130.614
120.392
3.922
0.122
116.583
131.085
115.205
3.760
0.127
114.274
130.674
118.522
3.948
0.136
118.289
136.152
118.332
3.970
0.117
114.422
131.766
119.351
4.376
0.137
116.114
128.011
114.966
3.887
0.109
115.829
132.185
114.801
3.738
0.126
116.005
128.968
114.885
4.145
0.121
115.769
130.537
114.933
4.124
0.129
114.495
128.539
121.352
4.177
0.131
115.327
132.639
115.671
4.039
0.139
115.596
128.874
117.735
3.906
0.142
122.194
129.910
119.612
3.694
0.113
116.621
127.971
115.155
4.506
0.115
114.602
131.501
120.647
3.779
0.140
114.574
127.425
118.121
4.199
0.106
114.276
129.730
117.253
3.966
0.137
118.257
133.017
116.956
4.475
0.122
116.334
128.842
116.448
5.295
0.134
117.944
129.337
116.186
3.692
0.168
116.634
129.856
119.742
4.086
0.127
118.601
129.298
116.153
4.630
0.122
119.403
130.918
115.977
4.057
0.128
116.858
129.460
114.882
3.984
0.152
119.077
131.886
116.070
4.097
0.132
115.991
128.756
116.715
5.098
0.124
119.994
129.656
118.987
5.893
0.120
117.191
128.797
114.943
5.179
0.137
118.118
130.586
116.258
6.273
0.115
116.971
130.761
118.639
4.739
0.133
114.903
129.849
116.841
4.213
0.139
117.622
134.459
113.683
4.536
0.136
114.767
131.185
113.937
5.384
0.116
116.737
131.376
115.729
4.073
0.103
115.543
129.962
114.495
4.059
0.108
113.342
130.861
113.300
4.242
0.105
115.778
128.388
117.681
4.820
0.101
115.401
135.020
116.381
4.281
0.118
114.995
130.408
116.902
50.597
0.108
114.934
130.756
117.421
4.791
0.113
117.822
133.623
113.601
4.361
0.107
114.290
130.161
118.858
5.008
0.122
115.271
129.758
118.128
5.415
0.093
115.901
136.532
114.941
4.566
0.125
114.585
132.059
119.209
3.641
0.113
115.578
131.183
122.634
3.941
0.094
114.936
131.202
112.401
4.207
0.109
114.592
131.841
118.498
4.253
0.120
117.506
136.189
116.746
5.268
0.101
113.419
134.568
115.337
4.729
0.110
113.574
132.659
115.002
4.513
0.094
117.083
129.288
114.406
4.461
0.112
114.642
128.773
116.233
4.847
0.116
114.541
132.596
116.956
4.119
0.111
118.870
128.985
115.646
5.073
0.106
114.558
132.219
119.704
4.372
0.102
115.377
133.486
116.778
4.315
0.103
116.303
131.787
116.107
5.607
0.107
116.109
128.736
117.562
7.218
0.124
115.948
132.493
118.732
5.186
0.114
118.520
136.675
116.076
5.238
0.111
117.375
131.384
114.058
5.884
0.108
115.977
128.795
116.463
5.459
0.115
116.145
130.372
114.940
5.902
0.103
116.428
129.242
118.099
4.750
0.111
114.265
132.139
115.266
5.326
0.102
114.358
135.740
117.018
5.020
0.093
117.139
134.798
114.774
4.470
0.115
116.993
135.725
114.886
5.109
0.102
116.099
129.053
115.869
5.553
0.118
115.655
132.762
118.491
4.376
0.106
114.140
131.030
117.116
4.886
0.099
114.981
131.832
118.552
6.150
0.111
115.025
132.418
117.191
5.227
0.124
116.622
129.726
118.126
5.660
0.105
114.376
130.390
121.125
6.764
0.129
121.551
130.172
118.161
4.235
0.106
117.618
130.407
119.167
4.786
0.095
116.515
129.209
117.739
4.720
0.096
121.461
137.580
117.843
5.467
0.094
116.849
130.401
121.711
5.205
0.111
114.267
127.921
119.245
4.540
0.099
115.567
133.135
115.072
5.185
0.094
116.933
138.928
120.098
5.692
0.108
113.322
127.734
115.315
6.028
0.122
115.540
133.090
114.643
2.873
0.106
116.844
133.098
117.031
5.476
0.094
115.058
127.735
114.939
5.529
0.116
116.215
137.333
115.170
5.036
0.107
121.359
133.237
113.308
4.731
0.103
121.253
131.941
117.211
4.494
0.110
125.451
132.192
115.554
5.893
0.103
114.505
131.233
115.240
5.880
0.106
120.485
132.372
118.032
5.347
0.121
117.804
134.962
116.849
6.419
0.120
119.255
132.832
115.130
4.883
0.100
118.619
129.042
114.794
5.351
0.755
116.422
131.702
118.539
5.583
0.116
115.808
130.655
115.862
4.774
0.118
115.301
131.835
116.027
5.585
0.119
120.004
130.985
117.473
5.583
0.106
119.823
129.448
118.541
5.447
0.103
119.565
133.393
114.649
5.411
0.097
115.660
128.371
118.678
6.414
0.108
119.298
130.524
118.497
6.365
0.119
116.094
133.419
115.179
5.254
0.112
114.872
131.056
114.488
4.162
0.103
117.893
131.867
115.122
6.233
0.113
117.527
132.541
117.068
5.854
0.095
114.698
131.398
113.464
5.118
0.129
113.678
136.971
117.185
4.366
0.118
116.661
136.465
115.748
5.969
0.093
115.937
133.537
119.050
5.590
0.104
119.907
131.634
121.422
5.925
0.107
116.660
136.436
116.154
5.409
0.112
118.168
131.981
115.513
6.391
0.113
116.449
134.614
115.383
5.478
0.107
115.024
131.485
119.697
5.233
0.104
118.230
127.869
118.311
6.051
0.118
117.143
136.540
116.649
6.174
0.106
116.559
133.855
120.024
5.497
0.132
114.387
137.146
116.831
5.706
0.108
116.228
131.505
121.370
4.737
0.110
115.601
131.108
117.551
6.086
0.129
116.986
134.968
114.623
5.977
0.113
113.924
130.612
116.452
5.881
0.109
115.207
130.450
113.901
5.701
0.108
120.765
132.289
118.866
5.897
0.109
120.023
131.309
119.263
5.833
0.123
117.775
131.425
118.447
5.314
0.099
117.305
135.404
114.021
6.909
0.105
115.873
130.551
121.554
6.344
0.101
115.743
129.653
121.166
6.678
0.104
120.150
130.233
113.255
5.827
0.144
125.077
134.508
118.126
6.262
0.121
115.028
130.920
119.546
5.682
0.119
115.761
132.783
115.508
5.671
0.127
115.918
134.662
113.396
6.326
0.130
119.435
135.291
119.662
5.643
0.111
116.595
134.638
120.682
5.030
0.103
115.991
135.943
116.832
4.912
0.095
115.529
133.927
118.930
5.919
0.107
116.258
133.565
119.939
5.085
0.119
122.709
133.124
116.300
7.053
0.110
116.178
133.152
115.635
5.953
0.105
116.592
134.224
114.855
5.931
0.111
120.816
133.972
113.403
5.773
0.112
122.147
130.810
115.820
7.795
0.110
121.137
130.654
115.375
6.589
0.105
117.831
133.994
117.170
7.361
0.125
120.337
130.665
113.064
7.327
0.146
118.604
133.638
117.776
5.702
0.112
119.646
130.440
121.614
4.531
0.127
116.899
130.477
116.915
4.627
0.125
114.869
131.577
116.620
3.438
0.120
116.132
132.475
118.776
5.623
0.109
113.455
133.568
118.370
6.933
0.127
115.841
130.901
121.231
5.365
0.115
120.881
131.584
119.661
7.463
0.109
117.474
134.013
115.879
5.432
0.110
118.701
128.967
115.982
4.907
0.114
117.958
133.226
116.119
6.143
0.117
116.828
133.811
113.760
5.391
0.124
119.801
132.664
118.129
5.003
0.130
116.012
134.677
117.405
7.144
0.119
116.089
134.989
118.257
6.724
0.117
115.847
133.130
119.151
6.014
0.139
122.975
135.732
117.365
5.348
0.126
118.997
131.225
117.408
5.675
0.138
114.835
134.336
116.203
5.393
0.119
120.366
131.212
122.331
4.329
0.132
117.935
130.496
117.048
7.192
0.109
121.090
131.604
122.030
6.375
0.124
114.142
130.586
120.077
6.290
0.107
123.198
134.523
121.944
5.335
0.117
118.517
133.119
119.230
5.251
0.112
121.521
132.390
117.997
5.859
0.114
115.758
132.714
120.196
7.666
0.112
116.826
132.506
115.145
6.048
0.109
115.954
137.112
117.171
7.547
0.110
116.986
134.112
115.864
3.305
0.117
122.872
132.825
115.553
5.341
0.108
114.722
135.618
118.659
4.959
0.120
116.775
130.547
117.015
4.298
0.101
118.664
131.074
114.676
7.163
0.107
118.654
128.818
115.861
6.387
0.120
118.715
129.457
118.970
6.832
0.105
117.983
132.132
122.518
5.428
0.110
117.345
128.406
119.978
5.444
0.113
118.312
134.223
122.381
6.382
0.108
118.731
129.230
120.335
7.719
0.113
118.416
131.762
119.842
6.121
0.110
117.696
134.681
119.585
7.211
0.144
118.867
135.233
113.323
5.353
0.116
118.654
133.777
116.361
5.997
0.105
121.511
130.706
117.535
5.847
0.109
125.163
133.737
115.687
5.046
0.132
112.764
137.814
117.874
4.866
0.126
120.065
130.307
115.511
6.300
0.139
120.597
140.649
117.404
6.578
0.113
125.101
131.482
115.503
4.367
0.117
117.640
130.359
119.159
6.303
0.106
117.344
135.112
117.515
4.237
0.126
120.195
136.765
116.932
5.869
0.136
122.530
134.011
118.200
8.076
0.119
116.906
132.727
119.553
3.345
0.116
116.176
136.699
114.981
6.918
0.142
117.051
128.446
124.218
4.559
0.122
125.115
133.481
118.539
5.264
0.126
119.177
132.502
120.011
6.189
0.145
114.233
132.112
121.132
5.502
0.118
114.555
135.417
122.643
6.027
0.126
118.259
131.012
116.942
6.901
0.130
114.962
133.560
123.919
6.335
0.117
121.354
129.954
113.990
5.339
0.134
117.700
137.140
114.459
6.455
0.111
120.234
132.011
119.112
7.972
0.124
117.875
136.142
120.150
6.728
0.113
115.048
132.709
120.811
4.986
0.137
117.676
139.062
122.302
5.396
0.133
115.546
136.200
116.555
6.151
0.133
114.410
137.096
122.578
6.378
0.123
115.664
132.118
117.900
6.140
0.118
117.847
132.832
118.206
4.418
0.133
117.229
139.713
119.195
6.203
0.133
116.949
131.197
115.613
5.456
0.131
116.043
139.049
118.371
3.020
0.129
116.970
128.969
119.323
4.252
0.131
120.443
133.961
118.106
4.544
0.121
118.113
133.876
116.684
4.986
0.142
121.430
138.054
116.415
5.275
0.122
116.238
130.464
117.968
5.899
0.132
120.860
132.400
119.652
4.612
0.123
117.101
135.414
116.965
6.545
0.118
123.891
133.747
120.716
5.815
0.128
118.701
131.062
117.785
4.227
0.121
122.204
136.691
113.814
7.178
0.126
118.430
131.617
121.030
6.629
0.140
121.198
131.818
115.453
6.655
0.131
124.300
133.154
114.964
6.319
0.107
119.004
137.811
122.460
6.995
0.119
115.444
133.324
118.502
6.924
0.118
114.176
134.609
117.908
4.802
0.117
119.259
140.143
118.391
6.427
0.139
115.639
134.093
120.015
4.756
0.126
117.868
136.313
120.012
6.875
0.132
121.335
130.232
118.260
7.676
0.135
121.903
134.333
119.489
7.650
0.115
114.838
131.837
118.426
5.899
0.112
122.438
134.947
115.735
4.609
0.132
115.105
133.629
117.558
5.650
0.111
114.608
132.773
116.261
5.166
0.140
119.963
134.358
115.041
6.849
0.121
116.744
131.893
119.656
6.434
0.124
121.527
133.656
115.491
4.518
0.136
116.309
135.469
114.568
5.232
0.119
114.155
132.778
115.389
6.383
0.132
118.965
127.036
115.153
6.044
0.133
117.610
136.558
115.009
6.428
0.106
121.187
134.323
118.401
6.356
0.137
119.185
133.912
116.056
6.523
0.114
115.401
133.002
127.458
6.059
0.133
117.403
128.603
114.220
6.001
0.110
120.406
129.826
117.425
7.284
0.127
117.432
133.686
118.847
7.577
0.130
123.598
134.161
118.668
5.501
0.143
117.901
131.130
114.936
4.503
0.116
115.878
130.241
122.353
3.768
0.116
119.290
133.757
120.583
6.528
0.113
117.810
140.502
116.434
5.893
0.123
121.448
134.492
114.865
6.109
0.121
117.378
129.010
121.663
4.477
0.116
123.947
133.298
118.059
6.743
0.125
116.087
139.728
119.698
3.774
0.112
117.945
135.837
121.852
6.212
0.124
124.553
130.585
114.072
4.858
0.132
123.361
132.204
126.886
6.293
0.126
116.997
133.084
116.872
8.539
0.115
117.406
135.907
118.303
7.330
0.132
119.187
131.855
122.059
5.827
0.137
121.920
131.127
118.375
7.004
0.134
122.287
131.198
116.464
6.644
0.116
116.280
143.142
112.777
7.179
0.120
115.706
135.584
119.274
5.146
0.138
121.283
131.343
117.804
5.465
0.128
122.654
134.991
116.219
5.746
0.121
116.848
134.762
119.455
5.624
0.151
124.351
133.695
123.939
7.490
0.117
122.338
135.660
126.398
8.102
0.119
119.065
132.896
117.666
7.941
0.112
118.224
134.487
115.697
5.687
0.132
119.864
134.866
117.920
6.857
0.139
162.117
141.397
118.566
5.791
0.121
118.358
133.202
116.670
3.095
0.127
123.373
134.799
118.194
6.744
0.135
129.264
132.156
118.151
5.734
0.126
116.568
131.820
114.324
6.346
0.119
117.357
131.429
116.294
3.971
0.135
122.514
134.105
118.013
7.239
0.118
113.561
132.403
120.102
5.686
0.133
122.613
134.388
120.450
4.553
0.122
116.191
136.393
116.655
6.738
0.117
123.849
141.133
122.791
5.081
0.136
128.346
134.016
115.656
7.794
0.135
166.281
139.897
112.598
7.110
0.111
116.866
135.089
116.207
7.410
0.123
118.967
130.057
117.387
6.496
0.120
122.410
135.315
121.281
6.810
0.130
118.295
133.146
126.874
5.445
0.114
133.439
131.603
95.363
3.926
0.130
120.419
144.362
118.825
7.554
0.123
115.276
125.385
113.200
5.354
0.126
117.241
127.673
115.897
6.769
0.124
117.042
137.249
121.446
8.372
0.105
121.108
133.736
122.300
5.389
0.120
120.270
129.803
118.798
5.544
0.126
122.878
131.098
119.148
5.107
0.124
117.854
139.269
121.671
8.017
0.120
168.671
134.504
116.821
5.642
0.150
120.810
134.133
119.505
6.498
0.124
166.995
131.353
120.579
8.734
0.124
169.360
135.140
123.002
5.189
0.152
166.597
136.661
119.724
5.172
0.135
118.251
130.549
118.558
7.540
0.109
119.226
133.151
120.075
7.840
0.161
161.599
132.743
123.267
6.422
0.134
163.195
136.262
117.099
7.502
0.135
168.476
131.870
122.218
7.510
0.112
164.634
135.116
119.964
3.570
0.125
161.559
129.937
118.998
4.291
0.121
117.586
136.168
118.920
5.193
0.119
149.148
133.069
116.192
7.050
0.130
117.152
135.803
118.217
6.374
0.133
174.149
136.903
118.038
4.810
0.119
116.449
133.482
116.513
5.097
0.134
117.326
137.159
115.170
6.398
0.126
123.293
131.871
117.603
6.230
0.137
122.639
134.823
113.786
7.636
0.121
120.636
128.661
122.562
7.871
0.124
117.354
134.265
115.189
6.261
0.131
117.575
129.981
119.674
6.244
0.128
115.271
132.644
118.645
7.038
0.120
162.537
135.685
121.540
4.356
0.124
173.737
136.039
117.925
6.516
0.114
118.938
134.772
118.434
4.300
0.120
119.054
137.003
119.433
6.927
0.125
120.936
130.507
115.999
7.847
0.113
115.722
135.818
120.785
6.386
0.131
123.539
137.180
117.637
6.466
0.136
116.985
136.228
121.491
7.690
0.127
116.690
134.686
118.794
5.175
0.123
121.974
135.027
118.774
7.006
0.134
123.908
130.399
115.903
2.111
0.130
114.688
133.315
121.345
5.177
0.131
119.798
132.564
124.806
7.312
0.139
120.577
131.639
122.353
5.096
0.139
117.323
132.749
119.065
6.572
0.137
118.426
135.516
117.118
7.864
0.125
118.808
128.070
118.872
7.153
0.119
117.762
137.458
119.775
8.872
0.136
122.495
139.629
117.560
4.865
0.147
115.949
126.961
116.638
8.220
0.180
117.387
138.163
122.678
5.679
0.132
168.409
132.019
115.196
5.852
0.140
123.112
138.203
123.203
6.996
0.110
126.435
131.783
112.922
5.510
0.107
169.595
144.400
124.115
5.800
0.118
122.130
137.078
121.615
7.091
0.136
122.089
131.128
115.822
4.359
0.112
116.635
130.651
112.964
6.601
0.133
116.976
132.950
121.186
5.470
0.135
120.915
136.219
124.298
6.791
0.130
117.728
134.495
114.532
5.505
0.119
118.688
139.734
124.645
8.077
0.126
117.229
132.726
118.652
6.386
0.120
115.350
137.916
126.747
8.572
0.131
123.054
132.819
123.298
6.459
0.119
124.985
130.076
118.689
7.816
0.118
115.353
138.899
123.781
7.364
0.129
123.440
129.812
113.565
7.801
0.130
117.404
137.584
122.235
4.881
0.119
123.343
136.029
115.317
6.691
0.141
126.820
138.006
116.821
4.072
0.117
118.750
132.158
120.492
8.627
0.126
161.516
132.925
120.280
4.418
0.457
123.400
136.101
117.151
3.970
0.122
120.167
134.078
114.432
5.799
0.121
123.066
183.634
123.506
7.616
0.125
123.454
148.548
129.450
4.575
0.122
122.375
132.134
123.845
7.379
0.115
165.216
135.812
124.139
6.466
0.110
122.283
132.988
119.399
7.416
0.138
164.018
136.820
121.809
5.879
0.130
120.105
133.699
121.056
4.128
0.151
126.345
138.379
121.321
4.504
0.138
123.422
137.665
116.516
6.041
0.150
122.697
132.194
115.252
4.685
0.131
122.832
131.430
117.966
4.871
0.134
123.399
138.947
118.731
6.255
0.126
115.166
138.730
117.967
5.312
0.134
129.102
131.902
94.944
5.011
0.734
120.188
141.508
114.292
6.788
0.125
117.216
131.595
124.666
6.867
0.107
121.390
132.017
116.983
5.809
0.119
122.508
132.008
116.814
5.850
0.129
119.248
132.051
117.429
6.811
0.129
120.173
138.980
122.883
6.033
0.098
119.094
134.033
115.635
4.835
0.098
120.581
137.263
114.907
7.043
0.133
118.581
133.276
115.695
6.037
0.132
117.043
140.334
118.776
7.447
0.131
118.074
131.931
114.972
6.977
0.138
119.743
132.900
121.387
4.134
0.136
116.115
139.117
117.434
6.350
0.130
117.706
165.699
121.897
7.514
0.145
116.353
140.723
119.937
5.876
0.132
119.645
137.616
115.677
7.117
0.132
117.216
132.290
124.722
4.668
0.132
117.448
140.127
115.450
6.413
0.125
120.635
131.797
117.670
6.162
0.135
120.266
136.420
116.076
5.565
122.418
0.137
120.033
130.340
119.854
3.685
0.144
116.548
142.643
117.153
6.536
0.140
171.668
134.822
114.169
7.349
0.129
116.211
157.187
119.566
4.893
0.133
120.874
138.639
113.940
4.785
0.125
115.798
126.458
124.249
7.798
0.130
121.068
135.333
120.248
7.236
0.125
116.419
137.823
116.095
7.667
0.123
120.057
143.048
121.942
7.627
0.116
116.257
139.092
115.824
4.971
0.134
116.377
190.512
121.406
6.483
0.119
123.218
129.877
114.303
4.654
0.106
119.943
190.375
123.465
7.676
121.890
0.159
119.705
137.579
118.113
4.190
0.160
117.528
137.668
123.908
7.427
0.132
162.843
140.110
123.772
6.344
0.116
121.734
187.379
116.517
7.260
0.124
119.831
136.028
120.867
6.907
0.109
127.414
144.411
122.588
6.328
0.136
121.610
136.763
121.916
4.576
0.146
123.651
137.989
117.727
4.789
0.124
117.799
139.652
121.790
5.821
0.724
118.066
128.564
121.714
6.992
0.133
121.494
134.489
115.449
7.583
0.115
119.484
139.942
123.607
8.172
0.138
122.047
148.221
122.173
5.487
0.128
123.914
133.431
114.779
3.275
0.120
115.490
137.102
118.711
6.436
0.133
126.037
134.286
121.481
6.339
0.108
118.749
134.825
124.108
7.037
118.561
0.135
116.535
133.715
115.606
5.551
0.139
121.298
134.114
118.511
5.544
0.131
120.957
136.773
117.473
6.527
0.104
115.599
142.927
122.778
4.199
0.133
117.298
138.819
117.598
6.433
0.135
122.621
138.250
123.722
5.948
0.128
177.954
128.980
96.294
3.309
0.141
114.731
155.445
119.203
8.052
113.900
0.122
120.900
131.538
118.490
6.959
0.633
128.222
139.878
98.773
4.757
0.133
127.945
138.011
120.159
5.430
0.123
116.372
131.866
115.221
7.859
123.012
0.121
124.636
125.547
133.418
6.172
0.132
118.749
145.667
120.735
5.441
0.127
118.079
124.811
118.866
7.977
0.136
114.495
135.246
117.280
5.776
0.127
120.844
143.646
113.003
5.044
0.132
119.843
138.045
124.234
5.483
0.117
120.826
134.492
171.596
5.709
0.128
170.149
134.890
113.846
4.348
0.107
121.128
133.369
119.582
5.073
0.132
118.948
190.740
120.361
7.728
0.130
117.645
135.555
119.375
4.950
0.133
124.315
134.769
133.293
5.631
0.121
164.610
116.124
115.114
6.789
0.130
120.539
146.110
121.149
5.908
0.105
119.504
182.449
116.728
126.135
7.229
0.136
118.087
136.560
116.594
3.621
0.151
118.275
140.725
123.122
5.382
118.682
0.116
123.035
136.009
118.287
7.585
0.139
119.439
131.261
114.299
6.502
0.134
115.645
135.175
115.067
8.984
0.153
117.846
192.558
120.535
5.988
0.135
121.353
140.490
123.211
126.187
5.784
0.124
118.469
180.975
118.321
6.155
118.278
0.128
118.122
138.149
122.574
113.849
6.549
0.125
116.430
137.498
122.317
6.612
118.018
0.105
119.857
131.020
171.522
5.067
0.134
119.413
135.871
120.141
5.162
0.121
114.585
136.222
121.802
7.502
121.394
0.143
120.794
127.337
118.951
5.624
114.659
0.100
118.129
130.603
118.793
6.412
0.113
167.896
138.075
162.947
6.125
0.135
114.534
140.554
120.882
7.289
0.108
123.583
139.514
118.033
5.121
0.120
119.859
135.866
117.846
123.754
7.442
0.112
117.183
185.023
122.255
4.788
0.133
124.910
134.463
121.617
4.348
0.131
121.780
137.049
126.570
4.101
0.104
163.927
133.676
171.785
123.740
6.947
0.133
119.951
139.690
120.592
123.085
7.250
0.136
125.784
178.626
104.453
5.836
0.141
115.905
117.342
119.438
5.156
175.253
0.121
124.526
132.352
119.647
5.626
0.144
119.553
140.776
122.783
6.305
0.127
116.214
139.350
119.389
6.132
0.129
163.619
133.777
116.791
7.069
0.114
127.030
131.146
98.285
5.450
117.238
0.135
168.436
151.472
120.953
6.712
0.134
116.672
140.845
119.948
5.076
0.140
119.809
182.903
116.784
5.312
0.131
118.576
135.922
118.110
5.857
0.125
134.107
136.144
99.215
8.037
0.115
119.869
195.349
123.742
9.786
118.561
0.124
119.980
128.947
118.710
116.182
6.957
0.146
123.126
146.673
113.058
5.850
0.145
131.485
139.327
101.373
7.370
122.469
0.120
171.142
141.307
171.819
6.716
0.143
121.886
144.066
118.963
5.555
126.622
0.076
118.060
115.895
116.772
120.758
5.966
0.144
120.520
145.162
117.784
3.668
0.121
115.196
184.786
121.011
4.997
122.482
0.134
124.849
135.254
119.788
6.607
116.690
0.162
131.012
141.082
97.959
7.176
126.994
0.150
120.569
149.665
129.675
171.234
7.124
0.128
171.575
147.480
144.592
4.176
0.153
121.387
142.516
119.991
5.878
0.136
120.040
137.804
119.054
104.417
7.200
0.094
123.174
110.044
118.634
4.918
0.148
123.281
143.493
103.593
5.469
125.684
0.143
107.193
139.763
101.044
6.171
0.171
123.377
155.610
122.763
5.878
0.120
165.361
136.165
126.562
129.413
6.064
0.121
120.373
116.280
120.414
4.450
116.865
0.106
120.731
194.548
121.411
5.146
0.126
120.387
141.505
121.070
7.126
121.732
0.117
127.296
125.992
98.382
129.164
6.077
0.153
174.904
126.125
102.263
124.653
4.010
0.176
121.647
188.089
118.972
120.858
130.628
6.481
0.155
134.476
114.895
102.006
4.936
119.590
0.160
107.361
134.842
106.247
117.001
5.181
0.152
121.238
149.966
128.030
7.923
120.466
0.114
126.868
125.684
116.928
9.658
0.146
121.993
134.302
117.756
118.075
5.565
0.117
126.380
135.526
116.169
8.126
122.429
0.144
121.690
104.645
170.605
5.574
167.367
0.142
126.802
199.991
124.199
6.113
119.726
0.143
128.007
130.771
104.062
8.249
123.836
0.130
132.016
139.470
106.751
119.442
6.792
0.147
95.679
135.526
117.788
122.526
6.904
0.147
119.592
133.203
169.793
122.418
7.006
0.130
121.491
133.250
121.291
5.434
0.122
125.676
140.462
120.128
6.487
0.138
127.278
140.453
169.308
167.614
8.358
0.131
114.973
144.131
117.716
8.937
97.775
0.127
129.108
141.193
92.678
5.386
0.136
120.312
142.437
118.657
126.191
3.830
0.100
125.239
134.643
170.525
7.041
127.664
0.123
115.462
162.880
122.388
120.086
6.879
0.155
123.846
128.899
133.464
116.985
3.643
0.155
121.780
139.318
117.442
123.820
6.461
0.137
117.059
201.844
125.265
6.281
0.137
101.282
141.313
131.331
123.140
7.644
0.117
101.790
130.796
109.444
118.475
8.150
0.153
104.207
143.383
95.087
131.769
6.696
0.127
121.904
121.691
120.185
5.036
0.153
95.987
198.276
122.344
146.694
7.053
0.120
125.301
106.140
116.341
7.981
0.155
115.837
153.834
115.825
116.349
5.951
161.693
0.130
92.967
146.286
122.433
4.119
0.145
87.122
170.029
116.768
4.776
102.413
0.132
185.446
123.113
94.390
133.380
5.674
131.678
0.176
106.616
160.804
128.067
96.495
5.569
99.952
0.196
120.897
106.351
99.367
114.244
142.370
9.519
0.165
112.253
116.586
175.877
120.621
8.708
108.069
0.172
115.467
115.428
123.020
119.242
7.086
0.134
119.024
130.574
137.569
170.605
5.961
107.325
0.151
121.440
107.922
97.000
4.803
0.178
117.599
155.305
121.554
127.275
7.387
0.118
121.708
160.328
123.816
6.877
125.241
0.135
173.384
135.034
133.145
133.601
6.197
98.489
0.160
94.688
132.152
124.212
3.102
0.134
115.171
117.068
119.784
4.293
124.080
0.136
128.067
153.463
106.400
117.941
5.956
0.120
110.728
131.809
122.955
123.819
6.716
0.125
127.593
108.165
166.800
139.690
6.338
0.150
114.851
113.600
125.615
5.098
113.923
0.145
168.533
132.199
102.079
8.235
125.966
0.140
119.720
179.849
126.332
123.287
7.555
0.124
173.926
128.000
100.832
6.542
130.342
0.138
122.856
163.692
126.552
2.372
0.133
111.439
132.098
184.500
120.193
5.805
97.091
0.136
127.107
128.128
158.501
114.610
3.821
92.293
0.161
117.974
137.154
120.372
108.323
126.587
5.057
0.184
119.500
159.935
133.984
129.340
7.229
116.803
0.155
108.552
132.782
108.426
40.801
485.959
187.067
2.946
0.073
62.318
83.483
96.029
105.509
109.586
112.679
116.296
4.276
0.179
114.120
131.550
142.087
120.451
2.539
0.130
121.236
157.322
120.550
3.608
0.121
122.245
141.488
119.119
5.280
0.119
117.955
146.001
120.334
4.850
0.137
122.423
137.711
119.652
5.821
0.126
119.789
137.179
115.086
5.587
0.141
118.489
139.491
118.817
5.299
0.120
119.400
148.771
120.292
5.793
0.122
116.346
138.437
120.323
5.541
0.132
123.884
134.514
117.279
5.297
0.123
120.858
141.705
122.430
6.212
0.121
130.412
138.273
118.463
5.819
0.141
120.723
144.393
121.884
3.825
0.124
120.778
187.392
118.614
6.205
0.107
127.778
139.974
140.018
124.843
120.312
4.923
0.121
128.378
142.229
131.234
120.276
3.028
0.126
170.247
343.383
46.024
616.083
229.540
1.947
0.077
37.205
12.183
1.764
0.056
367.741
448.204
133.821
193.051
2.109
0.082
60.379
27.075
36.941
44.779
44.448
55.802
52.447
2.707
0.179
47.694
62.335
75.225
86.664
