5.617
3.427
0.853
0.012
63.073
78.831
85.075
72.681
71.968
76.729
76.180
44.673
52.949
69.521
62.503
62.573
61.695
74.467
78.376
39.158
28.737
26.809
37.109
183.293
144.108
135.775
171.624
85.743
42.317
41.380
52.992
56.951
60.556
66.149
72.106
79.439
84.151
95.062
94.420
96.252
102.169
6.089
0.248
96.345
109.511
112.406
112.524
106.858
91.522
125.710
113.255
110.969
112.180
117.304
106.941
84.020
113.377
115.484
84.308
5.447
129.986
0.337
80.317
89.596
104.844
121.462
120.955
119.457
105.088
111.023
132.133
98.852
114.208
3.908
93.724
0.285
90.223
92.552
105.755
141.420
182.578
137.295
7.936
0.262
104.681
99.834
110.038
123.819
3.490
0.243
102.019
41.191
13.864
1.740
0.069
480.350
199.333
62.708
7.019
0.121
85.862
94.795
108.064
113.273
8.326
0.171
121.511
134.153
126.654
123.175
7.156
0.157
125.909
129.841
124.964
5.157
0.147
124.843
135.998
123.486
6.930
0.156
117.997
139.149
119.183
5.737
0.148
125.387
132.356
173.571
7.482
136.214
0.127
127.844
111.100
151.837
4.495
0.191
125.305
133.253
123.895
5.884
0.159
128.889
132.764
129.249
6.267
0.150
129.327
108.275
148.348
4.312
0.184
130.186
165.760
122.595
42.549
9.124
1.857
0.069
36.869
14.045
1.750
0.072
473.977
199.992
59.844
4.762
0.097
76.853
96.247
115.049
113.320
116.994
3.368
0.182
118.876
135.420
117.703
119.194
2.520
0.133
118.632
133.369
116.978
2.604
0.117
116.332
131.053
117.068
2.259
0.130
117.674
135.001
119.432
2.379
0.114
116.315
133.095
118.747
2.346
0.118
117.706
135.545
117.042
2.454
0.115
119.579
135.416
118.910
2.549
0.118
117.560
135.105
117.101
2.701
0.125
118.131
132.333
119.803
2.505
0.119
118.200
133.381
120.092
2.427
0.128
117.874
129.090
117.167
2.563
0.111
119.974
133.726
118.510
2.709
0.116
117.699
131.831
120.565
2.701
0.115
118.214
133.804
119.622
2.768
0.117
118.065
131.429
118.165
2.706
0.117
116.904
132.658
116.656
2.928
0.119
116.337
134.242
115.565
2.989
0.135
120.371
133.351
119.604
2.905
0.123
116.096
132.710
117.296
2.780
0.113
115.869
131.868
116.070
3.009
0.122
118.960
134.016
117.317
2.928
0.127
116.689
132.740
116.889
2.776
0.118
116.442
133.742
116.489
2.957
0.145
118.803
136.341
123.009
2.966
0.126
117.407
133.453
118.036
2.933
0.119
116.216
134.332
117.282
3.112
0.119
117.273
132.231
118.394
3.341
0.129
115.349
140.257
117.299
3.260
0.118
117.254
130.565
115.631
3.094
0.114
118.458
134.260
116.761
3.154
0.118
117.259
133.249
117.063
3.397
0.117
117.286
129.492
116.962
3.313
0.111
123.811
137.099
119.627
2.955
0.118
118.640
132.152
118.641
3.906
0.113
116.634
131.293
118.403
3.322
0.131
116.362
133.438
115.714
3.497
0.737
116.865
135.634
119.593
3.595
0.133
117.077
133.222
117.047
3.761
0.111
116.364
133.330
117.484
3.410
0.123
118.136
133.378
115.320
3.303
0.116
116.260
134.803
117.263
3.887
0.113
120.404
132.188
122.691
4.297
0.123
119.837
134.803
116.803
3.235
0.130
120.142
137.827
118.652
3.729
0.120
117.770
132.437
116.985
3.678
0.123
119.498
137.019
119.584
3.500
0.129
116.855
132.411
119.094
3.559
0.133
119.947
134.579
116.357
3.771
0.122
119.426
133.102
116.740
3.636
0.132
119.473
133.560
116.591
4.017
0.146
117.960
132.598
116.162
4.011
0.122
118.541
137.283
116.644
3.702
0.111
118.236
136.944
121.843
3.712
0.119
117.877
136.529
115.751
3.710
0.134
116.052
131.741
118.206
4.370
0.113
118.700
135.967
115.204
3.814
0.121
116.110
137.882
119.602
3.925
0.126
117.961
134.906
121.425
3.674
0.120
116.888
133.540
117.011
3.921
0.113
116.978
131.418
117.363
3.907
0.119
118.449
132.391
121.465
4.496
0.129
118.873
136.735
118.494
4.182
0.122
118.022
137.728
116.020
4.655
0.117
120.097
138.639
116.240
4.023
0.120
117.288
133.803
119.535
3.773
0.123
117.189
133.458
115.525
2.298
0.109
120.025
137.350
117.943
3.728
0.121
118.241
133.709
117.483
3.959
0.121
116.486
131.532
116.399
4.777
0.108
120.636
134.892
118.937
4.395
0.115
116.090
132.273
125.607
3.698
0.127
116.492
136.279
118.155
4.098
0.128
118.025
131.069
119.560
4.372
0.147
118.303
138.839
117.924
3.855
0.123
118.453
137.237
117.300
4.117
0.109
117.287
138.433
115.773
3.536
0.137
116.898
130.117
119.664
4.130
0.124
117.396
135.470
117.853
3.568
0.119
122.812
133.794
116.687
3.964
0.153
117.520
135.525
117.672
4.145
0.136
117.817
133.711
117.983
4.028
0.120
119.154
133.828
121.469
3.965
0.126
120.362
133.223
121.438
4.092
0.119
119.529
138.893
117.189
4.203
0.131
116.815
138.481
121.109
4.343
0.118
117.368
135.788
120.316
4.832
0.138
118.480
135.842
115.447
4.190
0.116
120.061
137.263
119.355
5.770
0.115
120.210
142.868
116.967
4.321
0.126
115.613
136.166
119.439
5.328
0.127
117.873
133.772
116.836
4.434
0.138
115.055
140.542
117.430
4.065
0.112
123.422
133.699
119.251
4.253
0.116
116.845
139.489
119.158
5.286
0.113
117.705
129.462
119.507
4.589
0.112
116.950
135.427
116.590
4.286
0.111
119.359
132.690
122.315
3.563
0.115
119.383
135.992
118.118
4.263
0.116
118.821
130.851
116.578
4.683
0.133
116.008
137.156
119.647
3.173
0.115
118.419
136.624
119.102
4.715
0.152
117.163
135.367
120.680
4.484
0.136
119.284
133.722
115.910
4.601
0.141
118.198
141.071
123.125
4.288
0.127
116.711
136.088
117.369
4.218
0.117
122.701
134.212
116.673
4.567
0.133
121.974
139.206
118.524
4.542
0.122
116.815
135.313
119.205
3.623
0.130
117.876
134.989
119.280
4.444
0.126
118.944
139.117
115.955
4.536
0.138
119.174
139.508
115.207
4.779
0.113
118.642
138.574
120.279
4.279
0.120
116.408
131.752
116.925
4.723
0.149
116.255
135.828
122.825
3.823
0.130
119.622
134.070
117.654
3.205
0.119
119.348
133.025
121.836
4.209
0.119
125.022
130.704
120.828
4.543
0.138
120.131
135.420
117.022
4.074
0.120
117.613
132.633
117.566
4.205
0.115
116.254
134.766
117.471
6.791
0.140
120.040
133.666
116.732
5.629
0.112
119.123
135.671
119.614
3.745
0.134
119.615
135.694
117.385
4.648
0.153
121.142
136.885
120.773
6.068
0.123
117.764
134.593
115.969
4.851
0.135
120.619
136.189
117.660
3.451
0.122
119.394
137.292
117.467
5.300
0.116
119.036
131.587
119.078
5.682
0.107
117.698
134.291
119.048
2.979
0.122
116.690
136.212
116.480
5.033
0.132
121.491
135.414
117.133
5.270
0.112
120.854
135.231
117.838
5.213
0.140
116.389
139.084
124.615
4.666
0.130
120.862
135.010
114.203
4.856
0.129
121.318
135.488
116.878
5.127
0.124
120.680
136.294
116.488
5.306
0.118
118.661
144.486
115.406
5.465
0.134
121.136
134.966
121.024
5.193
0.107
119.268
137.660
116.344
3.997
0.126
118.124
134.197
117.648
4.760
0.130
117.328
137.071
116.107
4.435
0.118
117.906
135.805
117.581
4.593
0.108
117.160
133.770
118.185
5.490
0.132
116.188
135.968
122.075
5.717
0.108
122.505
133.379
118.499
5.201
0.124
120.323
135.592
116.582
48.873
0.117
119.535
135.830
117.978
4.919
0.115
117.053
138.273
120.573
4.610
0.140
121.376
131.623
117.065
6.402
0.144
117.526
136.583
117.601
5.546
0.106
117.298
134.558
118.541
5.387
0.114
115.706
135.721
118.673
5.135
0.123
118.265
138.704
120.361
5.767
0.122
115.930
137.749
119.035
4.528
0.107
118.598
135.812
118.729
6.265
0.109
118.311
134.721
118.317
5.858
0.108
119.077
135.150
121.682
5.813
0.114
117.603
136.982
120.371
5.300
0.113
117.202
131.701
115.092
5.474
0.102
117.516
134.904
118.155
5.146
0.130
116.922
133.915
118.391
5.924
0.123
122.158
137.910
119.988
5.152
0.115
119.499
131.190
116.372
5.213
0.124
116.354
134.841
119.369
5.570
0.107
118.156
132.400
116.816
3.270
0.112
117.580
134.649
120.762
4.749
0.119
120.942
134.606
115.905
4.324
0.109
117.870
137.249
118.520
5.281
0.116
121.460
136.586
121.905
4.533
0.110
122.725
134.301
117.226
5.076
0.113
126.723
138.544
119.549
5.619
0.117
123.078
132.128
116.466
6.219
0.118
120.633
134.186
118.327
5.105
0.123
119.887
132.404
116.365
5.489
0.109
116.800
137.022
118.887
5.459
0.118
116.715
132.699
118.267
5.488
0.126
119.461
138.025
119.669
6.566
0.117
122.181
141.134
118.302
6.134
0.122
117.898
137.592
118.443
4.893
0.126
120.847
138.236
121.464
4.609
0.129
120.091
137.556
121.421
6.065
0.137
118.730
134.518
120.371
4.541
0.107
120.954
132.687
120.629
6.930
0.126
119.715
140.319
119.556
4.960
0.110
121.903
141.443
117.943
4.839
0.117
117.230
140.152
123.305
6.889
0.110
123.451
141.387
116.170
4.902
0.119
120.798
142.556
123.753
4.003
0.126
126.434
138.352
119.140
4.278
0.111
122.192
133.317
119.278
5.576
0.103
123.270
134.056
119.567
4.748
0.100
117.975
132.528
121.939
5.198
0.105
121.397
134.727
116.850
6.733
0.118
122.183
137.755
127.071
3.094
0.125
121.677
137.129
128.511
3.978
0.102
120.392
141.052
117.222
6.452
0.112
124.837
138.614
120.776
4.598
0.126
122.273
133.195
118.713
6.128
0.119
117.336
140.648
120.158
5.787
0.115
122.157
138.446
125.528
4.814
0.112
117.507
137.331
123.706
3.985
0.128
121.749
136.117
119.485
5.780
0.110
120.395
139.923
120.889
6.202
0.114
125.889
135.099
118.927
5.074
0.125
129.832
132.039
116.627
6.045
0.127
121.624
140.146
124.700
5.482
0.125
118.826
129.978
124.289
4.682
0.130
117.474
133.776
121.742
4.768
0.125
119.790
129.921
120.494
5.540
0.123
120.186
134.475
118.401
6.264
0.125
118.412
136.640
120.141
3.668
0.119
122.837
135.830
122.246
5.282
0.099
120.034
136.603
124.161
6.633
0.107
120.624
137.639
120.405
6.272
0.110
117.841
135.796
118.124
5.971
0.121
117.853
133.606
122.899
4.794
0.116
117.124
133.364
117.694
5.482
0.116
118.977
139.608
121.184
6.927
0.133
119.643
131.390
121.890
4.784
0.121
122.736
133.826
119.673
6.874
0.108
117.781
142.989
117.639
4.309
0.128
120.413
139.105
121.758
6.285
0.131
122.436
134.798
121.533
6.552
0.104
129.870
136.698
116.873
7.192
0.114
119.129
138.229
117.612
5.912
0.128
120.585
140.429
114.962
5.667
0.109
118.331
130.959
123.344
4.748
0.131
117.443
134.082
121.703
4.355
0.126
117.609
133.579
115.952
6.660
0.112
122.984
141.582
117.818
4.926
0.104
117.961
133.038
119.760
5.861
0.111
118.335
142.359
117.028
4.793
0.127
118.420
134.340
116.060
5.600
0.112
122.799
137.883
121.058
5.201
0.121
119.758
130.780
119.928
5.374
0.121
122.052
136.575
118.823
2.513
0.112
125.297
135.251
118.392
7.193
0.850
119.811
137.806
119.529
4.641
0.096
116.854
133.520
117.637
3.574
0.128
122.427
136.641
117.537
6.349
0.115
118.926
133.046
117.710
5.193
0.135
121.412
138.162
117.728
6.921
0.106
117.147
135.208
117.336
5.820
0.129
120.295
137.540
118.552
5.480
0.114
117.960
132.314
122.171
6.756
0.124
118.837
133.596
116.699
3.769
0.119
124.989
133.863
122.532
4.021
0.119
125.643
139.045
119.848
6.558
0.121
123.535
137.566
118.342
4.962
0.123
123.026
136.120
121.651
4.857
0.109
117.190
135.369
116.428
7.622
0.140
119.335
139.094
118.368
6.125
0.127
117.253
137.055
115.604
6.322
0.121
117.136
134.399
118.563
4.887
0.130
126.510
134.800
123.369
6.039
0.135
121.147
137.484
119.666
5.670
0.132
117.637
132.291
121.174
7.059
0.107
116.501
140.758
119.008
6.315
0.102
121.113
132.301
118.360
5.056
0.141
121.869
135.016
120.429
6.343
0.123
116.832
133.293
124.481
6.097
0.126
117.248
137.908
124.762
7.173
0.119
120.810
137.251
117.566
5.874
0.140
121.108
136.517
118.810
4.021
0.126
118.811
141.025
129.212
4.016
0.129
117.988
135.247
118.210
5.280
0.117
120.603
135.560
121.683
5.440
0.121
123.438
134.539
121.384
5.737
0.133
115.859
135.721
126.500
5.495
0.115
119.471
136.741
115.546
3.913
0.128
121.928
138.762
118.482
6.472
0.118
122.140
131.645
120.316
5.082
0.129
125.154
135.731
123.051
6.179
0.116
120.150
139.969
120.532
6.464
0.142
122.574
139.640
121.520
5.565
0.140
117.094
135.367
118.119
7.267
0.111
121.426
144.755
118.131
5.757
0.145
120.484
137.787
120.700
4.055
0.127
121.335
137.292
120.256
4.819
0.114
121.758
134.795
122.615
4.745
0.112
131.018
135.274
122.780
4.793
0.135
119.537
138.370
120.351
4.157
0.144
119.626
135.142
122.335
5.270
0.136
124.415
138.320
120.382
5.637
0.133
123.292
133.146
119.964
6.279
0.118
124.775
137.057
117.938
3.427
0.139
120.156
139.838
126.930
7.969
0.126
121.701
140.257
121.211
5.875
0.117
117.026
136.234
119.736
6.085
0.132
118.178
128.788
117.446
4.955
0.118
119.397
139.111
117.183
2.049
0.115
121.873
138.643
116.770
7.112
0.128
118.662
133.082
118.757
6.042
0.128
120.607
136.843
122.604
6.738
0.123
119.764
135.909
117.079
6.649
0.113
118.847
141.831
119.760
4.628
0.115
118.032
136.124
122.097
5.819
0.110
117.134
135.405
120.419
6.091
0.134
129.651
133.557
116.243
6.975
0.120
121.035
132.073
120.172
5.745
0.112
118.403
132.111
122.795
2.102
0.115
119.560
137.501
122.485
4.935
0.124
117.072
140.657
121.860
5.863
0.132
118.942
138.071
118.259
7.811
0.116
146.541
136.835
116.684
6.763
0.136
119.483
132.487
123.582
6.238
0.129
124.705
139.184
119.435
5.497
0.119
123.043
137.370
126.615
6.585
0.151
117.229
139.664
118.078
4.100
0.112
119.466
135.794
121.269
6.240
0.116
122.634
135.323
119.797
3.452
0.127
121.974
143.412
118.434
6.091
0.117
119.214
133.369
115.876
7.931
0.138
121.626
136.013
128.100
6.945
0.123
124.991
142.324
119.453
5.667
0.127
118.841
136.577
117.790
5.592
0.112
118.238
139.619
120.377
3.393
0.116
122.424
135.962
119.081
4.864
0.141
117.868
139.886
122.981
5.690
0.121
119.803
141.020
121.060
4.465
0.139
123.101
136.985
119.880
3.621
0.123
121.926
135.786
116.273
5.559
0.120
125.873
136.423
124.029
7.986
0.122
133.728
134.162
96.780
5.601
0.147
121.931
168.157
116.909
4.234
0.096
116.350
135.208
119.932
5.614
0.128
120.898
140.277
116.296
6.205
0.128
119.995
131.167
121.734
5.000
0.125
125.704
133.545
118.426
5.063
0.120
116.583
138.451
118.029
4.189
0.127
121.702
133.481
124.384
5.636
0.130
128.013
136.961
122.370
3.722
0.125
118.109
137.250
124.268
4.674
0.113
127.458
136.646
119.825
3.810
0.114
117.809
136.950
121.751
6.026
0.129
120.869
132.921
116.388
6.457
0.126
120.678
139.484
118.140
7.349
0.114
122.692
138.036
119.376
5.329
0.122
120.675
141.023
120.450
6.695
0.133
121.160
144.232
118.651
4.673
0.118
122.603
133.546
120.167
7.024
0.142
125.251
140.670
118.184
7.389
0.131
120.086
134.183
122.119
6.191
0.120
121.404
137.132
119.070
4.694
0.124
122.046
134.502
119.068
6.075
0.125
117.351
129.488
120.019
6.106
0.121
121.414
138.393
118.246
7.290
0.111
121.399
138.438
120.992
5.560
0.122
117.650
139.847
120.284
4.317
0.120
123.027
138.567
121.194
5.190
0.114
122.964
136.952
123.199
4.396
0.132
123.520
131.195
117.255
6.402
0.123
120.074
137.272
122.463
6.037
0.141
120.345
138.518
118.901
6.965
0.122
119.129
137.518
118.812
3.918
0.135
121.109
137.734
121.440
4.672
0.131
116.038
135.050
117.095
4.084
0.130
122.819
136.541
119.486
5.265
0.117
123.742
139.003
123.426
4.418
0.138
118.875
138.519
121.035
6.025
0.132
117.332
134.169
116.559
6.859
0.119
171.242
138.118
121.766
8.154
0.119
125.164
132.530
118.409
6.165
0.127
120.206
143.455
123.334
4.500
0.118
168.852
134.870
121.792
6.309
0.100
117.854
135.140
115.244
5.472
0.135
121.633
138.754
117.287
5.296
0.128
126.953
138.187
121.219
4.983
0.118
117.140
129.165
115.838
5.512
0.140
127.530
139.014
118.994
5.657
0.132
120.347
136.084
120.390
5.361
0.122
130.926
139.622
99.016
6.384
0.103
118.495
151.102
121.545
5.593
0.137
121.533
129.463
120.932
4.413
0.135
115.270
131.432
116.429
3.299
0.125
121.629
131.176
116.055
2.359
0.119
121.152
136.278
119.892
5.539
0.134
123.194
132.262
118.360
7.547
0.128
116.051
131.520
115.610
5.461
0.141
126.453
130.651
122.019
4.964
0.128
122.617
135.574
120.730
6.957
0.121
121.302
136.660
127.578
7.370
0.126
125.410
142.616
122.258
5.152
0.114
116.366
133.519
118.017
7.818
0.122
123.288
132.115
121.950
5.388
0.154
120.126
136.607
121.172
6.865
0.142
124.937
134.204
120.587
5.824
0.117
120.701
133.841
115.586
5.898
0.111
122.324
133.167
120.003
3.586
0.135
117.092
135.379
122.355
5.735
0.132
120.209
133.050
122.498
6.577
0.132
124.166
141.438
120.900
5.047
0.132
123.553
137.582
118.298
5.270
0.127
124.165
135.496
121.913
5.381
0.131
128.625
134.622
116.921
7.470
0.112
124.954
136.161
123.509
6.115
0.140
168.750
140.926
119.067
3.885
0.116
123.608
138.194
124.328
6.291
0.114
117.275
138.109
117.875
4.534
0.127
117.243
132.943
123.908
4.402
0.123
125.550
136.292
126.813
4.909
0.116
120.860
134.841
116.605
5.750
0.122
131.281
134.239
123.445
6.573
0.141
121.402
136.897
120.229
4.704
0.128
125.348
132.817
119.881
5.022
0.124
169.870
137.253
126.531
5.612
0.178
170.735
134.456
120.942
3.750
0.097
120.236
142.316
125.392
4.795
0.125
124.645
132.513
119.839
7.142
0.136
171.088
137.654
120.069
7.159
0.139
124.287
134.356
119.121
6.256
0.129
171.645
140.475
123.425
6.342
0.143
172.794
137.359
121.820
5.601
0.121
119.994
137.007
117.994
3.377
0.115
123.814
136.368
118.691
5.051
0.105
125.566
138.938
118.824
6.145
0.108
126.899
143.646
123.397
4.170
0.118
169.766
139.851
125.545
5.139
0.133
165.132
135.051
125.566
5.182
0.117
127.160
136.899
120.956
5.592
0.133
121.875
136.115
116.676
3.870
0.131
122.102
136.000
119.936
4.174
0.118
119.232
134.904
120.570
6.667
0.107
126.308
138.592
121.291
6.258
0.113
126.409
138.515
117.744
7.830
0.117
123.791
131.940
115.643
5.922
0.118
122.487
142.937
122.075
6.308
0.125
172.404
132.915
117.223
5.267
0.108
124.611
133.294
119.303
5.421
0.137
122.490
137.398
122.583
7.272
118.418
0.083
118.096
130.384
119.517
5.641
0.166
123.289
147.247
121.212
5.522
0.115
116.186
137.955
121.251
4.003
0.111
124.066
135.059
127.292
6.000
0.133
119.639
135.347
117.585
3.974
0.112
118.154
143.719
122.891
5.373
0.109
129.120
143.088
120.112
3.883
0.128
120.609
142.475
122.793
6.139
0.124
122.969
134.690
122.109
6.073
0.125
126.117
140.941
115.308
8.358
0.125
118.973
132.615
119.791
5.797
0.118
122.691
138.743
118.172
7.008
0.135
118.196
152.044
126.675
6.716
0.135
123.599
139.118
119.641
6.391
0.136
119.596
138.300
116.867
7.492
0.124
118.926
136.345
116.118
3.595
0.131
117.656
138.584
123.709
5.106
0.123
120.913
136.001
118.503
6.855
0.119
128.420
136.553
121.134
6.499
0.156
122.890
138.149
123.022
5.867
0.124
121.226
143.130
123.560
8.151
0.128
120.895
134.541
130.217
6.678
124.537
0.084
125.974
135.917
119.068
5.400
0.133
118.132
141.945
117.653
6.670
0.125
122.038
140.903
122.884
56.482
0.130
172.466
134.437
120.921
5.297
0.103
123.497
140.133
126.561
9.204
0.133
128.793
138.159
129.079
8.453
0.129
122.326
144.325
125.947
5.757
0.122
121.256
187.457
121.985
7.653
0.129
169.210
147.318
118.252
5.135
0.116
123.526
138.135
120.700
5.638
0.099
120.097
141.311
121.423
4.847
0.122
123.335
140.478
121.727
6.335
0.111
120.116
140.128
125.661
7.620
0.114
123.270
141.109
118.189
6.145
0.147
119.440
130.857
118.856
6.072
0.114
125.669
131.189
128.315
7.350
0.137
123.052
138.718
122.411
6.344
0.126
125.793
136.189
121.405
5.766
0.120
118.371
184.883
122.391
4.850
0.131
124.464
143.933
120.456
5.939
0.137
126.880
135.203
126.910
4.859
0.130
128.248
143.200
118.238
5.576
0.128
117.628
135.191
122.791
7.557
0.111
119.932
135.853
118.666
6.952
0.127
118.673
136.652
116.969
8.563
0.109
121.911
187.985
119.504
8.269
0.124
164.392
141.674
121.887
6.556
0.122
126.366
137.398
125.697
7.088
0.124
125.253
139.096
122.209
6.013
0.126
130.581
131.771
98.652
4.995
0.142
116.668
151.736
126.660
7.271
0.108
118.417
131.472
115.644
6.269
0.119
119.499
140.362
121.015
7.856
0.172
121.429
134.931
117.957
5.103
0.129
117.514
173.631
120.996
7.057
119.636
0.110
122.329
132.561
123.059
7.103
0.131
127.272
137.245
117.806
7.417
0.121
118.279
136.793
122.930
5.133
0.110
169.068
132.483
119.468
6.269
0.131
126.520
136.199
125.381
7.493
0.123
129.720
139.989
125.997
5.137
0.130
120.020
142.714
123.360
4.810
0.131
169.126
136.825
124.039
6.089
0.135
121.394
137.352
126.227
6.859
0.118
122.318
185.065
122.158
4.247
0.122
124.535
140.024
171.729
5.560
0.115
172.002
139.212
121.467
6.105
0.130
123.230
141.119
117.881
7.930
0.148
123.014
139.186
122.182
5.261
0.131
119.505
147.561
121.224
6.681
0.143
119.891
139.022
116.974
8.138
0.126
126.877
138.375
120.824
6.034
0.140
121.441
134.207
123.063
4.371
0.131
121.424
141.785
116.413
5.582
0.124
126.149
138.199
120.951
3.794
0.105
121.489
144.092
118.149
7.158
0.110
118.960
136.208
123.945
6.901
0.132
127.936
144.154
126.822
7.051
0.123
121.535
135.092
124.068
6.810
120.025
0.129
123.146
135.823
116.630
7.731
0.134
121.281
192.412
129.150
5.544
0.120
125.036
133.108
128.426
5.630
0.122
122.634
138.035
120.964
6.400
0.124
133.724
129.770
102.010
6.146
125.692
0.141
129.202
158.524
124.057
7.735
0.145
121.443
143.665
116.822
8.298
0.143
122.159
137.774
122.709
5.069
0.131
173.798
136.431
117.535
4.279
0.123
125.455
139.289
118.075
3.361
0.140
127.869
137.135
120.823
4.961
122.029
0.137
123.163
140.398
120.004
5.754
0.146
121.224
145.501
119.751
6.559
115.982
0.121
124.027
136.812
120.762
3.705
0.141
119.776
148.849
117.622
4.093
0.102
122.319
135.693
123.995
3.386
0.126
123.826
131.484
118.230
7.703
0.136
120.306
145.836
123.329
4.118
0.125
126.640
135.040
125.516
8.721
0.152
173.885
139.383
121.452
3.833
0.117
124.292
192.346
123.678
3.101
121.649
0.137
127.956
185.935
119.751
4.753
0.130
119.395
132.276
134.434
121.407
5.514
0.148
122.135
146.806
120.616
7.094
0.136
123.457
142.911
120.057
6.516
0.127
125.140
184.793
124.686
5.959
122.204
0.128
122.302
138.515
117.103
163.353
6.088
0.159
125.173
152.658
118.661
4.061
0.128
123.144
149.294
119.393
6.633
0.126
123.647
149.840
165.603
5.807
98.179
0.136
129.488
143.538
170.715
181.439
6.575
0.140
119.508
105.506
120.555
167.365
4.723
0.146
116.634
140.962
115.533
7.593
0.143
120.178
138.592
125.925
7.156
121.048
0.108
119.886
134.666
127.584
3.634
0.135
170.787
139.106
124.513
5.162
0.100
123.724
151.107
119.874
4.847
0.131
126.552
141.886
126.653
4.224
0.133
168.815
139.879
116.282
6.150
128.893
0.142
127.690
135.238
149.227
3.884
0.157
123.876
125.944
116.718
6.341
0.114
124.522
194.220
125.187
6.195
124.055
0.131
127.869
127.295
103.719
8.789
122.278
0.162
109.069
150.477
102.681
121.672
8.577
129.660
0.168
132.650
111.645
103.814
165.211
6.272
170.018
0.173
121.968
138.036
127.591
123.431
5.432
0.160
123.803
144.926
120.262
7.021
128.943
0.098
126.753
133.701
127.124
3.522
0.134
121.144
119.757
120.519
4.083
0.140
120.935
195.460
128.241
6.190
0.092
122.858
127.756
123.965
5.754
126.838
0.126
124.420
135.640
125.322
4.965
168.661
0.126
118.376
189.748
120.014
4.802
0.144
130.720
129.039
110.147
120.525
4.679
0.145
119.416
145.447
126.528
4.305
0.121
170.451
128.404
123.945
7.710
0.113
123.817
188.970
119.994
5.880
0.119
125.256
145.982
170.823
123.844
5.382
133.411
0.137
118.661
120.021
116.196
6.167
0.197
124.399
183.274
140.021
121.986
5.882
129.717
0.138
128.074
108.300
99.992
122.856
4.867
0.166
123.656
143.644
108.249
118.483
7.087
0.162
126.914
156.765
127.322
4.555
0.110
132.089
185.713
102.091
7.976
0.143
126.304
140.080
143.195
128.692
6.262
0.136
123.550
182.747
125.646
7.289
124.477
0.110
129.599
181.752
106.705
178.541
5.317
107.033
0.158
103.214
174.600
105.077
121.601
3.913
0.144
115.375
121.806
137.572
129.801
94.888
122.313
7.689
0.187
164.129
136.991
130.359
122.935
4.490
0.146
122.269
142.509
121.047
4.659
0.130
119.907
146.096
169.014
4.537
0.125
123.895
142.364
127.522
5.340
0.126
96.467
189.386
119.966
7.677
127.785
0.139
127.964
137.334
122.187
121.126
3.881
0.163
125.763
151.295
171.138
120.081
126.390
4.220
0.151
122.204
133.523
135.207
124.196
123.666
5.492
0.132
122.383
121.996
126.287
4.051
124.337
0.152
105.692
144.425
135.290
120.393
7.243
103.762
0.148
120.559
140.802
123.552
3.689
130.713
0.138
126.560
140.315
121.756
5.785
0.150
171.568
139.533
99.266
8.535
127.781
0.138
127.250
162.520
113.909
6.258
0.127
129.417
131.310
111.504
5.653
125.644
0.150
116.753
142.598
105.842
4.642
0.149
126.166
122.255
132.443
125.394
7.945
0.122
101.512
142.987
135.131
7.258
120.327
0.149
103.694
141.815
171.389
4.942
121.196
0.132
138.414
193.813
98.319
110.446
5.993
0.150
121.455
133.354
126.538
3.764
0.135
115.764
177.963
125.307
130.279
4.133
0.136
131.517
124.230
100.633
119.374
7.100
117.125
0.169
122.203
185.716
128.306
140.745
126.857
99.132
5.081
0.177
119.927
105.940
106.824
180.075
4.044
0.201
122.424
104.037
126.392
173.278
125.909
4.224
0.132
101.508
142.574
119.478
3.243
0.146
123.344
142.216
125.454
5.657
0.135
165.703
153.656
176.821
3.302
0.145
96.489
141.308
130.677
6.221
0.126
121.484
137.211
130.644
5.411
0.147
130.157
162.865
145.261
54.679
128.015
0.119
103.134
132.256
148.115
165.476
5.593
0.154
116.713
134.082
130.808
140.588
4.863
0.131
101.791
115.970
173.175
122.442
8.013
0.129
134.751
113.961
98.996
7.311
178.243
0.173
126.925
142.882
113.444
4.375
97.896
0.124
138.159
134.812
109.541
7.021
126.232
0.165
95.996
140.522
131.295
116.368
7.193
0.150
87.122
139.786
183.981
5.043
173.841
0.152
102.433
129.783
131.951
2.190
127.107
0.137
104.452
140.169
100.429
4.557
127.392
0.161
104.462
116.055
114.963
168.329
7.885
0.157
117.095
142.410
117.381
169.568
7.616
0.146
127.536
151.847
158.376
2.762
0.150
108.165
141.815
123.216
6.413
123.858
0.132
120.103
141.385
119.201
7.485
0.131
119.790
138.909
149.155
5.793
177.062
0.128
122.142
115.718
125.332
121.271
5.235
0.153
118.424
197.832
124.731
8.489
126.083
0.151
106.890
114.160
102.571
7.173
0.162
133.841
144.712
114.382
177.329
4.413
0.147
122.752
133.918
129.410
130.095
6.640
0.128
154.098
140.723
99.865
129.676
6.804
0.132
127.835
109.882
100.175
6.808
0.169
168.111
160.241
122.704
4.050
0.122
185.652
145.368
100.664
5.707
120.818
0.108
187.762
176.006
148.098
43.041
487.317
184.554
3.270
0.071
55.880
89.382
99.389
3.917
0.109
74.569
137.072
118.242
4.359
0.128
121.849
135.919
121.336
3.284
0.117
121.182
131.341
118.607
51.999
0.114
121.847
135.163
123.161
5.419
0.096
119.309
134.622
120.013
4.879
0.128
120.391
133.998
121.927
4.076
0.120
119.429
139.756
124.012
5.023
0.765
126.450
140.627
121.265
5.530
0.134
122.434
136.127
121.332
5.417
0.105
128.707
139.160
121.236
5.921
0.121
127.993
144.902
122.597
5.701
0.119
125.513
137.394
125.950
5.709
0.113
130.364
134.867
124.250
5.017
0.124
118.787
182.144
129.870
4.898
0.118
125.155
137.204
126.036
6.083
0.132
120.586
151.123
125.629
4.518
0.123
121.880
139.605
131.204
3.480
0.110
184.123
152.090
66.961
1.998
0.104
71.334
530.556
217.386
1.945
0.073
38.551
16.812
1.836
0.064
312.715
344.758
88.565
1.984
144.323
0.072
200.243
40.572
27.050
35.385
46.067
53.671
59.482
56.911
2.675
0.164
51.827
67.724
79.483
