5.613
2.976
0.779
0.014
62.770
80.018
80.200
80.347
72.169
76.102
79.596
42.865
53.368
78.247
71.601
64.661
93.280
72.053
86.284
28.577
21.800
32.909
35.635
139.731
137.731
151.489
165.590
49.380
45.097
56.430
56.083
57.501
65.110
69.534
81.217
78.867
88.416
94.959
97.180
97.395
101.038
98.453
5.790
0.310
98.434
109.035
109.066
122.028
110.630
102.768
139.119
130.736
123.683
111.107
95.074
109.111
89.320
110.966
83.230
4.822
0.318
80.279
94.449
108.773
135.605
189.674
117.195
117.072
122.444
131.993
106.491
95.411
85.149
4.944
0.344
91.515
162.649
112.299
133.290
111.125
125.219
7.950
0.215
123.456
142.970
113.928
119.098
2.787
0.174
121.135
166.093
148.462
40.468
11.438
1.816
0.070
477.214
189.902
60.745
7.791
0.114
84.000
98.046
108.499
115.275
119.194
7.878
0.178
117.574
133.555
128.626
129.944
7.462
0.177
122.968
176.849
125.390
4.663
0.159
172.640
162.524
128.700
4.998
0.159
124.039
155.439
127.333
5.365
125.864
0.102
129.117
147.417
130.775
4.727
172.885
0.143
94.485
132.730
126.053
2.790
0.170
115.275
145.560
127.622
6.180
0.128
128.695
144.747
133.473
3.427
0.147
126.906
40.492
275.029
1.928
0.081
179.198
34.420
338.794
229.318
1.848
0.090
73.121
57.080
44.107
3.708
0.107
57.713
60.996
72.232
76.332
83.044
88.559
107.534
98.019
3.484
0.195
101.832
117.252
113.618
117.346
114.829
2.751
0.165
115.507
141.502
120.896
115.446
2.872
0.138
116.050
144.636
117.425
2.249
0.118
115.310
133.449
120.201
2.601
0.132
115.127
134.731
117.743
2.456
0.120
116.330
130.514
116.180
2.593
0.125
117.018
131.417
116.853
2.863
0.121
118.783
129.720
119.342
2.649
0.118
116.040
130.049
115.090
2.738
0.131
115.696
134.258
115.834
2.859
0.125
115.196
130.636
117.746
2.540
0.119
115.405
129.438
115.924
2.835
0.117
116.093
128.454
116.490
3.202
0.127
116.342
132.122
116.248
2.841
0.120
115.331
129.922
116.500
2.885
0.119
115.889
129.082
115.826
2.908
0.129
120.308
129.858
118.402
3.410
0.116
117.133
135.891
116.977
3.045
0.116
115.811
129.417
116.347
3.177
0.120
117.330
143.754
115.426
3.308
0.132
115.067
135.130
115.827
3.046
0.128
124.776
135.624
116.746
3.081
0.145
116.736
133.867
119.541
3.216
0.129
116.851
135.975
117.346
3.546
0.130
118.223
134.589
115.079
3.336
0.128
116.103
136.594
117.279
3.274
0.137
115.188
140.147
117.732
3.093
0.114
117.058
131.160
115.915
3.170
0.126
116.446
138.705
118.686
4.357
0.140
116.209
132.914
115.620
3.688
0.130
117.351
133.682
115.003
4.179
0.132
115.456
139.243
119.136
3.415
0.130
117.107
129.112
118.860
3.164
0.127
116.432
138.414
118.121
3.357
0.133
116.588
128.344
115.397
3.533
0.134
114.897
137.249
115.808
3.773
0.119
115.952
133.304
116.365
4.055
0.139
119.291
136.681
116.083
4.583
0.119
120.201
136.135
115.214
4.576
0.118
118.555
133.165
119.505
3.722
0.135
115.905
135.867
116.054
3.801
0.130
116.761
135.302
114.173
3.762
0.130
116.263
135.841
119.610
3.720
0.117
115.806
136.680
116.004
3.332
0.130
115.717
135.971
116.420
4.161
0.122
116.220
128.670
114.588
4.152
0.125
115.768
130.387
122.815
4.790
0.132
115.216
137.556
116.987
3.695
0.134
116.054
130.039
116.941
3.871
0.113
118.282
136.403
114.701
3.916
0.116
119.658
129.917
115.137
4.264
0.119
115.693
128.302
117.464
3.791
0.117
117.487
137.503
115.100
4.546
0.133
116.605
136.637
118.364
4.380
0.131
116.941
133.729
122.244
3.779
0.136
120.214
141.317
117.660
3.857
0.122
115.197
138.870
116.351
4.144
0.117
121.469
129.868
116.053
4.615
0.131
115.520
138.183
118.355
4.261
0.114
118.867
132.670
115.867
4.040
0.125
115.526
132.290
118.716
3.881
0.117
117.053
133.609
116.197
5.079
0.115
117.095
132.618
116.673
5.471
0.113
119.475
128.262
115.356
5.417
0.127
116.405
135.028
117.161
4.228
0.146
119.049
131.749
120.818
4.558
0.135
116.460
130.761
116.817
3.603
0.119
119.704
135.433
119.783
3.662
0.143
123.786
131.063
120.341
3.940
0.121
116.448
132.788
116.762
4.114
0.129
115.029
131.101
118.746
5.625
0.127
117.841
133.401
117.662
3.868
0.123
114.876
129.620
117.807
4.974
0.127
116.757
131.182
115.990
4.472
0.117
115.967
129.763
118.965
4.453
0.119
114.741
130.693
120.684
5.278
0.127
115.163
136.237
116.953
5.660
0.135
115.334
129.412
115.046
5.242
0.140
116.331
132.174
115.638
5.234
0.130
116.371
133.879
119.420
4.584
0.127
117.724
134.760
119.828
5.068
0.117
115.538
138.646
116.252
5.770
0.129
117.622
130.884
118.893
4.140
0.126
118.051
130.744
117.825
4.209
0.127
115.664
132.575
115.842
3.845
0.135
117.427
131.192
116.678
6.148
0.166
116.235
130.850
118.765
5.973
0.122
115.676
131.857
115.967
5.444
0.131
116.113
130.395
119.915
5.893
0.130
118.684
132.332
113.847
5.815
0.128
116.153
132.397
119.990
4.540
0.135
118.567
136.670
119.041
5.272
0.140
116.580
129.799
115.307
4.016
0.118
118.946
137.231
118.896
5.112
0.109
115.760
128.671
118.386
4.551
0.104
116.961
132.362
120.850
4.438
0.110
119.391
131.766
122.369
4.759
0.111
118.182
130.900
115.830
4.394
0.111
115.590
132.037
115.836
4.729
0.110
115.420
128.294
115.394
5.014
0.107
114.375
132.089
118.220
4.317
0.100
116.598
129.793
115.576
5.442
0.117
115.820
129.495
114.313
6.054
0.114
114.701
136.544
120.379
4.920
0.112
119.691
129.399
119.878
5.622
0.114
115.357
135.017
120.195
6.141
0.113
117.180
133.467
115.774
6.169
0.120
117.518
130.533
116.496
4.690
0.105
115.193
129.447
118.866
6.158
0.102
116.950
129.185
118.396
4.447
0.121
114.500
136.565
118.167
4.707
0.112
114.191
133.444
117.045
5.301
0.095
118.439
129.527
119.524
4.659
0.110
116.490
134.383
115.197
4.402
0.101
118.067
131.311
115.177
4.481
0.103
116.371
130.333
120.803
4.834
0.100
120.427
130.450
119.915
4.915
0.119
118.185
135.364
114.561
5.069
0.119
114.142
133.482
114.868
6.743
0.105
116.576
128.987
118.898
6.344
0.117
116.807
135.193
122.013
6.823
0.116
116.739
131.215
120.651
5.216
0.116
116.097
134.168
114.422
5.905
0.106
120.840
135.920
118.282
6.021
0.116
116.575
132.033
117.655
5.535
0.114
119.008
131.645
116.312
5.430
0.111
116.500
135.099
119.845
4.321
0.113
116.892
131.079
118.697
4.254
0.115
119.221
134.916
120.118
5.274
0.117
116.938
133.601
116.162
3.937
0.118
122.434
138.111
116.767
4.540
0.123
117.590
136.880
116.373
5.586
0.109
116.726
136.564
121.806
5.081
0.109
120.492
130.416
117.922
4.596
0.100
114.548
136.416
115.819
6.500
0.108
118.477
133.833
115.441
5.917
0.122
117.325
131.822
119.514
4.664
0.104
116.873
133.756
115.887
4.224
0.116
116.118
134.666
114.243
6.794
0.103
123.923
137.668
116.216
5.748
0.116
122.562
133.650
116.886
5.144
0.113
115.476
132.108
115.548
4.778
0.112
117.778
132.807
117.899
4.718
0.101
115.910
132.263
116.351
4.788
0.123
117.837
135.128
116.076
6.660
0.120
115.382
133.063
117.488
5.834
0.118
118.114
131.711
116.985
5.287
0.108
115.454
130.338
120.210
5.143
0.112
117.011
132.511
115.736
4.725
0.100
116.447
131.232
116.863
6.324
0.108
118.845
134.315
115.494
6.120
0.125
117.036
133.874
118.276
5.833
0.114
119.793
131.304
116.343
6.449
0.101
119.570
131.140
117.803
6.025
0.114
122.706
131.967
114.654
5.180
0.123
115.091
131.660
120.561
4.914
0.122
116.485
136.898
115.829
7.031
0.117
115.976
129.527
118.300
6.064
0.095
114.043
132.097
115.361
6.841
0.102
119.179
131.928
116.729
6.281
0.123
116.413
133.429
114.648
6.192
0.113
113.964
133.339
115.079
5.383
0.114
118.123
130.221
115.791
5.493
0.111
118.483
136.077
117.575
5.209
0.102
116.033
134.523
117.356
5.481
0.114
115.969
131.494
116.811
6.852
0.105
114.134
129.892
120.134
4.938
0.112
118.561
129.504
114.589
5.250
0.101
118.680
130.504
118.995
6.482
0.103
117.067
132.435
117.863
6.338
0.113
121.535
130.332
115.287
5.601
0.116
118.987
133.958
116.290
6.064
0.109
114.946
131.436
114.947
7.522
0.110
120.413
132.784
119.660
3.209
0.117
119.504
133.947
115.975
5.459
0.110
119.627
129.688
118.510
4.867
0.117
117.497
133.195
117.880
7.000
0.121
117.007
130.887
118.223
6.498
0.118
118.175
128.556
122.024
5.724
0.120
119.991
136.166
117.398
5.550
0.106
119.785
132.196
117.058
5.931
0.122
114.474
128.763
121.464
5.220
0.114
118.415
132.376
117.784
6.516
0.106
119.952
133.200
116.168
7.752
0.130
115.514
134.781
116.763
6.780
0.105
117.399
132.748
114.913
6.561
0.110
115.500
130.626
113.369
6.724
0.107
123.650
140.781
119.758
6.758
0.124
118.170
132.732
122.107
4.401
0.124
120.628
136.494
121.210
4.873
0.105
113.286
131.013
114.586
5.326
0.096
117.241
131.125
116.522
6.720
0.128
117.686
135.851
113.110
5.533
0.117
120.240
134.324
118.845
7.098
0.110
116.339
131.859
114.907
6.299
0.106
120.045
135.043
119.603
6.016
0.153
119.500
131.595
123.585
4.467
0.101
114.327
134.465
116.249
5.903
0.115
122.539
131.775
120.455
7.266
0.117
117.036
130.963
116.422
5.590
0.125
118.538
132.664
119.451
5.637
0.116
121.512
134.640
117.879
7.593
0.103
119.758
137.507
117.211
6.311
0.140
118.762
132.839
118.687
6.058
0.128
117.290
134.133
113.898
7.330
0.109
117.312
141.454
123.225
7.067
0.104
115.585
133.160
114.190
5.537
0.122
117.503
136.935
115.624
5.530
0.113
121.095
132.970
125.693
5.642
0.123
117.294
141.213
117.562
6.209
0.102
115.886
133.307
117.997
6.579
0.111
119.002
133.042
119.504
6.090
0.117
121.145
137.533
116.485
4.296
0.112
118.399
134.662
118.053
7.090
0.117
120.687
135.258
116.924
4.167
0.113
118.456
137.605
115.028
7.708
0.116
119.160
135.794
113.415
5.363
0.114
117.770
132.324
113.827
7.666
0.114
124.357
134.325
119.268
7.520
0.104
118.823
136.234
116.024
6.759
0.122
114.125
131.826
116.796
5.539
0.123
119.533
140.757
116.329
6.175
0.114
119.404
133.104
121.304
6.329
0.129
116.282
136.336
117.602
6.466
0.129
117.998
132.871
118.091
5.101
0.133
118.724
137.318
120.530
7.033
0.114
115.958
141.985
116.454
7.771
0.102
114.085
140.443
118.312
5.044
0.134
122.182
133.941
120.177
6.259
0.098
117.286
132.950
119.683
6.936
0.105
113.393
136.810
115.490
6.611
0.122
118.607
141.272
121.404
5.451
0.134
119.171
136.717
116.659
6.068
0.119
114.241
138.627
116.386
5.719
0.111
121.628
133.781
114.315
6.261
0.128
117.324
138.083
118.088
6.179
0.113
115.541
140.406
113.377
6.514
0.118
118.125
134.277
118.235
6.010
0.129
119.891
135.622
124.530
5.933
0.110
119.053
136.266
122.379
6.506
0.124
119.018
138.171
119.402
6.520
0.117
123.214
130.918
117.111
6.709
0.133
118.404
138.849
117.749
7.369
0.142
117.734
140.252
122.435
7.385
0.117
118.287
134.781
119.377
7.400
0.107
121.361
137.238
121.977
4.976
0.120
118.158
139.465
123.170
6.702
0.128
116.871
137.845
122.843
6.178
0.133
119.991
146.599
117.524
6.644
0.116
118.824
135.459
124.115
6.188
0.132
114.383
140.169
129.052
6.860
0.118
117.880
139.171
117.342
7.435
0.115
117.846
135.187
119.245
7.114
0.128
114.659
136.101
117.315
5.645
0.113
117.484
136.020
120.267
6.277
0.115
117.551
137.006
122.541
8.546
0.115
114.556
142.522
116.898
4.578
0.117
123.548
131.389
116.439
5.600
0.115
117.904
135.603
121.909
5.871
0.134
120.344
141.289
116.306
5.613
0.099
115.377
139.003
114.073
5.106
0.114
124.087
134.614
117.786
6.599
0.116
118.174
135.550
117.608
7.616
0.121
117.364
139.754
118.364
4.013
0.116
124.718
134.291
118.651
8.380
0.106
124.202
142.349
114.980
4.149
0.113
121.398
133.205
121.430
5.142
0.113
127.834
133.518
119.200
3.540
0.138
117.038
132.294
124.078
3.702
0.153
114.650
138.979
117.534
5.627
0.113
115.242
133.877
116.286
7.660
0.134
120.331
140.724
116.689
6.746
0.128
119.040
133.080
119.027
4.514
0.122
117.753
133.471
118.544
6.855
0.116
124.146
134.290
115.899
4.797
0.134
116.979
135.930
120.980
6.121
0.127
120.331
135.160
119.818
7.012
0.107
121.817
132.484
123.837
5.991
0.110
118.735
134.096
125.913
6.878
0.123
114.522
145.350
115.433
7.530
0.093
116.424
138.534
122.372
6.644
0.127
117.369
133.245
123.014
5.679
0.116
122.894
135.923
118.471
5.829
0.100
115.978
137.891
119.470
7.850
0.115
114.640
134.382
120.489
5.893
0.119
119.158
135.431
118.816
5.037
0.129
120.863
139.203
120.399
6.444
0.110
120.199
133.332
117.906
5.198
0.117
122.279
133.878
117.206
5.416
0.131
126.393
129.240
119.717
5.540
0.128
116.664
142.301
122.821
7.969
0.141
117.917
135.323
115.565
5.464
0.137
120.619
141.311
113.903
4.574
0.136
119.090
135.430
119.578
4.705
0.166
118.331
134.754
124.793
51.789
0.140
119.274
140.177
116.144
6.201
0.116
117.164
137.058
120.552
4.886
0.130
118.874
133.843
114.908
4.738
0.116
117.102
131.071
115.173
8.611
0.132
120.640
140.463
119.753
6.628
0.131
119.196
141.275
121.677
5.132
0.121
117.565
134.660
118.556
5.820
0.134
114.418
131.779
120.533
6.714
0.109
122.151
135.938
121.651
4.879
0.126
120.606
128.965
115.826
8.015
0.113
117.381
137.341
118.203
5.087
0.122
115.500
135.107
117.232
8.201
0.127
119.420
135.082
113.998
7.196
0.125
117.472
139.302
130.197
4.292
0.107
116.176
131.397
116.013
7.168
0.128
126.204
141.563
117.268
7.659
0.120
116.096
135.544
121.055
8.117
0.123
119.752
137.361
120.785
6.527
0.114
123.265
137.128
119.838
6.439
0.126
117.041
144.182
115.723
5.963
0.127
118.873
137.461
119.275
7.023
0.121
122.499
138.935
119.976
7.365
0.129
131.010
137.899
117.910
6.248
0.122
119.229
136.242
119.607
5.137
0.126
117.144
137.438
119.065
6.873
0.115
121.874
130.660
116.280
6.429
0.128
120.446
135.742
117.444
6.386
0.124
119.744
137.205
116.547
6.536
0.129
116.512
145.301
122.554
6.888
0.107
117.410
133.151
119.501
5.087
0.108
117.983
144.357
115.372
6.868
0.116
143.402
137.394
116.328
4.104
0.113
116.448
138.687
114.138
8.686
0.131
122.852
135.103
120.096
7.592
0.132
123.043
139.934
116.424
6.009
0.122
123.433
148.427
120.148
5.726
0.104
119.367
141.415
116.871
7.081
0.125
115.688
143.560
117.099
8.177
0.106
119.675
140.553
120.429
5.245
0.127
119.399
140.477
120.014
4.096
0.126
119.866
143.293
116.671
4.656
0.125
115.188
137.081
120.016
6.740
0.132
125.475
141.061
124.817
8.493
0.139
114.815
136.630
116.683
8.213
0.138
120.269
144.551
119.864
6.141
0.120
120.471
135.818
124.544
5.422
0.127
124.330
139.212
118.564
4.700
0.123
126.043
142.174
122.650
5.026
0.140
123.250
141.873
116.847
6.363
0.114
162.762
133.461
118.243
7.133
0.112
121.527
136.895
120.235
3.881
0.127
125.666
134.979
120.133
5.666
0.142
121.609
141.328
113.965
6.332
0.116
120.079
139.355
119.204
6.443
0.121
118.221
139.879
116.532
7.948
0.155
124.101
140.515
119.967
5.879
0.151
123.379
128.780
121.463
5.244
0.142
119.850
139.714
117.888
5.851
0.120
120.308
135.780
121.006
6.352
0.132
121.922
141.638
121.781
6.452
0.128
131.753
137.106
99.658
5.220
0.141
126.066
155.113
117.602
6.752
0.115
124.855
132.080
116.726
4.282
0.148
122.163
134.438
119.786
6.201
0.123
115.269
128.718
116.158
5.613
0.123
114.414
147.219
118.571
5.820
0.111
127.629
137.673
117.862
4.822
0.145
128.320
136.803
116.454
5.997
0.133
116.396
139.072
117.368
4.941
0.138
127.760
139.584
118.660
4.573
0.125
117.277
138.303
118.414
5.380
0.130
170.494
131.934
117.380
6.752
0.135
123.027
142.367
126.494
8.838
0.126
129.244
131.345
93.612
7.752
0.140
120.483
151.308
119.388
8.216
0.130
123.138
133.870
124.822
7.680
0.124
115.893
133.606
121.989
6.009
0.121
117.632
133.840
115.647
7.425
0.124
120.233
137.578
116.069
7.479
0.113
119.053
144.963
119.604
4.936
0.134
122.963
129.308
121.125
4.805
0.118
124.850
138.672
119.750
6.193
0.127
119.180
133.330
120.802
5.448
0.120
125.389
139.374
116.693
5.378
0.123
119.277
133.068
121.472
6.469
0.116
121.575
142.245
120.205
6.170
0.108
128.607
138.223
122.637
6.183
0.119
122.422
139.288
123.945
5.452
0.139
118.794
138.751
119.050
6.702
0.124
168.553
131.489
118.499
5.744
0.119
167.103
141.624
118.148
7.533
0.123
127.938
134.988
114.808
5.816
0.124
127.992
136.113
119.436
6.473
0.119
116.400
141.544
122.077
4.544
0.130
115.700
130.874
127.244
6.273
0.126
123.685
132.093
116.999
8.363
0.136
171.105
140.475
119.087
6.062
0.122
113.812
147.499
126.936
5.895
0.127
123.632
133.653
119.512
5.893
0.126
125.232
136.527
121.869
5.214
0.135
122.871
144.223
124.871
5.438
0.138
127.590
140.672
118.652
5.614
0.118
120.033
144.546
119.357
6.316
0.129
124.141
144.739
116.614
5.289
0.107
124.671
143.663
128.060
4.032
0.133
118.388
134.075
117.862
5.854
0.134
119.079
137.028
123.458
5.717
0.144
120.375
139.618
118.144
5.917
0.109
120.611
132.512
120.714
6.330
0.126
121.869
137.916
122.117
6.297
0.120
162.208
142.999
117.912
7.453
0.115
124.579
139.070
117.184
7.764
0.123
126.586
142.124
121.375
4.100
0.120
121.055
140.782
119.438
4.673
0.124
117.936
136.266
121.056
4.635
0.117
122.142
133.814
115.560
6.819
0.122
120.282
139.129
118.411
7.011
0.130
164.620
137.571
117.810
6.977
0.138
116.559
129.979
126.919
5.742
0.116
121.915
135.135
121.269
4.593
0.107
165.713
139.952
124.335
6.594
0.114
122.611
148.850
120.022
7.317
0.133
120.456
137.946
116.981
5.676
0.133
120.314
135.962
119.419
5.717
0.135
119.853
134.676
114.912
6.022
0.133
177.547
138.406
124.946
9.615
0.126
119.372
139.341
121.327
6.537
0.135
123.557
137.495
122.394
4.391
0.108
118.653
135.355
123.779
4.236
0.117
124.503
130.736
121.810
5.670
0.132
118.166
132.936
117.052
5.444
0.115
117.172
132.029
122.022
5.496
0.132
121.761
138.020
126.351
7.481
0.137
115.824
141.306
117.637
5.276
0.136
120.996
136.227
119.748
5.268
0.127
119.631
129.558
118.021
6.889
0.129
122.656
134.987
126.945
4.907
0.125
122.775
143.461
118.215
6.200
0.136
125.645
144.618
118.432
6.414
0.133
123.765
142.881
115.291
56.014
0.125
123.906
136.107
116.524
7.052
0.132
121.466
136.961
118.803
6.381
0.134
122.083
140.184
115.534
6.315
0.134
161.811
141.685
119.170
5.273
0.155
123.252
140.516
119.319
5.694
0.114
115.375
141.124
116.717
7.376
0.118
128.066
140.090
94.889
5.058
0.141
116.363
150.931
122.767
5.699
0.132
128.836
127.086
116.805
4.832
0.138
121.872
130.389
121.212
6.813
0.132
117.816
133.498
118.576
7.161
0.133
122.154
140.391
122.073
7.168
0.121
121.578
181.767
120.860
6.535
0.133
117.477
142.991
117.064
7.759
0.120
121.956
137.687
118.142
5.342
0.135
116.874
129.928
124.503
5.602
0.125
123.645
135.135
116.251
4.227
0.122
122.896
131.878
118.071
6.108
0.124
117.483
144.061
122.039
3.772
0.124
119.698
138.249
119.877
5.980
0.133
124.454
141.877
129.133
6.574
0.115
125.166
136.621
118.983
6.614
0.134
121.721
140.171
117.116
6.122
0.134
125.204
135.405
117.152
5.939
0.114
121.434
183.135
119.607
6.135
0.136
121.380
137.611
120.904
8.075
0.118
117.802
136.643
116.646
6.867
0.127
163.511
135.849
121.146
7.179
0.131
117.693
148.838
124.530
7.170
0.144
121.337
183.959
124.404
7.641
0.121
120.657
141.399
126.036
6.457
0.123
122.082
140.202
120.224
5.813
0.138
123.150
136.904
118.352
6.003
0.117
124.751
137.823
119.236
4.910
0.101
167.008
141.257
120.993
6.215
0.121
121.818
139.687
118.745
5.595
0.120
119.948
136.189
128.197
5.394
0.130
119.817
139.865
119.158
5.210
0.140
117.976
141.019
123.394
8.220
0.132
120.807
140.708
117.965
5.763
0.112
116.403
142.412
121.988
4.895
0.126
124.049
143.959
114.527
4.278
0.117
118.084
136.628
119.530
7.365
0.137
121.249
144.465
126.541
6.908
0.125
120.332
141.538
119.063
6.257
0.115
122.524
131.901
123.710
5.496
0.118
120.519
134.587
120.537
4.818
0.135
118.299
140.884
118.734
5.468
0.109
123.972
139.955
123.582
7.433
0.136
120.359
139.498
123.684
6.335
0.132
124.880
138.282
161.976
5.002
0.137
123.396
140.540
122.406
5.322
0.113
121.028
132.005
119.370
5.549
0.128
116.049
140.695
121.461
7.118
0.129
124.929
182.279
124.386
5.837
0.125
122.638
140.565
121.642
7.431
0.133
120.337
135.922
123.692
4.832
0.121
126.423
134.205
117.710
6.612
0.126
118.335
141.891
118.018
6.458
0.135
128.019
145.007
115.718
5.415
0.116
168.859
142.770
126.165
5.827
0.124
120.261
181.617
128.473
4.789
0.129
132.852
140.601
149.202
5.404
0.145
123.362
152.992
128.107
115.793
6.311
0.130
119.900
137.581
118.197
6.290
115.489
0.108
119.617
132.653
123.295
6.822
0.125
121.494
146.716
122.507
6.734
116.733
0.119
121.896
144.048
120.540
5.229
0.149
117.503
132.719
168.139
7.644
0.119
122.042
150.813
126.487
4.973
0.138
119.813
134.853
120.251
4.497
0.120
164.016
138.415
126.058
4.624
0.134
122.716
143.297
118.570
5.488
0.127
119.134
137.868
170.861
119.197
6.747
0.118
120.895
131.595
167.935
6.212
0.153
169.542
150.586
118.482
4.682
0.115
126.396
131.678
124.307
9.181
0.122
121.169
146.407
118.033
3.730
0.133
170.868
139.073
123.795
6.628
0.132
130.640
180.232
113.579
117.629
9.235
0.142
97.805
187.185
131.521
116.843
6.407
115.673
0.118
123.527
135.966
153.976
119.152
6.870
116.885
0.157
120.501
124.237
131.180
127.499
128.410
8.279
121.950
0.177
122.264
136.672
97.284
167.393
6.643
0.138
121.218
141.597
124.969
124.582
4.631
127.781
0.134
117.065
142.473
119.468
6.324
113.201
0.127
160.598
141.188
114.582
6.378
0.144
120.773
138.108
122.801
5.182
0.093
128.385
137.821
120.221
5.017
0.094
166.917
143.071
120.843
7.927
122.900
0.134
172.414
133.108
173.008
7.057
0.142
123.221
137.507
120.451
7.379
0.116
119.529
138.707
126.306
8.959
120.875
0.127
122.972
182.701
131.967
6.574
0.149
122.571
113.816
124.750
7.628
164.304
0.133
122.913
135.626
126.566
129.547
117.511
6.400
0.152
94.197
142.809
120.715
7.234
0.148
124.780
138.507
124.071
7.224
0.145
118.793
135.289
116.595
7.113
128.674
0.115
119.623
130.887
120.935
4.522
0.152
123.657
140.154
118.781
5.079
0.123
127.505
139.683
122.550
6.153
0.124
122.375
135.747
122.021
6.989
0.118
164.802
139.301
118.289
5.683
0.130
131.959
139.246
99.617
8.157
123.440
0.127
123.983
148.155
119.211
9.171
0.134
116.750
139.131
124.251
7.602
119.460
0.124
124.378
138.155
120.243
5.957
125.650
0.136
125.485
134.343
101.055
6.692
0.140
120.972
151.908
127.869
5.725
118.592
0.090
135.316
125.699
101.957
123.102
7.080
0.149
171.958
141.315
112.365
167.413
5.694
0.141
149.956
137.518
100.667
7.313
121.516
0.151
120.210
138.093
121.819
5.111
0.131
118.317
137.870
120.915
173.991
7.033
0.125
132.341
106.420
147.737
6.906
176.434
0.141
121.611
172.481
122.176
6.863
117.399
0.142
120.841
147.351
130.391
122.957
145.614
6.787
0.153
119.195
177.653
104.669
115.567
7.932
0.160
118.950
191.954
131.648
170.350
121.976
120.166
6.988
0.174
128.127
119.887
100.833
118.282
3.551
124.115
0.170
121.016
134.167
123.379
126.520
10.126
0.142
168.442
113.149
126.692
5.697
0.149
119.933
149.553
118.435
4.734
0.118
122.003
128.165
119.842
5.024
0.136
133.035
130.847
151.924
5.569
126.726
0.122
130.707
145.640
98.366
5.989
126.618
0.135
127.917
141.404
102.874
5.795
124.172
0.149
125.113
142.805
116.021
6.195
0.109
117.670
176.961
121.170
7.362
0.125
125.069
141.152
179.642
4.714
0.132
119.888
117.113
126.945
6.851
0.134
123.496
149.396
133.503
7.324
119.131
0.133
103.282
132.229
121.340
5.940
126.133
0.121
122.233
136.801
124.850
4.787
0.111
116.879
148.356
119.968
6.316
96.197
0.115
123.207
139.694
117.794
6.703
121.862
0.152
119.070
135.220
113.601
126.376
7.535
0.161
171.982
116.113
174.951
5.590
0.141
120.879
128.711
120.920
130.967
6.957
0.127
167.795
118.104
123.543
6.806
115.954
0.164
127.870
141.140
152.613
6.946
173.337
0.130
128.452
148.913
96.772
126.824
5.644
0.145
128.892
118.368
100.670
6.076
126.079
0.156
122.726
118.216
96.422
115.639
6.726
0.127
134.307
134.848
154.577
117.837
9.228
0.142
104.236
143.371
142.866
173.726
8.547
0.154
117.387
114.788
118.632
8.644
121.614
0.141
119.396
143.277
133.840
9.564
134.345
0.135
95.898
114.780
130.726
157.370
6.803
0.165
102.529
174.345
106.774
6.740
98.717
0.161
99.321
126.814
97.247
8.523
109.971
0.161
172.490
127.611
120.426
121.761
5.657
0.153
97.215
192.055
122.929
5.260
0.133
169.798
142.181
186.131
122.573
5.795
0.131
103.408
134.749
95.069
179.952
5.184
0.184
119.978
117.874
129.903
8.412
114.871
0.149
157.556
149.063
102.079
126.991
5.977
128.684
0.182
150.769
114.651
109.678
124.837
6.370
98.656
0.162
114.692
141.119
132.261
117.635
7.888
130.249
0.148
115.401
133.468
138.965
3.211
0.139
102.407
124.463
117.823
5.476
0.140
125.535
136.661
98.881
114.619
5.972
0.139
131.384
141.685
101.406
123.958
2.697
0.523
132.679
157.508
95.268
9.424
0.140
126.319
139.534
171.343
146.607
122.716
8.951
0.155
103.016
134.959
106.572
3.949
0.152
121.775
164.114
126.569
126.192
6.431
0.125
100.412
138.584
129.095
120.548
5.841
167.218
0.158
124.436
132.218
107.220
7.566
0.140
113.774
126.997
115.049
6.840
120.210
0.149
132.936
144.218
94.590
7.585
0.167
118.335
136.100
141.587
4.557
167.114
0.120
99.924
124.895
117.847
124.830
6.879
0.124
132.315
189.361
98.625
119.830
7.904
0.146
119.894
139.294
133.100
139.190
113.090
6.114
0.159
94.141
104.930
130.144
8.129
116.867
0.174
97.135
138.782
41.314
488.527
186.176
2.536
0.080
60.997
90.354
113.159
106.700
109.897
5.599
0.164
111.910
133.016
124.047
119.847
4.376
0.127
119.023
136.117
118.923
5.157
0.114
117.900
133.090
119.796
6.405
0.120
121.889
133.026
121.708
5.305
0.124
122.988
133.677
116.789
5.051
0.125
120.898
140.902
129.006
6.807
0.125
117.791
142.088
122.424
7.276
0.111
125.113
155.612
126.414
6.223
0.112
119.857
139.008
124.229
6.789
0.125
121.834
145.397
123.877
6.417
0.131
116.525
135.787
125.548
7.700
0.141
122.970
143.352
125.098
7.173
0.118
124.373
144.179
118.627
6.102
0.109
122.009
136.375
125.612
6.026
0.132
122.946
195.962
127.456
7.706
123.879
0.106
127.326
178.604
121.807
130.870
5.497
0.157
120.620
170.685
121.836
5.581
0.143
122.861
45.774
542.227
1.991
211.737
0.073
36.684
421.410
198.717
157.056
53.426
1.977
0.080
182.563
131.038
48.264
34.480
41.495
3.770
0.092
51.288
75.403
80.831
85.651
3.567
0.141
