0.03
0.01
0.00
0.00
0.30
0.40
0.44
0.45
0.45
0.40
0.43
0.23
0.32
0.41
0.37
0.39
0.36
0.43
0.47
0.16
0.14
0.22
0.18
1.17
0.70
0.85
0.95
0.28
0.25
0.33
0.33
0.34
0.37
0.41
0.45
0.48
0.51
0.54
0.56
0.57
0.59
0.63
0.03
0.00
0.59
0.63
0.67
0.69
0.61
0.58
0.82
0.71
0.66
0.67
0.66
0.69
0.62
0.51
0.63
0.67
0.03
0.46
0.00
0.52
0.59
0.61
0.73
0.90
0.73
0.73
0.61
0.58
0.54
0.56
0.52
0.01
0.56
0.00
0.54
0.51
0.63
0.80
0.87
0.59
0.64
0.05
0.00
0.69
0.61
0.20
0.05
0.01
0.00
2.87
1.15
0.35
0.03
0.00
0.45
0.57
0.60
0.68
0.72
0.68
0.05
0.01
0.73
0.82
0.83
0.74
0.01
0.00
0.75
0.98
0.78
0.72
0.01
0.00
0.74
0.89
0.72
0.01
0.00
0.77
0.87
0.70
0.02
0.00
0.73
0.91
0.70
0.01
0.00
0.71
0.86
0.78
0.79
0.77
0.02
0.00
0.73
0.74
0.73
0.74
0.01
0.00
0.73
0.89
0.87
0.72
0.75
0.02
0.00
0.76
0.84
0.65
0.01
0.00
0.72
0.76
0.74
0.01
0.72
0.00
0.60
0.80
0.80
0.01
0.84
0.00
0.20
0.05
0.01
0.00
0.20
0.07
0.00
0.00
2.85
1.16
0.34
0.02
0.00
0.46
0.59
0.69
0.71
0.72
0.69
0.02
0.00
0.70
0.79
0.82
0.72
0.02
0.00
0.69
0.95
0.73
0.01
0.00
0.70
0.81
0.69
0.01
0.00
0.69
0.83
0.69
0.01
0.00
0.70
0.85
0.70
0.01
0.00
0.70
0.82
0.69
0.01
0.00
0.70
0.80
0.70
0.01
0.00
0.72
0.82
0.69
0.01
0.00
0.69
0.76
0.69
0.02
0.00
0.68
0.79
0.73
0.01
0.00
0.71
0.78
0.70
0.01
0.00
0.71
0.78
0.71
0.01
0.00
0.69
0.77
0.70
0.01
0.00
0.69
0.79
0.70
0.01
0.00
0.68
0.76
0.69
0.01
0.00
0.69
0.79
0.70
0.01
0.00
0.69
0.78
0.70
0.02
0.00
0.71
0.81
0.73
0.02
0.00
0.69
0.80
0.69
0.01
0.00
0.70
0.78
0.68
0.01
0.00
0.69
0.78
0.69
0.01
0.00
0.73
0.80
0.69
0.01
0.00
0.70
0.81
0.69
0.02
0.00
0.71
0.81
0.72
0.02
0.00
0.73
0.80
0.69
0.01
0.00
0.69
0.83
0.69
0.01
0.00
0.70
0.77
0.68
0.02
0.00
0.69
0.82
0.69
0.01
0.00
0.70
0.79
0.74
0.01
0.00
0.69
0.78
0.69
0.01
0.00
0.70
0.79
0.70
0.01
0.00
0.70
0.79
0.71
0.02
0.00
0.69
0.79
0.71
0.02
0.00
0.70
0.80
0.70
0.01
0.00
0.69
0.79
0.69
0.02
0.00
0.70
0.77
0.70
0.01
0.00
0.70
0.82
0.70
0.01
0.00
0.69
0.79
0.69
0.02
0.00
0.68
0.79
0.71
0.01
0.00
0.71
0.80
0.70
0.02
0.00
0.70
0.80
0.68
0.02
0.00
0.72
0.79
0.72
0.01
0.00
0.69
0.80
0.69
0.01
0.00
0.71
0.78
0.70
0.01
0.00
0.69
0.79
0.69
0.01
0.00
0.70
0.82
0.69
0.02
0.00
0.68
0.79
0.69
0.01
0.00
0.69
0.80
0.68
0.01
0.00
0.71
0.79
0.70
0.01
0.00
0.71
0.79
0.68
0.01
0.00
0.72
0.79
0.71
0.01
0.00
0.68
0.77
0.70
0.01
0.00
0.72
0.79
0.68
0.02
0.00
0.69
0.77
0.71
0.01
0.00
0.69
0.79
0.73
0.01
0.00
0.70
0.78
0.70
0.01
0.00
0.68
0.79
0.69
0.02
0.00
0.69
0.79
0.69
0.01
0.00
0.71
0.79
0.71
0.02
0.00
0.69
0.80
0.68
0.01
0.00
0.69
0.80
0.69
0.01
0.00
0.71
0.79
0.72
0.01
0.00
0.70
0.78
0.70
0.01
0.00
0.70
0.81
0.69
0.01
0.00
0.68
0.80
0.70
0.02
0.00
0.72
0.78
0.69
0.01
0.00
0.70
0.79
0.69
0.02
0.00
0.71
0.79
0.70
0.01
0.00
0.70
0.81
0.72
0.01
0.00
0.70
0.80
0.69
0.01
0.00
0.68
0.79
0.69
0.01
0.00
0.68
0.79
0.71
0.02
0.00
0.71
0.78
0.71
0.02
0.00
0.69
0.81
0.70
0.01
0.00
0.71
0.78
0.71
0.01
0.00
0.69
0.77
0.69
0.02
0.00
0.68
0.84
0.69
0.02
0.00
0.70
0.78
0.69
0.01
0.00
0.70
0.78
0.69
0.01
0.00
0.69
0.78
0.71
0.01
0.00
0.71
0.79
0.69
0.01
0.00
0.69
0.82
0.69
0.02
0.00
0.70
0.81
0.69
0.01
0.00
0.68
0.80
0.69
0.02
0.00
0.69
0.77
0.71
0.01
0.00
0.69
0.80
0.69
0.02
0.00
0.73
0.78
0.73
0.02
0.00
0.72
0.79
0.69
0.02
0.00
0.69
0.80
0.74
0.01
0.00
0.69
0.79
0.70
0.02
0.00
0.71
0.81
0.69
0.01
0.00
0.69
0.79
0.70
0.02
0.00
0.70
0.80
0.70
0.01
0.00
0.71
0.78
0.68
0.01
0.00
0.72
0.78
0.71
0.01
0.00
0.71
0.80
0.72
0.01
0.00
0.70
0.80
0.70
0.02
0.00
0.71
0.77
0.71
0.01
0.00
0.69
0.81
0.68
0.02
0.00
0.71
0.82
0.70
0.01
0.00
0.68
0.78
0.68
0.02
0.00
0.71
0.80
0.72
0.02
0.00
0.69
0.78
0.72
0.01
0.00
0.70
0.79
0.71
0.01
0.00
0.71
0.79
0.69
0.02
0.00
0.70
0.79
0.69
0.01
0.00
0.69
0.79
0.71
0.01
0.00
0.72
0.80
0.69
0.02
0.00
0.69
0.79
0.71
0.02
0.00
0.72
0.81
0.72
0.02
0.00
0.68
0.81
0.74
0.02
0.00
0.70
0.79
0.69
0.02
0.00
0.72
0.79
0.71
0.01
0.00
0.68
0.83
0.68
0.02
0.00
0.72
0.78
0.71
0.01
0.00
0.69
0.80
0.72
0.01
0.00
0.70
0.80
0.70
0.01
0.00
0.70
0.79
0.71
0.02
0.00
0.69
0.82
0.69
0.02
0.00
0.73
0.80
0.71
0.02
0.00
0.69
0.78
0.70
0.01
0.00
0.71
0.81
0.69
0.02
0.00
0.70
0.77
0.71
0.02
0.00
0.72
0.78
0.68
0.01
0.00
0.69
0.80
0.71
0.01
0.01
0.70
0.82
0.71
0.02
0.00
0.70
0.84
0.68
0.01
0.00
0.73
0.79
0.69
0.01
0.00
0.71
0.78
0.69
0.01
0.00
0.69
0.79
0.70
0.02
0.00
0.70
0.81
0.70
0.02
0.00
0.72
0.78
0.69
0.02
0.00
0.70
0.79
0.73
0.02
0.00
0.73
0.82
0.69
0.01
0.00
0.70
0.80
0.72
0.01
0.00
0.69
0.80
0.69
0.02
0.00
0.71
0.78
0.71
0.02
0.00
0.70
0.80
0.70
0.01
0.00
0.70
0.82
0.69
0.02
0.00
0.71
0.84
0.68
0.01
0.00
0.71
0.78
0.70
0.02
0.00
0.71
0.81
0.72
0.02
0.00
0.71
0.82
0.69
0.01
0.00
0.71
0.80
0.72
0.02
0.00
0.68
0.79
0.71
0.01
0.00
0.70
0.79
0.68
0.02
0.00
0.69
0.80
0.69
0.02
0.00
0.68
0.84
0.69
0.01
0.00
0.70
0.80
0.74
0.01
0.00
0.72
0.80
0.72
0.02
0.00
0.71
0.81
0.72
0.02
0.00
0.68
0.79
0.72
0.01
0.00
0.71
0.78
0.69
0.02
0.00
0.69
0.82
0.69
0.02
0.00
0.69
0.81
0.70
0.01
0.00
0.69
0.81
0.70
0.01
0.00
0.71
0.82
0.69
0.02
0.00
0.70
0.80
0.69
0.02
0.00
0.69
0.82
0.71
0.02
0.00
0.74
0.80
0.69
0.02
0.00
0.68
0.78
0.68
0.02
0.00
0.69
0.80
0.69
0.02
0.00
0.73
0.80
0.69
0.02
0.00
0.71
0.80
0.71
0.02
0.00
0.69
0.80
0.70
0.02
0.00
0.68
0.81
0.69
0.02
0.00
0.70
0.80
0.70
0.02
0.00
0.72
0.83
0.71
0.01
0.00
0.71
0.80
0.71
0.01
0.00
0.75
0.82
0.69
0.02
0.00
0.71
0.79
0.74
0.02
0.00
0.72
0.80
0.71
0.01
0.00
0.71
0.78
0.70
0.03
0.00
0.68
0.79
0.68
0.01
0.00
0.69
0.80
0.72
0.02
0.00
0.70
0.85
0.69
0.02
0.00
0.70
0.83
0.71
0.02
0.00
0.71
0.81
0.69
0.02
0.00
0.74
0.77
0.67
0.02
0.00
0.68
0.83
0.75
0.01
0.00
0.69
0.79
0.70
0.02
0.00
0.71
0.81
0.70
0.02
0.00
0.73
0.80
0.69
0.02
0.00
0.72
0.80
0.69
0.01
0.00
0.71
0.79
0.72
0.01
0.00
0.71
0.80
0.70
0.01
0.00
0.68
0.81
0.72
0.02
0.00
0.73
0.84
0.69
0.02
0.00
0.68
0.84
0.72
0.02
0.00
0.69
0.79
0.71
0.02
0.00
0.68
0.81
0.71
0.01
0.00
0.70
0.79
0.70
0.01
0.00
0.70
0.82
0.72
0.02
0.00
0.70
0.84
0.72
0.01
0.00
0.71
0.78
0.68
0.02
0.00
0.69
0.85
0.69
0.01
0.00
0.69
0.81
0.70
0.02
0.00
0.69
0.82
0.68
0.01
0.00
0.71
0.83
0.71
0.01
0.00
0.69
0.85
0.70
0.01
0.00
0.72
0.79
0.73
0.01
0.00
0.69
0.82
0.70
0.01
0.00
0.71
0.82
0.70
0.02
0.00
0.68
0.80
0.69
0.02
0.00
0.71
0.81
0.71
0.01
0.00
0.68
0.81
0.71
0.02
0.00
0.72
0.78
0.70
0.01
0.00
0.71
0.78
0.69
0.02
0.00
0.73
0.77
0.70
0.01
0.00
0.70
0.78
0.68
0.02
0.00
0.70
0.80
0.69
0.02
0.00
0.71
0.79
0.70
0.02
0.00
0.71
0.81
0.73
0.02
0.00
0.69
0.77
0.70
0.02
0.00
0.72
0.83
0.72
0.03
0.00
0.70
0.82
0.70
0.02
0.00
0.71
0.79
0.72
0.03
0.00
0.68
0.81
0.72
0.02
0.00
0.69
0.79
0.69
0.02
0.00
0.68
0.82
0.69
0.01
0.00
0.71
0.79
0.69
0.02
0.00
0.71
0.81
0.71
0.02
0.00
0.70
0.78
0.71
0.02
0.00
0.70
0.81
0.73
0.02
0.00
0.73
0.81
0.68
0.02
0.00
0.71
0.83
0.70
0.01
0.00
0.72
0.82
0.72
0.03
0.00
0.72
0.83
0.72
0.01
0.00
0.68
0.79
0.70
0.02
0.00
0.71
0.80
0.71
0.02
0.00
0.69
0.80
0.71
0.02
0.00
0.70
0.82
0.70
0.02
0.00
0.73
0.81
0.70
0.02
0.00
0.70
0.83
0.70
0.02
0.00
0.71
0.84
0.75
0.02
0.00
0.71
0.79
0.71
0.02
0.00
0.70
0.82
0.71
0.01
0.00
0.72
0.80
0.69
0.01
0.00
0.70
0.82
0.69
0.01
0.00
0.71
0.80
0.69
0.01
0.00
0.70
0.81
0.73
0.02
0.00
0.71
0.79
0.73
0.02
0.00
0.71
0.79
0.69
0.02
0.00
0.72
0.79
0.70
0.01
0.00
0.69
0.80
0.72
0.02
0.00
0.73
0.83
0.70
0.02
0.00
0.69
0.80
0.70
0.02
0.00
0.71
0.78
0.70
0.02
0.00
0.74
0.80
0.71
0.02
0.00
0.70
0.81
0.71
0.02
0.00
0.71
0.82
0.69
0.02
0.00
0.69
0.78
0.74
0.01
0.00
0.70
0.85
0.71
0.01
0.00
0.70
0.80
0.72
0.01
0.00
0.73
0.80
0.70
0.01
0.00
0.71
0.79
0.70
0.01
0.00
0.70
0.82
0.71
0.01
0.00
0.72
0.82
0.70
0.02
0.00
0.68
0.82
0.70
0.01
0.00
0.69
0.84
0.67
0.02
0.00
0.70
0.78
0.71
0.02
0.00
0.73
0.82
0.71
0.02
0.00
0.69
0.84
0.70
0.02
0.00
0.72
0.79
0.74
0.02
0.00
0.69
0.84
0.69
0.01
0.00
0.73
0.80
0.71
0.01
0.00
0.75
0.82
0.73
0.01
0.00
0.72
0.82
0.70
0.02
0.00
0.70
0.79
0.70
0.02
0.00
0.72
0.82
0.69
0.02
0.00
0.69
0.81
0.69
0.02
0.00
0.70
0.81
0.70
0.02
0.00
0.70
0.85
0.75
0.02
0.00
0.71
0.78
0.69
0.01
0.00
0.70
0.82
0.69
0.01
0.00
0.71
0.79
0.69
0.02
0.00
0.72
0.83
0.76
0.01
0.00
0.69
0.79
0.68
0.01
0.00
0.69
0.80
0.69
0.02
0.00
0.72
0.84
0.68
0.02
0.00
0.72
0.81
0.72
0.01
0.00
0.68
0.81
0.73
0.03
0.00
0.70
0.81
0.69
0.02
0.00
0.70
0.81
0.70
0.01
0.00
0.71
0.84
0.69
0.02
0.00
0.72
0.82
0.67
0.02
0.00
0.72
0.85
0.68
0.01
0.00
0.71
0.83
0.70
0.02
0.00
0.69
0.83
0.73
0.02
0.00
0.70
0.84
0.70
0.01
0.00
0.74
0.79
0.71
0.02
0.00
0.70
0.83
0.71
0.02
0.00
0.69
0.81
0.70
0.01
0.00
0.70
0.82
0.68
0.03
0.00
0.73
0.82
0.71
0.02
0.00
0.69
0.80
0.70
0.02
0.00
0.71
0.78
0.73
0.02
0.00
0.75
0.84
0.71
0.01
0.00
0.72
0.79
0.73
0.01
0.00
0.71
0.83
0.71
0.02
0.00
0.73
0.81
0.71
0.01
0.00
0.71
0.81
0.70
0.01
0.00
0.70
0.81
0.72
0.02
0.00
0.71
0.82
0.71
0.02
0.00
0.72
0.81
0.73
0.02
0.00
0.69
0.86
0.74
0.02
0.00
0.76
0.78
0.71
0.01
0.00
0.69
0.85
0.69
0.02
0.00
0.69
0.83
0.71
0.01
0.00
0.70
0.83
0.69
0.01
0.00
0.72
0.82
0.68
0.01
0.00
0.72
0.80
0.74
0.01
0.00
0.72
0.83
0.74
0.02
0.00
0.70
0.79
0.71
0.02
0.00
0.71
0.85
0.73
0.02
0.00
0.72
0.80
0.68
0.02
0.00
0.71
0.81
0.73
0.02
0.00
0.68
0.81
0.73
0.02
0.00
0.70
0.84
0.73
0.02
0.00
0.70
0.79
0.69
0.01
0.00
0.72
0.79
0.69
0.02
0.00
0.69
0.81
0.72
0.02
0.00
0.73
0.81
0.69
0.01
0.00
0.69
0.79
0.72
0.01
0.00
0.70
0.83
0.73
0.02
0.00
0.71
0.83
0.71
0.02
0.00
0.72
0.85
0.70
0.01
0.00
0.72
0.80
0.69
0.02
0.00
0.72
0.83
0.71
0.01
0.00
0.73
0.82
0.71
0.02
0.00
0.72
0.80
0.72
0.01
0.00
0.73
0.82
0.69
0.01
0.00
0.71
0.81
0.70
0.01
0.00
0.71
0.85
0.68
0.02
0.00
0.69
0.83
0.71
0.02
0.00
0.72
0.82
0.68
0.02
0.00
0.73
0.81
0.71
0.02
0.00
0.71
0.86
0.71
0.01
0.00
0.71
0.79
0.70
0.02
0.00
0.71
0.85
0.70
0.01
0.00
0.68
0.81
0.71
0.01
0.00
0.72
0.84
0.71
0.01
0.00
0.72
0.81
0.70
0.02
0.00
0.73
0.85
0.70
0.01
0.00
0.74
0.83
0.69
0.02
0.00
0.70
0.83
0.69
0.02
0.00
0.73
0.85
0.69
0.01
0.00
0.74
0.81
0.70
0.02
0.00
0.70
0.87
0.70
0.02
0.00
0.73
0.81
0.69
0.02
0.00
0.73
0.80
0.73
0.03
0.00
0.73
0.81
0.70
0.02
0.00
0.75
0.81
0.74
0.01
0.00
0.73
0.82
0.70
0.01
0.00
0.70
0.80
0.72
0.03
0.00
0.73
0.84
0.73
0.01
0.00
0.75
0.83
0.72
0.01
0.00
0.75
0.81
0.68
0.02
0.00
0.72
0.80
0.70
0.02
0.00
0.71
0.82
0.71
0.01
0.00
0.70
0.82
0.72
0.01
0.00
0.74
0.84
0.72
0.02
0.00
0.75
0.81
0.71
0.01
0.00
0.69
0.79
0.68
0.02
0.00
0.73
0.80
0.69
0.01
0.00
0.73
0.86
0.72
0.02
0.00
0.74
0.83
0.75
0.02
0.00
0.70
0.79
0.73
0.02
0.00
0.73
0.83
0.69
0.01
0.00
0.72
0.79
0.70
0.01
0.00
0.71
0.82
0.70
0.02
0.00
0.72
0.84
0.71
0.02
0.00
0.71
0.84
0.74
0.02
0.00
0.76
0.81
0.73
0.02
0.00
0.69
0.78
0.73
0.01
0.00
0.73
0.80
0.70
0.03
0.00
0.71
0.81
0.70
0.02
0.00
0.75
0.81
0.71
0.02
0.00
0.72
0.84
0.72
0.01
0.00
0.74
0.83
0.70
0.02
0.00
0.71
0.81
0.70
0.01
0.00
0.72
0.82
0.71
0.00
0.00
0.72
0.82
0.70
0.02
0.00
0.72
0.86
0.72
0.02
0.00
0.75
0.82
0.73
0.02
0.00
0.72
0.83
0.74
0.02
0.00
0.71
0.81
0.71
0.02
0.00
0.73
0.82
0.72
0.02
0.00
0.69
0.78
0.71
0.02
0.00
0.72
0.81
0.69
0.01
0.00
0.70
0.80
0.72
0.01
0.00
0.73
0.83
0.70
0.02
0.00
0.70
0.79
0.70
0.01
0.00
0.71
0.83
0.73
0.02
0.00
0.72
0.83
0.71
0.01
0.00
0.74
0.82
0.75
0.02
0.00
0.75
0.83
0.70
0.02
0.00
0.74
0.82
0.71
0.02
0.00
0.76
0.81
0.70
0.02
0.00
0.71
0.83
0.72
0.02
0.00
0.73
0.81
0.70
0.02
0.00
0.71
0.83
0.72
0.02
0.00
0.72
0.81
0.73
0.02
0.00
0.76
0.83
0.71
0.01
0.00
0.74
0.82
0.71
0.01
0.00
0.74
0.82
0.70
0.01
0.00
0.71
0.82
0.72
0.02
0.00
0.71
0.80
0.74
0.01
0.00
0.72
0.85
0.70
0.03
0.00
0.72
0.83
0.70
0.02
0.00
0.77
0.82
0.70
0.02
0.00
0.71
0.84
0.71
0.01
0.00
0.77
0.82
0.70
0.02
0.00
0.70
0.83
0.73
0.01
0.00
0.72
0.83
0.71
0.03
0.00
0.71
0.82
0.72
0.01
0.00
0.74
0.83
0.69
0.02
0.00
0.74
0.80
0.69
0.02
0.00
0.68
0.86
0.74
0.01
0.00
0.71
0.80
0.72
0.02
0.00
0.72
0.82
0.68
0.02
0.00
0.69
0.81
0.68
0.01
0.01
0.71
0.80
0.74
0.01
0.00
0.73
0.86
0.73
0.01
0.00
0.73
0.80
0.73
0.02
0.00
0.73
0.81
0.69
0.01
0.00
0.73
0.82
0.70
0.02
0.00
0.72
0.85
0.69
0.01
0.00
0.73
0.81
0.72
0.02
0.00
0.76
0.81
0.73
0.02
0.00
0.72
0.84
0.72
0.01
0.00
0.73
0.80
0.68
0.02
0.00
0.70
0.80
0.73
0.02
0.00
0.74
0.84
0.70
0.01
0.00
0.75
0.84
0.69
0.02
0.00
0.69
0.83
0.72
0.02
0.00
0.77
0.79
0.58
0.01
0.00
0.72
0.91
0.72
0.02
0.00
0.70
0.77
0.71
0.01
0.00
0.73
0.79
0.71
0.02
0.00
0.72
0.81
0.69
0.02
0.00
0.74
0.77
0.74
0.03
0.00
0.70
0.83
0.73
0.01
0.00
0.74
0.78
0.71
0.01
0.00
0.75
0.83
0.75
0.02
0.00
0.74
0.80
0.71
0.02
0.00
0.72
0.84
0.71
0.03
0.00
0.72
0.77
0.72
0.02
0.00
0.68
0.78
0.70
0.01
0.00
0.73
0.80
0.73
0.02
0.00
0.71
0.80
0.73
0.02
0.00
0.72
0.78
0.68
0.02
0.00
0.74
0.79
0.69
0.01
0.00
0.72
0.83
0.71
0.02
0.01
0.70
0.80
0.71
0.02
0.00
0.73
0.84
0.71
0.02
0.00
0.75
0.79
0.71
0.02
0.00
0.77
0.84
0.68
0.01
0.00
0.68
0.82
0.73
0.02
0.00
0.74
0.81
0.71
0.02
0.00
0.73
0.84
0.71
0.01
0.00
0.70
0.80
0.71
0.02
0.00
0.73
0.82
0.72
0.02
0.00
0.79
0.83
0.55
0.02
0.00
0.74
0.85
0.69
0.02
0.00
0.72
0.78
0.77
0.01
0.00
0.73
0.80
0.70
0.01
0.00
0.71
0.82
0.70
0.02
0.00
0.74
0.80
0.70
0.02
0.00
0.71
0.83
0.72
0.02
0.00
0.76
0.77
0.70
0.01
0.00
0.71
0.82
0.74
0.03
0.00
0.73
0.82
0.73
0.01
0.00
0.70
0.83
0.70
0.02
0.00
0.73
0.79
0.73
0.02
0.00
0.71
0.86
0.74
0.01
0.00
0.70
0.82
0.71
0.02
0.00
0.71
0.85
0.70
0.01
0.00
0.72
0.79
0.74
0.02
0.73
0.00
0.71
0.75
0.67
0.02
0.00
0.70
0.83
0.76
0.01
0.00
0.72
0.86
0.71
0.02
0.00
0.74
0.83
0.72
0.03
0.00
0.71
0.80
0.73
0.02
0.00
0.74
0.80
0.74
0.02
0.00
0.71
0.85
0.71
0.02
0.00
0.70
0.82
0.68
0.03
0.00
0.75
0.82
0.69
0.01
0.00
0.71
0.82
0.72
0.01
0.00
0.72
0.82
0.70
0.02
0.00
0.72
0.79
0.69
0.01
0.00
0.68
0.80
0.71
0.02
0.00
0.71
0.78
0.70
0.02
0.00
0.73
0.82
0.68
0.02
0.00
0.72
0.84
0.73
0.02
0.00
0.73
0.79
0.75
0.02
0.00
0.74
0.80
0.70
0.01
0.00
0.70
0.83
0.70
0.02
0.00
0.70
0.78
0.75
0.02
0.00
0.75
0.81
0.71
0.01
0.00
0.73
0.84
0.71
0.01
0.00
0.70
0.81
0.72
0.01
0.00
0.69
0.81
0.74
0.02
0.00
0.73
0.83
0.72
0.02
0.00
0.71
0.82
0.72
0.02
0.01
0.73
0.81
0.70
0.02
0.00
0.69
0.85
0.69
0.02
0.00
0.70
0.86
0.71
0.01
0.00
0.66
0.81
0.55
0.01
0.00
0.74
0.85
0.71
0.01
0.00
0.73
0.75
0.75
0.01
0.00
0.74
0.81
0.68
0.02
0.00
0.76
0.83
0.71
0.02
0.00
0.72
0.82
0.71
0.01
0.00
0.75
0.83
0.69
0.02
0.00
0.70
0.84
0.71
0.02
0.00
0.74
0.81
0.80
0.71
0.02
0.00
0.74
0.93
0.71
0.01
0.00
0.72
0.85
0.69
0.01
0.00
0.73
0.84
0.69
0.02
0.69
0.00
0.72
0.79
0.73
0.01
0.00
0.68
0.82
0.71
0.01
0.00
0.73
0.83
0.73
0.02
0.00
0.76
0.85
0.74
0.01
0.00
0.71
0.79
0.70
0.01
0.00
0.73
0.81
0.74
0.71
0.02
0.70
0.00
0.70
0.80
0.67
0.03
0.00
0.70
0.84
0.69
0.03
0.71
0.00
0.70
0.85
0.72
0.02
0.00
0.74
0.86
0.72
0.01
0.00
0.71
0.79
0.76
0.69
0.01
0.00
0.74
0.84
0.72
0.03
0.73
0.00
0.74
0.84
0.69
0.01
0.00
0.69
0.83
0.70
0.02
0.71
0.00
0.71
0.83
0.73
0.02
0.72
0.00
0.74
0.79
0.71
0.01
0.00
0.72
0.83
0.72
0.01
0.71
0.00
0.72
0.77
0.69
0.02
0.00
0.71
0.83
0.68
0.01
0.00
0.70
0.82
0.71
0.02
0.72
0.00
0.75
0.79
0.73
0.01
0.00
0.74
0.80
0.75
0.73
0.01
0.69
0.00
0.73
0.78
0.78
0.67
0.03
0.00
0.73
0.85
0.72
0.01
0.00
0.76
0.81
0.76
0.70
0.03
0.00
0.71
0.81
0.75
0.68
0.02
0.00
0.75
0.85
0.72
0.02
0.73
0.00
0.73
0.78
0.77
0.71
0.02
0.00
0.56
0.86
0.71
0.02
0.71
0.00
0.72
0.82
0.72
0.02
0.00
0.78
0.85
0.60
0.73
0.01
0.00
0.71
0.85
0.71
0.02
0.76
0.00
0.75
0.81
0.59
0.72
0.02
0.00
0.71
0.92
0.69
0.02
0.71
0.00
0.75
0.79
0.72
0.02
0.72
0.00
0.74
0.83
0.71
0.74
0.02
0.00
0.72
0.80
0.72
0.03
0.73
0.01
0.70
0.80
0.71
0.01
0.73
0.00
0.77
0.78
0.58
0.02
0.00
0.78
0.85
0.54
0.03
0.00
0.72
0.86
0.71
0.03
0.71
0.00
0.75
0.75
0.65
0.01
0.00
0.74
0.81
0.67
0.02
0.00
0.75
0.73
0.74
0.75
0.02
0.00
0.72
0.80
0.75
0.70
0.02
0.00
0.73
0.87
0.75
0.68
0.01
0.00
0.71
0.82
0.73
0.03
0.77
0.00
0.74
0.68
0.71
0.03
0.00
0.69
0.88
0.75
0.02
0.74
0.00
0.74
0.84
0.75
0.01
0.00
0.73
0.81
0.76
0.02
0.00
0.73
0.70
0.76
0.02
0.74
0.00
0.71
0.83
0.74
0.01
0.73
0.00
0.74
0.81
0.70
0.01
0.72
0.00
0.73
0.83
0.73
0.68
0.02
0.00
0.76
0.82
0.66
0.02
0.73
0.00
0.73
0.86
0.74
0.02
0.75
0.00
0.70
0.82
0.79
0.02
0.76
0.00
0.71
0.83
0.72
0.74
0.01
0.00
0.70
0.87
0.75
0.01
0.00
0.59
0.76
0.73
0.01
0.00
0.61
0.87
0.60
0.75
0.03
0.00
0.74
0.83
0.73
0.78
0.01
0.00
0.73
0.65
0.75
0.01
0.00
0.72
0.70
0.74
0.72
0.02
0.00
0.78
0.89
0.75
0.72
0.04
0.56
0.00
0.71
0.81
0.73
0.74
0.02
0.00
0.60
0.66
0.60
0.03
0.73
0.00
0.75
0.82
0.61
0.01
0.00
0.70
0.88
0.72
0.74
0.02
0.73
0.00
0.73
0.71
0.70
0.02
0.00
0.76
0.91
0.62
0.04
0.74
0.00
0.74
0.84
0.75
0.74
0.02
0.00
0.70
0.81
0.71
0.72
0.02
0.00
0.72
0.83
0.69
0.01
0.72
0.00
0.75
0.86
0.62
0.02
0.72
0.00
0.62
0.76
0.72
0.72
0.01
0.64
0.00
0.66
0.76
0.75
0.71
0.03
0.56
0.00
0.73
0.81
0.65
0.72
0.01
0.56
0.00
0.72
0.88
0.71
0.02
0.00
0.69
0.83
0.70
0.02
0.00
0.74
0.78
0.73
0.01
0.00
0.72
0.84
0.75
0.74
0.02
0.76
0.00
0.76
0.77
0.70
0.03
0.75
0.00
0.72
0.79
0.73
0.03
0.00
0.70
0.84
0.72
0.01
0.00
0.71
0.83
0.72
0.01
0.00
0.73
0.84
0.70
0.01
0.00
0.75
0.84
0.74
0.01
0.00
0.77
0.82
0.66
0.76
0.02
0.01
0.59
0.88
0.76
0.01
0.00
0.72
0.83
0.75
0.02
0.00
0.73
0.85
0.76
0.78
0.02
0.00
0.79
0.70
0.62
0.03
0.75
0.00
0.57
0.87
0.71
0.01
0.00
0.80
0.90
0.60
0.02
0.00
0.81
0.90
0.72
0.76
0.01
0.00
0.55
0.89
0.78
0.01
0.62
0.00
0.61
0.68
0.60
0.03
0.74
0.00
0.71
0.70
0.72
0.77
0.01
0.00
0.74
0.73
0.78
0.04
0.67
0.00
0.76
0.97
0.59
0.01
0.00
0.57
0.84
0.78
0.67
0.01
0.00
0.62
0.78
0.59
0.01
0.00
0.71
0.84
0.78
0.72
0.80
0.03
0.00
0.75
0.78
0.60
0.03
0.00
0.58
0.85
0.73
0.76
0.73
0.53
0.02
0.00
0.79
0.87
0.63
0.71
0.01
0.00
0.54
0.83
0.80
0.72
0.02
0.60
0.01
0.80
0.78
0.67
0.01
0.77
0.00
0.61
0.74
0.80
0.01
0.73
0.00
0.72
0.79
0.79
0.72
0.01
0.00
0.79
0.86
0.58
0.01
0.00
0.80
0.86
0.63
0.77
0.62
0.02
0.00
0.74
0.69
0.64
0.69
0.56
0.02
0.00
0.77
0.68
0.65
0.67
0.01
0.00
0.69
0.84
0.79
0.77
0.75
0.03
0.00
0.72
0.75
0.84
0.01
0.00
0.62
0.73
0.66
0.72
0.01
0.77
0.00
0.67
0.66
0.86
0.78
0.01
0.00
0.61
0.69
0.73
0.01
0.00
0.69
0.80
0.82
0.76
0.02
0.71
0.00
0.62
0.88
0.65
0.67
0.03
0.00
0.63
0.86
0.66
0.65
0.02
0.72
0.00
0.72
0.89
0.73
0.01
0.74
0.00
0.78
0.83
0.75
0.01
0.00
0.75
0.63
0.66
0.71
0.03
0.00
0.55
0.86
0.94
0.74
0.24
2.88
1.09
0.01
0.00
0.32
0.45
0.53
0.59
0.61
0.65
0.66
0.68
0.03
0.00
0.67
0.75
0.83
0.72
0.02
0.00
0.74
0.90
0.70
0.03
0.00
0.71
0.81
0.71
0.04
0.00
0.70
0.85
0.71
0.03
0.00
0.73
0.83
0.74
0.03
0.00
0.74
0.86
0.71
0.03
0.00
0.71
0.83
0.73
0.03
0.00
0.72
0.82
0.73
0.02
0.00
0.72
0.84
0.72
0.04
0.00
0.74
0.84
0.73
0.03
0.00
0.78
0.84
0.75
0.04
0.00
0.73
0.82
0.71
0.04
0.00
0.69
0.82
0.73
0.01
0.00
0.78
0.82
0.75
0.02
0.00
0.73
0.80
0.72
0.03
0.00
0.75
0.81
0.74
0.03
0.00
0.23
3.14
1.23
0.01
0.00
0.20
0.10
0.01
0.00
1.83
1.91
0.45
0.01
0.00
1.35
0.55
0.30
0.23
0.31
0.35
0.03
0.00
0.39
0.60
0.55
0.59
0.02
0.00
