204
99
6
6
233
338
482
626
778
943
1084
1139
294
412
565
718
884
1017
1191
1366
1550
1696
1815
893
948
1225
1478
1792
1939
2140
2248
2425
2580
2751
2905
3059
3214
3365
3465
3544
2403
2189
3269
3379
3442
3481
3087
3509
3514
3504
3564
3624
3669
3683
3678
3691
3690
3697
3417
3653
2359
3770
3787
3695
3676
3597
3634
3647
3708
3734
3681
3760
3754
3359
3775
2218
3681
3759
3751
3686
3687
3557
3663
1821
3717
3720
3671
3678
3088
286
318
374
2844
2231
2743
2072
2117
2529
3375
3355
3534
3576
2297
2545
3631
3666
3584
3586
2610
2968
3652
3655
3537
2264
2564
3606
3661
3539
2170
2525
3604
3660
3539
2719
3147
3605
3655
3540
2125
2368
3607
3646
3546
2687
3003
3609
3648
3546
2796
2922
3614
3657
3554
3652
3682
1766
3656
3648
3628
2761
3369
3689
2752
266
291
313
2267
270
338
392
2843
2248
2777
1582
1431
2631
3369
3375
3533
3588
1625
1684
3638
3675
3520
1479
1514
3589
3653
3538
1485
1520
3604
3669
3536
1493
1530
3602
3667
3536
1394
1400
3601
3665
3537
1429
1441
3599
3664
3534
1428
1453
3598
3661
3531
1454
1476
3595
3658
3536
1478
1517
3600
3664
3540
1534
1607
3602
3666
3538
1458
1491
3600
3663
3535
1544
1591
3599
3662
3538
1596
1644
3601
3666
3541
1566
1633
3606
3669
3540
1600
1632
3606
3668
3541
1500
1548
3606
3670
3543
1517
1570
3606
3670
3540
1558
1602
3610
3671
3550
1549
1587
3615
3669
3546
1549
1588
3609
3667
3549
1657
1748
3614
3670
3549
1567
1624
3612
3671
3548
1568
1616
3612
3672
3549
1581
1651
3610
3671
3547
1695
1779
3611
3672
3551
1629
1701
3616
3670
3550
1574
1634
3614
3667
3547
1586
1680
3610
3672
3549
1647
1707
3612
3674
3550
1617
1675
3615
3673
3552
1603
1664
3618
3671
3553
1645
1771
3619
3671
3553
1632
1694
3616
3670
3552
1641
1736
3616
3672
3555
1707
1820
3617
3673
3551
1673
1766
3613
3674
3554
1652
1726
3618
3671
3553
1636
1781
3618
3669
3555
1679
1749
3618
3670
3553
1638
1697
3619
3675
3555
1705
1811
3619
3672
3555
1701
1791
3619
3668
3553
1832
1902
3615
3672
3552
1698
1781
3616
3672
3555
1724
1815
3619
3669
3556
1689
1764
3619
3671
3557
1700
1847
3621
3665
3554
1782
1855
3618
3664
3555
1700
1788
3619
3673
3555
1727
1798
3619
3666
3557
1685
1762
3620
3670
3554
1911
2063
3617
3673
3556
1899
1985
3619
3671
3557
1777
1876
3620
3671
3557
1702
1833
3619
3671
3556
1719
1843
3619
3670
3557
1763
1896
3623
3675
3561
1757
1856
3623
3671
3559
1703
1792
3624
3674
3557
1738
1825
3619
3674
3555
1769
1873
3616
3671
3553
1783
1891
3617
3668
3555
1766
1859
3620
3666
3558
1761
1884
3622
3674
3559
1755
1869
3623
3674
3560
1807
1936
3622
3667
3554
1807
1943
3618
3675
3559
1862
1976
3621
3670
3556
1799
1893
3620
3667
3559
1772
1866
3621
3672
3557
1834
1994
3621
3675
3558
1822
1987
3624
3672
3561
1825
1943
3624
3671
3559
1770
1893
3624
3672
3558
1825
1958
3620
3665
3557
1845
1945
3621
3667
3560
1814
1937
3624
3671
3557
1776
1957
3621
3672
3557
1785
1894
3623
3672
3557
1786
1942
3624
3666
3560
1880
2003
3624
3671
3557
1984
2167
3619
3671
3557
1844
2003
3621
3667
3557
1881
2034
3621
3666
3557
1865
2019
3617
3669
3558
1910
2011
3619
3668
3555
1810
1954
3619
3669
3556
1792
1906
3620
3673
3558
1890
2001
3622
3665
3558
2015
2125
3623
3671
3558
2043
2160
3621
3667
3558
1930
2139
3622
3670
3559
1960
2083
3623
3671
3562
2018
2189
3626
3672
3556
1955
2086
3620
3673
3562
1983
2093
3625
3667
3560
1871
1981
3627
3672
3564
1900
2035
3630
3674
3560
1928
2064
3625
3667
3561
1914
2019
3626
3672
3561
1868
1993
3623
3676
3562
2031
2206
3623
3668
3556
1991
2188
3618
3667
3559
1963
2114
3623
3674
3561
2033
2123
3626
3673
3561
1858
2026
3624
3672
3561
1897
2074
3624
3675
3557
1818
1978
3620
3670
3561
1946
2118
3625
3672
3561
1887
2026
3625
3673
3562
1926
2090
3628
3670
3559
2097
2247
3624
3675
3562
1980
2181
3624
3672
3561
1924
2057
3624
3669
3565
1897
2016
3628
3671
3560
1982
2140
3624
3669
3560
2082
2244
3625
3663
3561
1973
2209
3628
3669
3564
1992
2116
3627
3673
3560
1966
2099
3625
3670
3560
2154
2399
3624
3669
3563
2212
2409
3628
3670
3562
1962
2119
3625
3663
3562
2122
2342
3627
3667
3562
2208
2368
3626
3671
3559
2184
2468
3620
3669
3556
2171
2416
3622
3672
3562
1870
1997
3624
3674
3558
2172
2358
3622
3673
3558
2023
2215
3623
3668
3559
2010
2220
3621
3669
3558
1997
2177
3621
3671
3559
2003
2150
3624
3667
3558
1918
2059
3622
3669
3558
2059
2319
3621
3672
3557
2158
2306
3621
3673
3558
1989
2305
3623
3672
3561
1996
2249
3625
3673
3560
2279
2570
3621
3663
3558
2177
2376
3621
3665
3557
2154
2306
3622
3667
3561
2136
2292
3627
3658
3559
2130
2273
3625
3669
3559
2092
2272
3626
3671
3558
1999
2185
3622
3671
3558
1996
2202
3622
3670
3563
2076
2228
3627
3675
3558
2062
2224
3622
3670
3556
2292
2540
3618
3667
3559
2279
2443
3621
3674
3559
2108
2197
3625
3670
3560
1986
2186
3626
3661
3560
2010
2209
3624
3659
3561
2143
2381
3625
3657
3560
2252
2420
3624
3670
3558
2274
2575
3624
3663
3560
2137
2282
3624
3666
3557
2285
2516
3621
3664
3556
2026
2197
3621
3669
3562
2016
2262
3624
3667
3556
2072
2292
3621
3668
3563
1915
2135
3627
3675
3560
2078
2241
3625
3664
3561
2037
2234
3625
3665
3562
2011
2169
3627
3664
3558
2274
2585
3622
3672
3559
2293
2538
3624
3668
3561
2220
2464
3624
3670
3559
2064
2295
3625
3670
3558
2188
2394
3624
3668
3561
2293
2468
3625
3668
3563
2287
2484
3627
3673
3560
2160
2393
3627
3674
3563
1939
2091
3626
3668
3560
2233
2506
3625
3673
3558
2103
2293
3622
3665
3558
2229
2472
3621
3673
3558
2167
2409
3622
3668
3560
2317
2515
3626
3669
3559
2308
2608
3624
3672
3561
2339
2587
3625
3668
3559
2381
2591
3623
3671
3563
2316
2600
3626
3668
3562
2318
2510
3624
3672
3558
2133
2322
3622
3670
3564
2095
2309
3625
3669
3561
2146
2330
3626
3666
3561
2231
2517
3625
3671
3559
2219
2529
3623
3673
3559
2298
2492
3623
3662
3559
2175
2401
3624
3664
3558
2100
2356
3622
3667
3561
2156
2495
3626
3665
3563
2332
2565
3627
3669
3562
2420
2797
3625
3670
3561
2353
2570
3628
3661
3562
2073
2373
3625
3654
3560
2100
2374
3626
3672
3560
2135
2384
3626
3669
3562
2169
2452
3626
3669
3561
2150
2360
3624
3662
3561
2386
2701
3626
3670
3562
2156
2374
3626
3672
3562
2191
2437
3627
3670
3564
2178
2354
3629
3668
3562
2215
2412
3625
3660
3562
2430
2680
3625
3668
3560
2367
2650
3625
3666
3559
2356
2592
3624
3658
3563
2176
2542
3628
3662
3562
2411
2618
3627
3658
3564
2149
2366
3625
3663
3562
2471
2814
3625
3660
3562
2448
2806
3628
3667
3563
2203
2480
3629
3664
3564
2016
2301
3627
3670
3563
1996
2276
3626
3671
3563
2286
2446
3626
3669
3562
2199
2491
3627
3671
3561
2438
2861
3627
3674
3564
2167
2444
3627
3663
3564
2483
2833
3628
3666
3560
2138
2315
3626
3664
3561
2135
2426
3625
3669
3563
2391
2680
3625
3667
3558
2155
2459
3623
3668
3563
2172
2438
3628
3667
3561
2461
2857
3624
3670
3561
2399
2666
3626
3668
3563
2236
2660
3628
3657
3562
2168
2456
3624
3668
3561
2075
2395
3623
3674
3563
2221
2539
3627
3664
3562
2153
2406
3627
3668
3564
2193
2431
3628
3662
3563
2532
2782
3628
3669
3562
2410
2768
3624
3664
3561
2134
2330
3626
3667
3565
2204
2486
3628
3664
3565
2502
2820
3628
3668
3563
2405
2725
3627
3667
3562
2509
2869
3625
3668
3562
2432
2735
3624
3669
3566
2422
2684
3630
3660
3564
2529
2928
3631
3671
3565
2037
2341
3631
3669
3563
2276
2569
3628
3666
3563
2447
2891
3627
3666
3566
2453
2925
3627
3667
3563
2570
2873
3627
3665
3564
2519
2785
3627
3666
3561
2502
2931
3624
3664
3562
2514
2905
3622
3671
3562
2553
2862
3623
3664
3561
2651
2999
3625
3666
3563
2614
2850
3626
3666
3561
2554
2899
3624
3664
3562
2490
2863
3625
3661
3565
2546
2914
3630
3650
3565
2424
2826
3628
3675
3563
2207
2509
3629
3667
3565
2395
2769
3633
3661
3567
2491
2914
3631
3656
3561
2575
2800
3624
3667
3564
2162
2412
3630
3671
3563
2192
2498
3626
3661
3561
2543
2963
3627
3655
3560
2558
2816
3626
3666
3563
2508
2823
3628
3667
3560
2502
2774
3624
3670
3560
2223
2535
3625
3655
3562
2305
2705
3625
3665
3561
2574
3024
3622
3672
3560
2267
2534
3623
3674
3563
2160
2558
3626
3668
3561
2611
2993
3623
3672
3562
2570
2968
3624
3661
3561
2122
2429
3623
3667
3556
2198
2466
3624
3661
3563
2559
2877
3627
3666
3560
2522
2840
3626
3672
3562
2262
2580
3624
3669
3559
2268
2638
3624
3670
3564
2644
3036
3628
3669
3558
2672
2987
3623
3674
3559
2206
2586
3624
3672
3562
2303
2723
3627
3669
3561
2682
3032
3626
3667
3567
2587
2994
3628
3669
3560
2513
2901
3623
3670
3562
2241
2553
3627
3662
3563
2213
2423
3627
3663
3562
2624
3090
3624
3660
3563
2501
2773
3627
3670
3563
2126
2536
3626
3666
3559
2655
3133
3623
3672
3561
2492
2920
3622
3663
3562
2639
3095
3625
3661
3561
2229
2639
3625
3660
3563
2227
2617
3629
3662
3562
2778
3196
3626
3664
3565
2628
2914
3628
3655
3563
2361
2578
3627
3663
3562
2340
2552
3626
3672
3559
2230
2630
3624
3672
3559
2611
3049
3625
3664
3563
2533
2789
3625
3670
3561
2253
2584
3624
3670
3565
2658
2904
3628
3655
3560
2550
2839
3625
3660
3564
2662
2985
3629
3671
3565
2515
2928
3628
3660
3562
2530
2945
3627
3672
3561
2328
2633
3622
3673
3556
2212
2498
3620
3665
3567
2259
2551
3631
3669
3559
2351
2553
3623
3663
3565
2656
3147
3632
3668
3566
2622
3022
3630
3672
3563
2499
3003
3627
3666
3562
2151
2463
3625
3664
3559
2290
2628
3624
3663
3561
2718
3195
3624
3664
3560
2598
2973
3626
3672
3560
2639
2921
3625
3666
3562
2122
2455
3626
3665
3558
2563
3057
3623
3665
3560
2762
3212
3626
3657
3563
2220
2530
3628
3663
3561
2231
2621
3625
3672
3562
1972
2453
3624
3664
3564
2161
2472
3629
3664
3564
2231
2602
3632
3663
3565
2159
2440
3632
3669
3562
2836
3270
3624
3655
3559
2530
3014
3622
3669
3560
2193
2491
3625
3668
3562
2307
2551
3625
3655
3565
2559
2993
3629
3655
3561
2965
3446
3625
3667
3561
2572
2994
3626
3668
3562
2601
3029
3627
3666
3562
2596
2906
3628
3662
3562
2551
2823
3625
3660
3561
2547
3266
3625
3666
3561
2724
3147
3625
3674
3560
2526
2865
3621
3660
3560
2675
3059
3623
3659
3564
2497
2920
3626
3670
3564
2569
3025
3627
3656
3565
2717
3123
3629
3658
3564
2817
3338
3629
3664
3566
2596
2960
3630
3668
3565
2684
3237
3628
3661
3564
2745
3037
3629
3671
3562
2429
2737
3625
3670
3562
2254
2687
3624
3657
3560
2898
3244
3624
3673
3563
2296
2558
3628
3666
3562
2228
2502
3626
3669
3567
2298
2610
3632
3658
3564
2581
3022
3629
3672
3564
2745
3276
3628
3660
3563
2833
3239
3627
3670
3563
2722
2985
3626
3651
3564
2355
2686
3629
3646
3565
2417
2715
3629
3657
3564
2274
2516
3626
3671
3566
2724
3162
3630
3668
3565
2497
3209
3629
3655
3562
2752
3268
3628
3666
3565
2618
3235
3628
3643
3649
2328
2765
3648
3656
3556
2638
3013
3621
3672
3571
2642
3064
3636
3667
3565
2636
3174
3630
3664
3567
2636
3051
3630
3659
3565
2662
2906
3630
3659
3565
2157
2659
3629
3655
3566
1997
2237
3629
3663
3563
2623
3106
3629
3655
3567
2689
3085
3631
3660
3567
2698
3201
3629
3659
3567
2583
3081
3631
3653
3566
2769
3171
3631
3656
3564
1993
2517
3631
3662
3566
2602
3000
3630
3660
3569
2615
3018
3634
3673
3566
2429
2884
3629
3655
3565
2678
3090
3628
3658
3565
2682
2923
3628
3665
3567
2596
2956
3630
3667
3563
2200
2621
3627
3674
3567
2281
2665
3631
3675
3565
2573
2928
3629
3667
3569
2236
2451
3633
3645
3565
2641
2971
3629
3664
3567
2696
3120
3632
3666
3568
2731
3095
3633
3662
3566
2732
3209
3629
3658
3565
2707
3147
3631
3659
3567
2587
3027
3633
3665
3565
2224
2756
3632
3669
3565
2679
3149
3629
3669
3565
2226
2454
3630
3670
3569
2327
2633
3631
3650
3566
2638
3102
3630
3665
3565
2699
2983
3631
3662
3568
2664
3376
3632
3663
3564
2624
2996
3628
3669
3564
2318
2678
3628
3655
3567
2728
3182
3634
3668
3567
2606
3140
3632
3668
3566
2713
3435
3629
3659
3565
2489
2841
3627
3657
3567
2594
3066
3628
3673
3566
2425
2759
3629
3662
3568
2930
3446
3630
3657
3565
2220
2439
3632
3667
3567
2379
2923
3629
3663
3565
2748
3174
3628
3662
3569
2700
3140
3632
3661
3560
2781
3515
3623
3659
3567
2576
2954
3634
3665
3568
2630
3140
3632
3666
3567
2141
2399
3629
3661
3570
2177
2631
3631
3654
3567
2622
2948
3630
3654
3567
2276
2808
3630
3657
3563
2647
3237
3627
3659
3567
2702
3144
3630
3659
3564
2031
2390
3625
3671
3562
2637
3009
3627
3667
3568
2988
3536
3630
3661
3565
2642
3094
3626
3661
3566
2167
2479
3629
3667
3566
2756
3171
3630
3673
3567
2704
2951
3632
3672
3568
2710
3210
3630
3657
3562
2740
3055
3626
3649
3571
2591
2901
3635
3674
3566
2319
2679
3631
3657
3569
2745
3141
3633
3666
3568
2685
3257
3633
3656
3568
2987
3331
3633
3651
3567
2219
2508
3631
3666
3569
2696
3208
3632
3670
3566
3158
3568
3626
3655
3562
2556
3210
3623
3665
3562
2608
3064
3626
3663
3569
2478
2800
3634
3656
3564
2632
2998
3630
3666
3563
3200
3627
3628
3665
3563
2525
2865
3629
3659
3566
2856
3460
3632
3667
3564
2478
2932
3632
3661
3566
2794
3274
3630
3651
3566
2370
2686
3632
3651
3565
2465
2873
3629
3661
3565
2572
3122
3630
3659
3563
2419
2809
3625
3655
3562
2505
2915
3625
3672
3563
2062
2288
3630
3643
3650
2865
3278
3649
3660
3555
2944
3588
3618
3663
3565
2761
3126
3629
3661
3564
2225
2666
3626
3654
3567
2271
2641
3633
3661
3563
2243
2597
3627
3662
3565
2694
3190
3632
3657
3566
2403
2662
3631
3663
3564
2726
3175
3628
3661
3562
2690
2964
3626
3669
3564
2697
3377
3627
3664
3565
2298
2573
3629
3660
3563
2402
2776
3630
3663
3566
2799
3479
3629
3663
3562
2969
3310
3627
3671
3565
2865
3572
3627
3668
3564
2418
2996
3626
3666
3567
2311
2789
3631
3664
3564
2760
3416
3628
3659
3564
2822
3512
3630
3664
3566
2363
3631
1509
3659
3668
3621
2880
3438
3664
3667
3563
2554
3402
3630
3649
3566
2924
3404
3628
3666
3564
2185
2521
3629
3659
3565
2033
2266
3629
3671
3566
2870
3480
3630
3663
3563
2778
3173
3628
3672
3565
2916
3494
3628
3661
3565
3012
3284
3628
3669
3564
2426
2650
3624
3666
3562
2324
2862
3626
3659
3567
2971
3375
3627
3662
3565
2937
3630
1694
3660
3664
3624
2710
3240
3668
3667
3564
2618
3438
3628
3672
3567
2596
2987
3632
3660
3566
2708
3009
3630
3663
3563
2292
2595
3628
3652
3567
2640
2884
3630
3655
3565
2353
2703
3631
3658
3562
2139
2609
3627
3668
3565
2947
3381
3629
3665
3565
2657
3427
3631
3659
3565
2584
3014
3630
3660
3566
2915
3373
3627
3666
3565
2673
2991
3627
3655
3567
2726
3148
3630
3672
3563
2854
3294
3628
3656
3571
2655
3066
3631
3665
3561
3102
3624
1484
3666
3675
3618
2817
3389
3673
3662
3564
2478
2870
3630
3658
3566
2206
2443
3630
3677
3565
2748
3224
3630
3669
3566
2417
3203
3629
3656
3560
2844
3162
3626
3640
3652
2315
2784
3652
3666
3557
3045
3621
1613
3674
3659
3628
2987
3210
3667
3648
3651
2298
2596
3652
3646
3557
2718
3222
3620
3671
3571
3611
3631
1741
3663
3655
3712
2536
2844
3672
3665
3557
2998
3546
3622
3665
3572
2708
3144
3634
3676
3564
2206
2554
3622
3662
3565
2288
2633
3631
3662
3571
2629
2973
3637
3661
3565
2128
2534
3628
3655
3570
2538
2948
3632
3662
3565
2265
2683
3629
3661
3566
3048
3612
3630
3669
3567
2180
2436
3630
3651
3569
2560
3342
3634
3712
3591
2788
3166
3654
3664
3557
2560
2799
3623
3659
3569
3635
1599
1951
3651
3665
3626
2524
2974
3664
3668
3566
3171
3631
1771
3666
3658
3627
2589
3113
3665
3663
3566
2206
3014
3632
3667
3569
2661
3329
3631
3664
3564
2965
3621
3631
3660
3570
3633
1610
1870
3652
3670
3623
3426
3660
1559
3665
3665
3621
3669
2998
3270
3672
3669
3565
3367
3627
1477
3667
3666
3623
2589
3505
3655
3667
3567
3023
3419
3629
3673
3570
3477
3633
1937
3665
3659
3625
2968
3668
1519
3671
3667
3629
2359
2655
3665
3658
3567
2187
2910
3630
3672
3568
2299
2583
3633
3655
3570
2179
2562
3636
3664
3565
3625
1570
2016
3654
3669
3625
2738
3136
3658
3655
3572
2427
2899
3633
3656
3570
2548
3173
3634
3661
3567
3633
1482
2398
3654
3664
3626
3661
1783
2208
3655
3648
3707
2407
2789
3657
3718
3592
3076
3652
1506
3646
3658
3619
3096
3658
3664
3661
3563
2654
3424
3628
3664
3570
2887
3544
3634
3664
3570
2281
2551
3632
3649
3656
3291
3655
1713
3663
3662
3608
2863
3587
3671
3667
3570
2384
2850
3636
3662
3570
2439
2777
3635
3668
3572
2509
3109
3633
3644
3656
3064
3260
3656
3662
3562
3528
3628
1887
3667
3666
3629
3663
1998
2258
3668
3658
3632
2521
3229
3677
3639
3661
3060
3660
1556
3655
3662
3624
2562
3128
3658
3656
3572
2608
3634
1483
3645
3719
3655
3666
1639
1978
3659
3660
3622
2238
3111
3673
3671
3573
2207
3635
1670
3654
3651
3626
2950
3672
1584
3669
3643
3702
3312
3666
2015
3650
3669
3618
3667
3227
3499
3659
3654
3661
2283
2608
3661
3656
3565
2551
3033
3631
3661
3573
3709
1513
1935
3651
3718
3666
2883
3168
3667
3657
3660
3220
3652
1674
3718
3651
3712
2585
3271
3661
3659
3564
2570
3090
3628
3660
3577
3642
1787
2396
3644
3706
3655
3059
3661
1548
3667
3667
3622
2530
2969
3665
3661
3569
3234
3634
1549
3660
3648
3701
3666
1919
2233
3637
3715
3701
3676
2495
2987
3655
3660
3571
3624
3659
1664
2165
3642
3708
3697
3111
3659
1783
3719
3651
3699
3677
2848
3258
3660
3666
3566
3393
3625
1898
3661
3651
3631
3204
3656
3672
3660
3577
3639
1802
2256
3666
3654
3632
3288
3670
1640
3656
3733
3668
3306
3650
1826
3664
3659
3632
3576
3657
1876
3664
3651
3704
2758
3658
1567
3652
3644
3691
3655
1797
2895
3707
3669
3646
3676
1895
3241
3657
3667
3625
3652
1519
1999
3665
3664
3624
2889
3334
3657
3646
3576
2752
3200
3640
3647
3578
3639
1659
3212
3660
3672
3630
3329
3713
1760
3664
3640
3690
2533
2883
3676
3655
3564
3630
1803
2001
3649
3654
3632
3331
3663
1582
3654
3726
3666
3661
2779
3357
3665
3658
3670
3663
2761
3131
3661
3663
3574
3632
2144
2780
3652
3668
3618
2753
3009
3693
3659
3598
3644
1635
2088
3699
3655
3700
3644
1908
3168
3716
3656
3705
3670
2011
2355
3622
3720
3651
2305
2661
3703
3676
3598
3653
2527
2907
3599
3702
3674
3042
3360
3668
3674
3585
3718
3333
3621
1641
3717
3681
3635
2375
2867
3689
3720
3624
2641
3695
1639
3649
3622
3699
3691
3223
3621
1915
3713
3663
3674
3689
2775
3707
1814
3665
3728
3705
3681
3672
2223
3383
3623
3726
3657
3648
3590
3708
2002
3650
3725
3661
3652
1949
2289
3677
3669
3640
3649
3013
3711
1822
3642
3727
3711
2887
3457
3673
3674
3570
3628
1526
2766
3650
3713
3652
3231
3657
1765
3658
3652
3702
3627
3516
3688
1952
3708
3677
3674
2687
3123
3649
3713
3613
3570
3662
2029
3653
3645
3695
3661
1647
2169
3675
3685
3628
3662
2114
2820
3652
3722
3667
3665
2068
3276
3622
3720
3663
3144
3642
1573
3677
3654
3692
3580
3652
2438
3653
3666
3624
3649
1651
2731
3655
3650
3696
3041
3650
1793
3637
3723
3650
3075
3564
3648
3686
3596
3648
3231
3703
2109
3667
3649
3710
3656
3601
3721
1845
3680
3671
3637
3710
3666
2663
3319
3647
3731
3636
3655
3647
3651
2130
3714
3643
3694
1862
2844
1994
1487
1347
2723
2858
3208
3459
3538
3604
3651
2070
2174
3665
3682
3654
3580
2036
2222
3642
3668
3522
1906
2014
3588
3650
3530
2002
2233
3595
3660
3532
2227
2489
3597
3660
3536
2216
2492
3600
3665
3532
2106
2376
3596
3660
3535
2169
2631
3599
3661
3539
2616
3046
3600
3666
3540
2470
2788
3604
3657
3539
2190
2486
3606
3661
3541
2791
3074
3603
3647
3542
2605
2853
3607
3659
3543
2692
2972
3608
3659
3547
2484
2728
3610
3644
3556
3612
3659
1535
2127
3665
3656
3599
3656
1626
1973
3660
3971
3477
3225
1412
1721
1526
2240
386
432
478
1928
2537
1624
2320
2134
1811
2102
2380
2510
2647
2824
2943
2865
2215
2071
2853
3194
3273
3395
