4
5
6
6
165
306
451
610
763
881
1026
86
234
383
533
684
821
950
1075
1118
1138
1166
193
471
667
924
1362
1412
1445
1476
1514
1556
1603
1654
1707
1769
1831
1895
1959
2026
2091
2237
2481
1876
1845
1808
1767
1712
1665
1587
1626
1695
1764
1816
1881
1943
2014
2070
2134
3562
2197
2578
2260
1916
1621
1538
1572
1634
1707
1776
1848
1946
1986
2082
3580
2111
3153
2188
1873
1556
1536
1610
3186
1691
2435
1795
1513
1553
1615
3103
1681
2071
1739
1474
1453
1506
1582
1701
1747
2112
1765
1473
1577
194
223
297
327
1294
1344
1414
1664
1826
1275
1343
1379
1448
1521
2283
2673
1595
1385
1339
1418
2144
2722
1491
1294
1358
1419
2447
2863
1486
1292
1372
2464
2897
1442
1321
1382
1458
2348
2542
1521
1305
1369
3371
1441
1722
1511
1380
1482
2556
2974
1511
1371
1454
1520
2335
3025
1608
1465
1516
1626
1666
194
222
353
407
194
221
345
408
1296
1340
1408
1363
1413
1251
1315
1392
1435
1497
1563
1677
1708
1639
1328
1349
1414
1548
1572
1480
1290
1355
1497
1538
1421
1288
1355
1394
1397
1421
1293
1361
1409
1423
1423
1293
1368
1432
1446
1422
1295
1360
1450
1477
1423
1298
1366
1471
1508
1424
1302
1362
1469
1495
1431
1299
1364
1560
1606
1429
1300
1367
1477
1536
1429
1301
1365
1514
1538
1429
1300
1364
1496
1560
1427
1307
1370
1578
1630
1436
1304
1370
1636
1668
1434
1308
1367
1498
1534
1435
1302
1355
1518
1590
1431
1318
1385
1561
1604
1446
1304
1369
1553
1597
1437
1313
1379
1557
1605
1440
1312
1374
1576
1659
1438
1312
1378
1586
1635
1437
1307
1373
1582
1641
1438
1310
1372
1606
1659
1437
1309
1375
1622
1669
1439
1314
1381
1617
1660
1446
1309
1372
1597
1678
1437
1312
1374
1626
1678
1440
1313
1375
1598
1673
1442
1307
1372
1645
1696
1438
1312
1372
1761
1831
1438
1309
1377
1779
1878
1438
1311
1378
1754
1821
1436
1307
1378
1656
1721
1437
1313
1378
1765
1874
1438
1311
1375
1763
1870
1442
1311
1373
1606
1688
1441
1313
1379
1671
1747
1442
1312
1372
1704
1762
1438
1315
1382
1664
1740
1441
1315
1381
1845
1990
1443
1309
1376
1698
1779
1440
1318
1379
1664
1741
1440
1315
1380
1678
1775
1448
1313
1389
1776
1867
1443
1315
1381
1734
1828
1441
1313
1379
1683
1762
1447
1313
1376
1706
1779
1437
1314
1374
1683
1810
1442
1326
1378
1671
1760
1445
1319
1380
1774
1838
1443
1316
1382
1700
1809
1445
1312
1380
1758
1843
1446
1315
1383
1889
2021
1447
1315
1379
1805
1885
1444
1315
1381
1727
1807
1442
1319
1378
1750
1851
1446
1314
1380
1774
1852
1442
1317
1380
1730
1827
1444
1324
1383
1777
1859
1444
1315
1378
1738
1826
1444
1318
1389
1815
1930
1451
1312
1377
1802
1904
1442
1318
1380
1933
2109
1448
1315
1383
1841
1984
1447
1315
1379
1975
2090
1447
1326
1383
1764
1896
1448
1324
1381
1734
1905
1450
1319
1385
1830
1937
1447
1318
1384
1768
1889
1447
1316
1385
1747
1843
1446
1313
1384
1940
2118
1442
1316
1394
1801
1946
1450
1318
1387
2046
2209
1446
1315
1384
1862
1940
1443
1317
1377
1987
2132
1445
1317
1378
2036
2158
1445
1318
1380
1778
1860
1447
1321
1385
1870
2038
1446
1317
1384
2024
2129
1449
1317
1384
1867
1998
1450
1320
1381
1881
2008
1448
1319
1384
1866
1988
1446
1315
1382
2075
2177
1447
1324
1381
1887
2072
1459
1325
1391
1951
2102
1447
1312
1376
1938
2044
1444
1322
1382
1882
1990
1453
1318
1392
1884
2117
1453
1317
1377
2057
2177
1441
1327
1388
1949
2131
1450
1320
1382
1903
2043
1448
1324
1383
1899
2028
1444
1314
1383
1869
1993
1440
1320
1392
2080
2253
1445
1319
1387
2063
2231
1446
1315
1383
1918
2041
1445
1315
1386
2057
2287
1442
1319
1388
1928
2153
1448
1316
1381
2029
2191
1443
1317
1375
1957
2162
1448
1328
1389
2000
2097
1455
1324
1392
1874
1996
1455
1320
1386
1910
2080
1449
1323
1388
1870
1975
1454
1319
1383
1841
2016
1459
1319
1379
1904
1994
1445
1325
1382
1950
2101
1450
1323
1384
1913
2076
1454
1319
1382
2164
2358
1448
1323
1384
1911
2062
1449
1321
1386
2021
2149
1455
1324
1386
1962
2186
1447
1322
1382
1923
2075
1445
1332
1383
2027
2192
1446
1326
1385
2149
2333
1448
1325
1386
2076
2350
1447
1327
1383
1861
2006
1453
1329
1391
1974
2145
1448
1321
1389
1893
2066
1446
1324
1390
1852
1979
1448
1324
1381
1969
2089
1448
1321
1383
1981
2147
1447
1320
1386
2133
2358
1449
1325
1383
2040
2315
1450
1318
1380
1997
2183
1446
1320
1382
1980
2148
1442
1315
1377
1918
2068
1444
1320
1389
1961
2143
1447
1329
1389
2084
2295
1444
1327
1384
2242
2439
1446
1319
1385
2183
2406
1452
1323
1386
2210
2451
1446
1314
1382
1990
2157
1454
1316
1383
1947
2124
1451
1322
1387
1964
2119
1442
1317
1386
1988
2168
1441
1315
1383
2223
2468
1444
1323
1389
2121
2316
1457
1317
1382
2012
2158
1447
1321
1387
2008
2173
1447
1321
1384
2150
2381
1453
1322
1383
2015
2176
1447
1321
1383
2047
2222
1447
1315
1382
2230
2439
1455
1323
1378
2100
2292
1450
1332
1387
2331
2506
1453
1324
1398
2082
2325
1451
1318
1381
1941
2132
1449
1322
1381
2015
2258
1442
1323
1385
2214
2417
1447
1318
1387
2128
2315
1453
1316
1381
2239
2493
1452
1322
1396
2115
2366
1447
1314
1379
2023
2197
1449
1324
1394
2122
2308
1450
1323
1388
2075
2237
1445
1328
1385
1887
2101
1451
1321
1395
1983
2222
1449
1321
1377
2149
2303
1447
1317
1387
2067
2275
1445
1316
1384
2211
2470
1449
1322
1383
2245
2444
1443
1326
1380
2270
2486
1446
1325
1390
2024
2210
1449
1324
1392
2316
2635
1450
1329
1387
1949
2141
1451
1321
1385
2013
2205
1453
1325
1386
2126
2338
1450
1322
1393
2063
2247
1448
1320
1391
2029
2330
1448
1321
1394
2111
2304
1455
1317
1382
2212
2445
1453
1327
1387
2212
2557
1452
1323
1394
2090
2339
1458
1317
1386
2296
2486
1443
1317
1382
2291
2568
1449
1316
1384
1934
2127
1460
1326
1386
2348
2579
1447
1320
1392
2266
2476
1445
1320
1384
2314
2545
1448
1320
1378
2105
2386
1451
1324
1384
2318
2585
1452
1321
1391
2237
2579
1446
1320
1383
2087
2348
1451
1323
1380
2007
2189
1447
1322
1388
2234
2543
1449
1320
1392
2280
2557
1451
1320
1385
2007
2271
1448
1321
1392
2146
2366
1451
1316
1387
2326
2569
1443
1314
1386
2448
2725
1446
1334
1386
2346
2588
1451
1325
1386
2181
2366
1450
1321
1387
2071
2301
1446
1325
1382
2041
2256
1457
1317
1380
2098
2293
1452
1321
1390
2085
2350
1450
1326
1394
2412
2700
1448
1317
1388
2398
2692
1451
1323
1387
2344
2575
1454
1325
1384
2186
2363
1445
1330
1387
2175
2543
1451
1316
1381
2409
2672
1455
1321
1390
2412
2690
1455
1317
1378
2128
2353
1439
1327
1386
2138
2410
1445
1325
1388
2168
2372
1463
1322
1386
2182
2466
1454
1322
1394
2448
2715
1456
1321
1383
2412
2749
1450
1324
1394
2429
2690
1465
1322
1384
2146
2421
1459
1324
1383
2091
2343
1463
1324
1391
2163
2407
1454
1321
1392
2184
2572
1450
1321
1394
2444
2657
1454
1321
1392
2426
2730
1453
1321
1394
2112
2394
1455
1324
1391
2535
2813
1449
1322
1392
2211
2486
1448
1330
1400
2162
2424
1456
1331
1388
2125
2393
1452
1324
1385
2301
2676
1452
1324
1383
2434
2759
1461
1322
1391
2267
2508
1451
1322
1397
2499
2815
1447
1321
1390
2420
2765
1451
1331
1390
2360
2665
1453
1331
1385
2151
2451
1460
1322
1387
2177
2417
1453
1319
1379
2421
2794
1452
1319
1387
2475
2818
1449
1330
1394
2214
2399
1453
1323
1384
2258
2463
1460
1319
1394
2054
2384
1448
1324
1382
2024
2322
1455
1321
1388
2496
2827
1451
1318
1384
2212
2403
1450
1332
1390
2152
2404
1459
1325
1396
2110
2378
1456
1324
1388
2235
2484
1456
1324
1389
2227
2503
1448
1327
1389
2451
2725
1453
1325
1391
2478
2821
1453
1327
1392
2536
2866
1459
1327
1396
2438
2738
1453
1331
1387
2185
2603
1454
1323
1387
2396
2719
1452
1324
1389
2165
2488
1453
1328
1394
2206
2458
1457
1333
1389
2245
2437
1455
1324
1386
2238
2566
1452
1320
1380
2178
2442
1452
1323
1394
2148
2552
1445
1326
1399
2011
2238
1451
1331
1399
2325
2559
1468
1321
1391
2473
2773
1461
1324
1397
2255
2579
1456
1330
1395
2259
2657
1454
1335
1386
2449
2759
1453
1319
1387
2453
2743
1449
1328
1394
2150
2474
1454
1332
1386
2140
2440
1455
1323
1381
2171
2427
1456
1323
1387
2099
2531
1447
1328
1394
2616
2940
1449
1326
1383
2448
2877
1457
1330
1387
1993
2185
1459
1324
1392
2160
2451
1458
1332
1390
2438
2857
1449
1332
1390
2390
2705
1456
1329
1395
2653
3062
1449
1329
1388
2420
2832
1456
1328
1386
2097
2346
1457
1321
1389
2151
2409
1457
1327
1390
2204
2430
1462
1329
1403
2557
2997
1456
1327
1391
2553
2888
1445
1321
1382
2570
2824
1443
1333
1403
2457
2858
1452
1325
1392
2468
2928
1454
1328
1393
2583
2963
1457
1322
1392
2482
2758
1447
1329
1397
2597
2869
1452
1332
1395
2009
2301
1449
1329
1392
2486
2693
1452
1333
1392
1934
2164
1452
1329
1391
2258
2525
1450
1329
1402
2165
2602
1456
1320
1391
2167
2610
1446
1325
1393
2506
2932
1449
1331
1394
2540
2968
1462
1323
1395
2245
2595
1459
1330
1393
2491
2933
1456
1326
1394
2598
2994
1450
1332
1390
2248
2532
1462
1328
1383
2599
2929
1468
1330
1392
2464
2888
1456
1325
1394
2560
2848
1453
1328
1398
2618
2994
1454
1333
1396
2556
2842
1448
1328
1387
2289
2575
1464
1327
1395
2259
2554
1470
1333
1390
2150
2665
1452
1328
1393
2547
2981
1455
1336
1395
2565
2915
1454
1320
1389
2563
2832
1459
1339
1391
2565
2997
1454
1339
1394
2496
2930
1453
1323
1390
2516
2806
1448
1322
1395
2193
2520
1457
1329
1386
2282
2570
1463
1333
1397
2181
3041
1452
1324
1398
2648
2928
1458
1319
1394
2213
2525
1458
1324
1389
2597
3073
1451
1326
1391
2109
2457
1462
1330
1386
2340
2662
1458
1325
1390
2164
2418
1451
1322
1393
2319
2651
1461
1324
1395
2289
2775
1460
1347
1404
2844
3261
1461
1330
1390
2592
2992
1465
1327
1394
2494
3008
1462
1328
1402
2166
2508
1458
1317
1389
2363
2537
1456
1328
1404
2424
2697
1463
1322
1391
2219
2501
1459
1324
1389
2231
2582
1448
1329
1395
2639
3063
1463
1334
1397
2389
2645
1455
1326
1387
2769
3175
1458
1337
1388
2728
3036
1463
1331
1395
2629
3035
1466
1334
1397
2827
3274
1458
1327
1391
2531
3071
1460
1333
1397
2637
3017
1458
1332
1390
2298
2616
1463
1337
1398
2504
2840
1470
1329
1396
2584
3010
1452
1323
1390
2184
2582
1474
1341
1403
2575
3145
1457
1327
1393
2629
3027
1456
1329
1395
2015
2277
1446
1327
1391
2225
2531
1460
1324
1392
2480
2958
1448
1321
1393
2581
3025
1459
1328
1391
2511
2976
1460
1338
1408
1990
2261
1456
1321
1395
3057
3561
1454
1329
1386
2486
2858
1459
1337
1403
2165
2449
1465
1332
1391
2417
2816
1466
1329
1399
2797
3214
1458
1328
1393
2573
2969
1450
1326
1401
2631
3007
1460
1324
1389
2459
2893
1455
1329
1398
2856
3214
1454
1324
1394
2126
2403
1464
1328
1396
2522
2781
1460
1329
1397
2613
3027
1459
1337
1389
2613
3063
1459
1336
1397
2647
3033
1459
1328
1389
2169
2551
1463
1335
1391
2525
2983
1465
1337
1401
2297
2741
1462
1326
1391
2571
3007
1463
1332
1390
2900
3214
1453
1329
1397
2397
2771
1470
1339
1397
2555
3011
1460
1320
1385
2767
3159
1451
1332
1390
2534
2876
1461
1328
1395
1457
1587
2467
1522
1380
1446
2624
3056
1517
1333
1392
2498
2936
1468
1343
1401
2551
3081
1468
1323
1388
2539
3020
1459
1333
1394
2611
3054
1461
1332
1411
2669
3073
1464
1345
1407
2747
3107
1469
1331
1393
2269
2532
1467
1329
1397
2519
2950
1470
1343
1406
3378
3624
1464
1322
1397
2493
2839
1464
1330
1391
2407
2881
1453
1326
1392
2566
2820
1462
1334
1390
2210
2517
1456
1339
1401
2282
3119
1461
1329
1398
2582
3048
1460
1324
1395
2365
2669
1460
1334
1395
2577
2935
1468
1338
1396
2658
3026
1459
1326
1399
2073
2343
1464
1330
1400
2058
2256
1467
1331
1405
2591
2999
1453
1324
1392
2795
3181
1452
1329
1392
2678
3412
1458
1329
1391
2257
2519
1454
1325
1392
2430
2812
1457
1327
1391
2587
3011
1455
1324
1390
2156
2450
1454
1326
1395
2519
3101
1455
1323
1384
2208
2550
1454
1330
1393
2552
3015
1468
1335
1400
2568
2809
1463
1333
1403
2657
3309
1460
1346
1405
3101
3375
1476
1335
1399
2368
2657
1463
1327
1389
2283
2609
1455
1326
1395
2195
2523
1460
1328
1393
2208
2535
1458
1332
1396
2516
2950
1469
1327
1394
2720
3050
1457
1330
1392
2668
3076
1467
1325
1404
2580
3126
1458
1334
1396
2652
3084
1472
1331
1389
2623
3091
1468
1337
1406
2560
2925
1460
1338
1390
2670
3282
1460
1331
1389
2287
2659
1463
1331
1385
2751
3315
1456
1345
1403
2615
3037
1476
1357
1424
2552
3114
1479
1325
1388
2550
3225
1451
1335
1399
2617
2873
1465
1334
1396
2214
2402
1465
1321
1385
2691
3247
1453
1337
1391
2397
2715
1451
1322
1385
2567
2987
1455
1330
1399
2639
2916
1468
1328
1390
2230
2586
1472
1327
1395
2655
3065
1459
1321
1385
2717
3019
1466
1319
1385
2753
2990
1465
1339
1393
2319
2869
1464
1328
1397
2133
2433
1460
1329
1388
2596
2942
1459
1325
1401
2855
3259
1453
1344
1398
2614
3129
1470
1339
1398
2352
2590
1462
1327
1387
2209
2543
1453
1325
1401
2655
3089
1453
1339
1397
2487
3125
1467
1325
1387
2609
3109
1459
1329
1405
2705
3143
1457
1333
1391
2839
3397
1467
1324
1389
3087
3597
1456
1326
1391
2560
3037
1460
1331
1395
2373
2587
1460
1336
1402
2526
3234
1469
1333
1400
2604
2841
1464
1333
1398
2590
2890
1462
1334
1393
2269
2831
1468
1330
1393
2753
3571
1463
1332
1396
2509
3054
1469
1332
1391
2131
2387
1458
1335
1391
2469
3455
1465
1326
1396
2442
2783
1470
1327
1386
2320
2550
1454
1342
1401
2791
3155
1451
1334
1395
2528
3147
1467
1333
1388
2344
2684
1456
1338
1396
2148
2422
1467
1330
1390
2616
3292
1458
1330
1410
1994
2436
1470
1332
1394
2640
3288
1468
1333
1391
2359
2875
1468
1355
1392
2662
2930
1462
1320
1386
2660
3182
1454
1337
1400
2440
2892
1466
1331
1392
2506
2702
1470
1333
1393
2131
2569
1458
1336
1390
2176
2516
1463
1334
1394
2240
2874
1472
1344
1395
2357
2735
1462
1327
1406
3134
3476
1463
1334
1400
2660
3159
1458
1333
1385
2581
3045
1449
1339
1391
2639
3337
1458
1336
1390
3130
3411
1465
1324
1406
2714
2994
1462
1333
1391
2171
2394
1457
1333
1397
2581
3054
1462
1329
1388
2554
3016
1459
1344
1397
2641
3142
1457
1339
1390
1462
2603
3134
1519
1327
1395
2647
3031
1464
1324
1398
2466
2929
1457
1327
1400
2700
3066
1473
1328
1425
2798
3267
1498
1323
1387
2311
2737
1455
1343
1409
3331
1473
1713
1525
1380
1459
2651
3047
1535
1329
1418
2848
3302
1491
1339
1391
2568
3075
1461
1340
1403
3207
1478
1542
1547
1390
1455
3007
3317
1518
1343
1402
2291
2632
1466
1330
1393
2727
3273
1462
1346
1397
2071
2322
1466
1334
1403
2487
2848
1467
1337
1398
2470
2800
1465
1328
1400
2703
3510
1472
1330
1390
2868
3258
1458
1336
1393
2885
3587
1458
1333
1389
2153
2501
1464
1336
1393
2637
3087
1458
1330
1404
2620
3170
1457
1332
1412
2576
3108
1460
1344
1421
3531
1475
1566
1530
1400
1455
2483
2813
1523
1324
1391
2795
3303
1466
1341
1395
2529
2842
1461
1331
1409
1457
2290
2600
1546
1462
1415
1478
2520
3090
1547
1350
1392
1456
2562
2922
1520
1339
1411
2825
3295
1466
1339
1398
2968
3234
1463
1347
1412
2940
3378
1471
1336
1419
2697
3539
1468
1357
1419
3087
3505
1485
1327
1383
2239
2573
1460
1338
1415
2609
3263
1465
1340
1407
1467
1955
2723
1543
1392
1479
2375
2839
1547
1310
1384
3174
3450
1457
1347
1402
2561
2849
1469
1340
1415
2669
3285
1474
1347
1401
2893
3257
1471
1337
1409
3297
1472
1682
1530
1385
1445
2253
2497
1518
1341
1402
3060
3411
1465
1338
1410
2402
2744
1478
1336
1395
2165
2575
1464
1344
1399
3033
3579
1465
1338
1417
2385
2953
1481
1340
1415
1487
1753
2119
1539
1398
1463
2597
2829
1541
1340
1426
2765
3416
1497
1353
1401
2597
2823
1468
1343
1423
2375
2629
1480
1342
1426
3362
1481
1849
1557
1442
1498
2678
3268
1591
1329
1423
3629
1486
1792
1559
1397
1466
2642
3112
1539
1350
1435
2193
2565
1504
1332
1397
2893
3313
1473
1339
1435
2861
3375
1492
1358
1404
2202
2532
1502
1381
1460
2238
2508
1532
1379
1388
1448
1532
1535
1922
1598
1411
1456
1528
3450
1595
1895
1638
1381
1451
1528
1648
2228
1589
1396
1451
1537
1542
1832
1583
1422
1481
2885
3395
1555
1331
1388
3580
1452
1660
1518
1402
1461
3049
3569
1530
1362
1408
1458
2250
2884
1536
1412
1400
1469
2571
2808
1527
1339
1403
2069
2293
1463
1337
1403
3143
1470
1504
1530
1404
1464
2914
3248
1522
1345
1403
2325
3375
1481
1351
1439
3425
1507
2129
1582
1392
1481
2501
1558
1562
1612
1399
1475
2247
2939
1526
1355
1432
2252
2635
1505
1340
1411
2593
3163
1476
1343
1435
2307
2698
1471
1380
1446
3138
3349
1506
1388
1407
3139
1498
1506
1593
1426
1511
1585
1941
2233
1637
1387
1447
3595
1507
1765
1567
1401
1459
2871
3447
1520
1321
1403
2649
3239
1457
1342
1409
3069
3517
1465
1349
1396
3430
1473
1791
1534
1405
1455
2741
3391
1523
1324
1402
3230
3588
1461
1340
1397
2589
3301
1469
1346
1410
2192
2854
1456
1356
1407
2323
2893
1499
1368
1438
3108
1506
1732
1566
1388
1450
3150
1522
1748
1583
1424
1500
2820
3468
1560
1366
1400
1478
2616
2974
1534
1343
1426
1475
2743
3134
1553
1367
1431
1491
1761
2333
1564
1393
1483
1537
1540
1797
1610
1388
1444
2860
3180
1527
1367
1447
2921
1505
1638
1593
1396
1479
3079
1555
1739
1596
1411
1469
2885
1545
1558
1610
1396
1495
2679
3443
1539
1376
1423
1489
1666
2044
1558
1396
1460
3192
1524
1614
1602
1389
1480
3536
1550
1802
1618
1397
1445
2695
3075
1516
1335
1418
1476
1950
2392
1539
1399
1467
1540
1698
2226
1567
1415
1497
3203
3583
1553
1379
1401
1499
1699
2927
1558
1429
1487
3459
1566
1798
1626
1421
1510
3648
1571
1877
1647
1371
1447
1518
2632
3188
1565
1358
1425
3171
1496
1500
1557
1426
1487
1565
1569
1962
1629
1415
1505
1578
1582
1933
1624
1398
1440
1513
3363
1564
1635
1645
1434
1481
1549
1590
1985
1614
1394
1456
3580
1528
2102
1590
1442
1500
2802
1569
1670
1627
1414
1507
3555
1573
2365
1657
1434
1559
2609
3435
1584
1360
1427
1494
1589
2492
1556
1405
1506
1570
2322
2771
1644
1444
1508
2702
3304
1567
1359
1442
1508
3572
1575
2355
1626
1446
1517
1580
2152
2926
1660
1478
1517
2721
3469
1601
1364
1435
2813
1492
1551
1549
1392
1485
2681
3155
1524
1371
1439
1503
2041
2873
1582
1413
1524
1554
2188
2692
1660
1436
1518
2789
1576
1623
1641
1370
1481
3129
1512
1572
1617
1435
1531
1601
1941
2419
1657
1425
1518
1596
2706
1661
1667
1717
1493
1569
1603
1755
2250
1705
1441
1539
1599
1668
2509
1691
1408
1467
2795
3443
1526
1370
1407
1507
1730
2640
1570
1468
1523
2687
3375
1591
1388
1410
1456
3096
1549
1699
1601
1421
1518
1580
1687
2373
1643
1379
1456
1517
2213
2947
1579
1426
1492
2882
1556
1564
1605
1407
1465
1537
1809
2549
1583
1395
1534
1538
1544
2476
1716
1628
1565
1644
1724
2708
3686
1797
1512
1582
1630
2328
3446
1697
194
1296
1333
1342
1397
1206
1278
1338
1414
1492
1563
2031
2124
1629
1334
1349
1424
2505
2658
1489
1293
1361
2020
2228
1427
1297
1371
2181
2389
1434
1303
1363
2353
2574
1435
1313
1370
2399
2734
1454
1312
1379
2491
2714
1433
1309
1384
2296
2726
1443
1308
1379
2091
2305
1439
1314
1381
2505
3139
1434
1320
1385
2785
3141
1468
1318
1412
2792
3474
1473
1312
1370
2708
3382
1439
1334
1392
2424
2724
1476
1323
1413
2835
3455
1483
1324
1357
1811
1968
315
1285
1400
1343
1473
315
340
408
434
1250
1795
1804
1527
1527
1503
1499
1532
1557
1810
1909
1577
1569
1545
1536
1601
899
900
