0.01
0.02
0.01
0.00
0.31
0.45
0.45
0.40
0.41
0.50
0.45
0.24
0.32
0.41
0.37
0.37
0.36
0.49
0.55
0.16
0.13
0.19
0.20
0.99
0.97
0.71
1.10
0.34
0.26
0.25
0.31
0.33
0.37
0.41
0.43
0.45
0.51
0.52
0.53
0.55
0.02
0.00
0.57
0.64
0.67
0.68
0.67
0.57
0.73
0.74
0.67
0.67
0.69
0.65
0.66
0.68
0.68
0.52
0.51
0.04
0.00
0.51
0.48
0.64
0.88
0.84
0.71
0.75
0.67
0.60
0.69
0.56
0.54
0.02
0.52
0.00
0.49
0.49
0.85
0.87
0.78
0.58
0.56
0.01
0.00
0.65
0.65
0.86
0.86
0.20
0.07
0.01
0.00
2.85
1.14
0.36
0.04
0.00
0.46
0.53
0.61
0.69
0.75
0.70
0.09
0.00
0.69
0.83
0.79
0.73
0.02
0.00
0.78
0.91
0.73
0.02
0.00
0.75
0.82
0.71
0.02
0.00
0.70
0.88
0.74
0.04
0.77
0.00
0.72
0.91
0.74
0.03
0.00
0.62
0.82
0.71
0.80
0.02
0.75
0.00
0.62
0.75
0.82
0.81
0.74
0.70
0.02
0.00
0.72
0.79
0.82
0.77
0.02
0.00
0.75
0.86
0.77
0.74
0.04
0.00
0.75
0.85
0.82
0.03
0.76
0.00
0.64
0.84
0.74
0.03
0.00
0.76
0.80
0.75
0.76
0.75
0.02
0.00
0.62
0.88
0.21
0.08
0.01
0.00
0.19
0.08
0.01
0.00
2.80
1.11
0.36
0.02
0.00
0.50
0.57
0.65
0.68
0.01
0.00
0.69
0.80
0.76
0.71
0.02
0.00
0.70
0.80
0.70
0.02
0.00
0.71
0.79
0.70
0.01
0.00
0.70
0.82
0.69
0.01
0.00
0.69
0.80
0.70
0.02
0.00
0.70
0.79
0.69
0.01
0.00
0.69
0.80
0.71
0.01
0.00
0.70
0.78
0.70
0.01
0.00
0.70
0.80
0.71
0.02
0.00
0.70
0.79
0.69
0.02
0.00
0.70
0.78
0.70
0.01
0.00
0.70
0.78
0.70
0.01
0.00
0.69
0.78
0.69
0.02
0.00
0.70
0.79
0.69
0.02
0.00
0.69
0.79
0.69
0.02
0.00
0.70
0.78
0.71
0.01
0.00
0.70
0.79
0.55
0.02
0.00
0.60
0.80
0.73
0.02
0.00
0.71
0.78
0.69
0.02
0.01
0.71
0.84
0.74
0.01
0.00
0.72
0.79
0.72
0.02
0.00
0.70
0.79
0.72
0.02
0.00
0.70
0.78
0.73
0.01
0.00
0.70
0.80
0.70
0.02
0.00
0.72
0.79
0.71
0.02
0.00
0.70
0.80
0.71
0.01
0.00
0.71
0.77
0.72
0.02
0.00
0.69
0.79
0.69
0.02
0.00
0.71
0.77
0.71
0.02
0.00
0.71
0.83
0.71
0.01
0.00
0.73
0.78
0.69
0.02
0.00
0.71
0.80
0.69
0.01
0.00
0.70
0.79
0.70
0.02
0.00
0.70
0.77
0.69
0.02
0.00
0.72
0.79
0.69
0.01
0.00
0.70
0.79
0.71
0.02
0.00
0.70
0.80
0.69
0.02
0.00
0.70
0.79
0.72
0.03
0.00
0.69
0.79
0.71
0.02
0.00
0.71
0.79
0.70
0.02
0.00
0.70
0.82
0.70
0.01
0.00
0.70
0.79
0.70
0.02
0.00
0.69
0.80
0.70
0.02
0.00
0.71
0.78
0.75
0.02
0.00
0.70
0.81
0.70
0.02
0.00
0.71
0.80
0.70
0.02
0.00
0.69
0.79
0.72
0.02
0.00
0.72
0.78
0.70
0.02
0.00
0.70
0.78
0.73
0.02
0.00
0.71
0.79
0.72
0.02
0.00
0.69
0.78
0.70
0.02
0.00
0.70
0.80
0.70
0.01
0.00
0.70
0.78
0.69
0.02
0.00
0.69
0.81
0.70
0.02
0.00
0.71
0.80
0.70
0.02
0.00
0.70
0.79
0.70
0.03
0.00
0.70
0.79
0.73
0.02
0.00
0.70
0.80
0.72
0.02
0.00
0.70
0.81
0.70
0.02
0.00
0.70
0.78
0.70
0.02
0.00
0.69
0.78
0.69
0.02
0.00
0.70
0.78
0.69
0.02
0.00
0.70
0.79
0.74
0.03
0.00
0.70
0.79
0.68
0.02
0.00
0.72
0.78
0.70
0.02
0.00
0.72
0.80
0.71
0.03
0.00
0.70
0.82
0.69
0.02
0.00
0.69
0.80
0.72
0.02
0.00
0.70
0.78
0.69
0.02
0.00
0.72
0.79
0.72
0.03
0.00
0.71
0.80
0.69
0.03
0.00
0.70
0.79
0.71
0.02
0.00
0.70
0.82
0.70
0.03
0.00
0.70
0.81
0.69
0.03
0.00
0.73
0.78
0.70
0.02
0.00
0.68
0.79
0.70
0.02
0.00
0.71
0.81
0.73
0.03
0.00
0.71
0.79
0.70
0.02
0.00
0.69
0.78
0.69
0.02
0.00
0.73
0.78
0.70
0.03
0.00
0.71
0.78
0.70
0.03
0.00
0.68
0.78
0.71
0.03
0.00
0.69
0.79
0.71
0.03
0.00
0.72
0.79
0.72
0.03
0.00
0.70
0.79
0.70
0.04
0.00
0.70
0.80
0.71
0.02
0.00
0.75
0.82
0.71
0.02
0.00
0.71
0.79
0.71
0.02
0.00
0.71
0.81
0.73
0.02
0.00
0.69
0.79
0.72
0.02
0.00
0.73
0.82
0.69
0.03
0.00
0.71
0.79
0.70
0.02
0.00
0.71
0.78
0.71
0.03
0.00
0.72
0.79
0.70
0.03
0.01
0.70
0.82
0.70
0.02
0.00
0.71
0.77
0.70
0.02
0.00
0.72
0.81
0.70
0.03
0.00
0.69
0.79
0.70
0.02
0.00
0.74
0.80
0.72
0.03
0.00
0.69
0.81
0.73
0.02
0.00
0.71
0.82
0.69
0.03
0.00
0.71
0.81
0.71
0.02
0.00
0.71
0.81
0.71
0.03
0.00
0.70
0.80
0.71
0.03
0.00
0.71
0.77
0.71
0.02
0.00
0.72
0.79
0.69
0.03
0.00
0.71
0.81
0.69
0.03
0.00
0.72
0.81
0.73
0.02
0.00
0.74
0.81
0.70
0.03
0.00
0.72
0.80
0.73
0.03
0.00
0.69
0.81
0.73
0.03
0.00
0.70
0.81
0.71
0.03
0.00
0.71
0.81
0.72
0.04
0.00
0.69
0.79
0.70
0.03
0.00
0.71
0.83
0.70
0.02
0.00
0.73
0.78
0.69
0.03
0.00
0.69
0.80
0.69
0.03
0.00
0.69
0.79
0.71
0.03
0.00
0.72
0.81
0.72
0.02
0.00
0.72
0.81
0.69
0.03
0.01
0.71
0.79
0.71
0.03
0.00
0.69
0.79
0.68
0.02
0.00
0.77
0.77
0.70
0.02
0.00
0.71
0.81
0.69
0.04
0.00
0.69
0.79
0.71
0.03
0.00
0.71
0.81
0.68
0.02
0.00
0.71
0.81
0.72
0.03
0.00
0.69
0.80
0.74
0.02
0.00
0.71
0.80
0.68
0.03
0.00
0.70
0.79
0.70
0.02
0.00
0.70
0.82
0.72
0.03
0.00
0.70
0.80
0.70
0.04
0.00
0.72
0.79
0.70
0.03
0.00
0.70
0.82
0.68
0.03
0.00
0.72
0.81
0.71
0.03
0.00
0.72
0.78
0.71
0.03
0.00
0.70
0.82
0.71
0.03
0.00
0.72
0.78
0.71
0.02
0.00
0.70
0.83
0.70
0.02
0.00
0.72
0.79
0.71
0.03
0.00
0.71
0.81
0.71
0.03
0.00
0.69
0.81
0.69
0.02
0.00
0.71
0.78
0.71
0.03
0.00
0.74
0.78
0.70
0.03
0.00
0.70
0.82
0.71
0.03
0.00
0.69
0.79
0.71
0.03
0.00
0.71
0.81
0.68
0.03
0.00
0.72
0.80
0.70
0.02
0.00
0.70
0.80
0.71
0.02
0.00
0.71
0.78
0.71
0.03
0.00
0.69
0.79
0.72
0.02
0.00
0.70
0.84
0.73
0.03
0.00
0.71
0.79
0.70
0.03
0.00
0.69
0.84
0.71
0.03
0.00
0.68
0.82
0.72
0.03
0.00
0.70
0.80
0.70
0.03
0.00
0.71
0.81
0.68
0.03
0.00
0.69
0.80
0.72
0.03
0.00
0.69
0.81
0.69
0.03
0.00
0.71
0.80
0.71
0.03
0.00
0.71
0.80
0.70
0.02
0.00
0.71
0.77
0.71
0.03
0.00
0.73
0.78
0.71
0.03
0.00
0.68
0.79
0.70
0.03
0.00
0.70
0.80
0.72
0.04
0.00
0.71
0.79
0.73
0.03
0.00
0.70
0.82
0.71
0.03
0.00
0.70
0.79
0.73
0.03
0.00
0.70
0.80
0.68
0.03
0.01
0.70
0.79
0.70
0.03
0.00
0.70
0.83
0.71
0.03
0.00
0.72
0.81
0.71
0.03
0.00
0.72
0.81
0.70
0.03
0.00
0.70
0.79
0.69
0.03
0.00
0.69
0.81
0.70
0.03
0.00
0.69
0.81
0.70
0.02
0.00
0.68
0.79
0.72
0.03
0.00
0.72
0.85
0.70
0.04
0.00
0.71
0.81
0.71
0.03
0.00
0.70
0.83
0.69
0.03
0.00
0.68
0.82
0.74
0.03
0.00
0.69
0.78
0.69
0.03
0.00
0.72
0.79
0.68
0.03
0.00
0.70
0.83
0.70
0.02
0.00
0.71
0.79
0.70
0.02
0.00
0.70
0.80
0.72
0.03
0.00
0.72
0.80
0.70
0.02
0.00
0.72
0.85
0.69
0.03
0.00
0.72
0.80
0.71
0.03
0.00
0.70
0.78
0.68
0.04
0.00
0.71
0.85
0.70
0.02
0.00
0.70
0.78
0.72
0.03
0.00
0.70
0.79
0.69
0.03
0.00
0.69
0.84
0.72
0.03
0.00
0.70
0.78
0.72
0.03
0.00
0.68
0.80
0.70
0.03
0.00
0.70
0.81
0.67
0.03
0.00
0.74
0.78
0.71
0.02
0.00
0.71
0.83
0.72
0.03
0.00
0.69
0.81
0.73
0.02
0.00
0.70
0.81
0.69
0.02
0.00
0.72
0.82
0.73
0.03
0.00
0.68
0.82
0.70
0.03
0.00
0.70
0.80
0.73
0.03
0.00
0.72
0.80
0.70
0.04
0.00
0.70
0.82
0.69
0.03
0.00
0.72
0.82
0.69
0.04
0.00
0.70
0.79
0.73
0.03
0.00
0.71
0.84
0.71
0.04
0.00
0.70
0.82
0.71
0.05
0.00
0.71
0.82
0.72
0.03
0.00
0.72
0.78
0.72
0.03
0.00
0.70
0.82
0.75
0.03
0.00
0.72
0.82
0.73
0.03
0.00
0.73
0.79
0.69
0.02
0.00
0.70
0.81
0.70
0.04
0.00
0.72
0.80
0.75
0.04
0.00
0.69
0.80
0.73
0.03
0.00
0.69
0.79
0.69
0.03
0.00
0.68
0.80
0.70
0.02
0.00
0.68
0.79
0.71
0.03
0.00
0.71
0.81
0.69
0.03
0.00
0.71
0.81
0.69
0.04
0.00
0.70
0.79
0.71
0.03
0.00
0.70
0.79
0.74
0.03
0.00
0.72
0.81
0.70
0.02
0.00
0.74
0.83
0.71
0.03
0.00
0.71
0.80
0.72
0.03
0.00
0.71
0.80
0.70
0.04
0.00
0.69
0.80
0.73
0.03
0.00
0.71
0.82
0.69
0.03
0.00
0.72
0.82
0.71
0.03
0.00
0.70
0.80
0.70
0.02
0.00
0.71
0.79
0.69
0.03
0.00
0.70
0.85
0.70
0.03
0.00
0.70
0.82
0.70
0.03
0.00
0.69
0.83
0.69
0.03
0.00
0.70
0.80
0.71
0.04
0.00
0.71
0.80
0.69
0.04
0.00
0.69
0.79
0.71
0.03
0.00
0.73
0.84
0.76
0.02
0.00
0.70
0.80
0.69
0.03
0.00
0.69
0.76
0.71
0.02
0.00
0.71
0.81
0.69
0.04
0.00
0.70
0.79
0.70
0.03
0.00
0.68
0.79
0.68
0.04
0.00
0.73
0.80
0.77
0.03
0.00
0.70
0.79
0.73
0.03
0.00
0.71
0.78
0.71
0.02
0.00
0.70
0.81
0.68
0.03
0.00
0.73
0.83
0.73
0.02
0.00
0.72
0.83
0.71
0.04
0.00
0.69
0.82
0.71
0.02
0.00
0.72
0.81
0.71
0.05
0.00
0.71
0.80
0.72
0.04
0.00
0.71
0.79
0.70
0.04
0.00
0.72
0.84
0.70
0.02
0.00
0.73
0.79
0.73
0.03
0.00
0.70
0.81
0.72
0.04
0.00
0.71
0.83
0.71
0.03
0.00
0.69
0.84
0.73
0.02
0.00
0.72
0.79
0.69
0.02
0.00
0.72
0.82
0.71
0.03
0.00
0.72
0.80
0.72
0.04
0.00
0.72
0.79
0.74
0.04
0.00
0.69
0.80
0.72
0.04
0.00
0.70
0.83
0.70
0.03
0.00
0.72
0.79
0.71
0.04
0.00
0.71
0.82
0.70
0.03
0.00
0.69
0.83
0.73
0.03
0.00
0.71
0.85
0.73
0.02
0.00
0.70
0.83
0.71
0.03
0.00
0.72
0.83
0.68
0.03
0.00
0.72
0.82
0.72
0.04
0.00
0.72
0.79
0.70
0.03
0.00
0.71
0.84
0.70
0.02
0.00
0.71
0.81
0.71
0.04
0.00
0.70
0.82
0.76
0.03
0.00
0.69
0.81
0.70
0.03
0.00
0.69
0.83
0.73
0.02
0.00
0.75
0.82
0.72
0.04
0.00
0.69
0.84
0.70
0.02
0.00
0.73
0.78
0.71
0.01
0.00
0.73
0.78
0.75
0.03
0.00
0.71
0.80
0.73
0.03
0.00
0.70
0.81
0.72
0.03
0.00
0.70
0.80
0.73
0.03
0.00
0.71
0.80
0.74
0.02
0.00
0.72
0.81
0.73
0.01
0.00
0.69
0.80
0.70
0.04
0.00
0.73
0.80
0.70
0.03
0.00
0.81
0.88
0.73
0.03
0.00
0.72
0.80
0.69
0.03
0.00
0.69
0.80
0.73
0.03
0.00
0.70
0.81
0.73
0.03
0.00
0.72
0.80
0.71
0.03
0.00
0.77
0.84
0.69
0.03
0.00
0.73
0.80
0.70
0.02
0.00
0.72
0.83
0.73
0.02
0.00
0.70
0.82
0.71
0.03
0.00
0.70
0.85
0.72
0.04
0.00
0.71
0.80
0.73
0.03
0.00
0.70
0.81
0.73
0.03
0.00
0.69
0.79
0.71
0.02
0.00
0.71
0.83
0.72
0.04
0.00
0.72
0.79
0.70
0.04
0.00
0.72
0.83
0.72
0.04
0.00
0.71
0.82
0.74
0.04
0.00
0.73
0.78
0.71
0.02
0.00
0.71
0.83
0.75
0.04
0.00
0.70
0.79
0.71
0.03
0.00
0.73
0.80
0.72
0.02
0.00
0.71
0.81
0.70
0.03
0.00
0.73
0.84
0.72
0.02
0.01
0.72
0.80
0.72
0.03
0.00
0.72
0.84
0.72
0.04
0.00
0.68
0.81
0.70
0.03
0.01
0.72
0.82
0.69
0.01
0.00
0.72
0.79
0.71
0.02
0.00
0.70
0.81
0.70
0.03
0.00
0.71
0.85
0.74
0.05
0.00
0.70
0.80
0.75
0.03
0.00
0.71
0.82
0.70
0.03
0.00
0.77
0.81
0.73
0.02
0.00
0.72
0.83
0.68
0.04
0.00
0.72
0.82
0.74
0.03
0.00
0.73
0.80
0.74
0.03
0.00
0.72
0.79
0.74
0.03
0.00
0.71
0.80
0.70
0.04
0.00
0.70
0.79
0.74
0.02
0.00
0.68
0.84
0.72
0.02
0.00
0.73
0.80
0.73
0.04
0.00
0.70
0.81
0.74
0.03
0.00
0.72
0.80
0.70
0.03
0.00
0.71
0.82
0.71
0.02
0.00
0.72
0.84
0.74
0.04
0.00
0.71
0.81
0.71
0.03
0.00
0.70
0.84
0.70
0.04
0.00
0.72
0.85
0.70
0.03
0.00
0.71
0.82
0.73
0.02
0.00
0.70
0.79
0.73
0.04
0.00
0.72
0.79
0.71
0.03
0.00
0.71
0.83
0.73
0.03
0.00
0.72
0.83
0.69
0.03
0.00
0.73
0.82
0.71
0.03
0.00
0.71
0.80
0.73
0.03
0.00
0.72
0.84
0.73
0.03
0.00
0.70
0.80
0.71
0.03
0.00
0.70
0.80
0.72
0.05
0.00
0.77
0.80
0.73
0.03
0.00
0.72
0.80
0.69
0.03
0.00
0.72
0.80
0.70
0.03
0.00
0.71
0.82
0.71
0.03
0.00
0.70
0.80
0.71
0.03
0.00
0.75
0.84
0.72
0.03
0.00
0.73
0.81
0.75
0.04
0.00
0.69
0.79
0.72
0.04
0.00
0.70
0.82
0.71
0.03
0.00
0.72
0.80
0.72
0.04
0.00
0.73
0.83
0.73
0.02
0.00
0.69
0.79
0.70
0.03
0.00
0.71
0.81
0.73
0.05
0.00
0.72
0.84
0.73
0.03
0.00
0.70
0.82
0.78
0.04
0.00
0.70
0.83
0.74
0.03
0.00
0.71
0.79
0.72
0.03
0.00
0.70
0.84
0.75
0.04
0.00
0.72
0.83
0.68
0.03
0.00
0.72
0.82
0.71
0.04
0.00
0.71
0.83
0.71
0.04
0.00
0.71
0.79
0.70
0.04
0.00
0.73
0.81
0.74
0.04
0.00
0.70
0.84
0.69
0.04
0.00
0.73
0.81
0.74
0.02
0.00
0.81
0.81
0.64
0.03
0.00
0.75
0.91
0.72
0.04
0.00
0.73
0.80
0.69
0.04
0.00
0.70
0.77
0.73
0.02
0.00
0.74
0.79
0.70
0.02
0.00
0.73
0.80
0.71
0.03
0.00
0.70
0.84
0.72
0.03
0.00
0.71
0.81
0.71
0.03
0.00
0.75
0.78
0.70
0.03
0.00
0.74
0.81
0.72
0.04
0.00
0.75
0.83
0.70
0.02
0.00
0.69
0.80
0.70
0.04
0.00
0.74
0.79
0.72
0.03
0.00
0.73
0.82
0.73
0.04
0.00
0.71
0.84
0.75
0.02
0.00
0.71
0.81
0.74
0.02
0.00
0.74
0.78
0.74
0.04
0.00
0.71
0.81
0.71
0.04
0.00
0.71
0.80
0.71
0.04
0.00
0.71
0.78
0.71
0.02
0.00
0.70
0.83
0.70
0.04
0.00
0.73
0.79
0.72
0.03
0.00
0.69
0.82
0.78
0.03
0.01
0.74
0.79
0.69
0.04
0.00
0.70
0.81
0.72
0.03
0.00
0.73
0.80
0.70
0.03
0.00
0.71
0.83
0.73
0.03
0.00
0.70
0.82
0.68
0.02
0.00
0.72
0.79
0.71
0.04
0.00
0.72
0.79
0.72
0.03
0.00
0.72
0.80
0.74
0.04
0.00
0.71
0.78
0.71
0.03
0.00
0.74
0.81
0.75
0.03
0.00
0.72
0.84
0.71
0.04
0.00
0.75
0.80
0.70
0.03
0.00
0.69
0.84
0.72
0.04
0.00
0.71
0.80
0.69
0.03
0.00
0.71
0.81
0.70
0.04
0.00
0.69
0.80
0.70
0.02
0.00
0.70
0.84
0.71
0.04
0.00
0.70
0.84
0.71
0.02
0.00
0.75
0.81
0.70
0.03
0.00
0.73
0.83
0.69
0.02
0.00
0.75
0.81
0.70
0.03
0.00
0.72
0.78
0.73
0.03
0.00
0.72
0.82
0.77
0.02
0.73
0.00
0.73
0.81
0.69
0.02
0.00
0.71
0.85
0.68
0.02
0.00
0.74
0.79
0.71
0.03
0.00
0.74
0.83
0.73
0.03
0.00
0.75
0.80
0.71
0.03
0.00
0.71
0.81
0.72
0.04
0.00
0.71
0.81
0.68
0.03
0.00
0.71
0.78
0.71
0.02
0.00
0.74
0.83
0.70
0.03
0.00
0.75
0.83
0.75
0.03
0.00
0.70
0.83
0.70
0.03
0.00
0.72
0.81
0.73
0.03
0.00
0.72
0.82
0.69
0.03
0.00
0.73
0.85
0.70
0.03
0.00
0.72
0.82
0.71
0.03
0.00
0.73
0.82
0.74
0.03
0.00
0.74
0.82
0.69
0.04
0.01
0.75
0.83
0.76
0.03
0.00
0.71
0.83
0.72
0.03
0.00
0.73
0.81
0.72
0.03
0.00
0.72
0.83
0.68
0.02
0.00
0.73
0.83
0.70
0.03
0.00
0.70
0.80
0.72
0.04
0.00
0.73
0.82
0.69
0.03
0.00
0.72
0.84
0.69
0.02
0.00
0.71
0.81
0.75
0.03
0.00
0.78
0.81
0.57
0.03
0.00
0.74
0.88
0.71
0.03
0.00
0.70
0.79
0.72
0.03
0.00
0.76
0.86
0.71
0.02
0.00
0.75
0.76
0.72
0.03
0.00
0.75
0.81
0.71
0.04
0.00
0.71
0.83
0.69
0.03
0.00
0.70
0.79
0.75
0.03
0.00
0.77
0.81
0.59
0.04
0.00
0.73
0.88
0.73
0.04
0.00
0.72
0.79
0.70
0.04
0.00
0.73
0.79
0.71
0.02
0.00
0.70
0.83
0.75
0.02
0.00
0.71
0.89
0.70
0.03
0.00
0.69
0.83
0.71
0.03
0.00
0.70
0.82
0.72
0.03
0.00
0.74
0.79
0.72
0.04
0.76
0.00
0.74
0.81
0.75
0.04
0.00
0.70
0.90
0.72
0.04
0.00
0.76
0.82
0.71
0.72
0.04
0.00
0.71
0.85
0.73
0.02
0.00
0.75
0.79
0.73
0.03
0.00
0.72
0.80
0.72
0.03
0.00
0.78
0.82
0.62
0.04
0.00
0.74
0.82
0.78
0.75
0.03
0.00
0.78
0.76
0.57
0.04
0.00
0.69
0.83
0.80
0.73
0.03
0.00
0.73
0.80
0.73
0.04
0.00
0.72
0.81
0.74
0.04
0.00
0.71
0.79
0.73
0.03
0.00
0.69
0.85
0.71
0.02
0.00
0.74
0.79
0.73
0.02
0.00
0.73
0.86
0.72
0.03
0.00
0.71
0.81
0.71
0.04
0.00
0.70
0.86
0.70
0.03
0.00
0.76
0.79
0.73
0.03
0.00
0.73
0.80
0.72
0.02
0.00
0.72
0.78
0.75
0.04
0.00
0.74
0.83
0.69
0.02
0.00
0.74
0.79
0.72
0.03
0.00
0.72
0.81
0.69
0.03
0.00
0.71
0.82
0.74
0.02
0.00
0.71
0.83
0.71
0.04
0.74
0.00
0.76
0.79
0.73
0.03
0.00
0.73
0.79
0.74
0.03
0.00
0.69
0.83
0.71
0.02
0.00
0.70
0.80
0.73
0.02
0.00
0.72
0.86
0.72
0.03
0.00
0.78
0.89
0.59
0.04
0.00
0.74
0.91
0.77
0.73
0.03
0.00
0.74
0.83
0.72
0.03
0.00
0.72
0.80
0.69
0.04
0.00
0.73
0.80
0.75
0.03
0.00
0.74
0.87
0.73
0.05
0.72
0.00
0.75
0.82
0.74
0.03
0.00
0.70
0.83
0.77
0.02
0.00
0.73
0.84
0.74
0.74
0.04
0.00
0.73
0.75
0.83
0.71
0.03
0.00
0.59
0.77
0.81
0.78
0.04
0.70
0.00
0.59
0.77
0.71
0.03
0.00
0.74
0.81
0.73
0.04
0.00
0.70
0.78
0.73
0.04
0.00
0.72
0.80
0.79
0.03
0.00
0.72
0.73
0.75
0.03
0.00
0.74
0.76
0.85
0.74
0.02
0.00
0.71
0.80
0.71
0.03
0.00
0.72
0.82
0.73
0.04
0.77
0.00
0.74
0.79
0.75
0.75
0.04
0.00
0.77
0.83
0.58
0.04
0.00
0.72
0.92
0.72
0.76
0.03
0.00
0.78
0.76
0.58
0.75
0.03
0.00
0.71
0.75
0.77
0.71
0.04
0.00
0.69
0.82
0.74
0.05
0.75
0.00
0.76
0.76
0.61
0.02
0.70
0.00
0.74
0.85
0.58
0.04
0.73
0.00
0.72
0.79
0.71
0.03
0.00
0.69
0.80
0.73
0.05
0.00
0.79
0.84
0.64
0.75
0.03
0.00
0.72
0.81
0.75
0.04
0.00
0.77
0.82
0.61
0.03
0.77
0.00
0.74
0.84
0.77
0.69
0.03
0.00
0.73
0.85
0.75
0.75
0.02
0.00
0.75
0.67
0.71
0.03
0.00
0.70
0.86
0.77
0.73
0.71
0.03
0.00
0.70
0.77
0.79
0.71
0.03
0.00
0.76
0.84
0.59
0.04
0.69
0.00
0.71
0.90
0.76
0.02
0.71
0.00
0.80
0.76
0.61
0.04
0.00
0.70
0.90
0.75
0.71
0.04
0.00
0.71
0.79
0.72
0.04
0.00
0.73
0.80
0.70
0.04
0.71
0.00
0.75
0.79
0.77
0.71
0.03
0.00
0.63
0.78
0.59
0.73
0.04
0.00
0.72
0.78
0.71
0.03
0.74
0.00
0.76
0.80
0.69
0.02
0.77
0.00
0.78
0.63
0.60
0.74
0.03
0.00
0.72
0.86
0.69
0.02
0.00
0.73
0.83
0.72
0.02
0.00
0.76
0.80
0.73
0.71
0.04
0.00
0.75
0.77
0.60
0.03
0.00
0.70
0.77
0.72
0.02
0.00
0.78
0.83
0.78
0.01
0.00
0.70
0.74
0.74
0.02
0.00
0.59
0.86
0.74
0.74
0.04
0.00
0.75
0.78
0.60
0.03
0.00
0.67
0.84
0.80
0.03
0.00
0.74
0.70
0.75
0.04
0.00
0.74
0.90
0.75
0.02
0.00
0.73
0.76
0.85
0.04
0.71
0.00
0.57
0.80
0.72
0.02
0.69
0.00
0.76
0.81
0.62
0.03
0.70
0.00
0.63
0.88
0.57
0.05
0.75
0.00
0.72
0.62
0.75
0.03
0.00
0.68
0.79
0.77
0.77
0.03
0.00
0.73
0.79
0.72
0.04
0.00
0.76
0.79
0.67
0.04
0.78
0.00
0.73
0.79
0.82
0.03
0.00
0.60
0.74
0.73
0.73
0.05
0.73
0.00
0.71
0.78
0.73
0.05
0.72
0.00
0.68
0.78
0.71
0.70
0.03
0.58
0.00
0.72
0.88
0.81
0.64
0.04
0.71
0.00
0.59
0.88
0.72
0.04
0.70
0.00
0.69
0.83
0.75
0.03
0.74
0.00
0.74
0.81
0.75
0.69
0.02
0.00
0.85
0.82
0.60
0.74
0.03
0.00
0.78
0.70
0.57
0.71
0.04
0.00
0.73
0.83
0.82
0.03
0.00
0.72
0.71
0.73
0.05
0.74
0.00
0.71
0.73
0.73
0.03
0.00
0.74
0.84
0.69
0.71
0.04
0.00
0.79
0.77
0.61
0.80
0.04
0.00
0.72
0.68
0.79
0.74
0.04
0.00
0.77
0.68
0.65
0.03
0.01
0.69
0.79
0.73
0.04
0.75
0.00
0.69
0.87
0.76
0.71
0.04
0.00
0.65
0.67
0.56
0.03
0.00
0.74
0.83
0.74
0.71
0.64
0.05
0.00
0.76
0.72
0.54
0.03
0.00
0.76
0.96
0.64
0.73
0.03
0.00
0.63
0.80
0.60
0.04
0.00
0.75
0.73
0.69
0.01
0.73
0.00
0.64
0.82
0.72
0.72
0.04
0.00
0.69
0.78
0.83
0.69
0.61
0.03
0.00
0.71
0.71
0.74
0.03
0.00
0.72
0.73
0.77
0.03
0.00
0.73
0.98
0.85
0.04
0.59
0.00
0.62
0.83
0.68
0.77
0.04
0.00
0.72
0.64
0.74
0.79
0.03
0.76
0.00
0.60
0.70
0.71
0.03
0.00
0.68
0.70
0.75
0.73
0.05
0.72
0.00
0.73
0.81
0.74
0.04
0.72
0.00
0.83
0.74
0.71
0.71
0.03
0.00
0.58
0.86
0.70
0.04
0.00
0.76
0.85
0.75
0.03
0.00
0.70
0.87
0.78
0.71
0.04
0.00
0.61
0.71
0.73
0.66
0.04
0.00
0.56
0.77
0.77
0.83
0.03
0.00
0.74
0.67
0.79
0.04
0.00
0.73
0.76
0.73
0.05
0.75
0.00
0.73
0.80
0.76
0.03
0.00
0.76
0.65
0.70
0.79
0.05
0.00
0.82
0.88
0.68
0.03
0.00
0.63
0.83
0.56
0.04
0.00
0.79
0.92
0.60
0.04
0.64
0.00
0.77
0.73
0.59
0.74
0.05
0.00
0.69
0.71
0.72
0.69
0.04
0.01
0.76
0.81
0.63
0.05
0.72
0.00
0.72
0.76
0.74
0.03
0.81
0.00
0.63
0.64
0.75
0.05
0.77
0.00
0.65
0.72
0.61
0.76
0.03
0.00
0.56
0.88
0.72
0.75
0.05
0.00
0.80
0.83
0.64
0.04
0.74
0.00
0.76
0.90
0.71
0.05
0.00
0.70
0.96
0.80
0.63
0.05
0.00
0.89
0.69
0.61
0.02
0.00
0.67
0.84
0.71
0.89
0.83
0.05
0.73
0.00
0.79
0.55
0.62
0.04
0.00
0.68
0.90
0.78
0.70
0.61
0.04
0.00
0.61
0.69
0.64
0.05
0.73
0.00
0.60
0.80
0.67
0.66
0.78
0.04
0.00
0.74
0.67
0.72
0.04
0.00
0.78
0.71
0.76
0.05
0.74
0.00
0.60
0.79
0.69
0.03
0.00
0.75
0.82
0.57
0.05
0.73
0.00
0.71
0.82
0.70
0.04
0.00
0.73
0.77
0.78
0.73
0.02
0.00
0.77
0.64
0.60
0.77
0.04
0.00
0.74
0.89
0.68
0.72
0.03
0.00
0.62
0.83
0.64
0.69
0.22
2.88
1.14
0.02
0.00
0.37
0.53
0.64
0.61
0.66
0.03
0.00
0.66
0.87
0.80
0.72
0.01
0.00
0.72
0.85
0.70
0.02
0.00
0.71
0.88
0.72
0.03
0.00
0.73
0.80
0.72
0.02
0.00
0.70
0.85
0.74
0.01
0.00
0.72
0.82
0.74
0.03
0.00
0.70
0.87
0.73
0.02
0.00
0.73
0.80
0.72
0.02
0.00
0.71
0.82
0.71
0.02
0.00
0.74
0.85
0.74
0.02
0.00
0.73
0.84
0.73
0.03
0.00
0.72
0.84
0.73
0.02
0.00
0.74
0.89
0.74
0.01
0.00
0.72
0.84
0.79
0.04
0.00
0.72
0.74
0.70
0.02
0.00
0.61
0.87
0.74
0.64
0.01
0.00
0.24
3.12
1.37
0.01
0.00
0.20
0.10
0.01
0.00
1.44
2.59
0.74
0.01
0.00
0.78
0.99
0.30
0.18
0.26
0.33
0.40
0.41
0.02
0.00
0.35
0.58
