204
98
6
6
233
338
480
626
784
947
1086
1146
294
410
561
715
885
1039
1209
1340
1524
1719
1716
971
967
1250
1535
1793
2012
2141
2329
2474
2643
2797
2958
3116
3268
3406
3498
3573
2586
2425
3348
3469
3502
3535
2994
3537
3542
3523
3565
3622
3672
3675
3693
3673
3756
3540
3748
2680
3690
3771
3732
3685
3596
3655
3682
3668
3742
3667
3756
3751
3539
3761
2676
3770
3772
3765
3682
3653
2901
3239
3717
3670
3635
3623
3257
3673
1652
3695
3713
3658
3652
1918
3254
3610
3708
3672
2451
2610
285
353
416
2844
2059
2776
2012
1949
2599
2949
3391
3510
3568
3620
2587
2911
3661
3665
3578
3589
2471
2951
3653
3656
3531
2533
2801
3599
3653
3537
2425
3241
3603
3649
3539
2730
3122
3604
3659
3544
2903
3447
3697
3649
3576
2290
2744
3646
3643
3650
3641
3285
3655
1592
3653
3705
3684
3075
3647
1567
3703
3659
3624
3015
3447
3665
3643
1420
255
341
409
2261
288
415
530
2844
2234
2652
1695
1549
2502
3387
3344
3538
3595
1701
1755
3643
3673
3539
3590
1624
1652
3655
3666
3532
1492
1518
3598
3662
3533
1396
1399
3599
3663
3534
1417
1426
3599
3665
3536
1412
1426
3600
3665
3539
1441
1462
3603
3666
3539
1462
1482
3604
3662
3542
1479
1507
3609
3670
3539
1477
1502
3605
3669
3542
1502
1541
3606
3668
3543
1491
1530
3607
3669
3542
1540
1575
3606
3662
3541
1578
1664
3605
3669
3546
1628
1707
3610
3670
3547
1592
1682
3612
3669
3544
1525
1581
3610
3674
3553
1626
1711
3618
3668
3556
1628
1693
3618
3670
3549
1568
1613
3614
3672
3553
1589
1672
3617
3666
3550
1551
1612
3615
3669
3551
1621
1699
3615
3668
3548
1598
1651
3615
3667
3550
1625
1678
3613
3665
3552
1737
1819
3617
3669
3552
1606
1665
3615
3670
3553
1590
1663
3618
3667
3552
1623
1689
3615
3665
3551
1620
1684
3614
3665
3554
1639
1727
3619
3666
3552
1653
1707
3616
3670
3555
1604
1667
3619
3668
3552
1619
1691
3618
3668
3554
1614
1692
3618
3671
3553
1679
1759
3619
3669
3555
1672
1740
3617
3668
3550
1689
1781
3613
3670
3551
1797
1935
3613
3666
3550
1659
1733
3614
3666
3555
1763
1856
3620
3672
3554
1681
1824
3616
3668
3554
1679
1767
3617
3669
3555
1682
1751
3620
3671
3553
1693
1799
3617
3671
3556
1721
1808
3620
3668
3558
1671
1764
3620
3661
3552
1654
1718
3616
3666
3557
1677
1771
3620
3672
3554
1694
1811
3620
3660
3553
1917
2048
3616
3669
3554
1818
1971
3621
3667
3557
1735
1842
3621
3669
3555
1721
1834
3622
3669
3556
1691
1768
3621
3668
3557
1725
1864
3624
3664
3559
1764
1886
3626
3669
3559
1735
1820
3622
3669
3557
1881
2073
3621
3669
3557
1897
2089
3621
3671
3558
1774
1864
3622
3671
3556
1918
2081
3619
3665
3556
1938
2123
3622
3671
3555
1944
2052
3618
3667
3556
1753
1888
3620
3664
3555
1821
1927
3619
3671
3555
1822
1973
3620
3663
3558
1805
1956
3620
3671
3556
1943
2052
3622
3665
3559
1851
1961
3621
3665
3557
1766
1886
3619
3671
3556
1798
1910
3620
3669
3554
1760
1896
3620
3670
3559
1776
1873
3625
3667
3558
1790
1893
3621
3673
3557
1827
1961
3621
3664
3557
1835
2008
3622
3671
3559
1885
2013
3623
3671
3559
2005
2206
3624
3668
3559
1842
2004
3624
3669
3557
1984
2130
3622
3668
3558
1875
1982
3624
3671
3557
1952
2066
3621
3668
3559
2053
2219
3623
3667
3557
1772
1882
3621
3674
3559
1848
1980
3621
3668
3555
1845
2015
3619
3660
3561
1838
1976
3625
3669
3558
1862
2035
3623
3667
3564
1887
2046
3628
3666
3561
1875
2000
3622
3666
3560
1947
2126
3624
3670
3561
2000
2141
3626
3665
3563
1926
2062
3627
3671
3563
1893
2055
3626
3673
3563
1967
2104
3627
3671
3555
1921
2053
3621
3672
3562
2031
2222
3625
3663
3561
1929
2034
3624
3670
3563
1983
2167
3626
3666
3554
1969
2094
3619
3667
3558
1958
2125
3622
3662
3559
1884
2017
3623
3670
3558
1899
2019
3623
3671
3559
1924
2066
3622
3668
3560
1887
2031
3623
3669
3560
2049
2133
3625
3670
3562
1865
2081
3626
3664
3561
1897
2113
3623
3670
3558
1877
1979
3619
3668
3558
1905
2059
3621
3666
3558
2130
2298
3620
3669
3557
1922
2085
3619
3661
3559
1933
2188
3621
3670
3558
2158
2333
3621
3666
3559
2017
2245
3624
3671
3565
2048
2232
3628
3666
3560
2040
2200
3625
3650
3558
2015
2128
3622
3656
3559
1956
2110
3622
3658
3560
2221
2428
3625
3664
3559
1954
2187
3624
3674
3558
2056
2284
3623
3668
3560
2140
2356
3622
3663
3557
2001
2176
3620
3669
3555
1982
2152
3620
3666
3555
1989
2188
3618
3665
3556
1950
2121
3618
3667
3555
2049
2249
3619
3664
3557
2190
2394
3623
3664
3559
2041
2258
3623
3666
3554
2069
2266
3617
3667
3555
1948
2132
3620
3674
3556
1929
2119
3619
3665
3556
2109
2328
3621
3658
3559
1968
2127
3623
3668
3559
1980
2141
3624
3666
3559
1954
2123
3622
3667
3558
2170
2366
3623
3665
3557
2200
2374
3622
3666
3559
2157
2492
3623
3668
3560
2217
2386
3624
3662
3558
2001
2133
3620
3670
3556
2060
2183
3622
3670
3559
2017
2296
3622
3665
3560
2148
2342
3621
3669
3559
2023
2175
3621
3671
3555
2025
2237
3619
3660
3556
1930
2137
3618
3661
3559
2192
2432
3626
3665
3557
2190
2485
3624
3659
3556
2147
2367
3621
3669
3561
2042
2239
3627
3660
3562
1897
2160
3627
3669
3555
2270
2462
3620
3666
3560
2226
2401
3626
3662
3556
2020
2251
3622
3668
3561
2064
2308
3622
3667
3560
2149
2385
3621
3667
3555
2091
2247
3617
3668
3557
1994
2211
3619
3665
3552
2040
2237
3616
3668
3559
2007
2218
3621
3668
3557
2196
2385
3621
3670
3556
2294
2515
3621
3663
3562
2268
2548
3626
3662
3560
2305
2534
3623
3665
3559
2127
2348
3622
3658
3559
2278
2444
3622
3670
3561
2280
2529
3624
3665
3557
2255
2457
3621
3665
3560
2227
2437
3624
3660
3561
2321
2523
3625
3670
3561
2355
2611
3625
3663
3557
2354
2626
3620
3668
3561
2307
2569
3623
3660
3558
2303
2671
3621
3671
3557
2167
2413
3621
3667
3559
2382
2566
3622
3666
3554
2339
2612
3619
3660
3558
2126
2365
3622
3669
3557
1910
2172
3620
3664
3558
2300
2563
3620
3667
3558
2024
2266
3623
3667
3558
2282
2503
3623
3658
3558
2336
2605
3624
3667
3559
2132
2324
3622
3663
3557
1940
2202
3620
3670
3556
1935
2117
3619
3661
3555
2112
2409
3620
3662
3555
2186
2378
3622
3669
3556
2198
2386
3622
3670
3556
2057
2326
3621
3669
3556
2403
2607
3619
3664
3557
2321
2593
3621
3666
3557
2338
2672
3620
3668
3557
2353
2669
3621
3670
3558
2085
2365
3621
3659
3558
2289
2590
3623
3669
3558
2413
2633
3621
3665
3556
2399
2671
3620
3663
3559
2188
2399
3625
3664
3556
2155
2540
3621
3673
3559
2433
2793
3621
3671
3555
2425
2666
3616
3666
3555
2341
2691
3617
3669
3560
2430
2706
3623
3666
3557
2118
2415
3622
3664
3558
2407
2756
3622
3667
3557
2415
2673
3621
3658
3558
2130
2405
3623
3666
3561
2116
2514
3626
3664
3558
2155
2429
3621
3668
3553
2209
2499
3617
3674
3558
2037
2303
3621
3667
3556
2107
2349
3617
3668
3555
2177
2444
3619
3665
3559
2292
2616
3622
3671
3556
2433
2786
3619
3671
3558
2442
2756
3622
3672
3560
2412
2812
3625
3663
3556
2401
2761
3618
3661
3555
2417
2750
3620
3664
3556
2447
2765
3621
3658
3556
2540
2870
3619
3670
3555
2456
2787
3620
3658
3558
2501
2788
3620
3664
3558
2397
2709
3621
3657
3558
2115
2390
3623
3672
3557
2442
2804
3620
3671
3557
2492
2870
3618
3666
3558
2458
2805
3620
3667
3553
2429
2767
3617
3669
3557
2556
2867
3619
3661
3560
2170
2436
3626
3670
3556
2166
2466
3620
3671
3558
2095
2315
3621
3661
3556
2130
2380
3618
3664
3554
2397
2846
3616
3655
3557
2503
2847
3620
3669
3555
2469
2686
3620
3661
3556
2231
2489
3621
3664
3556
2177
2440
3624
3658
3560
2120
2419
3626
3668
3556
2452
2849
3620
3671
3556
2489
2821
3621
3668
3557
2439
2855
3621
3664
3561
2419
2775
3625
3657
3560
2132
2296
3624
3668
3556
2240
2602
3618
3668
3557
2477
2749
3621
3658
3559
2077
2339
3625
3670
3557
1929
2187
3619
3664
3554
2516
2890
3618
3659
3558
2500
2892
3624
3654
3559
2439
2737
3623
3665
3559
2475
2854
3621
3663
3558
2102
2380
3622
3658
3559
2164
2582
3622
3671
3557
2230
2510
3620
3656
3554
2437
2856
3619
3656
3556
2431
2747
3621
3660
3553
2476
2777
3618
3661
3562
2346
2848
3626
3663
3560
2513
2902
3625
3662
3556
2528
2902
3620
3667
3562
2461
2757
3627
3670
3561
2514
2779
3625
3664
3558
2133
2432
3623
3662
3560
1985
2177
3627
3655
3558
2498
2886
3622
3657
3556
2502
2818
3620
3672
3557
2088
2360
3620
3662
3558
2126
2402
3622
3667
3557
2165
2599
3621
3663
3557
2190
2532
3622
3665
3559
2182
2518
3620
3658
3560
2128
2476
3624
3661
3557
2124
2465
3623
3667
3558
2206
2512
3622
3665
3560
2138
2454
3624
3665
3555
1936
2414
3618
3656
3557
2439
2795
3619
3667
3557
2536
2919
3621
3659
3557
2541
2861
3621
3667
3559
2659
2971
3623
3665
3561
2592
2848
3624
3668
3557
2524
2933
3620
3662
3560
2557
2830
3625
3662
3560
2499
2931
3625
3664
3556
2183
2387
3623
3658
3558
2153
2445
3622
3663
3561
2489
2687
3625
3651
3562
2549
2871
3623
3667
3555
2372
2877
3618
3667
3561
2484
2946
3624
3668
3560
2515
2862
3623
3666
3561
2579
2985
3623
3666
3556
2153
2473
3621
3660
3563
2120
2494
3624
3670
3561
2521
2821
3623
3661
3558
2106
2423
3621
3660
3560
2233
2450
3625
3667
3563
2270
2526
3626
3653
3559
2042
2263
3623
3659
3562
2180
2500
3624
3657
3558
2536
2872
3622
3662
3559
2481
2769
3625
3665
3559
2497
2882
3623
3667
3560
2258
2554
3624
3663
3558
2276
2546
3620
3668
3557
2274
2622
3622
3669
3561
2295
2589
3625
3664
3560
2195
2462
3625
3660
3559
2516
2978
3624
3656
3563
2528
2857
3626
3655
3558
2299
2733
3623
3668
3556
2273
2567
3623
3659
3563
2556
2834
3626
3659
3561
2261
2589
3623
3658
3557
2211
2633
3623
3664
3563
2574
3053
3627
3649
3559
2631
3009
3625
3666
3561
2655
2923
3625
3671
3562
2421
2796
3624
3666
3557
2590
3070
3622
3669
3557
2133
2377
3621
3668
3560
2139
2461
3621
3665
3560
1973
2193
3625
3665
3558
2522
2822
3624
3659
3559
2616
2902
3624
3661
3559
2549
3055
3623
3661
3559
2495
2877
3621
3664
3560
2623
3141
3623
3662
3559
2165
2581
3623
3662
3558
2537
3060
3621
3658
3557
2526
2983
3622
3669
3562
2670
3100
3626
3654
3560
2624
3026
3622
3657
3561
2797
3264
3629
3655
3561
2626
3053
3626
3652
3560
2478
2900
3622
3667
3560
2676
3146
3624
3665
3561
2551
2967
3625
3662
3562
2513
2915
3625
3659
3560
2524
2962
3624
3665
3564
2687
3098
3627
3663
3561
2571
3099
3623
3661
3560
2148
2502
3624
3656
3560
2780
3150
3624
3659
3562
2091
2473
3625
3663
3557
2621
3043
3619
3662
3562
2135
2534
3628
3664
3561
2169
2435
3627
3671
3558
2260
2640
3622
3658
3560
2221
2699
3627
3662
3563
2677
3247
3625
3647
3558
2526
2779
3622
3661
3560
2447
2991
3625
3672
3563
2212
2612
3628
3660
3558
2674
3026
3622
3645
3647
2673
3165
3647
3659
3553
2471
2930
3618
3667
3570
3138
3306
3632
3657
3563
2733
3056
3627
3654
3563
2275
2677
3627
3658
3566
2148
2460
3632
3654
3564
2649
3017
3627
3667
3561
2276
2588
3624
3668
3565
2741
3033
3629
3659
3567
2678
2968
3632
3657
3564
2603
2987
3629
3656
3558
2569
2879
3623
3657
3565
2601
3129
3627
3663
3565
2717
3107
3629
3656
3565
2417
2873
3627
3657
3567
2547
3254
3629
3664
3567
2649
3083
3631
3657
3567
2273
2701
3627
3651
3564
2612
3040
3628
3667
3563
2267
2599
3629
3663
3565
2502
2861
3628
3658
3563
2845
3317
3627
3662
3562
2060
2464
3628
3657
3567
2190
2532
3630
3657
3563
2738
3163
3626
3665
3563
2504
2804
3628
3658
3565
2365
2705
3627
3650
3565
2089
2339
3627
3663
3562
2618
3026
3626
3660
3562
2567
2967
3627
3664
3566
2448
2838
3630
3664
3564
2555
2985
3627
3655
3562
2421
2843
3625
3653
3565
2569
3129
3629
3648
3648
2302
2746
3648
3654
3556
2223
2769
3619
3665
3569
2477
2790
3633
3661
3566
2527
2809
3631
3653
3567
2206
2444
3634
3665
3569
2516
2990
3632
3661
3564
2634
3124
3630
3662
3568
2566
3078
3632
3663
3568
2630
3025
3636
3657
3566
2554
3034
3632
3668
3565
1953
2213
3629
3665
3566
2218
2617
3628
3647
3563
2347
2679
3627
3659
3565
2432
2741
3627
3653
3564
2522
3084
3628
3662
3563
2516
2924
3626
3656
3563
2176
2646
3628
3662
3565
2166
2398
3632
3670
3566
2748
3266
3628
3654
3566
2712
3056
3630
3660
3563
2445
2883
3629
3659
3567
2622
3091
3633
3655
3569
2334
2858
3632
3661
3564
2791
3383
3629
3657
3568
2273
2577
3633
3661
3567
2661
2955
3631
3660
3564
2802
3209
3626
3660
3565
2718
3147
3630
3662
3563
2641
3069
3629
3660
3567
2582
3158
3630
3642
3655
2997
3255
3655
3660
3557
2440
2918
3622
3659
3567
2342
2994
3632
3665
3566
2150
2393
3628
3663
3565
2569
3009
3629
3654
3570
2797
3171
3633
3646
3654
2637
3137
3655
3655
3558
2658
3039
3622
3660
3566
2532
2876
3630
3657
3567
2144
2556
3631
3658
3566
2518
3090
3630
3659
3568
2060
2442
3630
3653
3563
2199
2877
3627
3662
3567
2913
3167
3633
3651
3566
2785
3339
3631
3655
3567
2872
3386
3634
3660
3566
2590
2898
3630
3652
3565
2292
2594
3630
3662
3568
2489
3219
3633
3709
3593
2823
3219
3657
3665
3557
1992
2347
3620
3656
3569
2677
3493
3635
3657
3564
2779
3459
3629
3653
3567
2606
3003
3632
3669
3564
2682
2962
3628
3651
3567
2228
2738
3630
3661
3567
2430
2740
3630
3662
3564
2204
2469
3630
3651
3571
2535
2813
3637
3657
3565
3629
1568
2062
3670
3672
3625
2920
3292
3658
3661
3570
2591
3155
3633
3664
3565
2869
3435
3631
3656
3566
2136
2436
3628
3657
3566
2519
2951
3629
3657
3569
3080
3335
3634
3657
3568
2268
2628
3634
3656
3564
2372
2870
3628
3660
3566
2271
2693
3629
3649
3566
2232
2724
3630
3655
3568
2666
2915
3634
3662
3571
2169
2497
3636
3659
3566
2212
2520
3630
3661
3567
2332
2634
3634
3667
3567
2349
2709
3631
3656
3566
2625
2933
3633
3661
3564
2249
2559
3629
3664
3565
2851
3241
3629
3663
3567
3138
3524
3632
3665
3570
2121
2531
3629
3661
3563
2594
3164
3626
3659
3565
2471
2869
3627
3659
3568
2369
2929
3631
3669
3567
2613
3042
3630
3658
3566
2532
3076
3630
3655
3568
2573
3004
3630
3655
3566
2925
3263
3633
3650
3567
2571
3003
3633
3649
3568
2508
3066
3634
3648
3567
2207
2515
3631
3657
3572
3631
2281
2775
3663
3656
3562
2740
3180
3630
3653
3569
2718
3064
3632
3652
3569
2908
3428
3632
3655
3564
2822
3094
3630
3659
3570
2779
3115
3635
3667
3568
3229
3629
1634
3662
3658
3640
3668
2796
3338
3664
3670
3564
2755
3289
3629
3653
3572
3031
3485
3637
3666
3566
3433
3627
1586
3663
3651
3633
3669
2485
2749
3661
3657
3585
3629
2437
3156
3667
3664
3567
2639
3188
3629
3663
3571
2977
3637
1479
3662
3665
3628
3280
3660
1625
3657
3662
3620
2827
3384
3667
3665
3567
2974
3378
3632
3654
3569
2896
3296
3632
3648
3568
2418
2798
3632
3630
3700
3659
2612
3060
3662
3669
3652
3646
3666
2728
3178
3664
3663
3566
2699
3138
3631
3651
3572
3350
3640
1619
3663
3662
3628
3269
3653
1579
3671
3667
3623
2223
2649
3657
3658
3566
2841
3329
3633
3659
3572
3055
3351
3639
3659
3571
2449
2863
3633
3648
3566
2507
3416
3632
3668
3567
2086
2577
3632
3655
3568
2675
3633
1472
3660
3665
3625
2522
2867
3654
3649
3569
2230
2474
3634
3660
3566
2766
3168
3630
3667
3568
3632
1693
2181
3652
3662
3623
2906
3345
3650
3653
3569
2523
2748
3631
3640
3666
3655
2658
3180
3656
3655
3565
3627
2757
3479
3663
3643
3705
3653
2646
3238
3654
3656
3663
3645
3660
2286
2496
3656
3660
3568
2286
2608
3632
3657
3584
3634
2750
3224
3666
3665
3565
2301
2667
3625
3652
3572
2221
2583
3635
3655
3568
2211
2966
3632
3652
3566
2308
3174
3630
3653
3565
2543
3635
1485
3653
3655
3631
3309
3663
1842
3654
3664
3622
3301
3663
1540
3664
3671
3625
3500
3650
1577
3721
3672
3653
2598
3435
3663
3656
3563
2375
2782
3626
3653
3570
2501
2894
3633
3658
3574
3368
3634
1685
3655
3654
3628
3259
3651
1731
3651
3720
3653
2768
3119
3662
3653
3611
3629
2269
2597
3657
3659
3573
3625
3643
1614
1987
3715
3661
3640
2283
2803
3671
3667
3563
2027
2430
3623
3645
3567
2908
3384
3628
3666
3571
3440
3630
1767
3638
3721
3658
2693
3114
3649
3657
3575
3625
3059
3657
1542
3656
3645
3699
2988
3308
3664
3645
3653
3047
3653
1862
3648
3655
3621
2413
2875
3655
3661
3569
3695
2156
2626
3650
3657
3656
2534
2911
3672
3661
3583
3529
3693
1792
3656
3663
3660
3273
3623
1853
3709
3655
3664
3660
1918
2374
3654
3723
3655
3650
1843
2843
3709
3717
3703
3656
1612
2147
3716
3649
3700
2810
3162
3660
3710
3676
3655
2820
3418
3656
3639
3684
3655
1557
1808
3664
3664
3690
3644
1615
2166
3697
3712
3663
2597
3267
3653
3724
3590
2423
2697
3655
3659
3581
2757
3099
3695
3655
3606
3644
2094
2638
3698
3722
3655
2845
3671
2027
3651
3666
3622
3655
1519
2662
3656
3672
3631
3702
1846
2248
3656
3667
3649
2696
3656
1710
3655
3644
3696
3661
3055
3657
1617
3665
3655
3714
3642
3702
1687
2231
3707
3725
3662
3122
3434
3654
3713
3593
3286
3684
1983
3650
3646
3699
3649
2566
3330
3698
3702
3683
3667
2199
2941
3667
3674
3606
2505
2970
3649
3648
3582
2424
2700
3686
3644
3696
3637
1633
2072
3693
3710
3661
3074
3614
1620
3704
3654
3685
2840
3652
1726
3643
3713
3686
2394
3096
3648
3711
3584
2575
3097
3683
3697
3618
3624
1804
2257
3694
3643
3685
3648
1942
2216
3706
3718
3681
2871
3695
1631
3664
3631
3680
3665
1566
2214
3650
3725
3659
3659
1653
1947
3711
3645
3692
3047
3387
3651
3703
3673
3653
1621
2419
3645
3635
3690
2882
3139
3642
3701
3678
2348
2772
3696
3627
3674
3290
3492
1753
3701
3657
3686
2921
3385
3647
3704
3674
3143
3655
1707
3647
3649
3613
3128
3664
1695
3639
3718
3668
3628
1724
2208
3696
3718
3664
3664
1560
1846
3678
3668
3628
3260
3656
1662
3642
3702
3684
2842
3310
3672
3658
3572
2952
3630
1863
3672
3645
3631
2935
3701
1809
3659
3686
3652
3102
3644
1582
3718
3654
3653
3651
1612
2590
3658
3723
3660
3633
2119
3143
3711
3728
3660
2989
3650
1575
3723
3682
3635
3411
3693
1778
3698
2844
1998
1472
1344
2886
3301
3272
3492
3563
1897
1944
3580
3656
3542
3586
1851
1945
3651
3667
3525
1991
2154
3592
3657
3537
2216
2446
3602
3667
3533
2097
2329
3601
3663
3537
2153
2429
3603
3662
3540
2211
2465
3607
3660
3541
2491
2925
3609
3669
3546
1987
2288
3610
3657
3541
2670
3148
3606
3665
3546
2142
2543
3610
3639
3634
2943
3373
3633
3660
3539
2509
2883
3601
3641
3643
2911
3517
3643
3647
3542
2728
3230
3604
3668
3558
2826
3338
3622
3657
3548
2079
2377
3615
3637
3653
2685
2685
4059
3805
3122
1429
1429
1666
1447
1805
1779
395
453
498
1340
1785
1451
1589
1523
1631
1985
2216
2497
2787
2940
3084
2831
2296
1954
2726
3171
3291
3433
