4
5
6
6
160
294
448
604
751
890
1009
86
232
383
537
689
823
959
1078
1100
1127
1271
193
549
738
1045
1397
1438
1471
1505
1546
1591
1641
1694
1752
1812
1876
1944
2009
2074
2298
2425
1847
1822
1795
1758
1719
1686
1621
1627
1688
1752
1823
1871
1955
2014
2074
3510
2132
2680
2183
1866
1561
1538
1611
1656
1732
1792
1877
1940
2025
2101
3535
2172
2676
2246
1917
1630
1579
1631
2901
3239
1708
1423
1435
1527
3257
1609
1652
1683
1466
1538
1642
1918
3254
1706
1456
1519
2451
194
222
353
416
1297
1336
1407
1800
1949
1257
1313
1386
1426
1502
1575
2587
2911
1647
1330
1349
1417
2471
2951
1492
1299
1367
2533
2801
1439
1311
1381
2425
3241
1449
1309
1372
2730
3122
1439
1330
1387
2903
3447
1483
1372
1420
2290
2744
1495
1340
1413
1477
3285
1545
1592
1631
1430
1521
3075
1563
1567
1655
1398
1455
3015
3447
1535
1353
194
211
341
409
194
220
415
530
1300
1354
1414
1487
1549
1257
1298
1358
1421
1495
1701
1755
1573
1295
1350
1419
1624
1652
1486
1290
1360
1492
1518
1424
1295
1359
1396
1399
1423
1294
1359
1417
1426
1425
1298
1360
1412
1426
1429
1301
1365
1441
1462
1430
1301
1368
1462
1482
1436
1306
1373
1479
1507
1434
1301
1365
1477
1502
1427
1304
1372
1502
1541
1432
1307
1367
1491
1530
1433
1308
1370
1540
1575
1438
1303
1367
1578
1664
1433
1308
1370
1628
1707
1436
1313
1374
1592
1682
1437
1304
1370
1525
1581
1434
1317
1384
1626
1711
1446
1316
1378
1628
1693
1444
1315
1376
1568
1613
1438
1315
1381
1589
1672
1444
1310
1375
1551
1612
1439
1313
1381
1621
1699
1440
1310
1375
1598
1651
1441
1316
1377
1625
1678
1445
1318
1377
1737
1819
1441
1316
1377
1606
1665
1442
1315
1378
1590
1663
1443
1314
1381
1623
1689
1445
1311
1378
1620
1684
1443
1314
1381
1639
1727
1444
1312
1376
1653
1707
1442
1317
1389
1604
1667
1444
1314
1378
1619
1691
1444
1316
1378
1614
1692
1443
1319
1383
1679
1759
1445
1315
1385
1672
1740
1446
1312
1375
1689
1781
1440
1315
1377
1797
1935
1444
1314
1374
1659
1733
1442
1315
1382
1763
1856
1444
1314
1380
1681
1824
1444
1312
1379
1679
1767
1443
1315
1382
1682
1751
1443
1315
1379
1693
1799
1443
1318
1386
1721
1808
1446
1318
1382
1671
1764
1451
1314
1378
1654
1718
1444
1317
1384
1677
1771
1444
1316
1382
1694
1811
1452
1317
1376
1917
2048
1443
1316
1383
1818
1971
1449
1319
1391
1735
1842
1447
1317
1382
1721
1834
1445
1316
1383
1691
1768
1450
1323
1390
1725
1864
1454
1325
1388
1764
1886
1451
1317
1384
1735
1820
1447
1321
1383
1881
2073
1449
1317
1385
1897
2089
1443
1326
1384
1774
1864
1445
1318
1379
1918
2081
1449
1324
1384
1938
2123
1445
1317
1380
1944
2052
1445
1318
1380
1753
1888
1448
1315
1379
1821
1927
1443
1319
1384
1822
1973
1451
1322
1382
1805
1956
1445
1316
1386
1943
2052
1451
1323
1381
1851
1961
1449
1317
1381
1766
1886
1443
1322
1386
1798
1910
1443
1318
1380
1760
1896
1446
1319
1387
1776
1873
1451
1322
1389
1790
1893
1443
1323
1391
1827
1961
1452
1319
1388
1835
2008
1445
1327
1383
1885
2013
1447
1323
1392
2005
2206
1452
1325
1384
1842
2004
1449
1315
1382
1984
2130
1446
1320
1386
1875
1982
1447
1319
1381
1952
2066
1446
1327
1385
2053
2219
1449
1317
1385
1772
1882
1442
1321
1387
1848
1980
1448
1315
1383
1845
2015
1452
1319
1389
1838
1976
1449
1328
1383
1862
2035
1451
1324
1388
1887
2046
1454
1323
1386
1875
2000
1452
1326
1404
1947
2126
1452
1327
1392
2000
2141
1457
1325
1385
1926
2062
1449
1327
1384
1893
2055
1449
1321
1387
1967
2104
1449
1321
1381
1921
2053
1444
1324
1387
2031
2222
1457
1321
1390
1929
2034
1450
1323
1388
1983
2167
1452
1314
1377
1969
2094
1445
1320
1386
1958
2125
1452
1319
1389
1884
2017
1448
1318
1383
1899
2019
1445
1321
1390
1924
2066
1450
1324
1387
1887
2031
1449
1324
1393
2049
2133
1450
1322
1394
1865
2081
1460
1323
1385
1897
2113
1446
1316
1385
1877
1979
1444
1320
1385
1905
2059
1448
1322
1390
2130
2298
1447
1321
1381
1922
2085
1453
1327
1389
1933
2188
1448
1320
1395
2158
2333
1450
1325
1388
2017
2245
1449
1329
1392
2048
2232
1456
1322
1387
2040
2200
1468
1320
1384
2015
2128
1458
1319
1386
1956
2110
1458
1318
1399
2221
2428
1452
1325
1384
1954
2187
1444
1326
1391
2056
2284
1452
1322
1382
2140
2356
1453
1321
1386
2001
2176
1447
1325
1378
1982
2152
1450
1319
1382
1989
2188
1447
1326
1382
1950
2121
1445
1321
1381
2049
2249
1448
1321
1387
2190
2394
1452
1323
1381
2041
2258
1448
1318
1379
2069
2266
1445
1315
1386
1948
2132
1442
1318
1385
1929
2119
1449
1328
1383
2109
2328
1458
1325
1383
1968
2127
1450
1319
1396
1980
2141
1452
1323
1388
1954
2123
1449
1324
1383
2170
2366
1453
1323
1386
2200
2374
1450
1325
1389
2157
2492
1450
1328
1392
2217
2386
1454
1320
1378
2001
2133
1446
1322
1388
2060
2183
1446
1323
1384
2017
2296
1455
1318
1383
2148
2342
1447
1323
1393
2023
2175
1445
1325
1381
2025
2237
1454
1316
1386
1930
2137
1451
1325
1388
2192
2432
1455
1330
1386
2190
2485
1457
1322
1381
2147
2367
1447
1327
1389
2042
2239
1460
1324
1389
1897
2160
1451
1319
1386
2270
2462
1452
1328
1388
2226
2401
1460
1320
1388
2020
2251
1448
1329
1394
2064
2308
1453
1328
1381
2149
2385
1447
1315
1381
2091
2247
1442
1323
1385
1994
2211
1449
1318
1386
2040
2237
1444
1323
1383
2007
2218
1448
1321
1383
2196
2385
1448
1320
1381
2294
2515
1453
1330
1388
2268
2548
1456
1328
1385
2305
2534
1453
1325
1388
2127
2348
1460
1323
1386
2278
2444
1450
1327
1394
2280
2529
1453
1323
1389
2255
2457
1451
1328
1396
2227
2437
1458
1331
1389
2321
2523
1452
1325
1393
2355
2611
1457
1321
1388
2354
2626
1446
1327
1387
2307
2569
1456
1322
1383
2303
2671
1445
1333
1383
2167
2413
1449
1327
1394
2382
2566
1448
1320
1381
2339
2612
1452
1320
1384
2126
2365
1445
1317
1390
1910
2172
1450
1320
1386
2300
2563
1449
1326
1383
2024
2266
1451
1316
1391
2282
2503
1460
1324
1386
2336
2605
1451
1319
1382
2132
2324
1453
1321
1384
1940
2202
1446
1322
1389
1935
2117
1453
1321
1382
2112
2409
1450
1315
1378
2186
2378
1445
1324
1392
2198
2386
1448
1326
1385
2057
2326
1447
1324
1387
2403
2607
1452
1317
1381
2321
2593
1452
1321
1388
2338
2672
1450
1329
1385
2353
2669
1448
1322
1381
2085
2365
1459
1328
1387
2289
2590
1451
1326
1385
2413
2633
1453
1320
1388
2399
2671
1451
1321
1385
2188
2399
1456
1322
1387
2155
2540
1443
1339
1391
2433
2793
1445
1321
1390
2425
2666
1446
1315
1389
2341
2691
1445
1320
1393
2430
2706
1452
1325
1388
2118
2415
1450
1328
1390
2407
2756
1451
1323
1389
2415
2673
1458
1326
1387
2130
2405
1450
1331
1396
2116
2514
1456
1330
1383
2155
2429
1446
1323
1381
2209
2499
1442
1320
1391
2037
2303
1447
1312
1393
2107
2349
1446
1315
1383
2177
2444
1451
1327
1390
2292
2616
1445
1316
1389
2433
2786
1447
1330
1390
2442
2756
1448
1334
1397
2412
2812
1457
1330
1386
2401
2761
1453
1325
1378
2417
2750
1448
1322
1391
2447
2765
1456
1324
1385
2540
2870
1444
1315
1384
2456
2787
1456
1322
1388
2501
2788
1454
1318
1389
2397
2709
1459
1324
1393
2115
2390
1448
1327
1384
2442
2804
1445
1327
1384
2492
2870
1448
1324
1388
2458
2805
1447
1319
1387
2429
2767
1443
1325
1385
2556
2867
1453
1326
1392
2170
2436
1450
1324
1396
2166
2466
1445
1336
1383
2095
2315
1455
1318
1388
2130
2380
1446
1320
1382
2397
2846
1459
1317
1392
2503
2847
1447
1321
1386
2469
2686
1453
1318
1389
2231
2489
1448
1328
1398
2177
2440
1458
1328
1384
2120
2419
1450
1328
1388
2452
2849
1445
1320
1385
2489
2821
1448
1325
1391
2439
2855
1454
1329
1395
2419
2775
1463
1330
1384
2132
2296
1450
1330
1384
2240
2602
1448
1327
1381
2477
2749
1460
1323
1387
2077
2339
1446
1319
1389
1929
2187
1450
1320
1380
2516
2890
1453
1322
1392
2500
2892
1460
1325
1389
2439
2737
1453
1327
1385
2475
2854
1455
1318
1388
2102
2380
1458
1331
1394
2164
2582
1447
1325
1382
2230
2510
1456
1320
1387
2437
2856
1454
1322
1381
2431
2747
1452
1327
1386
2476
2777
1453
1326
1386
2346
2848
1455
1326
1389
2513
2902
1456
1322
1392
2528
2902
1449
1330
1399
2461
2757
1452
1329
1397
2514
2779
1454
1322
1389
2133
2432
1454
1332
1391
1985
2177
1465
1316
1384
2498
2886
1457
1326
1386
2502
2818
1442
1327
1390
2088
2360
1456
1320
1392
2126
2402
1449
1321
1379
2165
2599
1451
1327
1384
2190
2532
1451
1323
1386
2182
2518
1460
1322
1390
2128
2476
1455
1325
1391
2124
2465
1449
1322
1396
2206
2512
1451
1328
1388
2138
2454
1453
1321
1382
1936
2414
1456
1321
1381
2439
2795
1447
1331
1381
2536
2919
1455
1327
1385
2541
2861
1451
1327
1393
2659
2971
1453
1335
1392
2592
2848
1448
1321
1394
2524
2933
1452
1326
1389
2557
2830
1458
1320
1393
2499
2931
1454
1318
1391
2183
2387
1458
1326
1382
2153
2445
1453
1329
1389
2489
2687
1469
1326
1389
2549
2871
1449
1327
1394
2372
2877
1447
1329
1388
2484
2946
1452
1320
1391
2515
2862
1454
1325
1395
2579
2985
1454
1326
1389
2153
2473
1454
1329
1386
2120
2494
1450
1325
1389
2521
2821
1457
1322
1389
2106
2423
1458
1328
1387
2233
2450
1455
1325
1388
2270
2526
1467
1323
1389
2042
2263
1459
1328
1392
2180
2500
1463
1322
1386
2536
2872
1456
1329
1391
2481
2769
1453
1323
1389
2497
2882
1449
1330
1388
2258
2554
1455
1318
1380
2276
2546
1450
1327
1402
2274
2622
1449
1323
1393
2295
2589
1456
1322
1387
2195
2462
1458
1325
1382
2516
2978
1460
1325
1394
2528
2857
1467
1332
1391
2299
2733
1446
1324
1401
2273
2567
1459
1339
1394
2556
2834
1461
1329
1389
2261
2589
1456
1327
1385
2211
2633
1452
1327
1395
2574
3053
1471
1329
1391
2631
3009
1456
1331
1391
2655
2923
1449
1332
1386
2421
2796
1454
1331
1398
2590
3070
1449
1321
1385
2133
2377
1448
1330
1393
2139
2461
1451
1320
1393
1973
2193
1453
1330
1390
2522
2822
1459
1329
1384
2616
2902
1455
1333
1397
2549
3055
1457
1335
1379
2495
2877
1452
1320
1399
2623
3141
1456
1331
1383
2165
2581
1456
1322
1391
2537
3060
1458
1343
1388
2526
2983
1449
1330
1394
2670
3100
1466
1328
1398
2624
3026
1461
1321
1393
2797
3264
1467
1327
1394
2626
3053
1468
1328
1388
2478
2900
1447
1320
1392
2676
3146
1453
1331
1399
2551
2967
1460
1316
1393
2513
2915
1457
1332
1398
2524
2962
1455
1342
1395
2687
3098
1459
1333
1385
2571
3099
1457
1322
1386
2148
2502
1464
1328
1384
2780
3150
1461
1328
1389
2091
2473
1457
1321
1391
2621
3043
1454
1326
1394
2135
2534
1458
1321
1381
2169
2435
1449
1322
1390
2260
2640
1460
1326
1393
2221
2699
1460
1329
1397
2677
3247
1473
1330
1388
2526
2779
1455
1326
1391
2447
2991
1450
1327
1398
2212
2612
1460
1330
1394
2674
3026
1471
1335
1419
2673
3165
1481
1317
1386
2471
2930
1445
1334
1410
3138
3306
1469
1331
1399
2733
3056
1466
1329
1391
2275
2677
1466
1338
1400
2148
2460
1470
1348
1397
2649
3017
1453
1331
1382
2276
2588
1452
1335
1391
2741
3033
1467
1337
1394
2678
2968
1469
1334
1397
2603
2987
1462
1330
1395
2569
2879
1461
1333
1399
2601
3129
1459
1327
1391
2717
3107
1466
1325
1395
2417
2873
1463
1331
1393
2547
3254
1462
1331
1403
2649
3083
1469
1327
1393
2273
2701
1471
1334
1394
2612
3040
1453
1335
1397
2267
2599
1459
1323
1388
2502
2861
1460
1325
1393
2845
3317
1460
1324
1392
2060
2464
1465
1325
1394
2190
2532
1465
1327
1388
2738
3163
1455
1327
1400
2504
2804
1464
1327
1395
2365
2705
1472
1323
1389
2089
2339
1457
1330
1392
2618
3026
1462
1330
1391
2567
2967
1460
1336
1394
2448
2838
1464
1334
1405
2555
2985
1465
1332
1389
2421
2843
1467
1341
1393
2569
3129
1476
1328
1420
2302
2746
1488
1324
1383
2223
2769
1451
1341
1401
2477
2790
1469
1342
1399
2527
2809
1471
1337
1406
2206
2444
1463
1337
1398
2516
2990
1465
1340
1396
2634
3124
1460
1324
1390
2566
3078
1461
1330
1404
2630
3025
1471
1326
1404
2554
3034
1458
1337
1399
1953
2213
1459
1334
1400
2218
2617
1475
1329
1395
2347
2679
1463
1327
1391
2432
2741
1469
1340
1394
2522
3084
1462
1329
1388
2516
2924
1464
1325
1394
2176
2646
1458
1325
1390
2166
2398
1456
1340
1402
2748
3266
1468
1340
1396
2712
3056
1466
1331
1395
2445
2883
1463
1339
1395
2622
3091
1471
1331
1392
2334
2858
1463
1326
1391
2791
3383
1467
1346
1405
2273
2577
1467
1335
1403
2661
2955
1462
1328
1392
2802
3209
1460
1335
1390
2718
3147
1462
1333
1393
2641
3069
1458
1339
1406
2582
3158
1480
1341
1419
2997
3255
1486
1329
1384
2440
2918
1457
1343
1398
2342
2994
1463
1330
1390
2150
2393
1459
1335
1401
2569
3009
1468
1336
1397
2797
3171
1480
1330
1423
2637
3137
1491
1324
1384
2658
3039
1454
1332
1402
2532
2876
1469
1331
1409
2144
2556
1468
1336
1392
2518
3090
1465
1328
1390
2060
2442
1471
1343
1411
2199
2877
1458
1341
1399
2913
3167
1477
1330
1389
2785
3339
1469
1335
1394
2872
3386
1464
1334
1400
2590
2898
1474
1341
1398
2292
2594
1460
1344
1421
2489
3219
1473
1357
1421
2823
3219
1483
1325
1400
1992
2347
1460
1331
1391
2677
3493
1471
1340
1395
2779
3459
1471
1333
1396
2606
3003
1455
1328
1412
2682
2962
1471
1335
1402
2228
2738
1463
1335
1394
2430
2740
1462
1336
1402
2204
2469
1473
1341
1399
2535
2813
1471
1325
1393
1454
1568
2062
1516
1391
1462
2920
3292
1523
1336
1397
2591
3155
1462
1333
1409
2869
3435
1468
1336
1402
2136
2436
1467
1322
1409
2519
2951
1467
1341
1404
3080
3335
1471
1336
1402
2268
2628
1470
1346
1396
2372
2870
1466
1334
1393
2271
2693
1477
1340
1400
2232
2724
1471
1342
1404
2666
2915
1470
1345
1404
2169
2497
1471
1342
1400
2212
2520
1465
1333
1400
2332
2634
1459
1349
1401
2349
2709
1468
1332
1397
2625
2933
1463
1324
1399
2249
2559
1460
1331
1399
2851
3241
1461
1327
1402
3138
3524
1461
1340
1409
2121
2531
1465
1327
1400
2594
3164
1465
1341
1391
2471
2869
1463
1332
1401
2369
2929
1455
1343
1400
2613
3042
1464
1332
1404
2532
3076
1469
1346
1396
2573
3004
1469
1330
1397
2925
3263
1474
1339
1393
2571
3003
1477
1340
1402
2508
3066
1476
1337
1395
2207
2515
1467
1336
1407
1465
2281
2775
1532
1328
1402
2740
3180
1469
1343
1408
2718
3064
1478
1331
1408
2908
3428
1473
1340
1400
2822
3094
1467
1332
1405
2779
3115
1465
1352
1399
3229
1460
1634
1528
1400
1450
1512
2796
3338
1572
1330
1391
2755
3289
1467
1348
1411
3031
3485
1464
1348
1395
3433
1459
1586
1533
1401
1449
1519
2485
2749
1587
1345
1397
1453
2437
3156
1524
1345
1399
2639
3188
1461
1351
1411
2977
1472
1479
1533
1392
1462
3280
1525
1625
1584
1382
1447
2827
3384
1509
1333
1406
2974
3378
1470
1335
1406
2896
3296
1474
1350
1396
2418
2798
1496
1418
1429
1488
2612
3060
1551
1436
1410
1452
1514
2728
3178
1581
1332
1393
2699
3138
1471
1340
1416
3350
1469
1619
1536
1398
1465
3269
1511
1579
1579
1385
1461
2223
2649
1518
1334
1391
2841
3329
1467
1352
1405
3055
3351
1473
1343
1401
2449
2863
1478
1340
1396
2507
3416
1458
1347
1408
2086
2577
1475
1332
1411
2675
1468
1472
1527
1395
1466
2522
2867
1535
1339
1392
2230
2474
1464
1348
1398
2766
3168
1459
1338
1406
1472
1693
2181
1528
1393
1466
2906
3345
1527
1331
1405
2523
2748
1486
1366
1425
1496
2658
3180
1563
1343
1397
1455
2757
3479
1539
1385
1421
1490
2646
3238
1554
1453
1413
1448
1516
2286
2496
1578
1330
1394
2286
2608
1467
1352
1406
1464
2750
3224
1533
1325
1407
2301
2667
1468
1344
1415
2221
2583
1475
1346
1408
2211
2966
1476
1336
1394
2308
3174
1471
1335
1399
2543
1477
1485
1537
1395
1461
3309
1534
1842
1588
1394
1457
3301
1516
1540
1575
1399
1474
3500
1515
1577
1604
1419
1485
2598
3435
1550
1331
1398
2375
2782
1465
1346
1411
2501
2894
1470
1350
1404
3368
1479
1685
1544
1406
1471
3259
1535
1731
1580
1405
1482
2768
3119
1553
1373
1403
1461
2269
2597
1521
1333
1397
1477
1527
1614
1987
1613
1406
1463
2283
2803
1527
1329
1391
2027
2430
1469
1345
1402
2908
3384
1462
1335
1396
3440
1490
1767
1529
1420
1495
2693
3114
1559
1355
1401
1465
3059
1530
1542
1605
1397
1486
2988
3308
1563
1343
1425
3047
1494
1862
1555
1387
1457
2413
2875
1515
1353
1409
1500
2156
2626
1557
1430
1488
2534
2911
1553
1397
1423
3529
1514
1792
1571
1420
1531
3273
1557
1853
1653
1424
1492
1560
1918
2374
1615
1415
1494
1553
1843
2843
1649
1451
1546
1608
1612
2147
1705
1386
1496
2810
3162
1556
1372
1453
1516
2820
3418
1593
1396
1475
1534
1557
1808
1606
1390
1486
1551
1615
2166
1628
1449
1523
2597
3267
1574
1358
1415
2423
2697
1483
1379
1427
2757
3099
1513
1380
1462
1536
2094
2638
1592
1465
1509
2845
1589
2027
1644
1404
1459
1516
1519
2662
1568
1419
1448
1550
1846
2248
1601
1431
1486
2696
1553
1710
1632
1414
1497
1561
3055
1615
1617
1697
1384
1504
1564
1663
1687
2231
1733
1486
1550
3122
3434
1599
1391
1424
3286
1516
1983
1584
1413
1515
1598
2566
3330
1672
1457
1529
1591
2199
2941
1650
1372
1447
2505
2970
1514
1396
1416
2424
2700
1520
1344
1491
1537
1633
2072
1622
1439
1552
3074
1562
1620
1664
1431
1520
2840
1593
1726
1649
1416
1510
2394
3096
1553
1380
1425
2575
3097
1513
1390
1490
1520
1804
2257
1625
1443
1546
1616
1942
2216
1702
1455
1527
2869
1612
1631
1707
1404
1487
1562
1566
2214
1617
1427
1495
1549
1653
1947
1649
1460
1553
3047
3387
1627
1367
1451
1519
1621
2419
1597
1380
1500
2882
3139
1553
1406
1484
2348
2772
1599
1380
1488
3290
1507
1753
1621
1434
1525
2921
3385
1586
1364
1449
3143
1517
1707
1589
1385
1444
3128
1537
1695
1574
1424
1534
1576
1724
2208
1650
1442
1508
1556
1560
1846
1630
1390
1464
3260
1538
1662
1616
1438
1510
2842
3310
1586
1338
1406
2952
1460
1863
1541
1437
1477
2935
1563
1809
1608
1418
1496
3102
1544
1582
1642
1431
1491
1554
1612
2590
1617
1414
1519
1559
2119
3143
1636
1454
1526
2989
1569
1575
1656
1441
1507
3411
1592
1778
194
1296
1336
1310
1344
1259
1336
1400
1465
1550
1859
1944
1578
1296
1348
1417
1851
1945
1481
1287
1355
1991
2154
1417
1307
1366
2216
2446
1431
1295
1363
2097
2329
1429
1313
1365
2153
2429
1436
1306
1373
2211
2465
1444
1309
1379
2491
2925
1435
1322
1384
1987
2288
1447
1313
1378
2670
3148
1437
1320
1388
2142
2543
1467
1318
1409
2943
3373
1468
1309
1375
2509
2883
1453
1327
1411
2911
3517
1489
1328
1384
2728
3230
1434
1326
1398
2826
3338
1455
1328
1387
2079
2377
1473
1343
1436
2685
2685
3475
318
1277
1403
1415
1350
1447
1320
317
342
453
498
687
1127
1289
1331
1523
1339
1576
1937
1953
1974
1996
2021
2040
1884
1954
1653
1647
1647
1634
