4
5
6
6
160
292
445
598
753
880
986
86
233
388
539
691
820
949
1060
1099
1117
1145
193
449
662
897
1340
1413
1448
1480
1517
1560
1605
1658
1709
1771
1830
1900
1959
2023
2094
2191
2295
1897
1876
1845
1791
1748
1682
1608
1629
1695
1765
1828
1904
1941
2032
2092
2160
3154
2199
2273
2258
1909
1591
1556
1516
1607
1671
1756
1853
1932
2009
2088
3540
2160
2514
2225
1911
1613
1523
1615
1654
1745
1753
2457
1809
1514
1507
1601
3255
1654
1804
1734
1461
1445
1547
2659
1622
1780
1713
1467
1533
1594
194
222
355
412
1296
1348
1412
1648
1834
1278
1346
1384
1444
1522
2500
2712
1598
1345
1354
1420
2068
2363
1489
1311
1377
2671
3105
1439
1316
1374
2234
2458
1437
1321
1382
1435
2399
3269
1509
1384
1400
1444
2142
2335
1547
1440
1444
1515
3133
1608
1872
1678
1471
1531
1580
2254
2625
1671
1416
194
221
307
359
194
212
328
381
1302
1347
1412
1364
1405
1257
1322
1373
1424
1501
1639
1671
1575
1343
1347
1415
1567
1598
1485
1292
1358
1492
1519
1424
1302
1361
1376
1381
1426
1296
1362
1412
1424
1426
1296
1363
1438
1451
1424
1294
1358
1444
1458
1427
1307
1367
1459
1479
1434
1299
1363
1458
1500
1431
1305
1365
1474
1502
1431
1304
1367
1528
1555
1432
1305
1367
1499
1554
1428
1305
1376
1513
1550
1432
1307
1373
1590
1636
1436
1307
1372
1609
1697
1433
1304
1367
1631
1669
1430
1307
1369
1532
1577
1433
1304
1360
1504
1577
1442
1322
1391
1554
1606
1451
1311
1372
1548
1594
1434
1312
1374
1585
1624
1439
1310
1374
1697
1748
1438
1312
1378
1579
1625
1439
1311
1372
1604
1675
1439
1308
1373
1584
1649
1436
1313
1377
1708
1768
1440
1311
1379
1583
1673
1440
1315
1381
1638
1698
1450
1313
1379
1617
1693
1442
1314
1382
1765
1852
1445
1312
1377
1766
1882
1441
1317
1380
1618
1695
1447
1314
1378
1626
1699
1442
1317
1380
1768
1845
1447
1321
1382
1764
1858
1446
1313
1378
1644
1736
1440
1315
1379
1704
1806
1442
1322
1378
1779
1915
1444
1320
1382
1682
1743
1451
1318
1388
1670
1769
1448
1321
1385
1735
1817
1446
1314
1382
1640
1752
1444
1319
1380
1821
1944
1444
1320
1383
1810
1953
1443
1317
1384
1734
1874
1450
1316
1380
1725
1818
1447
1315
1388
1711
1784
1446
1317
1383
1663
1751
1448
1322
1390
1751
1847
1452
1318
1382
1796
1874
1445
1324
1384
1753
1828
1448
1321
1381
1785
1898
1450
1316
1390
1815
1912
1446
1320
1392
1799
1948
1456
1318
1382
1822
1936
1447
1321
1388
1758
1872
1449
1326
1380
1932
2083
1449
1317
1382
1801
1913
1443
1315
1381
1926
2007
1448
1316
1388
1792
1922
1447
1313
1379
1757
1877
1443
1320
1389
1920
2081
1443
1323
1380
1817
1917
1444
1323
1390
1784
1913
1453
1324
1387
1809
1989
1450
1317
1381
1941
2114
1445
1323
1385
1981
2087
1457
1318
1386
1814
1935
1446
1319
1389
1807
1922
1452
1321
1392
1785
1969
1458
1321
1390
1836
1942
1449
1320
1383
1850
1985
1456
1326
1394
1804
1918
1452
1323
1391
1820
1929
1451
1321
1386
1932
2054
1448
1324
1385
1894
2064
1463
1320
1389
1857
1986
1453
1322
1390
1943
2050
1449
1320
1385
2031
2264
1454
1318
1384
1918
2017
1443
1323
1387
1838
2030
1449
1325
1384
2027
2208
1450
1323
1389
2064
2264
1452
1321
1386
1903
2011
1448
1334
1388
1835
1970
1455
1326
1390
1923
2023
1446
1322
1383
1833
1964
1448
1317
1384
1990
2151
1452
1331
1391
1895
2019
1455
1327
1393
1896
2036
1450
1323
1383
1987
2129
1448
1324
1388
1948
2081
1451
1323
1388
1915
2117
1456
1324
1396
1995
2096
1451
1326
1385
1789
1961
1450
1326
1387
1938
2101
1452
1322
1385
1981
2103
1449
1322
1385
1945
2070
1449
1325
1394
1920
2067
1457
1318
1377
1818
1986
1443
1325
1389
1966
2173
1454
1330
1386
2035
2178
1456
1324
1384
1910
2075
1447
1332
1391
2028
2139
1457
1327
1388
1876
2019
1450
1322
1387
1885
1993
1453
1319
1384
2007
2111
1458
1321
1384
2019
2218
1454
1319
1398
2192
2417
1453
1322
1384
2124
2316
1448
1326
1388
2140
2336
1456
1324
1395
1970
2201
1448
1323
1386
1964
2150
1445
1327
1392
2094
2251
1451
1331
1390
2020
2156
1450
1330
1398
2128
2286
1457
1327
1395
2187
2355
1462
1318
1380
2059
2260
1448
1326
1406
1999
2131
1461
1325
1394
1990
2135
1453
1324
1388
1998
2190
1457
1323
1392
1965
2094
1452
1324
1390
1943
2074
1450
1322
1387
1970
2135
1450
1328
1387
1944
2094
1447
1323
1383
1940
2159
1449
1325
1393
2075
2178
1455
1321
1387
2087
2309
1451
1319
1395
2231
2445
1453
1323
1385
2119
2383
1451
1318
1386
2228
2508
1450
1323
1388
2094
2333
1459
1326
1385
2044
2230
1464
1321
1389
2000
2157
1456
1321
1387
1959
2138
1446
1323
1388
2196
2351
1446
1323
1398
2210
2360
1449
1322
1394
2014
2182
1452
1325
1390
1999
2186
1447
1332
1395
2048
2206
1453
1322
1390
2026
2252
1453
1321
1393
2083
2303
1457
1326
1394
2234
2488
1454
1318
1382
2215
2384
1454
1322
1383
1991
2166
1451
1329
1391
2026
2212
1447
1323
1385
2039
2295
1450
1333
1387
2239
2605
1453
1325
1389
2255
2554
1448
1320
1386
2209
2359
1452
1317
1382
2228
2427
1452
1326
1391
2072
2231
1448
1324
1386
2030
2217
1454
1325
1393
2046
2256
1449
1326
1389
1935
2169
1451
1330
1398
2030
2241
1447
1321
1384
1987
2195
1455
1326
1388
1988
2161
1445
1321
1383
2037
2223
1449
1325
1390
2242
2435
1451
1325
1389
2117
2321
1453
1335
1384
2202
2456
1449
1323
1396
2100
2372
1451
1324
1384
2260
2537
1450
1327
1393
2078
2249
1452
1334
1394
2059
2260
1456
1332
1388
2244
2472
1452
1331
1387
2142
2371
1447
1326
1389
2149
2489
1459
1328
1390
2094
2254
1451
1327
1395
2109
2306
1452
1325
1386
2048
2282
1451
1324
1388
2044
2216
1466
1331
1386
2296
2544
1454
1320
1400
2332
2548
1450
1321
1385
2252
2459
1452
1323
1400
2156
2366
1472
1330
1394
2143
2328
1456
1326
1393
2142
2348
1455
1333
1397
2278
2492
1453
1328
1392
2392
2683
1459
1330
1388
2313
2537
1450
1324
1391
2161
2346
1449
1327
1388
1998
2228
1446
1331
1390
2158
2339
1460
1329
1390
2106
2324
1456
1326
1390
2050
2330
1457
1324
1393
2077
2303
1455
1324
1390
1943
2140
1454
1324
1387
2327
2602
1458
1329
1393
2366
2675
1455
1321
1384
2361
2579
1456
1333
1394
2100
2334
1462
1325
1382
2294
2601
1456
1332
1389
2366
2649
1455
1329
1403
2231
2429
1465
1336
1389
2164
2428
1452
1332
1389
2069
2285
1449
1327
1388
1916
2112
1458
1323
1393
2063
2377
1460
1331
1392
2122
2418
1455
1324
1392
2423
2692
1461
1326
1387
2365
2612
1459
1327
1398
2316
2511
1448
1333
1395
2129
2375
1459
1317
1395
2021
2306
1456
1328
1395
2111
2355
1457
1328
1385
2319
2625
1453
1328
1403
2539
2779
1452
1336
1389
2433
2726
1456
1343
1390
2165
2430
1454
1331
1392
2479
2858
1459
1325
1390
2476
2820
1448
1321
1392
2464
2717
1451
1321
1390
2426
2729
1455
1320
1391
2481
2769
1457
1321
1397
2459
2725
1455
1330
1395
2197
2447
1456
1328
1400
2476
2700
1454
1324
1391
2481
2929
1464
1321
1397
2133
2388
1463
1325
1395
2499
2893
1463
1336
1394
2396
2744
1458
1330
1396
2145
2565
1456
1330
1397
2083
2329
1462
1328
1403
2151
2399
1457
1328
1396
2088
2388
1461
1332
1392
2537
2804
1447
1326
1398
2279
2562
1450
1330
1393
2143
2519
1454
1333
1398
2528
2886
1463
1322
1389
2453
2822
1453
1330
1393
2539
2899
1460
1328
1397
2498
2895
1458
1339
1390
2414
2682
1451
1326
1393
1993
2341
1459
1324
1394
2372
2802
1459
1336
1402
2230
2476
1458
1330
1393
2609
2942
1462
1325
1393
2455
2784
1451
1335
1390
2560
2806
1467
1337
1397
2507
2912
1458
1330
1385
2483
2744
1461
1327
1399
2120
2318
1461
1330
1399
2065
2293
1467
1333
1394
2430
2805
1454
1334
1396
2582
2912
1469
1336
1401
2355
2645
1468
1333
1395
2197
2501
1460
1327
1395
2454
2781
1460
1331
1393
2514
2880
1458
1330
1389
2511
2994
1466
1326
1392
2588
2932
1460
1333
1385
2549
2985
1451
1331
1398
2640
3022
1462
1332
1400
2525
2895
1459
1333
1383
2624
2886
1460
1326
1391
2126
2319
1454
1328
1401
2107
2399
1460
1329
1387
2231
2717
1463
1328
1390
2586
2964
1458
1322
1390
2510
2784
1460
1321
1395
2569
3067
1453
1331
1393
1952
2199
1453
1329
1388
2077
2317
1454
1322
1398
2052
2243
1462
1321
1393
2109
2419
1455
1332
1393
2201
2513
1461
1331
1393
2195
2413
1456
1332
1394
2568
2949
1465
1321
1396
2542
2900
1462
1321
1389
2513
2911
1453
1324
1399
2587
2825
1452
1328
1396
2100
2482
1456
1326
1397
2245
2519
1458
1333
1391
2219
2515
1461
1345
1391
2511
2787
1459
1321
1393
2627
2887
1463
1325
1392
2196
2650
1467
1321
1392
2668
3006
1460
1330
1398
2524
2898
1472
1323
1393
2201
2465
1461
1322
1402
2354
2754
1464
1323
1406
2140
2560
1469
1325
1396
2321
2628
1465
1335
1395
2587
2950
1461
1331
1401
2589
2912
1457
1325
1395
2653
3032
1459
1331
1395
2295
2665
1458
1338
1399
1977
2380
1458
1336
1389
2599
3121
1463
1335
1400
2420
2863
1457
1330
1402
2562
2982
1458
1332
1395
2571
3053
1473
1324
1394
2659
2825
1460
1331
1387
2147
2441
1456
1332
1394
2676
3108
1455
1333
1396
2694
3092
1461
1335
1392
2520
2895
1462
1328
1396
2209
2739
1453
1325
1393
2643
3129
1452
1339
1399
2560
2829
1468
1329
1397
2637
3087
1463
1327
1394
2550
2927
1460
1335
1396
2274
2588
1462
1327
1400
2254
2520
1456
1334
1399
2302
2513
1456
1329
1394
1896
2166
1462
1329
1396
2580
3010
1461
1331
1400
2496
2918
1452
1328
1396
2578
3054
1458
1326
1398
2694
3014
1468
1333
1390
2650
3081
1458
1341
1399
2579
2989
1458
1323
1388
2540
2980
1457
1324
1389
2729
3041
1458
1331
1386
2232
2816
1457
1337
1400
2714
3065
1462
1329
1394
2626
2996
1463
1324
1399
2271
2669
1457
1330
1401
2641
3111
1459
1335
1396
2576
2868
1462
1344
1395
2531
3110
1467
1327
1395
2664
3113
1455
1328
1396
2350
2576
1455
1338
1402
2256
2636
1453
1336
1391
2473
2723
1465
1327
1393
2621
2909
1465
1327
1404
2644
3052
1452
1331
1402
2130
2668
1463
1320
1387
2611
2879
1458
1333
1398
2416
2724
1460
1328
1406
2716
3110
1459
1329
1394
2716
3119
1447
1328
1389
2187
2453
1467
1337
1397
2375
2709
1451
1336
1396
2144
2440
1462
1333
1386
2514
2925
1458
1326
1397
2627
3053
1469
1348
1390
2506
2936
1463
1334
1400
2674
3140
1455
1327
1391
2151
2421
1459
1322
1397
2059
2433
1458
1337
1403
2257
2577
1459
1328
1395
2397
2753
1459
1330
1402
2620
2856
1462
1325
1395
2173
2553
1464
1333
1401
2707
3193
1450
1332
1397
2793
3213
1467
1333
1395
2773
3205
1455
1326
1393
2009
2327
1465
1333
1398
2236
2596
1465
1328
1395
2577
3044
1467
1340
1411
2295
2624
1459
1328
1396
2660
3106
1463
1334
1406
2570
3028
1463
1339
1403
2616
2989
1469
1333
1396
2664
3026
1462
1343
1406
2440
2822
1469
1330
1395
2883
3291
1476
1338
1390
2772
3304
1466
1333
1394
2244
2579
1465
1338
1404
2238
2563
1474
1333
1394
2220
2551
1460
1327
1393
2259
2571
1462
1338
1398
2314
2602
1466
1331
1396
2175
2520
1463
1343
1400
2704
3186
1459
1333
1403
2703
3155
1459
1332
1392
2698
3172
1458
1338
1401
2457
2715
1451
1326
1396
2378
2878
1458
1336
1394
2524
2914
1466
1326
1389
3001
3290
1471
1337
1399
2687
3314
1463
1335
1400
2458
2950
1455
1330
1396
2634
3104
1461
1332
1398
2142
2584
1460
1329
1398
2452
2992
1464
1328
1401
2549
3007
1471
1348
1400
2334
2517
1471
1336
1399
2421
2697
1466
1332
1399
2628
3212
1471
1336
1403
2579
2991
1471
1355
1403
2739
3041
1461
1338
1399
2737
2929
1462
1326
1395
2257
2549
1468
1332
1397
2369
2630
1463
1334
1399
2319
2589
1470
1334
1400
2178
2668
1471
1331
1398
2326
2693
1465
1336
1396
2622
3010
1462
1333
1392
2576
3133
1465
1335
1401
2534
2950
1470
1333
1399
2307
2653
1463
1332
1404
2677
3112
1460
1337
1396
2701
3176
1468
1340
1417
2895
3312
1463
1336
1404
2634
3089
1456
1336
1402
2612
3040
1456
1336
1395
2537
2955
1469
1331
1389
2719
3157
1458
1329
1395
2539
3008
1467
1330
1403
2651
3117
1455
1327
1391
2741
3381
1460
1333
1400
3056
3520
1472
1332
1393
3015
3505
1453
1336
1393
2593
3163
1468
1332
1396
2552
3038
1461
1342
1409
2283
2577
1475
1329
1397
2649
2917
1458
1323
1390
2220
2514
1456
1334
1391
2209
2473
1471
1329
1386
2592
2914
1461
1327
1399
2287
2743
1456
1341
1401
2747
3085
1464
1335
1403
2417
2761
1466
1329
1403
2467
2713
1477
1331
1397
2253
2571
1467
1334
1396
2244
2712
1465
1331
1394
2912
3410
1466
1328
1392
2246
2987
1455
1335
1400
2167
2454
1463
1343
1399
2357
2662
1474
1342
1398
2764
3166
1463
1330
1398
2320
2523
1465
1329
1397
2035
2443
1462
1333
1402
2658
3026
1459
1335
1395
2529
2969
1460
1335
1389
2570
3003
1460
1331
1390
2940
3494
1461
1337
1398
2376
2568
1464
1339
1405
2483
2882
1461
1327
1393
2599
3063
1460
1335
1398
2530
2876
1461
1329
1414
2362
2738
1466
1335
1402
2395
2722
1477
1336
1399
2603
2957
1466
1327
1393
2551
3145
1460
1336
1400
2470
2779
1472
1338
1404
2264
2580
1474
1337
1399
2609
3115
1469
1335
1398
2244
2660
1466
1341
1400
2858
3223
1459
1337
1397
2729
3147
1465
1331
1399
2175
2589
1458
1329
1400
2176
2376
1464
1340
1409
2443
2921
1472
1335
1392
3236
1466
1515
1529
1394
1459
2669
2929
1529
1337
1398
2254
2598
1468
1342
1404
2574
3246
1470
1332
1395
2353
2759
1464
1341
1399
2873
3135
1484
1344
1428
2490
2807
1495
1328
1383
2277
2736
1451
1349
1405
2555
2865
1479
1329
1402
2296
2957
1464
1345
1400
2672
3180
1465
1331
1395
2735
3175
1465
1345
1403
2317
2997
1479
1340
1404
2213
2748
1467
1338
1400
2994
3282
1466
1341
1405
2335
2681
1477
1342
1400
2302
2547
1466
1332
1411
2282
2513
1475
1337
1400
2814
3070
1461
1340
1406
2970
3456
1482
1343
1406
2642
2923
1465
1338
1411
2915
3238
1472
1341
1408
2642
3068
1462
1344
1406
3002
1475
1673
1527
1382
1459
2841
3211
1518
1346
1403
2339
2763
1470
1334
1407
2447
3137
1465
1334
1407
2865
3393
1479
1342
1398
2574
2878
1474
1351
1399
2283
2759
1472
1329
1402
3000
3286
1474
1352
1414
2846
3234
1475
1339
1401
2925
3591
1460
1344
1399
2572
3415
1469
1338
1406
2737
3303
1465
1340
1400
2726
3416
1478
1336
1401
2561
2895
1464
1343
1402
2768
3260
1469
1340
1397
2579
3115
1466
1352
1403
2371
2657
1478
1344
1415
2827
3299
1466
1336
1397
2633
3239
1468
1336
1398
3238
3568
1462
1357
1400
1461
2468
2812
1532
1346
1397
2675
3255
1463
1344
1397
2617
2953
1476
1346
1404
2377
2704
1462
1329
1404
3104
3415
1467
1340
1399
2745
2999
1474
1328
1401
2803
3133
1470
1349
1407
2789
3352
1472
1339
1403
2469
3433
1479
1349
1404
2908
3268
1471
1341
1398
2166
2416
1460
1349
1401
2372
2899
1466
1335
1409
2943
3367
1455
1332
1393
2897
3547
1469
1340
1400
1462
2320
2834
1536
1322
1396
3046
1472
1613
1529
1382
1461
2891
3251
1521
1342
1399
2655
3014
1454
1348
1399
3349
1469
1723
1535
1398
1457
2357
2695
1531
1339
1408
3482
1484
1869
1527
1422
1490
2674
2943
1547
1324
1404
2331
2729
1469
1354
1406
2722
3066
1475
1342
1398
2404
2756
1466
1334
1417
3315
1469
1675
1528
1398
1472
3460
1520
1764
1586
1424
1457
1525
2793
3043
1584
1327
1400
2730
3140
1462
1351
1400
2262
2598
1483
1346
1407
2423
2639
1478
1334
1404
2658
3048
1477
1342
1408
2624
3081
1488
1329
1438
1484
1487
1826
1571
1423
1467
1532
1601
1719
2377
1671
1388
1473
2975
3641
1545
1351
1398
1462
2686
3365
1528
1338
1403
2593
3077
1464
1354
1410
2884
1481
1527
1555
1406
1472
2362
3464
1521
1351
1402
1460
1826
2522
1534
1400
1463
2689
3030
1525
1344
1408
2886
1468
1536
1539
1417
1470
2606
3354
1538
1346
1406
3032
1475
1709
1541
1389
1494
1561
1635
1951
1607
1394
1443
1511
3253
1589
1872
1653
1420
1503
3653
1573
1932
1632
1389
1442
1502
3358
1568
1718
1643
1391
1494
2954
3351
1536
1375
1425
2265
2603
1507
1340
1435
2183
2363
1506
1344
1414
3290
1465
1633
1537
1414
1468
3136
1535
1538
1586
1445
1460
1517
1594
1605
2068
1658
1385
1450
2900
3223
1527
1333
1430
1476
1484
2242
1553
1411
1484
3574
1554
1994
1632
1388
1478
1557
2033
2557
1601
1420
1486
2480
2840
1547
1356
1405
3305
1475
1775
1546
1407
1498
1567
1843
2192
1623
1412
1476
1558
1565
2354
1623
1429
1513
1594
1718
2488
1646
1410
1490
3052
3400
1537
1355
1438
2841
3586
1494
1374
1433
3305
1486
1607
1575
1407
1469
2821
3451
1519
1341
1416
3192
1484
1501
1557
1411
1515
3239
3569
1548
1366
1452
2788
3046
1500
1393
1449
1510
1587
1912
1593
1472
1504
1592
1786
2165
1657
1410
1538
3222
1553
1791
1654
1445
1540
1595
2242
1660
1693
1739
1456
1549
1606
1739
2234
1654
1400
1462
1538
3128
3439
1606
1394
1434
2265
2736
1531
1355
1471
2399
2797
1540
1361
1453
1518
1582
2177
1590
1396
1464
3286
3537
1522
1355
1430
3466
1496
1766
1537
1409
1471
3033
1545
1610
1597
1434
1503
3019
1554
1703
1625
1408
1449
2647
2969
1533
1357
1418
3568
1490
1736
1542
1440
1527
1565
2079
2699
1648
1422
1540
3016
1563
1599
1644
1426
1523
1595
1831
2747
1647
1435
1514
1560
2065
2794
1644
1428
1520
1549
2037
2607
1678
1452
1536
1610
1644
1959
1660
1387
1470
3222
3588
1507
1375
1474
3164
1500
1509
1607
1529
1536
1609
1673
2108
2589
1735
1429
1445
1520
3062
1564
2068
1690
1440
1512
2876
3148
1601
1339
1433
3239
1501
1555
1578
1388
1494
3558
1544
2052
1622
1416
1513
1591
1795
2587
1661
1470
1525
3393
1593
1855
1670
1385
1509
2615
3447
1560
1423
1463
1566
1894
2370
1630
1462
1550
1645
2061
2919
1714
1480
1551
1633
2767
1706
1710
1816
1544
1652
3060
1708
1839
1793
1453
1512
1527
3457
1617
1970
1663
1424
1471
3221
1550
2002
1634
1388
1555
2977
1565
1957
1670
1431
1601
1602
2196
2606
1742
1417
1556
3320
3554
1592
1372
1425
3247
1489
1827
1559
1411
1479
2827
3240
1525
1361
1417
2337
3419
1492
1354
1415
3545
1490
2077
1565
1436
1545
1611
1823
2943
1731
1587
1514
1627
1658
2273
2943
1739
1431
1527
1561
2351
2861
1640
1425
1491
2382
3397
1599
1479
1542
1637
2263
2729
1696
1452
1574
2854
1654
1754
1748
1493
194
1296
1337
1392
1465
1238
1320
1392
1458
1533
2041
2125
1579
1299
1354
1426
1844
1992
1485
1291
1363
1945
2085
1427
1299
1377
2069
2431
1434
1298
1361
2003
2252
1425
1301
1366
2436
2714
1436
1307
1373
2458
2825
1434
1307
1381
2485
2723
1436
1306
1386
2400
2704
1438
1315
1384
2106
2362
1446
1307
1385
2143
2279
1456
1316
1380
2129
2387
1453
1313
1377
2753
3158
1441
1311
1382
2109
2567
1445
1320
1403
2809
1453
1461
1545
1400
1467
2673
3203
1523
1322
1393
2099
2345
1458
1315
1362
2482
2482
3411
316
1284
1408
1415
1444
1658
1567
315
339
435
482
683
1224
1291
1618
1406
1519
1512
1963
1978
1997
2021
2045
2080
2097
1916
2005
1701
1579
1559
