0.01
0.01
0.01
0.00
0.32
0.43
0.37
0.42
0.48
0.45
0.46
0.24
0.33
0.43
0.37
0.37
0.42
0.46
0.55
0.18
0.14
0.23
0.19
1.14
0.92
0.76
1.05
0.33
0.26
0.23
0.31
0.34
0.35
0.38
0.44
0.46
0.50
0.53
0.56
0.55
0.03
0.00
0.57
0.61
0.64
0.64
0.60
0.50
0.72
0.69
0.64
0.65
0.65
0.67
0.66
0.65
0.65
0.64
0.02
0.61
0.00
0.47
0.55
0.79
0.90
0.86
0.61
0.74
0.55
0.54
0.64
0.58
0.47
0.02
0.52
0.00
0.70
0.59
0.62
0.82
0.70
0.03
0.79
0.00
0.67
0.83
0.62
0.57
0.24
0.08
0.01
0.00
2.83
1.15
0.39
0.05
0.00
0.47
0.56
0.72
0.70
0.72
0.03
0.00
0.70
0.79
0.78
0.71
0.03
0.00
0.76
0.93
0.73
0.02
0.00
0.73
0.82
0.70
0.03
0.00
0.73
0.84
0.71
0.03
0.00
0.74
0.80
0.76
0.03
0.00
0.75
0.92
0.72
0.03
0.00
0.76
0.84
0.74
0.03
0.00
0.74
0.94
0.73
0.03
0.61
0.00
0.79
0.90
0.73
0.03
0.00
0.65
0.21
0.06
0.01
0.00
0.20
0.06
0.01
0.00
2.90
1.15
0.36
0.02
0.00
0.48
0.57
0.72
0.68
0.69
0.02
0.00
0.69
0.83
0.70
0.02
0.00
0.69
0.76
0.70
0.01
0.00
0.69
0.77
0.70
0.01
0.00
0.69
0.77
0.68
0.01
0.00
0.68
0.78
0.70
0.01
0.00
0.69
0.77
0.70
0.01
0.00
0.69
0.78
0.68
0.01
0.00
0.70
0.77
0.69
0.01
0.00
0.68
0.77
0.69
0.02
0.00
0.71
0.75
0.69
0.02
0.00
0.68
0.75
0.69
0.01
0.00
0.68
0.76
0.69
0.02
0.00
0.69
0.77
0.69
0.02
0.00
0.69
0.75
0.71
0.02
0.00
0.69
0.77
0.68
0.01
0.00
0.69
0.81
0.69
0.02
0.00
0.69
0.76
0.69
0.01
0.00
0.71
0.80
0.72
0.01
0.00
0.70
0.77
0.69
0.01
0.00
0.70
0.78
0.69
0.01
0.00
0.69
0.77
0.71
0.01
0.00
0.68
0.78
0.69
0.01
0.00
0.69
0.77
0.68
0.02
0.00
0.68
0.77
0.68
0.02
0.00
0.68
0.78
0.68
0.02
0.00
0.68
0.76
0.68
0.02
0.00
0.70
0.77
0.68
0.01
0.00
0.70
0.78
0.69
0.02
0.00
0.69
0.77
0.68
0.02
0.00
0.69
0.77
0.67
0.02
0.00
0.71
0.79
0.72
0.02
0.00
0.69
0.77
0.68
0.01
0.00
0.69
0.77
0.68
0.01
0.00
0.69
0.78
0.69
0.02
0.00
0.68
0.77
0.69
0.01
0.00
0.69
0.77
0.69
0.01
0.00
0.68
0.80
0.67
0.02
0.00
0.69
0.77
0.69
0.02
0.00
0.70
0.77
0.70
0.01
0.00
0.69
0.77
0.68
0.02
0.00
0.68
0.78
0.69
0.02
0.00
0.70
0.76
0.68
0.02
0.00
0.69
0.77
0.68
0.02
0.00
0.70
0.77
0.69
0.02
0.00
0.70
0.79
0.68
0.02
0.00
0.69
0.77
0.72
0.02
0.00
0.70
0.77
0.70
0.02
0.00
0.72
0.77
0.69
0.02
0.00
0.69
0.81
0.68
0.02
0.00
0.71
0.77
0.67
0.02
0.00
0.70
0.81
0.68
0.03
0.00
0.68
0.77
0.70
0.03
0.00
0.69
0.76
0.69
0.02
0.00
0.69
0.77
0.69
0.02
0.00
0.70
0.78
0.68
0.01
0.00
0.69
0.77
0.73
0.01
0.00
0.68
0.80
0.71
0.02
0.00
0.69
0.77
0.69
0.02
0.00
0.69
0.78
0.71
0.02
0.00
0.69
0.76
0.70
0.02
0.00
0.68
0.77
0.68
0.02
0.00
0.71
0.78
0.68
0.02
0.00
0.70
0.78
0.72
0.02
0.00
0.69
0.78
0.69
0.02
0.00
0.68
0.77
0.70
0.02
0.00
0.71
0.81
0.70
0.02
0.00
0.68
0.79
0.71
0.02
0.00
0.69
0.76
0.68
0.02
0.00
0.69
0.79
0.68
0.02
0.00
0.69
0.77
0.69
0.02
0.00
0.69
0.77
0.68
0.02
0.00
0.68
0.76
0.72
0.03
0.00
0.69
0.79
0.68
0.03
0.00
0.69
0.77
0.70
0.02
0.00
0.73
0.78
0.71
0.02
0.00
0.69
0.76
0.68
0.02
0.00
0.68
0.78
0.72
0.02
0.00
0.68
0.76
0.70
0.02
0.00
0.68
0.77
0.70
0.01
0.00
0.71
0.80
0.69
0.03
0.00
0.69
0.77
0.69
0.03
0.00
0.70
0.77
0.69
0.02
0.00
0.70
0.77
0.71
0.02
0.00
0.71
0.77
0.69
0.03
0.00
0.71
0.78
0.69
0.02
0.00
0.69
0.77
0.68
0.02
0.00
0.70
0.78
0.69
0.02
0.00
0.69
0.77
0.69
0.03
0.00
0.72
0.77
0.71
0.03
0.00
0.70
0.77
0.68
0.03
0.00
0.70
0.78
0.69
0.04
0.00
0.70
0.78
0.70
0.03
0.00
0.68
0.78
0.70
0.02
0.00
0.69
0.80
0.68
0.02
0.00
0.68
0.78
0.68
0.02
0.00
0.69
0.78
0.69
0.03
0.00
0.69
0.77
0.68
0.03
0.00
0.67
0.78
0.67
0.02
0.00
0.69
0.76
0.70
0.03
0.00
0.68
0.81
0.69
0.03
0.00
0.68
0.77
0.70
0.07
0.00
0.69
0.78
0.70
0.03
0.00
0.70
0.80
0.68
0.02
0.00
0.68
0.77
0.70
0.03
0.00
0.68
0.77
0.70
0.03
0.00
0.69
0.81
0.68
0.03
0.00
0.68
0.79
0.71
0.02
0.00
0.69
0.79
0.73
0.02
0.00
0.68
0.78
0.67
0.02
0.00
0.68
0.78
0.70
0.03
0.00
0.69
0.81
0.70
0.03
0.00
0.68
0.80
0.69
0.02
0.00
0.68
0.79
0.69
0.03
0.00
0.69
0.77
0.69
0.02
0.00
0.68
0.76
0.69
0.03
0.00
0.68
0.78
0.69
0.02
0.00
0.71
0.77
0.69
0.03
0.00
0.68
0.79
0.72
0.03
0.00
0.68
0.79
0.69
0.02
0.00
0.69
0.78
0.69
0.03
0.00
0.69
0.76
0.70
0.04
0.00
0.68
0.79
0.70
0.02
0.00
0.70
0.81
0.69
0.03
0.00
0.70
0.78
0.68
0.03
0.00
0.69
0.77
0.69
0.03
0.00
0.69
0.78
0.68
0.03
0.00
0.69
0.77
0.71
0.02
0.00
0.68
0.78
0.69
0.02
0.00
0.68
0.80
0.70
0.03
0.00
0.70
0.80
0.68
0.02
0.00
0.70
0.81
0.68
0.03
0.00
0.69
0.77
0.69
0.03
0.00
0.69
0.80
0.70
0.02
0.00
0.68
0.78
0.70
0.03
0.00
0.68
0.79
0.70
0.03
0.00
0.68
0.79
0.69
0.03
0.00
0.69
0.78
0.70
0.03
0.00
0.68
0.78
0.72
0.04
0.00
0.72
0.77
0.70
0.02
0.00
0.70
0.78
0.71
0.03
0.00
0.70
0.77
0.71
0.03
0.00
0.72
0.82
0.70
0.03
0.00
0.70
0.77
0.73
0.03
0.00
0.68
0.76
0.71
0.03
0.00
0.69
0.80
0.68
0.03
0.00
0.70
0.82
0.71
0.03
0.00
0.68
0.76
0.68
0.04
0.00
0.68
0.79
0.69
0.01
0.00
0.69
0.79
0.70
0.03
0.00
0.68
0.76
0.69
0.03
0.00
0.69
0.82
0.69
0.03
0.00
0.72
0.79
0.68
0.02
0.00
0.72
0.78
0.70
0.02
0.00
0.74
0.78
0.69
0.04
0.00
0.68
0.79
0.68
0.04
0.00
0.71
0.79
0.71
0.03
0.00
0.70
0.80
0.70
0.04
0.00
0.71
0.79
0.68
0.02
0.00
0.70
0.77
0.69
0.03
0.00
0.69
0.79
0.70
0.03
0.00
0.69
0.78
0.69
0.02
0.00
0.68
0.79
0.69
0.03
0.00
0.72
0.78
0.70
0.03
0.00
0.71
0.77
0.71
0.03
0.00
0.71
0.79
0.68
0.03
0.00
0.69
0.77
0.71
0.03
0.00
0.71
0.78
0.69
0.03
0.00
0.69
0.80
0.69
0.03
0.00
0.68
0.78
0.68
0.02
0.00
0.70
0.79
0.69
0.03
0.00
0.70
0.79
0.70
0.04
0.00
0.68
0.79
0.68
0.03
0.00
0.68
0.82
0.70
0.03
0.00
0.69
0.81
0.69
0.03
0.00
0.69
0.80
0.71
0.03
0.00
0.71
0.79
0.72
0.03
0.00
0.69
0.81
0.69
0.03
0.00
0.70
0.79
0.69
0.03
0.00
0.69
0.80
0.69
0.03
0.00
0.69
0.78
0.71
0.03
0.00
0.70
0.76
0.70
0.03
0.00
0.69
0.81
0.69
0.03
0.00
0.69
0.79
0.72
0.03
0.00
0.68
0.81
0.69
0.03
0.00
0.69
0.78
0.72
0.02
0.00
0.69
0.78
0.70
0.03
0.00
0.70
0.81
0.68
0.03
0.00
0.68
0.78
0.70
0.04
0.00
0.68
0.78
0.68
0.03
0.00
0.72
0.79
0.70
0.03
0.00
0.71
0.78
0.71
0.03
0.00
0.70
0.78
0.70
0.03
0.00
0.69
0.81
0.68
0.04
0.00
0.69
0.78
0.72
0.03
0.00
0.69
0.77
0.72
0.04
0.00
0.71
0.77
0.68
0.03
0.00
0.74
0.80
0.70
0.03
0.00
0.68
0.78
0.72
0.03
0.00
0.69
0.79
0.68
0.04
0.00
0.69
0.80
0.67
0.04
0.00
0.71
0.81
0.71
0.03
0.00
0.70
0.81
0.72
0.03
0.00
0.69
0.81
0.70
0.03
0.00
0.69
0.80
0.71
0.04
0.00
0.70
0.79
0.71
0.03
0.00
0.73
0.80
0.69
0.04
0.00
0.70
0.80
0.69
0.03
0.00
0.70
0.80
0.68
0.03
0.00
0.72
0.80
0.67
0.04
0.00
0.73
0.78
0.69
0.05
0.00
0.72
0.78
0.68
0.04
0.00
0.70
0.80
0.70
0.04
0.00
0.72
0.78
0.68
0.04
0.00
0.71
0.80
0.70
0.03
0.00
0.71
0.78
0.73
0.03
0.00
0.70
0.78
0.70
0.03
0.00
0.68
0.79
0.69
0.02
0.00
0.70
0.79
0.70
0.03
0.00
0.68
0.79
0.70
0.04
0.00
0.69
0.78
0.73
0.03
0.01
0.72
0.78
0.71
0.05
0.00
0.70
0.79
0.69
0.03
0.00
0.70
0.77
0.69
0.03
0.00
0.70
0.79
0.69
0.04
0.00
0.69
0.80
0.68
0.03
0.00
0.72
0.79
0.70
0.03
0.00
0.70
0.80
0.70
0.04
0.00
0.69
0.80
0.71
0.03
0.00
0.69
0.80
0.71
0.03
0.00
0.73
0.81
0.70
0.03
0.00
0.71
0.78
0.70
0.03
0.00
0.68
0.80
0.69
0.03
0.00
0.72
0.78
0.73
0.02
0.00
0.70
0.77
0.69
0.04
0.00
0.72
0.79
0.73
0.03
0.00
0.67
0.78
0.72
0.04
0.00
0.73
0.80
0.72
0.03
0.00
0.71
0.79
0.71
0.03
0.00
0.71
0.78
0.70
0.03
0.00
0.69
0.80
0.71
0.04
0.00
0.69
0.79
0.69
0.04
0.00
0.69
0.81
0.69
0.04
0.00
0.70
0.80
0.68
0.02
0.00
0.74
0.79
0.68
0.03
0.00
0.68
0.81
0.70
0.02
0.00
0.69
0.77
0.69
0.02
0.00
0.70
0.78
0.68
0.04
0.00
0.70
0.77
0.69
0.03
0.00
0.70
0.77
0.70
0.04
0.00
0.70
0.78
0.73
0.03
0.00
0.70
0.77
0.71
0.03
0.00
0.70
0.80
0.73
0.04
0.00
0.71
0.76
0.72
0.04
0.00
0.71
0.78
0.72
0.03
0.00
0.70
0.81
0.71
0.04
0.00
0.71
0.81
0.68
0.03
0.00
0.71
0.80
0.69
0.03
0.00
0.72
0.78
0.70
0.03
0.00
0.75
0.80
0.69
0.03
0.00
0.67
0.82
0.70
0.02
0.00
0.71
0.77
0.68
0.03
0.00
0.72
0.84
0.70
0.04
0.00
0.75
0.78
0.69
0.03
0.00
0.70
0.77
0.70
0.04
0.00
0.70
0.80
0.70
0.03
0.00
0.72
0.81
0.70
0.04
0.00
0.73
0.80
0.70
0.05
0.00
0.69
0.79
0.71
0.02
0.00
0.69
0.81
0.69
0.04
0.00
0.70
0.76
0.74
0.02
0.00
0.74
0.80
0.70
0.03
0.00
0.71
0.79
0.72
0.03
0.00
0.68
0.78
0.72
0.03
0.00
0.68
0.80
0.73
0.03
0.00
0.70
0.78
0.70
0.04
0.00
0.68
0.79
0.74
0.03
0.00
0.72
0.78
0.68
0.03
0.00
0.70
0.82
0.68
0.04
0.00
0.71
0.78
0.71
0.04
0.00
0.70
0.81
0.72
0.04
0.00
0.69
0.79
0.71
0.03
0.00
0.70
0.83
0.73
0.03
0.00
0.69
0.81
0.69
0.03
0.00
0.68
0.81
0.73
0.04
0.00
0.69
0.78
0.70
0.03
0.00
0.70
0.80
0.70
0.02
0.00
0.70
0.84
0.71
0.03
0.00
0.69
0.78
0.68
0.03
0.00
0.69
0.83
0.70
0.01
0.00
0.69
0.77
0.71
0.02
0.00
0.72
0.79
0.71
0.02
0.00
0.70
0.80
0.69
0.02
0.00
0.72
0.82
0.69
0.02
0.00
0.69
0.77
0.70
0.03
0.00
0.72
0.79
0.72
0.03
0.00
0.69
0.81
0.69
0.04
0.00
0.73
0.80
0.72
0.04
0.00
0.71
0.78
0.70
0.02
0.00
0.73
0.81
0.68
0.04
0.00
0.71
0.78
0.72
0.04
0.00
0.72
0.78
0.69
0.04
0.00
0.74
0.80
0.68
0.04
0.01
0.71
0.82
0.72
0.04
0.00
0.69
0.80
0.71
0.04
0.00
0.68
0.80
0.71
0.03
0.00
0.71
0.83
0.70
0.03
0.00
0.69
0.80
0.72
0.02
0.00
0.70
0.81
0.72
0.04
0.00
0.72
0.78
0.70
0.04
0.00
0.72
0.80
0.71
0.04
0.00
0.68
0.78
0.70
0.03
0.00
0.72
0.80
0.69
0.03
0.00
0.68
0.79
0.70
0.04
0.00
0.68
0.79
0.69
0.03
0.00
0.72
0.80
0.69
0.04
0.00
0.69
0.78
0.72
0.04
0.00
0.73
0.79
0.69
0.02
0.00
0.70
0.80
0.68
0.03
0.00
0.68
0.79
0.68
0.04
0.00
0.71
0.75
0.68
0.04
0.00
0.70
0.81
0.68
0.03
0.00
0.72
0.80
0.71
0.04
0.00
0.71
0.80
0.69
0.04
0.00
0.69
0.79
0.75
0.03
0.01
0.70
0.76
0.68
0.03
0.00
0.71
0.78
0.70
0.04
0.00
0.70
0.79
0.71
0.04
0.00
0.74
0.80
0.71
0.03
0.00
0.70
0.78
0.68
0.02
0.00
0.69
0.77
0.73
0.02
0.00
0.71
0.79
0.72
0.04
0.00
0.70
0.84
0.70
0.03
0.00
0.72
0.80
0.68
0.03
0.00
0.69
0.77
0.72
0.02
0.00
0.74
0.79
0.71
0.04
0.00
0.68
0.83
0.71
0.02
0.00
0.71
0.81
0.73
0.03
0.00
0.74
0.78
0.68
0.02
0.00
0.73
0.79
0.75
0.03
0.00
0.69
0.79
0.70
0.05
0.00
0.70
0.81
0.70
0.04
0.00
0.71
0.79
0.73
0.03
0.00
0.72
0.79
0.70
0.04
0.00
0.73
0.78
0.70
0.03
0.00
0.69
0.86
0.67
0.04
0.00
0.69
0.80
0.71
0.03
0.00
0.73
0.78
0.70
0.03
0.00
0.73
0.80
0.69
0.03
0.00
0.70
0.80
0.71
0.03
0.00
0.74
0.80
0.74
0.05
0.00
0.72
0.81
0.75
0.04
0.00
0.71
0.79
0.70
0.05
0.00
0.71
0.80
0.69
0.03
0.00
0.71
0.81
0.70
0.04
0.00
0.68
0.84
0.70
0.03
0.00
0.70
0.79
0.69
0.02
0.00
0.74
0.80
0.71
0.04
0.00
0.68
0.78
0.70
0.03
0.00
0.70
0.79
0.68
0.04
0.00
0.70
0.78
0.69
0.02
0.00
0.73
0.80
0.71
0.04
0.00
0.68
0.79
0.71
0.03
0.00
0.73
0.80
0.72
0.03
0.00
0.69
0.81
0.70
0.04
0.00
0.74
0.84
0.73
0.03
0.00
0.77
0.80
0.68
0.04
0.00
0.72
0.83
0.67
0.04
0.00
0.70
0.81
0.69
0.04
0.00
0.71
0.77
0.70
0.04
0.00
0.72
0.80
0.72
0.04
0.00
0.70
0.79
0.75
0.03
0.00
0.79
0.79
0.56
0.03
0.00
0.71
0.86
0.71
0.04
0.00
0.68
0.75
0.67
0.03
0.00
0.69
0.76
0.69
0.04
0.00
0.70
0.81
0.72
0.05
0.00
0.72
0.79
0.73
0.03
0.00
0.72
0.78
0.71
0.03
0.00
0.73
0.78
0.71
0.03
0.00
0.70
0.83
0.73
0.04
0.00
0.73
0.80
0.69
0.03
0.00
0.72
0.80
0.71
0.04
0.00
0.72
0.79
0.72
0.05
0.00
0.74
0.81
0.73
0.03
0.00
0.72
0.81
0.71
0.02
0.00
0.71
0.78
0.70
0.04
0.00
0.71
0.80
0.71
0.04
0.00
0.69
0.79
0.74
0.04
0.00
0.73
0.81
0.69
0.04
0.00
0.73
0.78
0.73
0.04
0.00
0.70
0.81
0.71
0.02
0.00
0.69
0.77
0.71
0.02
0.00
0.67
0.82
0.70
0.03
0.00
0.67
0.79
0.69
0.04
0.00
0.70
0.81
0.70
0.04
0.00
0.76
0.82
0.69
0.03
0.00
0.69
0.79
0.69
0.03
0.00
0.70
0.82
0.68
0.03
0.00
0.74
0.78
0.69
0.04
0.00
0.73
0.80
0.68
0.04
0.01
0.72
0.77
0.73
0.04
0.00
0.70
0.80
0.68
0.03
0.00
0.70
0.77
0.71
0.03
0.00
0.68
0.79
0.71
0.04
0.00
0.69
0.81
0.72
0.02
0.00
0.76
0.81
0.70
0.04
0.00
0.70
0.80
0.71
0.02
0.00
0.71
0.82
0.71
0.04
0.00
0.72
0.78
0.69
0.05
0.00
0.69
0.81
0.72
0.03
0.00
0.74
0.82
0.70
0.03
0.00
0.70
0.81
0.73
0.04
0.00
0.69
0.80
0.70
0.02
0.00
0.73
0.80
0.71
0.04
0.00
0.74
0.78
0.69
0.01
0.00
0.68
0.79
0.72
0.02
0.00
0.71
0.79
0.74
0.04
0.00
0.71
0.79
0.73
0.03
0.00
0.69
0.79
0.70
0.03
0.00
0.70
0.81
0.70
0.05
0.00
0.71
0.76
0.71
0.04
0.00
0.70
0.82
0.71
0.05
0.00
0.73
0.84
0.70
0.03
0.00
0.69
0.76
0.69
0.04
0.00
0.70
0.82
0.73
0.03
0.00
0.72
0.78
0.69
0.03
0.00
0.73
0.83
0.73
0.04
0.00
0.75
0.78
0.67
0.03
0.00
0.73
0.86
0.74
0.03
0.00
0.73
0.82
0.72
0.04
0.00
0.72
0.78
0.69
0.02
0.00
0.69
0.77
0.67
0.04
0.00
0.70
0.79
0.73
0.03
0.00
0.72
0.81
0.74
0.04
0.00
0.70
0.80
0.69
0.04
0.00
0.70
0.83
0.74
0.05
0.00
0.69
0.79
0.71
0.03
0.00
0.69
0.82
0.75
0.05
0.00
0.73
0.79
0.73
0.03
0.00
0.75
0.77
0.70
0.05
0.00
0.69
0.83
0.74
0.04
0.00
0.74
0.77
0.67
0.04
0.00
0.70
0.82
0.73
0.03
0.00
0.73
0.81
0.69
0.04
0.00
0.75
0.82
0.69
0.02
0.00
0.71
0.79
0.72
0.05
0.00
0.68
0.79
0.71
0.02
0.00
0.73
0.81
0.70
0.02
0.00
0.72
0.80
0.68
0.03
0.00
0.73
0.82
0.73
0.04
0.00
0.74
0.88
0.78
0.02
0.00
0.73
0.79
0.74
0.04
0.00
0.70
0.81
0.74
0.03
0.00
0.73
0.78
0.72
0.04
0.00
0.70
0.82
0.72
0.03
0.00
0.71
0.80
0.72
0.02
0.00
0.76
0.79
0.72
0.02
0.00
0.74
0.82
0.69
0.03
0.00
0.73
0.78
0.69
0.02
0.00
0.73
0.78
0.70
0.03
0.00
0.73
0.83
0.71
0.04
0.00
0.68
0.83
0.71
0.03
0.00
0.77
0.79
0.56
0.02
0.00
0.71
0.85
0.67
0.04
0.00
0.69
0.79
0.74
0.04
0.00
0.72
0.79
0.70
0.04
0.00
0.73
0.79
0.70
0.03
0.00
0.71
0.79
0.70
0.04
0.00
0.72
0.83
0.73
0.04
0.00
0.71
0.80
0.69
0.02
0.00
0.72
0.82
0.69
0.04
0.00
0.70
0.79
0.69
0.04
0.00
0.70
0.84
0.71
0.05
0.00
0.71
0.78
0.69
0.04
0.00
0.71
0.79
0.72
0.02
0.00
0.70
0.83
0.70
0.04
0.00
0.70
0.81
0.72
0.05
0.00
0.70
0.84
0.72
0.04
0.00
0.71
0.82
0.69
0.04
0.00
0.69
0.79
0.75
0.03
0.01
0.70
0.84
0.69
0.04
0.00
0.72
0.78
0.70
0.03
0.00
0.71
0.81
0.69
0.04
0.73
0.00
0.71
0.77
0.71
0.02
0.00
0.69
0.85
0.70
0.04
0.00
0.75
0.81
0.68
0.05
0.00
0.69
0.81
0.71
0.02
0.00
0.72
0.82
0.68
0.03
0.00
0.69
0.75
0.74
0.05
0.00
0.72
0.81
0.72
0.04
0.00
0.69
0.82
0.69
0.04
0.00
0.71
0.85
0.72
0.04
0.00
0.69
0.83
0.69
0.03
0.00
0.69
0.86
0.73
0.04
0.00
0.74
0.78
0.68
0.02
0.00
0.71
0.86
0.73
0.04
0.73
0.00
0.72
0.82
0.70
0.03
0.00
0.70
0.82
0.73
0.04
0.00
0.69
0.83
0.74
0.04
0.00
0.73
0.84
0.69
0.04
0.00
0.71
0.81
0.71
0.04
0.00
0.76
0.86
0.73
0.03
0.00
0.73
0.82
0.72
0.03
0.00
0.73
0.83
0.71
0.02
0.00
0.70
0.83
0.72
0.03
0.00
0.70
0.77
0.73
0.04
0.00
0.73
0.80
0.68
0.04
0.00
0.71
0.83
0.73
0.05
0.00
0.73
0.88
0.73
0.03
0.00
0.73
0.79
0.68
0.02
0.00
0.69
0.81
0.71
0.04
0.00
0.75
0.80
0.71
0.04
0.00
0.71
0.81
0.73
0.04
0.70
0.00
0.69
0.80
0.69
0.03
0.00
0.72
0.80
0.70
0.03
0.00
0.72
0.81
0.70
0.04
0.00
0.68
0.85
0.73
0.03
0.00
0.70
0.82
0.69
0.03
0.00
0.73
0.82
0.74
0.03
0.00
0.78
0.77
0.57
0.02
0.00
0.68
0.92
0.71
0.05
0.68
0.00
0.72
0.78
0.71
0.04
0.00
0.76
0.83
0.58
0.02
0.00
0.76
0.82
0.71
0.03
0.00
0.69
0.79
0.68
0.04
0.73
0.00
0.74
0.75
0.56
0.03
0.00
0.70
0.86
0.72
0.03
0.00
0.70
0.74
0.71
0.05
0.00
0.68
0.81
0.69
0.03
0.00
0.72
0.86
0.67
0.02
0.00
0.71
0.82
0.74
0.03
0.00
0.72
0.80
0.75
0.03
0.00
0.73
0.80
0.68
0.02
0.00
0.72
0.80
0.71
0.03
0.00
0.70
0.86
0.71
0.04
0.00
0.70
0.80
0.71
0.03
0.00
0.74
0.81
0.79
0.03
0.00
0.71
0.69
0.68
0.04
0.00
0.72
0.87
0.71
0.04
0.00
0.71
0.81
0.69
0.75
0.04
0.00
0.70
0.80
0.69
0.02
0.00
0.71
0.83
0.73
0.03
0.71
0.00
0.72
0.81
0.70
0.04
0.00
0.72
0.79
0.68
0.03
0.00
0.69
0.80
0.68
0.05
0.00
0.70
0.87
0.72
0.03
0.00
0.72
0.84
0.73
0.74
0.04
0.00
0.70
0.79
0.71
0.04
0.70
0.00
0.70
0.82
0.73
0.68
0.04
0.00
0.70
0.82
0.73
0.03
0.70
0.00
0.71
0.78
0.74
0.02
0.00
0.72
0.81
0.72
0.03
0.00
0.68
0.81
0.72
0.04
0.72
0.00
0.71
0.76
0.70
0.04
0.68
0.00
0.71
0.77
0.70
0.04
0.00
0.72
0.82
0.69
0.04
0.00
0.68
0.84
0.72
0.04
0.00
0.74
0.83
0.69
0.03
0.00
0.72
0.81
0.70
0.73
0.04
0.00
0.70
0.82
0.72
0.03
0.00
0.75
0.80
0.72
0.02
0.00
0.72
0.82
0.76
0.02
0.00
0.70
0.79
0.75
0.74
0.04
0.00
0.72
0.83
0.72
0.73
0.04
0.00
0.75
0.78
0.63
0.03
0.00
0.69
0.70
0.71
0.03
0.77
0.00
0.74
0.79
0.71
0.03
0.00
0.71
0.83
0.72
0.04
0.00
0.69
0.83
0.71
0.04
0.00
0.70
0.80
0.69
0.04
0.00
0.75
0.78
0.58
0.03
0.70
0.00
0.72
0.90
0.72
0.04
0.00
0.69
0.84
0.71
0.03
0.00
0.72
0.81
0.69
0.03
0.00
0.70
0.81
0.71
0.03
0.00
0.80
0.80
0.59
0.04
0.00
0.71
0.88
0.74
0.06
0.71
0.00
0.71
0.77
0.71
0.69
0.04
0.00
0.73
0.87
0.67
0.03
0.00
0.79
0.82
0.60
0.04
0.73
0.01
0.74
0.84
0.74
0.03
0.00
0.73
0.85
0.71
0.03
0.75
0.00
0.70
0.69
0.69
0.72
0.03
0.00
0.71
0.87
0.70
0.02
0.00
0.69
0.82
0.72
0.03
0.73
0.00
0.74
0.80
0.71
0.03
0.69
0.00
0.78
0.83
0.58
0.04
0.76
0.00
0.72
0.89
0.78
0.73
0.04
0.00
0.75
0.88
0.58
0.02
0.01
0.72
0.84
0.71
0.03
0.00
0.71
0.82
0.71
0.62
0.03
0.00
0.73
0.66
0.71
0.03
0.00
0.73
0.86
0.62
0.03
0.74
0.00
0.64
0.83
0.60
0.03
0.00
0.73
0.92
0.73
0.03
0.00
0.71
0.81
0.76
0.77
0.03
0.00
0.72
0.69
0.71
0.02
0.69
0.00
0.72
0.87
0.73
0.03
0.00
0.72
0.84
0.72
0.04
0.73
0.00
0.76
0.75
0.59
0.77
0.03
0.00
0.76
0.74
0.61
0.74
0.02
0.00
0.73
0.84
0.71
0.72
0.78
0.04
0.00
0.80
0.68
0.60
0.03
0.71
0.00
0.64
0.80
0.63
0.70
0.03
0.00
0.72
0.89
0.76
0.05
0.72
0.00
0.75
0.75
0.69
0.05
0.00
0.73
0.80
0.70
0.69
0.03
0.00
0.75
0.81
0.69
0.04
0.73
0.00
0.72
0.62
0.74
0.03
0.72
0.00
0.76
0.91
0.74
0.03
0.71
0.00
0.76
0.78
0.61
0.04
0.73
0.00
0.78
0.83
0.64
0.71
0.04
0.00
0.56
0.80
0.70
0.73
0.04
0.00
0.71
0.80
0.74
0.72
0.03
0.00
0.73
0.79
0.72
0.03
0.00
0.73
0.83
0.72
0.04
0.00
0.75
0.83
0.73
0.71
0.05
0.00
0.68
0.86
0.70
0.05
0.58
0.00
0.77
0.84
0.56
0.03
0.00
0.71
0.85
0.71
0.75
0.02
0.00
0.75
0.80
0.74
0.04
0.76
0.00
0.69
0.69
0.73
0.71
0.04
0.00
0.74
0.77
0.79
0.69
0.02
0.00
0.73
0.83
0.70
0.74
0.04
0.00
0.70
0.93
0.74
0.03
0.00
0.60
0.84
0.78
0.73
0.04
0.00
0.59
0.78
0.65
0.70
0.04
0.00
0.62
0.86
0.57
0.79
0.04
0.00
0.73
0.72
0.71
0.03
0.00
0.57
0.91
0.72
0.88
0.04
0.00
0.75
0.63
0.70
0.05
0.00
0.69
0.92
0.69
0.70
0.03
0.68
0.00
0.55
0.88
0.73
0.03
0.00
0.52
0.73
0.69
0.03
0.61
0.00
0.83
0.73
0.55
0.80
0.03
0.78
0.00
0.63
0.96
0.76
0.58
0.03
0.59
0.00
0.72
0.63
0.59
0.68
0.85
0.06
0.00
0.67
0.69
0.77
0.72
0.05
0.65
0.00
0.68
0.69
0.73
0.71
0.04
0.00
0.71
0.78
0.82
0.74
0.03
0.63
0.00
0.72
0.64
0.57
0.02
0.00
0.70
0.93
0.72
0.75
0.04
0.00
0.73
0.68
0.73
0.03
0.75
0.00
0.76
0.81
0.79
0.79
0.04
0.58
0.00
0.56
0.79
0.74
0.01
0.00
0.68
0.70
0.71
0.02
0.74
0.00
0.76
0.91
0.63
0.70
0.03
0.00
0.66
0.78
0.73
0.74
0.04
0.00
0.76
0.63
0.72
0.83
0.03
0.00
0.68
0.67
0.75
0.02
0.68
0.00
0.73
0.79
0.61
0.05
0.75
0.00
0.71
0.79
0.76
0.73
0.05
0.00
0.76
0.76
0.60
0.03
0.78
0.00
0.74
0.70
0.75
0.01
0.00
0.66
0.79
0.82
0.71
0.03
0.58
0.00
0.75
0.76
0.66
0.68
0.02
0.55
0.00
0.70
0.82
0.71
0.64
0.75
0.03
0.00
0.71
0.67
0.80
0.77
0.04
0.70
0.00
0.64
0.79
0.64
0.21
2.90
1.11
0.02
0.00
0.37
0.50
0.57
0.63
0.66
0.67
0.69
0.02
0.00
0.68
0.78
0.85
0.72
0.01
0.00
0.72
0.93
0.72
0.01
0.00
0.73
0.84
0.71
0.03
0.00
0.70
0.87
0.71
0.03
0.01
0.73
0.82
0.71
0.03
0.00
0.71
0.82
0.69
0.03
0.00
0.70
0.83
0.71
0.03
0.00
0.71
0.89
0.72
0.03
0.00
0.69
0.82
0.71
0.03
0.00
0.73
0.80
0.69
0.03
0.00
0.72
0.84
0.73
0.03
0.00
0.77
0.82
0.70
0.03
0.00
0.72
0.86
0.72
0.02
0.00
0.72
0.84
0.71
0.04
0.00
0.76
0.83
0.83
0.74
0.72
0.03
0.00
0.76
0.85
0.78
0.71
0.01
0.00
0.74
2.00
0.25
3.58
1.33
0.01
0.00
0.19
0.07
0.01
0.00
2.03
2.66
0.78
1.15
0.01
0.00
0.35
0.16
0.22
0.27
0.26
0.33
0.31
0.01
0.00
0.28
0.37
0.44
0.51
