204
98
6
6
233
343
484
637
788
959
1071
1175
294
412
561
711
878
1013
1148
1355
1436
1634
2043
843
907
1173
1428
1742
1900
2081
2194
2372
2532
2701
2866
3027
3169
3329
3441
3525
3598
2517
2481
3379
3490
3525
3560
2953
3542
3541
3531
3576
3637
3676
3684
3685
3685
3680
3764
3584
3754
2578
3689
3764
3754
3703
3530
3598
3676
3667
3736
3748
3660
3764
3586
3670
3153
3783
3710
3673
3692
3656
3186
3694
2435
3711
3725
3663
3661
3103
3661
2071
3665
3673
3676
3653
3642
3710
1747
2112
3717
3731
3685
1919
294
297
327
2843
2164
2778
1862
1826
2592
3227
3449
3521
3580
2285
2673
3629
3667
3613
3579
2144
2722
3644
3655
3532
3596
2447
2863
3659
3668
3532
2464
2897
3598
3650
3543
3608
2348
2542
3648
3649
3539
3371
3605
1722
3659
3653
3602
2556
2974
3622
3709
3603
3636
2335
3025
3694
3706
3465
3686
3638
1961
288
353
407
2243
292
345
408
2843
2046
2732
1575
1413
2542
2993
3417
3518
3573
3623
1677
1708
3663
3675
3574
3589
1548
1572
3652
3672
3532
1497
1538
3597
3659
3530
1394
1397
3595
3661
3533
1409
1423
3599
3663
3533
1432
1446
3598
3662
3535
1450
1477
3598
3661
3536
1471
1508
3600
3664
3538
1469
1495
3602
3667
3539
1560
1606
3602
3667
3542
1477
1536
3605
3669
3541
1514
1538
3603
3665
3538
1496
1560
3604
3669
3543
1578
1630
3608
3668
3542
1636
1668
3608
3668
3542
1498
1534
3607
3669
3072
1518
1590
3617
3685
3556
1561
1604
3621
3670
3544
1553
1597
3609
3667
3551
1557
1605
3615
3672
3546
1576
1659
3610
3668
3550
1586
1635
3614
3671
3547
1582
1641
3613
3672
3548
1606
1659
3612
3671
3549
1622
1669
3615
3669
3550
1617
1660
3615
3664
3547
1597
1678
3612
3669
3550
1626
1678
3614
3670
3551
1598
1673
3615
3668
3549
1645
1696
3614
3670
3550
1761
1831
3614
3672
3547
1779
1878
3611
3670
3551
1754
1821
3612
3672
3549
1656
1721
3614
3673
3551
1765
1874
3614
3672
3551
1763
1870
3615
3670
3551
1606
1688
3615
3669
3551
1671
1747
3615
3670
3550
1704
1762
3614
3672
3553
1664
1740
3616
3669
3551
1845
1990
3615
3669
3551
1698
1779
3614
3670
3554
1664
1741
3619
3674
3555
1678
1775
3618
3666
3553
1776
1867
3619
3671
3557
1734
1828
3621
3675
3551
1683
1762
3613
3659
3551
1706
1779
3616
3671
3550
1683
1810
3614
3670
3554
1671
1760
3620
3669
3553
1774
1838
3620
3673
3556
1700
1809
3620
3673
3556
1758
1843
3620
3668
3555
1889
2021
3619
3669
3555
1805
1885
3617
3668
3553
1727
1807
3617
3670
3555
1750
1851
3620
3670
3554
1774
1852
3620
3674
3555
1730
1827
3620
3670
3556
1777
1859
3619
3670
3555
1738
1826
3620
3672
3558
1815
1930
3623
3669
3554
1802
1904
3617
3670
3554
1933
2109
3618
3668
3555
1841
1984
3619
3665
3557
1975
2090
3621
3671
3558
1764
1896
3625
3672
3560
1734
1905
3625
3668
3555
1830
1937
3621
3671
3560
1768
1889
3624
3669
3558
1747
1843
3621
3668
3553
1940
2118
3618
3670
3558
1801
1946
3622
3668
3558
2046
2209
3621
3672
3557
1862
1940
3622
3675
3557
1987
2132
3621
3671
3553
2036
2158
3616
3665
3556
1778
1860
3620
3671
3559
1870
2038
3623
3674
3557
2024
2129
3620
3669
3555
1867
1998
3620
3666
3560
1881
2008
3623
3670
3557
1866
1988
3620
3668
3557
2075
2177
3622
3671
3558
1887
2072
3623
3659
3561
1951
2102
3623
3669
3552
1938
2044
3616
3668
3558
1882
1990
3622
3663
3556
1884
2117
3618
3659
3555
2057
2177
3619
3675
3561
1949
2131
3624
3670
3556
1903
2043
3622
3668
3558
1899
2028
3623
3672
3554
1869
1993
3617
3672
3558
2080
2253
3622
3669
3557
2063
2231
3621
3670
3557
1918
2041
3621
3669
3555
2057
2287
3618
3672
3557
1928
2153
3622
3670
3556
2029
2191
3617
3671
3555
1957
2162
3621
3668
3562
2000
2097
3629
3669
3562
1874
1996
3626
3667
3556
1910
2080
3620
3667
3559
1870
1975
3626
3668
3559
1841
2016
3625
3661
3559
1904
1994
3623
3671
3557
1950
2101
3622
3668
3557
1913
2076
3620
3660
3557
2164
2358
3620
3668
3559
1911
2062
3624
3671
3559
2021
2149
3622
3665
3560
1962
2186
3626
3675
3558
1923
2075
3620
3671
3560
2027
2192
3623
3672
3558
2149
2333
3623
3672
3561
2076
2350
3624
3671
3559
1861
2006
3623
3665
3559
1974
2145
3625
3674
3559
1893
2066
3623
3672
3560
1852
1979
3624
3670
3558
1969
2089
3623
3670
3559
1981
2147
3621
3673
3558
2133
2358
3620
3669
3559
2040
2315
3621
3666
3558
1997
2183
3620
3670
3558
1980
2148
3620
3674
3555
1918
2068
3619
3670
3556
1961
2143
3621
3667
3557
2084
2295
3621
3672
3557
2242
2439
3622
3668
3555
2183
2406
3621
3666
3559
2210
2451
3622
3670
3554
1990
2157
3620
3662
3558
1947
2124
3623
3665
3556
1964
2119
3621
3674
3557
1988
2168
3620
3673
3555
2223
2468
3619
3670
3559
2121
2316
3623
3661
3557
2012
2158
3622
3669
3559
2008
2173
3621
3671
3557
2150
2381
3622
3663
3558
2015
2176
3623
3671
3557
2047
2222
3619
3667
3555
2230
2439
3620
3659
3555
2100
2292
3622
3666
3560
2331
2506
3623
3665
3560
2082
2325
3624
3669
3560
1941
2132
3621
3667
3554
2015
2258
3619
3672
3557
2214
2417
3621
3673
3558
2128
2315
3621
3665
3558
2239
2493
3623
3664
3556
2115
2366
3622
3671
3556
2023
2197
3619
3667
3556
2122
2308
3622
3666
3559
2075
2237
3622
3673
3556
1887
2101
3621
3667
3559
1983
2222
3623
3667
3555
2149
2303
3621
3667
3557
2067
2275
3621
3669
3556
2211
2470
3618
3665
3556
2245
2444
3621
3671
3558
2270
2486
3622
3672
3559
2024
2210
3624
3671
3560
2316
2635
3624
3670
3559
1949
2141
3623
3667
3559
2013
2205
3623
3663
3557
2126
2338
3620
3668
3558
2063
2247
3621
3670
3558
2029
2330
3621
3670
3557
2111
2304
3620
3663
3555
2212
2445
3620
3663
3559
2212
2557
3625
3670
3563
2090
2339
3626
3662
3559
2296
2486
3624
3675
3557
2291
2568
3622
3669
3558
1934
2127
3622
3656
3558
2348
2579
3620
3669
3558
2266
2476
3620
3673
3558
2314
2545
3622
3670
3556
2105
2386
3620
3665
3560
2318
2585
3624
3668
3557
2237
2579
3621
3672
3562
2087
2348
3625
3667
3555
2007
2189
3620
3671
3558
2234
2543
3624
3673
3562
2280
2557
3626
3669
3558
2007
2271
3623
3670
3559
2146
2366
3620
3667
3556
2326
2569
3619
3669
3556
2448
2725
3620
3670
3562
2346
2588
3624
3667
3561
2181
2366
3624
3668
3559
2071
2301
3623
3672
3557
2041
2256
3620
3661
3559
2098
2293
3624
3666
3557
2085
2350
3622
3668
3560
2412
2700
3624
3670
3561
2398
2692
3624
3669
3559
2344
2575
3623
3664
3559
2186
2363
3622
3675
3558
2175
2543
3621
3667
3556
2409
2672
3621
3659
3561
2412
2690
3622
3659
3555
2128
2353
3618
3673
3559
2138
2410
3620
3671
3561
2168
2372
3624
3655
3560
2182
2466
3624
3666
3562
2448
2715
3628
3666
3559
2412
2749
3623
3670
3564
2429
2690
3628
3657
3562
2146
2421
3624
3657
3558
2091
2343
3625
3653
3562
2163
2407
3627
3666
3559
2184
2572
3624
3670
3561
2444
2657
3624
3666
3561
2426
2730
3624
3667
3561
2112
2394
3626
3665
3562
2535
2813
3623
3671
3560
2211
2486
3624
3672
3564
2162
2424
3628
3668
3561
2125
2393
3626
3670
3562
2301
2676
3623
3664
3560
2434
2759
3623
3659
3560
2267
2508
3625
3671
3560
2499
2815
3625
3671
3559
2420
2765
3620
3663
3563
2360
2665
3628
3671
3561
2151
2451
3625
3660
3560
2177
2417
3623
3665
3557
2421
2794
3619
3664
3561
2475
2818
3625
3671
3560
2214
2399
3624
3665
3561
2258
2463
3626
3660
3561
2054
2384
3624
3672
3560
2024
2322
3622
3661
3559
2496
2827
3622
3667
3560
2212
2403
3624
3670
3562
2152
2404
3626
3667
3565
2110
2378
3630
3668
3560
2235
2484
3624
3664
3560
2227
2503
3623
3670
3559
2451
2725
3625
3665
3561
2478
2821
3625
3665
3563
2536
2866
3626
3661
3565
2438
2738
3628
3669
3561
2185
2603
3625
3666
3561
2396
2719
3625
3668
3560
2165
2488
3625
3669
3560
2206
2458
3624
3663
3565
2245
2437
3627
3665
3558
2238
2566
3622
3662
3558
2178
2442
3622
3664
3561
2148
2552
3626
3673
3562
2011
2238
3627
3669
3561
2325
2559
3625
3652
3559
2473
2773
3621
3657
3562
2255
2579
3625
3664
3564
2259
2657
3629
3668
3561
2449
2759
3624
3669
3559
2453
2743
3625
3673
3562
2150
2474
3628
3670
3566
2140
2440
3630
3665
3559
2171
2427
3623
3662
3559
2099
2531
3627
3675
3560
2616
2940
3624
3671
3560
2448
2877
3623
3663
3562
1993
2185
3625
3659
3562
2160
2451
3626
3662
3562
2438
2857
3626
3669
3562
2390
2705
3624
3662
3561
2653
3062
3627
3673
3561
2420
2832
3624
3664
3562
2097
2346
3626
3661
3557
2151
2409
3621
3659
3563
2204
2430
3630
3662
3563
2557
2997
3627
3666
3561
2553
2888
3625
3675
3557
2570
2824
3618
3671
3561
2457
2858
3627
3672
3561
2468
2928
3624
3668
3564
2583
2963
3625
3667
3562
2482
2758
3624
3671
3563
2597
2869
3625
3670
3564
2009
2301
3627
3673
3563
2486
2693
3626
3670
3561
1934
2164
3626
3670
3561
2258
2525
3625
3670
3565
2165
2602
3628
3668
3560
2167
2610
3623
3672
3563
2506
2932
3625
3673
3563
2540
2968
3626
3658
3561
2245
2595
3625
3659
3562
2491
2933
3627
3666
3562
2598
2994
3628
3672
3568
2248
2532
3632
3666
3560
2599
2929
3625
3654
3560
2464
2888
3624
3664
3563
2560
2848
3626
3669
3566
2618
2994
3632
3674
3563
2556
2842
3626
3672
3560
2289
2575
3627
3658
3565
2259
2554
3629
3654
3561
2150
2665
3626
3670
3564
2547
2981
3627
3671
3562
2565
2915
3627
3666
3564
2563
2832
3625
3661
3563
2565
2997
3627
3668
3563
2496
2930
3628
3673
3563
2516
2806
3626
3674
3562
2193
2520
3627
3667
3563
2282
2570
3626
3661
3561
2181
3041
3629
3670
3560
2648
2928
3626
3662
3565
2213
2525
3626
3664
3560
2597
3073
3625
3665
3562
2109
2457
3627
3662
3566
2340
2662
3628
3666
3561
2164
2418
3624
3667
3560
2319
2651
3625
3661
3564
2289
2775
3631
3666
3569
2844
3261
3632
3665
3562
2592
2992
3626
3657
3561
2494
3008
3626
3660
3564
2166
2508
3628
3666
3561
2363
2537
3625
3664
3562
2424
2697
3624
3663
3564
2219
2501
3625
3661
3560
2231
2582
3623
3672
3563
2639
3063
3629
3663
3566
2389
2645
3631
3667
3560
2769
3175
3623
3662
3563
2728
3036
3626
3659
3563
2629
3035
3629
3660
3566
2827
3274
3631
3668
3565
2531
3071
3627
3664
3563
2637
3017
3627
3666
3566
2298
2616
3630
3659
3563
2504
2840
3628
3650
3563
2584
3010
3626
3670
3563
2184
2582
3628
3646
3565
2575
3145
3629
3665
3563
2629
3027
3625
3664
3561
2015
2277
3627
3676
3569
2225
2531
3629
3666
3560
2480
2958
3624
3672
3565
2581
3025
3627
3663
3562
2511
2976
3627
3662
3562
1990
2261
3628
3668
3563
3057
3561
3627
3668
3561
2486
2858
3626
3663
3567
2165
2449
3633
3663
3566
2417
2816
3629
3658
3563
2797
3214
3627
3664
3564
2573
2969
3627
3672
3564
2631
3007
3629
3664
3562
2459
2893
3625
3667
3557
2856
3214
3622
3666
3566
2126
2403
3630
3662
3564
2522
2781
3630
3662
3559
2613
3027
3621
3661
3563
2613
3063
3627
3663
3566
2647
3033
3629
3669
3564
2169
2551
3627
3659
3565
2525
2983
3629
3663
3563
2297
2741
3627
3662
3562
2571
3007
3625
3659
3564
2900
3214
3626
3667
3565
2397
2771
3627
3654
3565
2555
3011
3629
3664
3562
2767
3159
3625
3671
3564
2534
2876
3630
3663
3566
3629
1587
2467
3665
3668
3618
2624
3056
3668
3657
3565
2498
2936
3628
3658
3567
2551
3081
3631
3658
3561
2539
3020
3628
3661
3565
2611
3054
3630
3663
3562
2669
3073
3627
3662
3567
2747
3107
3631
3661
3563
2269
2532
3625
3657
3563
2519
2950
3627
3654
3567
3378
3624
3634
3664
3566
2493
2839
3629
3660
3562
2407
2881
3625
3669
3562
2566
2820
3626
3656
3562
2210
2517
3626
3668
3567
2282
3119
3629
3665
3563
2582
3048
3626
3662
3562
2365
2669
3627
3662
3564
2577
2935
3627
3656
3564
2658
3026
3626
3659
3560
2073
2343
3623
3654
3566
2058
2256
3630
3655
3565
2591
2999
3627
3671
3564
2795
3181
3628
3668
3563
2678
3412
3628
3664
3565
2257
2519
3629
3668
3563
2430
2812
3626
3663
3565
2587
3011
3629
3667
3564
2156
2450
3626
3668
3566
2519
3101
3627
3665
3561
2208
2550
3622
3664
3562
2552
3015
3627
3656
3565
2568
2809
3630
3659
3567
2657
3309
3635
3668
3570
3101
3375
3635
3652
3565
2368
2657
3629
3659
3563
2283
2609
3625
3667
3564
2195
2523
3627
3660
3562
2208
2535
3627
3664
3566
2516
2950
3628
3653
3565
2720
3050
3628
3667
3566
2668
3076
3630
3661
3567
2580
3126
3630
3666
3562
2652
3084
3628
3650
3563
2623
3091
3627
3656
3567
2560
2925
3634
3668
3564
2670
3282
3630
3664
3565
2287
2659
3629
3657
3563
2751
3315
3625
3662
3561
2615
3037
3709
3670
3587
2552
3114
3652
3667
3555
2550
3225
3622
3663
3567
2617
2873
3631
3661
3568
2214
2402
3632
3659
3561
2691
3247
3623
3665
3563
2397
2715
3627
3671
3564
2567
2987
3627
3669
3560
2639
2916
3627
3656
3562
2230
2586
3628
3650
3565
2655
3065
3629
3665
3561
2717
3019
3621
3652
3561
2753
2990
3625
3653
3563
2319
2869
3627
3658
3564
2133
2433
3629
3664
3563
2596
2942
3628
3665
3563
2855
3259
3629
3671
3564
2614
3129
3628
3654
3567
2352
2590
3632
3666
3563
2209
2543
3629
3669
3565
2655
3089
3627
3669
3561
2487
3125
3627
3655
3563
2609
3109
3623
3659
3561
2705
3143
3629
3663
3561
2839
3397
3623
3655
3562
3087
3597
3627
3666
3564
2560
3037
3629
3664
3561
2373
2587
3627
3662
3564
2526
3234
3628
3655
3567
2604
2841
3626
3660
3561
2590
2890
3628
3660
3564
2269
2831
3629
3656
3562
2753
3571
3629
3663
3564
2509
3054
3630
3655
3564
2131
2387
3627
3666
3561
2469
3455
3627
3657
3564
2442
2783
3628
3652
3563
2320
2550
3626
3666
3560
2791
3155
3625
3669
3566
2528
3147
3629
3657
3565
2344
2684
3630
3666
3562
2148
2422
3626
3657
3564
2616
3292
3628
3666
3564
1994
2436
3628
3652
3564
2640
3288
3628
3654
3567
2359
2875
3633
3658
3565
2662
2930
3630
3660
3560
2660
3182
3624
3664
3563
2440
2892
3628
3656
3565
2506
2702
3628
3650
3559
2131
2569
3625
3662
3566
2176
2516
3628
3661
3562
2240
2874
3628
3650
3568
2357
2735
3633
3666
3567
3134
3476
3634
3663
3564
2660
3159
3628
3662
3561
2581
3045
3627
3673
3561
2639
3337
3625
3664
3564
3130
3411
3628
3659
3564
2714
2994
3626
3662
3567
2171
2394
3629
3671
3565
2581
3054
3627
3664
3565
2554
3016
3628
3665
3564
2641
3142
3627
3663
3567
3626
2603
3134
3660
3671
3563
2647
3031
3623
3656
3564
2466
2929
3628
3663
3561
2700
3066
3624
3645
3652
2798
3267
3653
3646
3553
2311
2737
3617
3657
3569
3331
3633
1713
3653
3669
3624
2651
3047
3659
3645
3653
2848
3302
3652
3655
3559
2568
3075
3625
3659
3576
3207
3641
1542
3658
3655
3622
3007
3317
3665
3664
3569
2291
2632
3632
3660
3566
2727
3273
3629
3666
3568
2071
2322
3631
3662
3568
2487
2848
3631
3659
3565
2470
2800
3628
3659
3568
2703
3510
3634
3656
3564
2868
3258
3628
3664
3566
2885
3587
3623
3662
3561
2153
2501
3627
3656
3564
2637
3087
3629
3666
3568
2620
3170
3628
3669
3568
2576
3108
3628
3666
3572
3531
3633
1566
3657
3666
3626
2483
2813
3663
3661
3566
2795
3303
3629
3658
3569
2529
2842
3629
3665
3567
3629
2290
2600
3667
3644
3708
3651
2520
3090
3662
3657
3590
3626
2562
2922
3662
3662
3567
2825
3295
3631
3660
3567
2968
3234
3632
3663
3571
2940
3378
3634
3661
3570
2697
3539
3635
3716
3593
3087
3505
3655
3667
3557
2239
2573
3621
3656
3572
2609
3263
3637
3665
3568
3633
1955
2723
3661
3649
3702
2375
2839
3667
3655
3560
3174
3450
3620
3655
3571
2561
2849
3638
3663
3572
2669
3285
3637
3658
3567
2893
3257
3631
3657
3569
3297
3631
1682
3656
3662
3623
2253
2497
3673
3664
3569
3060
3411
3632
3661
3570
2402
2744
3630
3654
3572
2165
2575
3635
3662
3564
3033
3579
3631
3663
3572
2385
2953
3635
3651
3574
3635
1753
2119
3643
3659
3628
2597
2829
3661
3645
3660
2765
3416
3660
3653
3561
2597
2823
3629
3658
3577
2375
2629
3643
3656
3570
3362
3632
1849
3695
3711
3668
2678
3268
3678
3649
3655
3629
3655
1792
3656
3651
3629
2642
3112
3658
3647
3664
2193
2565
3659
3654
3560
2893
3313
3623
3647
3667
2861
3375
3663
3668
3566
2202
2532
3700
3648
3687
2238
2508
3660
3650
3595
3626
3674
1535
1922
3650
3652
3643
3668
3450
3658
1895
3655
3680
3631
3673
1648
2228
3654
3661
3628
3677
1542
1832
3645
3737
3660
2885
3395
3671
3659
3563
3580
3626
1660
3666
3664
3636
3049
3569
3671
3664
3584
3632
2250
2884
3668
3654
3642
3634
2571
2808
3657
3661
3567
2069
2293
3631
3661
3571
3143
3633
1504
3660
3664
3628
2914
3248
3658
3664
3571
2325
3375
3629
3647
3663
3425
3655
2129
3651
3644
3694
2501
3669
1562
3652
3664
3629
2247
2939
3647
3712
3593
2252
2635
3660
3649
3570
2593
3163
3629
3650
3573
2307
2698
3639
3711
3618
3138
3349
3658
3666
3570
3139
3693
1506
3666
3633
3696
3669
1941
2233
3655
3673
3615
3595
3661
1765
3659
3663
3627
2871
3447
3667
3666
3565
2649
3239
3629
3661
3568
3069
3517
3635
3667
3569
3430
3632
1791
3653
3658
3627
2741
3391
3667
3663
3562
3230
3588
3626
3661
3568
2589
3301
3627
3651
3566
2192
2854
3628
3668
3566
2323
2893
3707
3659
3600
3108
3658
1732
3650
3656
3614
3150
3662
1748
3650
3713
3662
2820
3468
3654
3656
3602
3636
2616
2974
3644
3658
3581
3640
2743
3134
3707
3671
3585
3645
1761
2333
3651
3642
3693
3665
1540
1797
3667
3660
3612
2860
3180
3670
3643
3671
2921
3657
1638
3661
3639
3686
3079
3665
1739
3645
3720
3641
2885
3663
1558
3653
3652
3696
2679
3443
3645
3711
3590
3653
1666
2044
3655
3654
3630
3192
3668
1614
3666
3652
3705
3536
3666
1802
3656
3658
3617
2695
3075
3667
3658
3575
3630
1950
2392
3654
3657
3629
3655
1698
2226
3642
3731
3659
3203
3583
3647
3661
3573
3701
1699
2927
3659
3660
3655
3459
3673
1798
3652
3720
3701
3648
3657
1877
3659
3657
3623
3667
2632
3188
3642
3727
3590
3171
3651
1500
3646
3707
3662
3663
1569
1962
3649
3717
3699
3657
1582
1933
3648
3674
3630
3658
3363
3643
1635
3712
3671
3646
3659
1590
1985
3659
3656
3628
3580
3664
2102
3648
3716
3652
2802
3656
1670
3649
3721
3654
3555
3645
2365
3709
3657
3704
2615
3435
3635
3722
3588
3645
1589
2492
3652
3654
3703
3648
2322
2771
3710
3726
3654
2702
3304
3650
3707
3677
3666
3572
3662
2355
3661
3676
3658
3649
2152
2926
3712
3728
3634
2721
3469
3703
3663
3590
2813
3651
1551
3654
3661
3630
2681
3155
3639
3710
3597
3647
2041
2873
3651
3642
3691
3634
2188
2692
3710
3650
3686
2789
3658
1623
3664
3663
3614
3129
3637
1572
3706
3639
3697
3659
1941
2419
3645
3719
3685
3694
2706
3662
1667
3665
3679
3661
3653
1761
2250
3719
3657
3703
3659
1668
2509
3715
3653
3632
2795
3443
3659
3658
3566
3691
1730
2640
3645
3708
3650
2687
3375
3655
3661
3616
3630
3096
3672
1699
3641
3715
3707
3658
1687
2373
3658
3659
3615
3658
2213
2947
3651
3651
3690
2882
3668
1564
3670
3679
3631
3659
1809
2549
3647
3667
3639
3600
1544
2476
3704
3602
3696
3651
3696
2708
3686
3708
3727
3700
3662
2328
3446
3676
2156
2844
1936
1548
1397
2759
2966
3016
3462
3536
3602
2045
2124
3637
3675
3574
3591
2505
2658
3658
3667
3533
2020
2228
3601
3663
3535
2181
2389
3601
3666
3537
2353
2574
3601
3659
3539
2399
2734
3606
3648
3542
2491
2714
3609
3667
3541
2296
2726
3606
3661
3544
2091
2305
3609
3667
3542
2505
3139
3605
3668
3546
2785
3141
3613
3640
3636
2792
3474
3636
3657
3538
2708
3382
3602
3657
3556
2424
2724
3622
3640
3639
2835
3455
3639
3651
2625
1811
1968
3050
3123
1415
1649
1473
2259
392
408
434
2646
2698
1797
2083
1527
2310
2567
2849
2644
1818
1909
2749
3313
3391
3453
2083
1613
900
