0.02
0.01
0.00
0.00
0.32
0.41
0.38
0.39
0.41
0.42
0.45
0.25
0.33
0.41
0.48
0.49
0.38
0.58
0.54
0.20
0.16
0.16
0.19
0.98
0.78
0.78
1.08
0.32
0.25
0.24
0.30
0.33
0.35
0.39
0.42
0.47
0.51
0.62
0.55
0.56
0.58
0.02
0.00
0.59
0.65
0.65
0.68
0.60
0.54
0.77
0.84
0.67
0.71
0.66
0.66
0.65
0.69
0.66
0.50
0.02
0.53
0.00
0.64
0.53
0.62
0.86
0.87
0.70
0.70
0.73
0.57
0.61
0.66
0.56
0.03
0.61
0.00
0.50
0.73
0.78
0.70
0.76
0.02
0.62
0.00
0.64
0.71
0.67
0.73
0.03
0.74
0.00
0.70
0.76
0.78
0.86
0.78
0.69
0.02
0.00
0.59
0.65
0.61
0.21
0.09
0.01
0.00
2.82
1.12
0.37
0.04
0.00
0.48
0.56
0.66
0.73
0.71
0.05
0.00
0.70
0.83
0.77
0.74
0.01
0.00
0.75
0.95
0.79
0.70
0.03
0.00
0.70
0.89
0.75
0.03
0.01
0.76
0.89
0.78
0.75
0.03
0.00
0.75
0.92
0.73
0.04
0.74
0.00
0.76
0.92
0.83
0.01
0.00
0.73
0.74
0.76
0.79
0.04
0.00
0.62
0.77
0.74
0.78
0.73
0.21
0.08
0.01
0.00
0.19
0.07
0.01
0.00
2.83
1.09
0.34
0.02
0.00
0.45
0.52
0.61
0.67
0.69
0.68
0.02
0.00
0.71
0.75
0.72
0.69
0.01
0.00
0.70
0.79
0.69
0.01
0.00
0.69
0.78
0.69
0.01
0.00
0.71
0.77
0.71
0.01
0.00
0.68
0.79
0.73
0.01
0.00
0.69
0.78
0.69
0.01
0.00
0.70
0.79
0.70
0.01
0.00
0.69
0.81
0.69
0.01
0.00
0.70
0.78
0.69
0.01
0.00
0.68
0.77
0.69
0.01
0.00
0.69
0.77
0.70
0.01
0.00
0.69
0.79
0.69
0.01
0.00
0.69
0.78
0.70
0.02
0.00
0.69
0.78
0.69
0.01
0.00
0.69
0.79
0.69
0.02
0.00
0.71
0.78
0.65
0.02
0.00
0.69
0.76
0.72
0.01
0.00
0.69
0.79
0.69
0.01
0.00
0.71
0.78
0.70
0.01
0.00
0.70
0.79
0.76
0.01
0.00
0.72
0.80
0.70
0.01
0.00
0.69
0.77
0.69
0.01
0.00
0.69
0.81
0.69
0.02
0.00
0.69
0.78
0.68
0.01
0.00
0.69
0.79
0.71
0.01
0.00
0.72
0.78
0.69
0.01
0.00
0.70
0.80
0.68
0.01
0.00
0.70
0.78
0.70
0.01
0.00
0.71
0.79
0.68
0.02
0.00
0.68
0.77
0.68
0.02
0.00
0.70
0.80
0.71
0.02
0.00
0.69
0.79
0.70
0.02
0.00
0.69
0.78
0.70
0.02
0.00
0.69
0.80
0.70
0.02
0.00
0.69
0.79
0.70
0.02
0.00
0.69
0.79
0.67
0.01
0.00
0.70
0.81
0.71
0.01
0.00
0.71
0.78
0.69
0.01
0.00
0.69
0.80
0.71
0.01
0.00
0.71
0.79
0.71
0.02
0.00
0.71
0.79
0.69
0.02
0.00
0.69
0.79
0.70
0.02
0.00
0.68
0.79
0.68
0.02
0.00
0.71
0.78
0.73
0.01
0.00
0.68
0.80
0.69
0.02
0.00
0.68
0.79
0.71
0.02
0.00
0.72
0.79
0.69
0.02
0.00
0.68
0.80
0.68
0.02
0.00
0.71
0.81
0.68
0.02
0.00
0.69
0.79
0.69
0.02
0.00
0.68
0.79
0.69
0.01
0.00
0.69
0.79
0.68
0.02
0.00
0.69
0.79
0.70
0.02
0.00
0.69
0.79
0.68
0.02
0.00
0.70
0.79
0.69
0.02
0.00
0.69
0.79
0.68
0.02
0.00
0.69
0.79
0.70
0.01
0.00
0.69
0.79
0.69
0.02
0.00
0.69
0.83
0.69
0.01
0.00
0.71
0.79
0.68
0.02
0.00
0.68
0.78
0.71
0.02
0.00
0.71
0.78
0.69
0.02
0.00
0.68
0.80
0.69
0.02
0.00
0.71
0.78
0.71
0.02
0.00
0.71
0.80
0.69
0.03
0.00
0.69
0.80
0.70
0.02
0.00
0.69
0.80
0.69
0.02
0.00
0.71
0.79
0.71
0.02
0.00
0.70
0.78
0.69
0.02
0.00
0.69
0.77
0.69
0.02
0.00
0.69
0.77
0.71
0.02
0.00
0.70
0.80
0.73
0.02
0.00
0.71
0.78
0.71
0.02
0.00
0.70
0.78
0.69
0.02
0.00
0.69
0.79
0.68
0.03
0.00
0.69
0.80
0.70
0.02
0.00
0.72
0.78
0.68
0.02
0.00
0.69
0.79
0.70
0.03
0.00
0.68
0.78
0.69
0.02
0.00
0.70
0.80
0.70
0.01
0.00
0.71
0.80
0.69
0.02
0.00
0.69
0.78
0.71
0.01
0.00
0.70
0.78
0.68
0.03
0.00
0.70
0.79
0.69
0.02
0.00
0.73
0.80
0.70
0.03
0.00
0.70
0.78
0.69
0.02
0.00
0.70
0.80
0.68
0.03
0.00
0.71
0.79
0.74
0.02
0.00
0.73
0.78
0.68
0.02
0.00
0.69
0.81
0.71
0.03
0.00
0.69
0.77
0.69
0.03
0.00
0.69
0.80
0.70
0.02
0.00
0.68
0.78
0.70
0.03
0.00
0.69
0.80
0.72
0.03
0.00
0.69
0.79
0.71
0.02
0.00
0.70
0.79
0.69
0.03
0.00
0.68
0.80
0.72
0.03
0.00
0.69
0.78
0.71
0.02
0.00
0.71
0.78
0.70
0.02
0.00
0.69
0.81
0.68
0.02
0.00
0.70
0.78
0.68
0.02
0.01
0.69
0.80
0.72
0.02
0.00
0.72
0.81
0.71
0.02
0.00
0.70
0.80
0.71
0.01
0.00
0.70
0.78
0.68
0.02
0.00
0.73
0.79
0.69
0.02
0.00
0.68
0.79
0.69
0.02
0.00
0.69
0.81
0.69
0.02
0.00
0.73
0.78
0.68
0.03
0.00
0.71
0.80
0.69
0.02
0.00
0.69
0.79
0.70
0.02
0.00
0.72
0.82
0.69
0.02
0.00
0.67
0.80
0.68
0.02
0.00
0.69
0.83
0.69
0.02
0.00
0.68
0.81
0.69
0.03
0.00
0.68
0.79
0.69
0.02
0.00
0.68
0.82
0.70
0.02
0.00
0.69
0.81
0.71
0.02
0.00
0.69
0.78
0.72
0.03
0.00
0.69
0.81
0.70
0.03
0.00
0.69
0.79
0.69
0.03
0.00
0.68
0.78
0.70
0.02
0.01
0.70
0.79
0.71
0.03
0.00
0.71
0.81
0.70
0.02
0.00
0.71
0.79
0.69
0.03
0.00
0.69
0.79
0.68
0.03
0.00
0.68
0.77
0.68
0.03
0.00
0.70
0.80
0.72
0.02
0.00
0.70
0.83
0.72
0.03
0.00
0.69
0.82
0.70
0.03
0.00
0.70
0.79
0.72
0.03
0.00
0.71
0.79
0.70
0.03
0.00
0.69
0.79
0.69
0.03
0.00
0.71
0.77
0.69
0.03
0.00
0.70
0.81
0.72
0.02
0.00
0.69
0.79
0.72
0.02
0.00
0.69
0.79
0.71
0.02
0.00
0.70
0.82
0.72
0.02
0.00
0.71
0.78
0.69
0.02
0.00
0.69
0.80
0.70
0.03
0.00
0.70
0.80
0.69
0.02
0.00
0.72
0.80
0.70
0.02
0.00
0.69
0.79
0.70
0.04
0.00
0.70
0.79
0.70
0.03
0.00
0.71
0.80
0.68
0.02
0.00
0.70
0.84
0.71
0.03
0.00
0.71
0.80
0.73
0.02
0.00
0.70
0.78
0.68
0.02
0.00
0.70
0.83
0.71
0.02
0.00
0.69
0.81
0.70
0.03
0.00
0.69
0.79
0.70
0.03
0.00
0.72
0.77
0.69
0.03
0.00
0.72
0.81
0.75
0.02
0.00
0.70
0.75
0.68
0.02
0.00
0.71
0.82
0.75
0.03
0.00
0.71
0.81
0.72
0.02
0.00
0.69
0.81
0.70
0.02
0.00
0.72
0.78
0.73
0.03
0.01
0.70
0.80
0.68
0.03
0.00
0.70
0.81
0.71
0.02
0.00
0.70
0.76
0.70
0.03
0.00
0.71
0.81
0.69
0.04
0.00
0.68
0.79
0.68
0.03
0.00
0.68
0.82
0.70
0.01
0.00
0.70
0.82
0.71
0.04
0.00
0.70
0.82
0.70
0.03
0.00
0.70
0.80
0.69
0.03
0.00
0.71
0.80
0.71
0.03
0.01
0.71
0.79
0.74
0.03
0.00
0.69
0.81
0.71
0.03
0.00
0.70
0.78
0.72
0.04
0.00
0.73
0.78
0.69
0.03
0.00
0.72
0.82
0.70
0.03
0.00
0.70
0.78
0.71
0.03
0.00
0.71
0.79
0.71
0.04
0.00
0.68
0.81
0.69
0.03
0.00
0.71
0.78
0.69
0.03
0.00
0.74
0.82
0.71
0.04
0.00
0.70
0.80
0.72
0.04
0.00
0.69
0.79
0.70
0.04
0.00
0.70
0.82
0.68
0.02
0.00
0.72
0.81
0.69
0.03
0.00
0.70
0.80
0.73
0.03
0.00
0.68
0.81
0.69
0.03
0.00
0.70
0.82
0.68
0.02
0.00
0.69
0.80
0.70
0.03
0.00
0.68
0.78
0.72
0.04
0.00
0.69
0.79
0.69
0.03
0.00
0.68
0.80
0.71
0.01
0.00
0.71
0.79
0.71
0.03
0.00
0.69
0.79
0.71
0.04
0.00
0.71
0.84
0.69
0.03
0.00
0.69
0.80
0.69
0.03
0.00
0.69
0.80
0.71
0.03
0.00
0.69
0.80
0.69
0.04
0.00
0.74
0.79
0.68
0.03
0.00
0.70
0.79
0.71
0.03
0.00
0.70
0.82
0.73
0.03
0.00
0.69
0.79
0.70
0.03
0.00
0.70
0.81
0.71
0.04
0.00
0.72
0.79
0.69
0.02
0.00
0.70
0.82
0.70
0.02
0.00
0.71
0.78
0.70
0.03
0.00
0.74
0.79
0.72
0.04
0.00
0.73
0.80
0.69
0.02
0.00
0.68
0.83
0.70
0.03
0.00
0.69
0.81
0.70
0.03
0.00
0.75
0.81
0.69
0.02
0.00
0.72
0.79
0.71
0.04
0.00
0.71
0.78
0.68
0.04
0.00
0.69
0.88
0.71
0.04
0.00
0.73
0.78
0.68
0.02
0.00
0.73
0.80
0.69
0.02
0.00
0.74
0.79
0.70
0.04
0.00
0.71
0.77
0.70
0.03
0.00
0.70
0.79
0.72
0.05
0.00
0.70
0.79
0.70
0.02
0.00
0.71
0.79
0.71
0.02
0.00
0.71
0.81
0.71
0.04
0.00
0.69
0.80
0.72
0.03
0.00
0.69
0.82
0.73
0.02
0.00
0.70
0.81
0.69
0.02
0.00
0.70
0.79
0.69
0.02
0.00
0.70
0.81
0.70
0.03
0.00
0.74
0.79
0.72
0.02
0.00
0.70
0.79
0.73
0.04
0.00
0.69
0.79
0.72
0.04
0.00
0.71
0.82
0.70
0.04
0.00
0.70
0.83
0.69
0.02
0.00
0.73
0.78
0.72
0.03
0.00
0.72
0.79
0.68
0.04
0.00
0.71
0.78
0.69
0.04
0.00
0.70
0.81
0.72
0.03
0.00
0.69
0.77
0.68
0.02
0.00
0.72
0.77
0.72
0.03
0.00
0.68
0.80
0.68
0.03
0.00
0.72
0.80
0.71
0.04
0.00
0.70
0.78
0.69
0.02
0.00
0.69
0.82
0.70
0.03
0.00
0.71
0.79
0.71
0.02
0.00
0.70
0.80
0.70
0.01
0.00
0.71
0.82
0.70
0.03
0.00
0.70
0.81
0.70
0.04
0.00
0.70
0.79
0.71
0.04
0.00
0.70
0.81
0.70
0.03
0.00
0.73
0.80
0.71
0.04
0.00
0.70
0.81
0.70
0.03
0.00
0.71
0.80
0.71
0.03
0.00
0.69
0.80
0.69
0.02
0.00
0.71
0.81
0.71
0.03
0.00
0.71
0.81
0.68
0.03
0.00
0.70
0.80
0.70
0.03
0.00
0.73
0.80
0.70
0.03
0.00
0.71
0.80
0.73
0.02
0.00
0.68
0.80
0.72
0.03
0.00
0.69
0.82
0.75
0.02
0.00
0.77
0.80
0.72
0.02
0.00
0.74
0.79
0.73
0.03
0.00
0.71
0.82
0.71
0.03
0.00
0.68
0.82
0.69
0.04
0.00
0.70
0.79
0.69
0.03
0.00
0.69
0.81
0.71
0.03
0.00
0.69
0.81
0.69
0.03
0.00
0.69
0.81
0.68
0.03
0.00
0.72
0.78
0.69
0.03
0.00
0.68
0.82
0.73
0.04
0.00
0.69
0.80
0.69
0.04
0.00
0.71
0.82
0.69
0.02
0.00
0.72
0.80
0.71
0.02
0.00
0.71
0.83
0.69
0.04
0.00
0.69
0.82
0.69
0.03
0.00
0.72
0.82
0.73
0.04
0.00
0.69
0.82
0.70
0.03
0.00
0.72
0.81
0.69
0.02
0.00
0.72
0.80
0.72
0.03
0.00
0.72
0.80
0.70
0.03
0.00
0.71
0.82
0.75
0.03
0.00
0.70
0.82
0.70
0.02
0.00
0.70
0.81
0.69
0.04
0.00
0.69
0.82
0.75
0.03
0.00
0.69
0.79
0.71
0.02
0.00
0.73
0.83
0.69
0.03
0.00
0.71
0.79
0.70
0.04
0.00
0.68
0.82
0.71
0.03
0.00
0.69
0.79
0.71
0.02
0.00
0.69
0.81
0.70
0.04
0.00
0.70
0.83
0.70
0.02
0.00
0.70
0.81
0.71
0.03
0.00
0.69
0.82
0.74
0.03
0.00
0.72
0.78
0.72
0.02
0.00
0.69
0.81
0.71
0.03
0.00
0.69
0.82
0.71
0.03
0.00
0.72
0.80
0.71
0.04
0.00
0.71
0.82
0.72
0.04
0.00
0.70
0.80
0.71
0.04
0.00
0.69
0.80
0.68
0.02
0.00
0.70
0.79
0.68
0.04
0.00
0.77
0.82
0.72
0.04
0.00
0.72
0.80
0.72
0.02
0.00
0.69
0.79
0.69
0.02
0.00
0.69
0.84
0.72
0.03
0.00
0.68
0.82
0.70
0.04
0.00
0.73
0.80
0.72
0.03
0.00
0.74
0.83
0.70
0.03
0.00
0.69
0.78
0.71
0.04
0.00
0.71
0.85
0.72
0.03
0.00
0.70
0.79
0.70
0.02
0.00
0.72
0.86
0.71
0.04
0.00
0.70
0.84
0.70
0.04
0.00
0.69
0.78
0.70
0.04
0.00
0.68
0.79
0.72
0.03
0.00
0.71
0.79
0.70
0.03
0.00
0.73
0.83
0.72
0.03
0.00
0.70
0.79
0.73
0.03
0.00
0.71
0.78
0.70
0.02
0.00
0.71
0.80
0.71
0.04
0.00
0.70
0.81
0.70
0.02
0.00
0.73
0.79
0.69
0.04
0.00
0.71
0.81
0.70
0.02
0.00
0.71
0.79
0.72
0.03
0.00
0.72
0.79
0.70
0.03
0.00
0.72
0.84
0.72
0.02
0.00
0.70
0.81
0.70
0.04
0.00
0.74
0.81
0.74
0.04
0.00
0.74
0.78
0.74
0.02
0.00
0.71
0.78
0.69
0.04
0.00
0.71
0.81
0.75
0.03
0.00
0.73
0.80
0.71
0.02
0.00
0.72
0.82
0.70
0.02
0.00
0.69
0.82
0.71
0.02
0.00
0.72
0.80
0.71
0.02
0.00
0.70
0.81
0.69
0.02
0.00
0.72
0.82
0.69
0.04
0.00
0.73
0.82
0.72
0.03
0.00
0.72
0.82
0.71
0.03
0.00
0.70
0.78
0.70
0.03
0.00
0.71
0.81
0.71
0.03
0.00
0.73
0.83
0.69
0.04
0.00
0.72
0.85
0.72
0.05
0.00
0.75
0.82
0.71
0.03
0.00
0.69
0.82
0.70
0.02
0.00
0.78
0.84
0.73
0.04
0.00
0.70
0.79
0.71
0.02
0.00
0.70
0.83
0.73
0.01
0.00
0.67
0.78
0.68
0.03
0.00
0.70
0.81
0.71
0.03
0.00
0.69
0.79
0.71
0.02
0.00
0.72
0.82
0.71
0.03
0.00
0.71
0.83
0.76
0.03
0.00
0.70
0.78
0.71
0.01
0.00
0.70
0.81
0.68
0.03
0.00
0.71
0.82
0.73
0.02
0.00
0.71
0.80
0.69
0.03
0.00
0.73
0.83
0.72
0.03
0.00
0.71
0.82
0.71
0.03
0.00
0.69
0.80
0.73
0.04
0.00
0.71
0.79
0.70
0.04
0.00
0.71
0.81
0.74
0.02
0.00
0.72
0.78
0.71
0.02
0.00
0.73
0.80
0.71
0.03
0.00
0.72
0.81
0.73
0.05
0.00
0.73
0.85
0.69
0.03
0.00
0.71
0.83
0.70
0.03
0.00
0.70
0.81
0.69
0.02
0.00
0.73
0.81
0.69
0.04
0.00
0.71
0.81
0.73
0.02
0.00
0.72
0.80
0.71
0.04
0.00
0.72
0.82
0.69
0.03
0.00
0.70
0.81
0.71
0.03
0.00
0.75
0.82
0.72
0.02
0.00
0.71
0.79
0.69
0.03
0.00
0.70
0.83
0.69
0.04
0.00
0.72
0.77
0.71
0.70
0.05
0.00
0.70
0.79
0.69
0.04
0.00
0.72
0.84
0.70
0.04
0.00
0.72
0.82
0.74
0.03
0.00
0.74
0.78
0.70
0.02
0.00
0.70
0.82
0.70
0.02
0.00
0.72
0.82
0.78
0.04
0.00
0.73
0.83
0.74
0.03
0.00
0.72
0.80
0.71
0.03
0.00
0.74
0.80
0.72
0.03
0.00
0.75
0.85
0.73
0.05
0.00
0.71
0.77
0.72
0.04
0.00
0.74
0.82
0.70
0.03
0.00
0.70
0.79
0.70
0.03
0.00
0.72
0.83
0.69
0.02
0.00
0.70
0.84
0.73
0.03
0.00
0.72
0.81
0.72
0.04
0.00
0.71
0.80
0.72
0.02
0.00
0.71
0.83
0.71
0.03
0.00
0.74
0.84
0.71
0.04
0.00
0.73
0.82
0.74
0.03
0.00
0.74
0.81
0.73
0.03
0.00
0.73
0.81
0.75
0.03
0.00
0.70
0.80
0.71
0.05
0.00
0.69
0.82
0.69
0.03
0.00
0.71
0.82
0.70
0.03
0.00
0.71
0.81
0.71
0.04
0.00
0.70
0.80
0.69
0.02
0.00
0.69
0.80
0.68
0.02
0.00
0.70
0.79
0.72
0.03
0.00
0.70
0.79
0.68
0.02
0.00
0.71
0.82
0.72
0.04
0.00
0.75
0.82
0.73
0.04
0.00
0.72
0.81
0.72
0.05
0.00
0.69
0.84
0.72
0.05
0.00
0.74
0.82
0.72
0.04
0.00
0.72
0.80
0.69
0.03
0.00
0.70
0.80
0.72
0.03
0.00
0.73
0.80
0.71
0.03
0.00
0.71
0.81
0.71
0.03
0.00
0.73
0.80
0.70
0.03
0.00
0.70
0.80
0.70
0.04
0.00
0.72
0.79
0.72
0.03
0.00
0.70
0.83
0.73
0.02
0.00
0.76
0.82
0.69
0.04
0.00
0.74
0.80
0.74
0.03
0.00
0.70
0.85
0.70
0.03
0.00
0.71
0.81
0.69
0.02
0.00
0.72
0.84
0.69
0.03
0.00
0.72
0.89
0.73
0.05
0.00
0.57
0.81
0.72
0.05
0.00
0.71
0.81
0.71
0.04
0.00
0.70
0.85
0.71
0.02
0.00
0.71
0.79
0.71
0.03
0.00
0.73
0.78
0.69
0.03
0.00
0.70
0.84
0.71
0.04
0.00
0.69
0.78
0.67
0.04
0.00
0.70
0.81
0.74
0.03
0.00
0.74
0.80
0.70
0.02
0.00
0.75
0.80
0.72
0.03
0.00
0.71
0.80
0.68
0.02
0.00
0.76
0.78
0.70
0.04
0.00
0.75
0.85
0.71
0.03
0.00
0.73
0.80
0.73
0.02
0.00
0.72
0.82
0.69
0.04
0.00
0.71
0.78
0.71
0.02
0.00
0.70
0.86
0.71
0.03
0.00
0.73
0.83
0.71
0.02
0.00
0.69
0.79
0.68
0.03
0.00
0.69
0.78
0.74
0.03
0.00
0.68
0.82
0.73
0.04
0.00
0.76
0.81
0.69
0.04
0.00
0.72
0.81
0.74
0.03
0.00
0.72
0.83
0.70
0.04
0.00
0.76
0.80
0.69
0.03
0.00
0.70
0.79
0.71
0.04
0.00
0.72
0.82
0.72
0.04
0.00
0.74
0.82
0.75
0.03
0.00
0.74
0.83
0.73
0.04
0.00
0.73
0.83
0.74
0.04
0.00
0.73
0.82
0.70
0.02
0.00
0.74
0.81
0.70
0.04
0.00
0.71
0.82
0.72
0.03
0.00
0.75
0.81
0.71
0.01
0.00
0.71
0.84
0.70
0.03
0.00
0.74
0.80
0.72
0.03
0.00
0.76
0.81
0.70
0.04
0.00
0.71
0.88
0.75
0.04
0.00
0.69
0.81
0.69
0.03
0.00
0.73
0.82
0.69
0.04
0.00
0.70
0.85
0.72
0.03
0.00
0.73
0.80
0.69
0.03
0.00
0.71
0.81
0.77
0.03
0.00
0.75
0.84
0.71
0.03
0.00
0.75
0.82
0.68
0.03
0.00
0.72
0.91
0.70
0.03
0.00
0.71
0.81
0.70
0.05
0.00
0.70
0.84
0.73
0.04
0.00
0.75
0.82
0.71
0.03
0.00
0.76
0.86
0.72
0.02
0.00
0.72
0.83
0.69
0.03
0.00
0.72
0.83
0.71
0.02
0.00
0.74
0.87
0.71
0.04
0.00
0.72
0.79
0.74
0.03
0.00
0.71
0.82
0.72
0.04
0.00
0.73
0.83
0.69
0.03
0.00
0.69
0.83
0.72
0.04
0.00
0.73
0.82
0.70
0.04
0.00
0.74
0.80
0.76
0.05
0.00
0.73
0.82
0.69
0.03
0.00
0.70
0.81
0.72
0.04
0.00
0.71
0.80
0.69
0.03
0.00
0.72
0.86
0.72
0.04
0.00
0.71
0.83
0.72
0.73
0.04
0.00
0.71
0.87
0.72
0.03
0.00
0.74
0.78
0.72
0.02
0.00
0.72
0.82
0.76
0.03
0.00
0.77
0.81
0.60
0.05
0.00
0.76
0.97
0.74
0.02
0.00
0.73
0.83
0.72
0.05
0.75
0.00
0.70
0.76
0.73
0.04
0.00
0.77
0.81
0.57
0.04
0.00
0.74
0.91
0.71
0.04
0.00
0.73
0.78
0.70
0.02
0.74
0.00
0.74
0.81
0.71
0.02
0.00
0.70
0.84
0.72
0.01
0.00
0.71
0.80
0.69
0.03
0.00
0.71
0.84
0.70
0.02
0.00
0.72
0.81
0.71
0.04
0.00
0.73
0.83
0.73
0.04
0.00
0.73
0.78
0.72
0.02
0.00
0.72
0.79
0.69
0.03
0.00
0.73
0.83
0.70
0.03
0.00
0.71
0.82
0.70
0.03
0.00
0.72
0.83
0.71
0.02
0.00
0.71
0.80
0.72
0.04
0.00
0.70
0.82
0.74
0.04
0.00
0.73
0.81
0.77
0.03
0.77
0.00
0.72
0.82
0.70
0.02
0.00
0.73
0.82
0.72
0.03
0.00
0.75
0.83
0.69
0.01
0.00
0.70
0.83
0.78
0.72
0.02
0.00
0.79
0.79
0.67
0.72
0.03
0.00
0.73
0.82
0.77
0.71
0.04
0.00
0.71
0.84
0.75
0.05
0.00
0.74
0.80
0.71
0.03
0.00
0.72
0.84
0.75
0.04
0.00
0.72
0.80
0.77
0.03
0.00
0.71
0.66
0.69
0.04
0.00
0.70
0.85
0.70
0.02
0.00
0.71
0.80
0.74
0.03
0.00
0.70
0.81
0.75
0.72
0.05
0.00
0.77
0.80
0.57
0.03
0.00
0.73
0.87
0.70
0.03
0.00
0.73
0.83
0.71
0.03
0.00
0.70
0.81
0.76
0.03
0.00
0.75
0.84
0.71
0.04
0.00
0.74
0.82
0.74
0.04
0.74
0.00
0.72
0.78
0.68
0.03
0.00
0.72
0.83
0.73
0.02
0.00
0.72
0.80
0.74
0.03
0.00
0.76
0.83
0.69
0.03
0.00
0.71
0.86
0.72
0.02
0.00
0.73
0.80
0.76
0.03
0.00
0.75
0.83
0.75
0.76
0.03
0.00
0.73
0.82
0.72
0.03
0.00
0.77
0.81
0.60
0.05
0.00
0.74
0.93
0.74
0.03
0.00
0.74
0.78
0.75
0.03
0.00
0.72
0.84
0.81
0.03
0.76
0.00
0.61
0.66
0.68
0.02
0.00
0.75
0.84
0.58
0.04
0.73
0.00
0.75
0.87
0.73
0.02
0.00
0.78
0.80
0.59
0.03
0.00
0.73
0.87
0.75
0.04
0.00
0.80
0.75
0.57
0.02
0.00
0.71
0.93
0.73
0.03
0.00
0.62
0.82
0.60
0.04
0.00
0.73
0.86
0.72
0.69
0.75
0.03
0.00
0.75
0.83
0.75
0.71
0.04
0.74
0.00
0.67
0.76
0.69
0.73
0.02
0.00
0.72
0.81
0.68
0.77
0.05
0.00
0.69
0.64
0.69
0.05
0.00
0.73
0.87
0.69
0.03
0.71
0.00
0.70
0.75
0.70
0.04
0.00
0.72
0.84
0.78
0.69
0.02
0.00
0.73
0.79
0.78
0.74
0.03
0.00
0.72
0.86
0.76
0.02
0.00
0.72
0.81
0.71
0.04
0.73
0.00
0.71
0.84
0.74
0.02
0.00
0.72
0.86
0.72
0.03
0.00
0.77
0.83
0.61
0.03
0.79
0.00
0.77
0.83
0.57
0.03
0.74
0.00
0.71
0.82
0.76
0.02
0.00
0.71
0.67
0.73
0.02
0.00
0.77
0.87
0.74
0.04
0.00
0.75
0.80
0.79
0.03
0.00
0.70
0.69
0.72
0.04
0.00
0.73
0.98
0.71
0.04
0.60
0.00
0.81
0.78
0.58
0.72
0.03
0.00
0.70
0.88
0.71
0.03
0.74
0.00
0.73
0.79
0.72
0.04
0.00
0.69
0.79
0.75
0.04
0.00
0.71
0.83
0.75
0.04
0.00
0.72
0.82
0.70
0.04
0.76
0.00
0.73
0.81
0.70
0.02
0.00
0.73
0.82
0.74
0.03
0.00
0.73
0.81
0.71
0.03
0.00
0.73
0.87
0.77
0.03
0.00
0.69
0.86
0.74
0.02
0.00
0.60
0.79
0.73
0.05
0.75
0.00
0.74
0.84
0.73
0.03
0.75
0.00
0.75
0.70
0.74
0.02
0.01
0.74
0.84
0.77
0.75
0.02
0.00
0.75
0.80
0.77
0.72
0.04
0.00
0.57
0.87
0.76
0.77
0.03
0.00
0.78
0.77
0.58
0.68
0.03
0.00
0.72
0.91
0.71
0.03
0.00
0.76
0.85
0.61
0.02
0.72
0.00
0.81
0.91
0.60
0.03
0.76
0.00
0.71
0.71
0.72
0.03
0.76
0.00
0.75
0.82
0.63
0.04
0.00
0.71
0.78
0.73
0.73
0.03
0.00
0.74
0.79
0.70
0.04
0.70
0.00
0.76
0.76
0.58
0.04
0.74
0.00
0.74
0.88
0.70
0.04
0.00
0.72
0.77
0.74
0.75
0.05
0.00
0.73
0.79
0.73
0.78
0.02
0.00
0.66
0.65
0.73
0.03
0.00
0.74
0.96
0.71
0.60
0.04
0.00
0.72
0.79
0.71
0.02
0.76
0.00
0.75
0.66
0.60
0.02
0.73
0.00
0.75
0.85
0.73
0.74
0.03
0.00
0.70
0.72
0.74
0.03
0.76
0.00
0.77
0.71
0.71
0.74
0.02
0.00
0.75
0.70
0.60
0.77
0.02
0.00
0.71
0.82
0.78
0.77
0.03
0.74
0.00
0.57
0.84
0.70
0.73
0.02
0.00
0.72
0.82
0.70
0.05
0.77
0.00
0.75
0.72
0.72
0.04
0.74
0.00
0.73
0.70
0.77
0.01
0.77
0.00
0.61
0.77
0.64
0.02
0.00
0.67
0.75
0.76
0.77
0.04
0.00
0.76
0.84
0.62
0.75
0.04
0.00
0.57
0.70
0.81
0.02
0.00
0.72
0.72
0.57
0.72
0.05
0.72
0.00
0.70
0.87
0.75
0.75
0.03
0.00
0.57
0.74
0.72
0.03
0.00
0.58
0.85
0.76
0.03
0.74
0.00
0.72
0.80
0.77
0.03
0.00
0.73
0.73
0.75
0.77
0.04
0.00
0.79
0.89
0.68
0.69
0.03
0.00
0.62
0.93
0.62
0.05
0.72
0.00
0.73
0.79
0.81
0.04
0.71
0.00
0.67
0.80
0.59
0.75
0.04
0.00
0.73
0.76
0.63
0.60
0.04
0.72
0.00
0.69
0.83
0.76
0.65
0.03
0.00
0.59
0.82
0.60
0.72
0.03
0.00
0.60
0.85
0.74
0.03
0.00
0.73
0.92
0.74
0.64
0.04
0.00
0.75
0.71
0.72
0.03
0.00
0.74
0.80
0.82
0.70
0.03
0.77
0.00
0.74
0.63
0.59
0.73
0.04
0.00
0.72
0.90
0.76
0.73
0.03
0.00
0.74
0.85
0.57
0.03
0.70
0.00
0.67
0.85
0.72
0.75
0.04
0.00
0.72
0.76
0.86
0.69
0.03
0.00
0.76
0.72
0.72
0.79
0.61
0.03
0.00
0.56
0.67
0.66
0.68
0.02
0.00
0.69
0.21
2.92
1.08
0.02
0.00
0.36
0.51
0.63
0.61
0.64
0.67
0.03
0.00
0.68
0.80
0.71
0.72
0.03
0.00
0.71
0.78
0.69
0.02
0.00
0.70
0.78
0.73
0.03
0.00
0.72
0.82
0.72
0.02
0.00
0.73
0.83
0.70
0.04
0.00
0.77
0.83
0.72
0.03
0.00
0.70
0.82
0.75
0.03
0.00
0.73
0.81
0.72
0.03
0.00
0.72
0.83
0.74
0.02
0.00
0.71
0.84
0.74
0.04
0.00
0.79
0.82
0.61
0.05
0.00
0.73
0.89
0.72
0.04
0.00
0.73
0.81
0.72
0.04
0.00
0.80
0.82
0.59
0.03
0.00
0.76
0.89
0.64
0.01
0.00
0.22
3.18
1.31
0.01
0.00
0.20
0.07
0.00
0.00
3.40
2.28
0.50
0.01
0.00
0.81
0.42
0.23
0.28
0.02
0.00
0.34
0.37
0.48
0.51
0.50
0.01
0.00
