204
98
6
6
231
350
471
627
777
943
1092
1132
294
412
563
715
884
1017
1183
1326
1523
1669
1775
923
970
1238
1517
1780
1990
2123
2305
2465
2620
2791
2924
3095
3232
3391
3482
3560
3626
2832
2769
3391
3574
3554
3594
2884
3551
3540
3541
3583
3639
3676
3678
3681
3676
3770
3481
3685
2490
3768
3769
3755
3085
3695
3640
3682
3719
3682
3669
3758
3752
3760
2940
3770
3777
3702
3674
3675
2482
3050
3660
3663
3409
3672
3640
3208
3700
2072
3650
3720
3663
3667
2868
3599
2364
3693
3676
3668
3648
2736
3680
1790
3486
288
314
380
2844
2108
2749
2065
2030
2581
2972
3271
3499
3563
3615
2541
2765
3655
3665
3575
3588
2140
2494
3648
3663
3535
2384
2699
3601
3651
3540
2272
2749
3605
3656
3541
2162
2438
3608
3660
3543
2216
2548
3608
3647
3549
2423
2919
3615
3653
3556
2346
2570
3618
3653
3545
3320
3612
1655
3640
3710
3638
3637
3639
2324
3700
1757
286
366
427
2242
290
301
341
2844
1993
2676
1571
1414
2522
2912
3321
3508
3571
3623
1722
1755
3664
3678
3583
3586
1544
1587
3649
3667
3530
1479
1523
3597
3659
3533
1399
1403
3599
3665
3535
1406
1425
3598
3662
3531
1418
1439
3595
3659
3534
1446
1493
3596
3662
3536
1440
1490
3600
3665
3537
1453
1475
3601
3666
3541
1473
1524
3603
3668
3537
1550
1599
3600
3664
3540
1557
1605
3603
3667
3541
1593
1636
3606
3669
3542
1500
1540
3605
3669
3541
1506
1555
3605
3668
3540
1549
1605
3604
3670
3545
1533
1581
3615
3667
3551
1559
1603
3616
3669
3551
1572
1613
3615
3673
3549
1547
1593
3612
3668
3549
1581
1629
3616
3668
3552
1575
1647
3618
3670
3549
1575
1627
3614
3669
3551
1620
1674
3614
3670
3549
1672
1744
3612
3668
3548
1652
1709
3612
3669
3549
1582
1657
3613
3672
3551
1608
1673
3615
3673
3551
1628
1695
3613
3668
3549
1581
1667
3609
3673
3549
1617
1673
3612
3664
3552
1675
1730
3617
3670
3553
1661
1716
3617
3672
3552
1647
1714
3615
3673
3552
1668
1729
3618
3673
3550
1632
1774
3616
3669
3553
1793
1912
3616
3669
3555
1834
1965
3621
3665
3554
1798
1860
3617
3671
3549
1821
1940
3614
3664
3554
1686
1798
3619
3672
3553
1645
1713
3618
3670
3555
1678
1743
3618
3667
3552
1674
1750
3616
3670
3555
1691
1785
3619
3669
3554
1683
1795
3619
3669
3555
1697
1780
3619
3667
3554
1767
1875
3620
3668
3558
1755
1828
3621
3669
3554
1876
1984
3616
3672
3555
1755
1835
3619
3671
3555
1894
2016
3618
3669
3555
1707
1848
3618
3664
3554
1872
2022
3619
3670
3556
1787
1918
3620
3667
3553
1753
1846
3618
3667
3555
1738
1848
3619
3669
3554
1971
2133
3619
3663
3551
1779
1938
3614
3668
3558
1971
2060
3622
3666
3557
1752
1877
3622
3664
3561
1875
1984
3625
3670
3558
1915
2043
3622
3672
3557
1807
1918
3621
3665
3559
1913
2008
3625
3667
3558
1893
1974
3620
3670
3555
1853
1950
3619
3671
3556
1746
1874
3622
3668
3554
1808
1935
3617
3668
3555
1839
1947
3619
3667
3553
1760
1921
3618
3669
3556
1801
1926
3617
3670
3555
1838
1976
3620
3671
3558
1924
2040
3621
3670
3556
1989
2136
3620
3669
3558
1848
1998
3623
3673
3558
2024
2131
3624
3672
3559
2060
2161
3622
3668
3556
2077
2179
3621
3668
3559
1884
2018
3623
3670
3556
1875
1999
3620
3670
3561
2040
2247
3623
3672
3554
2018
2163
3618
3668
3556
1867
1997
3621
3670
3557
1881
1988
3622
3667
3558
1856
2027
3623
3670
3561
1853
2048
3625
3665
3556
1950
2134
3620
3671
3555
1952
2156
3621
3667
3558
1974
2181
3624
3663
3559
2114
2251
3624
3671
3558
2005
2122
3623
3661
3560
1836
1952
3624
3667
3558
1956
2101
3623
3669
3558
1938
2078
3621
3671
3557
2097
2306
3619
3667
3556
2080
2324
3622
3661
3558
1935
2087
3622
3671
3559
1946
2180
3623
3672
3558
2018
2147
3622
3668
3560
1910
2069
3623
3671
3557
1915
2054
3621
3672
3560
2049
2151
3622
3671
3557
2001
2204
3620
3669
3559
2046
2184
3623
3662
3560
1990
2129
3627
3666
3561
2041
2229
3628
3668
3562
2016
2164
3628
3665
3559
2142
2363
3624
3670
3557
2032
2204
3621
3664
3557
1896
2062
3622
3673
3561
2125
2373
3624
3666
3558
1984
2109
3622
3662
3561
2058
2204
3624
3667
3560
2234
2445
3624
3672
3560
2223
2441
3621
3667
3558
1861
1972
3621
3667
3561
2077
2264
3626
3668
3560
2139
2279
3624
3669
3559
1977
2178
3623
3672
3560
1888
2050
3624
3669
3561
2185
2323
3627
3663
3561
2047
2278
3625
3669
3560
2124
2346
3625
3661
3559
2178
2383
3625
3672
3556
2109
2260
3623
3667
3556
2181
2453
3621
3668
3556
2005
2219
3621
3667
3563
1984
2157
3626
3662
3557
1955
2116
3623
3666
3562
1961
2124
3627
3672
3556
2176
2416
3621
3668
3557
2127
2309
3622
3667
3560
2166
2443
3625
3663
3556
2152
2373
3619
3660
3555
2236
2398
3622
3664
3559
1904
2065
3622
3661
3559
1888
2034
3623
3668
3561
1960
2133
3625
3661
3557
2135
2310
3623
3668
3559
2090
2292
3622
3668
3558
2138
2284
3623
3669
3559
2284
2533
3623
3663
3558
2244
2410
3622
3665
3560
2054
2195
3625
3669
3558
1971
2196
3623
3665
3557
2016
2149
3620
3664
3560
1852
2042
3624
3663
3558
2048
2240
3623
3662
3555
2148
2423
3620
3663
3559
2280
2595
3622
3667
3559
2113
2354
3623
3663
3560
2181
2417
3623
3659
3557
2108
2277
3621
3665
3558
2106
2326
3624
3665
3557
2314
2556
3624
3662
3560
2052
2224
3623
3663
3556
2048
2239
3620
3667
3558
2314
2620
3620
3663
3560
2238
2427
3625
3661
3555
2036
2221
3621
3668
3556
2071
2256
3619
3670
3557
2067
2269
3622
3664
3560
2032
2312
3624
3652
3561
2176
2399
3627
3665
3560
2039
2223
3623
3665
3558
2103
2245
3623
3667
3554
2299
2516
3621
3663
3559
2129
2381
3623
3654
3560
2130
2307
3625
3667
3560
2315
2609
3623
3670
3556
2310
2638
3620
3661
3558
2330
2549
3621
3669
3558
2042
2286
3622
3670
3558
2089
2233
3622
3671
3558
2313
2595
3623
3669
3560
2341
2570
3623
3663
3561
2140
2305
3626
3667
3559
2329
2530
3624
3663
3557
2343
2538
3624
3669
3561
2376
2548
3623
3670
3558
2074
2324
3622
3668
3558
2289
2559
3623
3670
3564
2378
2666
3628
3667
3559
2426
2635
3625
3669
3558
2069
2287
3623
3671
3565
2379
2620
3629
3665
3557
2325
2618
3622
3672
3561
2396
2680
3624
3664
3563
1983
2148
3627
3666
3561
2118
2424
3626
3658
3560
2169
2403
3625
3669
3558
2345
2686
3621
3666
3559
1988
2255
3621
3661
3560
2413
2758
3624
3666
3559
2295
2539
3622
3659
3561
2239
2425
3626
3666
3561
2191
2464
3625
3673
3560
2120
2344
3624
3665
3561
2073
2361
3623
3668
3560
2157
2409
3625
3665
3560
2153
2393
3625
3664
3563
1954
2154
3628
3662
3560
2058
2464
3624
3672
3563
2392
2734
3624
3658
3561
2546
2750
3622
3657
3561
2106
2352
3627
3668
3563
2435
2705
3626
3666
3559
2376
2688
3622
3665
3559
2354
2602
3622
3658
3560
2482
2824
3624
3660
3563
2138
2402
3626
3664
3563
2362
2687
3628
3666
3561
2266
2482
3624
3658
3557
2221
2428
3623
3666
3559
1990
2239
3624
3664
3559
2115
2404
3623
3665
3560
2408
2653
3622
3663
3560
2124
2402
3627
3666
3564
2415
2737
3627
3660
3563
2131
2396
3626
3670
3559
2464
2668
3624
3673
3560
2091
2383
3623
3666
3560
2418
2734
3623
3665
3557
2496
2820
3622
3662
3561
2463
2816
3625
3661
3560
2532
2915
3626
3655
3562
2235
2611
3627
3666
3567
2518
2824
3630
3668
3557
2593
2975
3621
3665
3561
2331
2634
3623
3664
3560
2128
2552
3624
3666
3562
2415
2679
3623
3669
3563
2137
2420
3629
3662
3562
2170
2453
3626
3658
3565
2164
2420
3632
3664
3562
2222
2650
3628
3665
3563
2253
2526
3630
3669
3562
2435
2758
3628
3661
3562
2125
2547
3625
3669
3562
2500
2842
3625
3662
3561
2502
2957
3624
3670
3563
2553
2927
3625
3662
3561
2483
2770
3627
3659
3562
2507
2880
3626
3669
3565
2512
2913
3629
3671
3563
1923
2229
3627
3660
3563
1923
2143
3627
3659
3563
2587
2962
3627
3669
3559
2421
2809
3622
3664
3561
2469
2886
3625
3674
3561
2501
2743
3623
3667
3562
2101
2487
3627
3661
3564
1900
2319
3626
3663
3562
2548
2800
3627
3669
3563
2587
2890
3625
3663
3561
2129
2531
3625
3657
3565
2127
2521
3629
3670
3562
2551
2951
3626
3663
3560
2548
2806
3624
3666
3564
2518
2927
3628
3667
3566
2109
2329
3629
3667
3560
2617
2867
3623
3659
3563
2149
2449
3627
3667
3558
2104
2422
3622
3663
3562
2207
2545
3627
3661
3565
2516
2853
3628
3664
3561
2513
2911
3625
3668
3561
2512
2927
3623
3669
3560
2222
2458
3622
3671
3562
2134
2366
3626
3664
3561
2109
2457
3627
3666
3566
2119
2378
3630
3665
3564
2234
2612
3626
3659
3561
2533
2887
3623
3660
3562
2243
2669
3627
3659
3564
2452
2916
3628
3656
3560
2525
2831
3627
3651
3566
2527
2949
3629
3662
3560
2199
2475
3625
3661
3562
2680
3178
3626
3662
3564
2610
2958
3626
3659
3562
2695
3067
3627
3655
3561
2288
2824
3624
3654
3563
2514
2985
3626
3668
3558
2637
2863
3625
3670
3566
2215
2444
3630
3670
3564
2203
2512
3627
3658
3564
2248
2533
3630
3664
3563
2311
2577
3627
3674
3565
2260
2534
3628
3667
3561
2298
2559
3624
3665
3560
2518
2812
3626
3658
3566
2245
2561
3627
3660
3561
2297
2628
3624
3663
3563
2346
2546
3626
3659
3564
2142
2456
3628
3649
3563
2625
2925
3627
3666
3561
2566
2830
3624
3662
3561
2622
3061
3627
3664
3562
2590
2984
3626
3673
3564
2599
2875
3627
3663
3562
2343
2741
3627
3668
3564
2550
2973
3629
3661
3564
2640
3155
3628
3651
3564
2573
2793
3627
3663
3565
2635
3043
3629
3671
3563
2332
2699
3628
3667
3568
2291
2525
3631
3659
3561
2230
2690
3626
3669
3563
2568
3026
3626
3656
3563
2610
3208
3628
3662
3562
2552
3042
3626
3672
3561
2662
3193
3626
3667
3561
2549
2946
3625
3670
3563
2581
2786
3629
3672
3561
2274
2596
3624
3663
3562
2299
2647
3625
3672
3559
2604
3206
3622
3661
3563
2706
3134
3626
3666
3563
2294
2595
3627
3655
3562
2672
3118
3626
3668
3566
2700
3130
3629
3672
3564
2647
3049
3627
3662
3565
2260
2530
3630
3665
3565
2257
2615
3625
3664
3562
2566
3010
3624
3663
3565
2243
2645
3629
3657
3562
2591
3080
3625
3662
3562
2453
2993
3627
3661
3564
2781
3371
3629
3655
3564
2588
3047
3628
3662
3567
2689
3147
3631
3666
3563
2493
2743
3629
3657
3568
2685
3083
3631
3654
3567
2390
2670
3632
3666
3565
2285
2925
3629
3665
3564
2531
2925
3631
3656
3568
2699
3047
3633
3658
3564
2628
2944
3632
3663
3568
2254
2686
3632
3667
3564
2636
3016
3626
3664
3566
2568
3034
3632
3662
3566
2501
3021
3631
3658
3566
2193
2480
3627
3655
3564
2232
2530
3628
3666
3568
2176
2506
3630
3659
3561
2222
2552
3624
3669
3564
2544
3024
3628
3659
3567
2516
2950
3630
3666
3565
2710
3106
3626
3671
3567
2883
3443
3631
3658
3562
2675
3104
3628
3660
3562
2464
2990
3624
3668
3561
2609
3029
3627
3662
3568
2235
2508
3635
3663
3562
2183
2529
3627
3658
3568
2825
3264
3632
3670
3564
2748
2994
3628
3660
3563
2658
3136
3628
3649
3567
2620
2893
3632
3669
3568
2195
2553
3633
3666
3566
2058
2346
3630
3659
3565
2600
3004
3628
3669
3565
2217
2491
3625
3673
3564
2335
2647
3627
3656
3564
2154
2516
3628
3665
3562
2302
2727
3628
3658
3565
2167
2465
3629
3668
3564
2500
2942
3628
3661
3565
2464
2848
3630
3671
3566
2675
3061
3629
3650
3566
2621
3069
3631
3663
3568
2276
2602
3631
3656
3569
2261
2527
3635
3665
3564
3011
3476
3629
3664
3566
2812
3632
1584
3668
3667
3616
2642
3066
3668
3664
3563
2643
3141
3627
3664
3567
2319
2569
3631
3652
3564
2675
3179
3627
3659
3565
2573
3039
3629
3665
3565
2705
3505
3629
3660
3565
2609
3064
3631
3655
3567
2614
3031
3634
3643
3656
2669
3087
3655
3670
3563
2884
3342
3626
3656
3573
3005
3215
3641
3663
3573
2498
3055
3637
3657
3569
2318
2632
3634
3666
3569
2453
2719
3633
3668
3570
2235
2655
3635
3663
3571
2614
3038
3638
3661
3572
2192
2590
3636
3672
3570
2751
3055
3633
3660
3568
3018
3386
3634
3665
3572
2642
3067
3638
3672
3570
2441
2718
3635
3665
3571
2618
3179
3633
3668
3566
2537
2958
3632
3671
3570
2579
3000
3636
3656
3572
2332
2698
3634
3670
3567
2616
2881
3634
3668
3573
2591
2867
3635
3663
3565
2591
3033
3631
3653
3571
2279
2611
3635
3705
3595
2242
2542
3660
3660
3559
2818
3268
3626
3656
3574
2866
3378
3638
3664
3566
2215
2622
3631
3652
3572
2574
3330
3636
3657
3572
2379
2769
3638
3654
3573
2236
2560
3638
3662
3569
2709
3481
3633
3661
3569
2157
2614
3633
3653
3571
2755
3323
3635
3667
3568
2254
2618
3632
3656
3569
2294
2740
3634
3653
3571
2688
3216
3638
3660
3572
2513
2799
3637
3659
3569
2454
2780
3636
3652
3569
2207
2522
3631
3668
3571
2300
2508
3634
3656
3571
2209
2515
3635
3661
3572
2751
3251
3637
3668
3569
2791
3095
3633
3669
3568
2317
2707
3631
3655
3573
2670
3152
3638
3654
3572
2266
2516
3634
3662
3568
2240
2898
3632
3649
3569
2870
3313
3636
3658
3571
2775
3119
3635
3651
3571
2522
2820
3634
3666
3567
2298
2722
3632
3663
3573
2324
2606
3638
3658
3572
2122
2612
3636
3660
3571
2196
2516
3632
3670
3568
2702
2950
3632
3672
3573
2920
3241
3633
3655
3569
2368
2806
3636
3661
3575
2587
3122
3641
3660
3569
2675
3051
3635
3667
3569
2673
3263
3633
3660
3570
3461
3637
1715
3669
3657
3629
3030
3534
3664
3657
3570
2620
2984
3634
3660
3569
2052
2328
3634
3661
3569
2797
3248
3634
3657
3572
2897
3318
3635
3663
3571
2277
2600
3635
3653
3570
2638
3014
3636
3664
3569
2705
3199
3635
3662
3575
2910
3461
3639
3660
3571
2711
3141
3639
3662
3574
2856
3640
1480
3657
3661
3629
2730
3376
3670
3661
3569
2356
2744
3634
3658
3570
2632
3278
3636
3656
3570
2160
2462
3634
3662
3570
2225
2385
3635
3658
3573
2374
2869
3637
3658
3571
2608
3022
3636
3665
3571
2714
3295
3631
3663
3569
2561
2843
3633
3666
3572
3262
3634
1554
3662
3658
3627
2210
2843
3663
3662
3575
2379
2697
3639
3649
3658
2751
3022
3655
3658
3562
2757
3581
3625
3670
3574
2222
2552
3638
3666
3569
2364
2816
3634
3656
3572
2710
3146
3638
3651
3572
3056
3512
3638
3668
3570
2270
2617
3635
3654
3572
2930
3522
3636
3658
3572
3081
3413
3637
3666
3572
2536
3040
3636
3660
3571
2608
3124
3636
3660
3567
2665
3142
3634
3654
3571
2185
2367
3637
3656
3572
3067
3639
1568
3666
3663
3631
2703
3405
3663
3651
3658
2565
2933
3657
3663
3565
2454
2892
3630
3656
3579
2577
2975
3643
3651
3573
2450
2732
3638
3658
3573
2768
3326
3636
3651
3573
2644
2960
3636
3644
3665
3023
3633
3665
3664
3564
2761
3049
3625
3658
3575
2709
3202
3636
3657
3570
2726
3088
3634
3657
3577
2624
2822
3640
3656
3573
2242
2628
3704
3654
3601
3656
3048
3428
3662
3661
3571
2706
3548
3634
3667
3576
2788
3264
3644
3649
3571
2210
2683
3638
3656
3572
2781
3229
3637
3655
3572
2649
3163
3633
3658
3574
2271
2541
3641
3658
3576
2560
3001
3638
3652
3571
2609
2915
3637
3668
3574
2771
3345
3639
3656
3571
3212
3634
1625
3667
3647
3714
2501
2898
3665
3665
3564
2122
2394
3630
3664
3577
2765
3141
3639
3666
3576
2493
3346
3640
3655
3575
3490
3640
1869
3669
3658
3635
2599
3042
3663
3650
3622
3633
2983
3469
3655
3667
3633
3628
3232
3546
3710
3661
3644
3656
2679
2999
3664
3662
3568
2709
3061
3633
3658
3576
2332
2988
3636
3656
3595
3637
2294
3120
3668
3654
3570
3699
2890
3596
3668
3664
3598
3621
2746
3040
3662
3664
3573
2324
3006
3634
3661
3575
2968
3367
3640
3668
3572
2688
3143
3633
3659
3575
2637
3157
3639
3652
3576
3533
3641
1724
3650
3668
3638
2347
2991
3655
3648
3572
2678
3278
3634
3664
3577
2177
2342
3637
3660
3581
3635
3258
3714
1562
3666
3669
3655
3668
2996
3418
3676
3665
3573
2669
3094
3639
3665
3576
2556
3076
3644
3659
3576
2137
2380
3637
3648
3667
2240
2540
3664
3630
3669
3121
3435
3661
3659
3575
3631
3667
1779
2179
3669
3667
3634
2532
3662
1586
3640
3723
3667
3413
3653
1963
3665
3652
3705
3653
2681
3015
3715
3656
3588
2646
3428
3650
3659
3576
2917
3639
1478
3654
3666
3627
3654
1740
2120
3638
3719
3664
2920
3443
3671
3669
3570
3633
1997
2260
3653
3641
3701
3013
3363
3659
3652
3652
2861
3651
1695
3703
3646
3698
2920
3470
3648
3718
3592
3010
3457
3651
3655
3568
2964
3288
3638
3654
3575
3027
3646
1538
3652
3716
3664
3310
3628
3646
3718
3592
3652
1742
3500
3650
3654
3632
2643
3089
3659
3716
3603
2672
3214
3652
3657
3572
2458
2863
3700
3658
3603
3550
3692
1924
3662
3648
3695
2264
3667
1589
3643
3725
3659
3039
3614
3651
3712
3601
2330
2595
3656
3653
3581
3690
1701
2598
3654
3656
3640
3704
1953
2937
3663
3720
3697
2936
3621
3664
3661
3702
3655
3353
3647
1859
3659
3648
3691
3650
3656
1692
2656
3660
3659
3635
2906
3510
3664
3644
3580
3307
3645
1612
3648
3721
3674
2054
2270
3648
3717
3609
2403
2677
3665
3666
3575
3479
3705
1766
3654
3714
3700
3659
2030
2380
3658
3727
3653
3655
1880
2452
3666
3658
3715
3651
1979
2895
3725
3662
3650
2714
3070
3666
3662
3574
2467
3256
3636
3666
3582
3700
1590
2234
3654
3645
3664
3537
3661
1789
3657
3659
3634
2245
2591
3659
3680
3591
3705
1905
2507
3647
3724
3641
3687
1960
2575
3638
3721
3663
2658
3228
3678
3669
3577
2853
3451
3639
3655
3582
3637
2468
2839
3653
3661
3573
2491
2913
3633
3654
3577
2892
3639
1528
3662
3648
3638
2981
3549
3657
3656
3582
3151
3649
1766
3658
3657
3638
3656
1554
2247
3663
3657
3642
2749
3177
3639
3712
3603
3210
3538
3662
3658
3575
3401
2843
1978
1471
1349
2708
3286
2740
1629
1722
3458
3560
3562
1786
1912
3631
3663
3530
1851
1992
3601
3660
3534
2025
2190
3602
3667
3537
2272
2518
3602
3666
3536
2224
2460
3602
3660
3541
2168
2370
3606
3663
3539
2447
2665
3605
3647
3543
2594
3013
3608
3659
3541
2451
2955
3607
3669
3543
2647
3051
3609
3659
3547
2404
3068
3612
3653
3544
2636
3077
3611
3659
3549
2741
3249
3615
3644
3639
2734
3240
3638
3660
3544
1444
1444
3141
3121
1412
1842
1657
2246
380
400
423
1841
2436
1629
1873
2050
1792
2114
2336
2543
2651
2774
2767
2134
1925
2685
2934
3094
3267
