204
98
6
6
233
341
486
626
781
956
1080
1136
294
408
563
718
886
1035
1168
1356
1486
1592
1971
881
933
1209
1493
1772
1995
2109
2292
2445
2616
2780
2936
3085
3239
3375
3482
3561
2568
2501
3335
3431
3475
3494
2988
3515
3534
3465
3552
3600
3658
3686
3682
3681
3692
3686
3207
3741
2552
3788
3698
3746
3687
3600
3647
3684
3649
3737
3704
3667
3746
3485
3767
2493
3755
3777
3751
3715
3688
3163
3655
1982
3728
3731
3693
3669
2718
3492
3682
3714
2164
263
330
377
2843
2073
2534
1810
1752
2477
3052
3408
3506
3561
3619
2512
2812
3662
3669
3578
3591
2411
2991
3653
3666
3532
2489
3282
3598
3648
3537
2309
2697
3605
3660
3541
3608
1574
2232
3652
3655
3602
3348
3658
1579
3649
3720
3639
3649
2053
2533
3657
3669
3592
3033
3677
1744
3692
3703
3419
287
346
405
2242
268
290
332
2843
2236
2732
1613
1472
2573
3371
3380
3531
3591
1705
1735
3641
3677
3534
3592
1526
1558
3657
3670
3532
1511
1542
3599
3662
3535
1399
1403
3599
3664
3535
1431
1459
3600
3663
3535
1413
1440
3600
3665
3536
1430
1446
3600
3664
3536
1498
1525
3600
3664
3540
1469
1498
3604
3669
3539
1540
1600
3603
3667
3539
1480
1541
3603
3668
3541
1493
1521
3604
3668
3542
1511
1574
3606
3668
3544
1607
1650
3606
3669
3544
1611
1664
3608
3673
3546
1532
1571
3608
3672
3544
1581
1611
3608
3670
3541
1540
1590
3611
3669
3549
1541
1609
3615
3672
3553
1557
1609
3616
3670
3551
1556
1634
3616
3673
3555
1585
1638
3618
3672
3549
1584
1644
3612
3670
3551
1582
1633
3614
3666
3552
1586
1656
3617
3670
3549
1645
1697
3614
3670
3553
1628
1706
3617
3672
3551
1614
1655
3615
3671
3555
1651
1754
3618
3669
3553
1601
1688
3618
3669
3555
1663
1721
3619
3668
3553
1623
1693
3616
3664
3551
1684
1764
3615
3671
3553
1768
1868
3617
3659
3555
1727
1796
3618
3672
3553
1744
1865
3617
3668
3555
1818
1929
3619
3669
3555
1693
1795
3619
3666
3555
1718
1825
3620
3665
3554
1660
1760
3616
3673
3553
1658
1730
3618
3667
3559
1655
1766
3624
3670
3555
1709
1817
3617
3662
3556
1702
1810
3619
3672
3557
1685
1764
3619
3671
3555
1813
1913
3617
3670
3557
1688
1860
3622
3667
3557
1876
1973
3621
3668
3553
1703
1826
3618
3671
3554
1728
1848
3619
3672
3554
1860
2006
3617
3667
3556
1895
1976
3619
3671
3555
1775
1851
3620
3670
3558
1845
2027
3621
3670
3554
1896
2017
3619
3673
3557
1941
2059
3621
3671
3554
1719
1834
3618
3673
3554
1935
2096
3619
3666
3559
1802
1911
3624
3672
3561
1761
1942
3624
3673
3559
1767
1891
3622
3664
3562
1879
1991
3629
3663
3558
1781
1889
3619
3672
3558
1802
1941
3623
3667
3558
1955
2116
3623
3668
3557
1758
1859
3621
3665
3559
1745
1857
3623
3669
3560
1870
1990
3624
3673
3561
1746
1861
3624
3662
3559
1760
1880
3623
3666
3558
1878
1971
3621
3665
3561
1816
1938
3623
3667
3560
1941
2033
3625
3672
3558
1847
1972
3623
3673
3560
1886
2038
3626
3668
3560
1893
2025
3625
3669
3560
1982
2186
3624
3666
3558
2004
2172
3623
3664
3555
1814
1925
3623
3661
3559
1808
1971
3623
3670
3559
1848
2007
3623
3667
3561
1935
2033
3623
3669
3563
1896
2003
3625
3667
3561
1970
2165
3624
3670
3562
1854
2002
3625
3664
3562
1819
1958
3627
3667
3559
1895
2016
3625
3667
3562
1823
1975
3627
3666
3563
1880
2093
3627
3671
3562
2015
2156
3625
3669
3560
1984
2152
3624
3664
3561
1924
2073
3625
3661
3562
1940
2112
3628
3666
3559
1897
2018
3624
3668
3562
1900
2051
3628
3668
3562
2101
2239
3625
3663
3562
1921
2043
3627
3663
3560
1963
2059
3623
3666
3558
1900
2041
3620
3669
3562
2120
2309
3627
3664
3563
1986
2166
3628
3665
3562
1932
2103
3624
3659
3558
1944
2089
3623
3672
3562
1902
2066
3625
3670
3560
2008
2170
3623
3669
3561
2041
2201
3626
3670
3562
2037
2188
3625
3669
3560
1903
2075
3626
3670
3561
1875
2115
3626
3670
3563
2117
2261
3629
3671
3561
1956
2108
3626
3667
3563
1937
2107
3625
3664
3564
2079
2223
3629
3665
3562
2047
2273
3625
3667
3560
1983
2093
3624
3666
3560
1958
2121
3624
3665
3558
1867
2019
3622
3668
3560
1897
2088
3625
3662
3562
1975
2143
3623
3673
3560
1969
2196
3624
3663
3563
1999
2153
3629
3669
3561
1952
2084
3624
3671
3560
1959
2164
3624
3667
3557
1967
2128
3621
3668
3559
2137
2305
3624
3662
3559
1981
2153
3623
3663
3558
2170
2331
3622
3668
3560
2013
2268
3626
3671
3560
1988
2193
3624
3660
3556
2052
2274
3620
3664
3559
1844
2042
3626
3673
3566
1981
2171
3631
3664
3560
2145
2343
3623
3668
3561
2214
2415
3625
3668
3558
2119
2349
3622
3671
3558
2195
2377
3623
3664
3560
2299
2435
3623
3670
3555
2216
2479
3618
3669
3556
2001
2198
3624
3651
3562
1960
2130
3625
3668
3562
2007
2217
3625
3667
3557
2021
2228
3622
3665
3561
2074
2308
3626
3664
3560
2135
2349
3625
3667
3561
2257
2502
3623
3671
3560
2267
2463
3624
3664
3558
2029
2227
3625
3666
3560
1991
2197
3624
3671
3562
2282
2448
3627
3667
3562
1991
2195
3626
3667
3558
2063
2243
3623
3666
3558
2111
2356
3621
3669
3560
2104
2334
3626
3671
3562
2188
2357
3625
3659
3558
2206
2374
3623
3673
3561
2059
2317
3626
3662
3558
2095
2269
3623
3671
3560
2071
2255
3623
3666
3562
2152
2304
3628
3670
3560
2018
2301
3625
3666
3561
2295
2564
3625
3671
3558
2313
2478
3623
3672
3561
2195
2441
3623
3663
3562
2124
2430
3626
3666
3560
2052
2246
3624
3672
3559
2215
2501
3621
3666
3563
1980
2174
3626
3666
3559
2349
2608
3625
3666
3562
2333
2488
3625
3669
3561
2331
2609
3624
3665
3558
2300
2572
3622
3670
3562
2072
2290
3626
3669
3563
2106
2346
3626
3668
3561
2236
2552
3626
3661
3560
2082
2420
3624
3668
3560
2402
2620
3624
3658
3560
2076
2291
3624
3664
3561
2118
2303
3627
3668
3561
2080
2320
3625
3666
3565
2134
2356
3630
3664
3563
2271
2497
3627
3663
3564
2136
2330
3630
3657
3563
2227
2490
3628
3668
3562
2382
2646
3626
3669
3560
2331
2617
3624
3669
3563
2177
2455
3625
3670
3561
2071
2349
3623
3671
3562
2147
2379
3627
3663
3564
2216
2420
3631
3669
3561
2067
2419
3623
3666
3560
2320
2642
3624
3672
3557
2383
2727
3621
3664
3557
2407
2664
3623
3663
3563
2304
2573
3627
3668
3565
2387
2646
3631
3668
3563
2360
2655
3626
3665
3563
2349
2556
3627
3667
3559
2140
2410
3622
3670
3563
2329
2601
3627
3654
3561
2126
2392
3626
3660
3562
2222
2446
3628
3670
3561
2097
2361
3625
3666
3561
2213
2473
3625
3672
3563
2185
2455
3627
3667
3563
2360
2671
3627
3663
3559
2326
2653
3624
3666
3563
2459
2709
3627
3661
3563
2548
2734
3627
3663
3562
2186
2445
3626
3667
3562
2185
2483
3625
3668
3559
2417
2645
3624
3667
3562
2146
2460
3624
3671
3562
2207
2493
3627
3667
3564
2138
2437
3627
3660
3565
2417
2681
3629
3664
3558
2208
2439
3623
3669
3563
2048
2221
3628
3666
3562
2215
2445
3625
3662
3563
2174
2433
3628
3662
3564
2119
2376
3627
3670
3563
2142
2320
3626
3658
3564
2233
2493
3631
3661
3563
2475
2713
3629
3659
3564
2487
2709
3629
3667
3565
2559
2954
3629
3669
3563
2115
2385
3625
3667
3563
2533
2855
3625
3657
3559
2427
2803
3623
3661
3565
2237
2496
3628
3673
3562
2460
2764
3624
3669
3563
2129
2398
3625
3664
3560
2236
2522
3626
3669
3565
2250
2526
3630
3674
3562
2394
2638
3624
3667
3563
2143
2398
3629
3668
3565
2080
2290
3630
3667
3563
2149
2431
3627
3664
3562
2398
2751
3627
3670
3568
2491
2839
3631
3663
3559
2536
2872
3625
3666
3565
2638
2974
3628
3660
3563
2528
2873
3627
3660
3564
2172
2458
3628
3667
3564
2183
2473
3629
3663
3563
2124
2424
3630
3664
3564
2085
2411
3627
3657
3560
2577
2970
3624
3663
3562
1935
2131
3624
3666
3562
2165
2450
3626
3672
3563
2182
2634
3626
3670
3561
2562
2931
3624
3663
3567
2168
2448
3630
3669
3565
2412
2766
3626
3665
3564
2176
2478
3623
3668
3560
2524
2872
3625
3664
3566
2323
2518
3631
3663
3564
2498
2879
3629
3670
3565
2652
2960
3629
3665
3563
2015
2284
3628
3665
3568
2542
2994
3632
3660
3565
2396
2856
3630
3669
3564
2223
2553
3629
3665
3568
2423
2801
3633
3667
3564
2605
2979
3627
3668
3561
2174
2445
3625
3661
3566
2471
3021
3629
3663
3567
2073
2265
3633
3668
3565
2428
2822
3630
3655
3563
2596
2976
3628
3672
3565
2235
2473
3631
3657
3562
2515
2856
3630
3665
3567
2458
2720
3630
3666
3565
2374
2589
3630
3662
3562
2269
2567
3625
3654
3560
2326
2798
3624
3667
3562
2602
2910
3626
3667
3564
2572
2885
3628
3668
3566
2524
2948
3626
3667
3562
2337
2729
3629
3669
3567
2609
3060
3630
3654
3563
2553
3027
3627
3664
3564
2712
3052
3627
3655
3563
2297
2503
3627
3671
3567
2367
2680
3630
3663
3563
2528
2904
3626
3663
3564
2261
2563
3633
3668
3566
2215
2459
3631
3669
3565
2357
2719
3632
3669
3564
2122
2560
3628
3670
3565
2489
2996
3629
3659
3567
2653
3008
3632
3661
3565
2515
2967
3629
3665
3565
2580
2984
3628
3663
3564
2090
2354
3628
3660
3561
2350
2653
3628
3668
3567
2567
3033
3633
3664
3567
2595
2913
3631
3668
3564
2215
2600
3629
3663
3563
2834
3283
3628
3668
3565
2546
2954
3629
3673
3563
2565
2877
3627
3662
3568
2241
2537
3633
3657
3567
2362
2626
3632
3665
3568
2239
2580
3631
3658
3566
2151
2521
3631
3663
3566
2489
2880
3631
3661
3567
2514
3150
3630
3667
3568
2552
2906
3634
3670
3567
2277
2616
3628
3663
3563
2481
2893
3627
3661
3565
2468
2845
3631
3669
3569
2676
2964
3632
3653
3560
2564
3006
3624
3670
3566
2536
2974
3633
3654
3566
2544
2953
3631
3657
3569
2527
2940
3633
3662
3567
2547
2816
3630
3667
3567
2425
2701
3629
3663
3566
2236
2645
3628
3669
3566
2453
2942
3629
3657
3567
2593
3063
3631
3658
3570
2258
2522
3632
3656
3568
2176
2468
3632
3670
3567
2273
2543
3631
3668
3568
2643
2877
3631
3664
3566
2505
3069
3629
3663
3564
2570
2993
3628
3662
3564
2643
2904
3629
3670
3564
1965
2219
3627
3667
3566
2735
3003
3629
3665
3567
2670
3114
3628
3663
3563
2563
3049
3629
3661
3566
2261
2602
3631
3651
3566
2273
2663
3633
3665
3566
2342
2806
3632
3656
3568
2733
3097
3631
3671
3566
2479
2845
3629
3658
3566
2707
3039
3631
3659
3566
2632
3360
3632
3665
3566
2169
2547
3631
3663
3564
2735
3175
3627
3662
3563
2797
3259
3629
3675
3566
2571
3014
3629
3661
3567
2347
2642
3631
3657
3565
2590
2802
3628
3671
3564
2217
2555
3632
3658
3568
2110
2292
3630
3660
3565
2591
2999
3629
3661
3563
2189
2479
3627
3648
3565
2346
2691
3631
3664
3565
2704
3102
3628
3665
3566
2200
2506
3630
3662
3564
2581
2890
3629
3661
3565
2496
2747
3628
3667
3570
2333
2734
3633
3656
3563
2545
2952
3629
3669
3564
2560
3162
3630
3657
3568
2514
2952
3632
3658
3566
2603
3025
3631
3664
3565
2559
2985
3630
3659
3563
2530
2766
3630
3654
3570
2236
2476
3632
3653
3566
2762
3010
3630
3675
3566
2244
2576
3632
3661
3564
2229
2697
3631
3665
3569
2050
2330
3633
3658
3564
2574
3002
3630
3664
3566
2705
3185
3631
3655
3565
2730
3133
3627
3663
3566
2702
3153
3631
3660
3568
2517
2870
3633
3650
3567
2267
2645
3631
3656
3568
2714
3074
3634
3660
3570
2496
2888
3632
3668
3567
2554
2954
3632
3656
3567
2651
3091
3635
3665
3565
2529
2935
3629
3659
3563
2784
3336
3626
3663
3563
2547
2891
3629
3662
3568
2725
3121
3633
3659
3567
2639
2906
3633
3658
3568
2316
2744
3634
3661
3562
2674
3098
3628
3659
3565
2200
2674
3626
3655
3563
2381
2659
3629
3657
3572
2299
2657
3637
3662
3568
2269
2703
3633
3654
3570
2700
3122
3632
3654
3564
2730
3170
3628
3653
3568
2543
3018
3634
3669
3567
2672
3035
3628
3660
3568
2269
2645
3629
3654
3570
2369
2908
3634
3662
3564
2414
2742
3630
3641
3654
2471
2751
3655
3658
3555
2359
2605
3619
3664
3572
2579
3193
3635
3659
3571
2550
2822
3634
3665
3567
2321
2563
3633
3649
3567
2678
3122
3632
3662
3567
2601
3085
3633
3653
3566
2568
2942
3632
3658
3571
2712
2971
3636
3665
3571
2307
2604
3635
3668
3570
2255
2509
3633
3645
3568
2306
2546
3634
3657
3569
2430
2920
3637
3650
3571
2330
2650
3636
3662
3571
2332
2645
3636
3663
3567
2858
3176
3630
3667
3567
2511
3009
3627
3669
3566
2067
2334
3629
3660
3568
2268
2608
3634
3667
3567
2509
2929
3631
3665
3565
2189
2476
3631
3645
3655
2650
2962
3654
3636
3653
2368
2709
3654
3654
3565
2697
3087
3631
3663
3571
2646
3048
3636
3661
3569
2289
2698
3633
3655
3569
2592
3048
3634
3655
3569
2583
3061
3635
3670
3575
2267
2567
3633
3650
3570
2503
2957
3635
3661
3570
2003
2281
3637
3661
3572
2004
2238
3636
3656
3567
2800
3351
3631
3661
3567
2520
3032
3630
3666
3567
2729
3026
3633
3649
3569
2506
2949
3633
3658
3573
2566
3050
3634
3662
3568
2522
3092
3634
3658
3569
2231
2589
3633
3666
3570
2968
3262
3634
3668
3569
2191
2847
3631
3650
3568
2276
2617
3633
3661
3572
2529
3223
3635
3659
3568
2617
3039
3633
3654
3572
2523
2947
3635
3665
3568
2685
3387
3629
3653
3568
2839
3313
3633
3662
3568
2744
3147
3632
3656
3571
2661
2896
3635
3656
3569
2883
3157
3635
3667
3574
2502
3138
3638
3655
3570
2588
3044
3636
3663
3573
2614
3100
3640
3659
3570
2257
2586
3634
3664
3570
2737
3089
3633
3653
3572
2228
2580
3636
3661
3568
2609
2925
3631
3667
3572
3002
3518
3634
3665
3572
2478
2818
3636
3660
3571
2879
3163
3637
3660
3570
2680
3110
3632
3657
3571
2286
2698
3634
3663
3568
3035
3471
3633
3666
3571
2416
2840
3634
3668
3569
2756
3280
3632
3664
3570
2543
3083
3635
3655
3571
2806
3062
3636
3660
3570
2889
3194
3635
3670
3572
2451
2780
3638
3654
3587
3630
2904
3492
3658
3675
3565
2263
2453
3633
3654
3573
2521
2815
3637
3663
3569
2623
3093
3631
3660
3569
2759
3300
3635
3654
3568
2747
3229
3633
3658
3571
2606
3109
3639
3666
3575
2750
3332
3642
3662
3573
2648
2926
3636
3673
3570
2462
2806
3634
3662
3568
2573
3064
3634
3667
3571
2252
2603
3634
3648
3568
2447
2665
3631
3660
3572
2687
3107
3635
3654
3570
2586
2842
3634
3647
3571
2604
3022
3636
3666
3564
2779
3163
3631
3668
3574
2388
2663
3636
3668
3562
2626
2994
3628
3660
3573
2309
2593
3637
3657
3570
2722
3178
3636
3658
3573
2499
3045
3637
3655
3569
2212
2680
3636
3662
3568
2207
2513
3635
3665
3570
2270
2766
3636
3661
3571
2361
2723
3635
3660
3569
2180
2598
3634
3660
3567
2876
3292
3630
3665
3568
2859
3515
3635
3650
3569
2915
3635
1496
3716
3649
3654
2938
3192
3656
3678
3568
2565
3209
3629
3659
3572
2752
3254
3638
3669
3572
2339
2887
3629
3661
3565
2515
3029
3629
3661
3570
2322
2648
3636
3664
3570
2630
2868
3634
3666
3570
2207
2491
3633
3654
3571
2446
2910
3636
3650
3567
2961
3499
3633
3649
3660
2900
3382
3652
3654
3563
3628
2925
3264
3655
3668
3568
2489
3212
3631
3666
3573
2503
3133
3637
3714
3599
2765
3647
1590
3660
3657
3623
2322
2622
3648
3660
3573
2230
2709
3632
3652
3567
3147
3527
3633
3645
3656
2614
3452
3656
3666
3559
2632
3132
3624
3657
3574
2580
2982
3638
3663
3576
2563
3060
3637
3651
3568
3635
1468
2012
3666
3665
3632
2941
3145
3655
3661
3569
2237
2773
3633
3650
3570
2687
3217
3633
3655
3567
2436
3182
3634
3664
3570
2500
2976
3634
3663
3572
2730
3174
3632
3662
3571
2588
3636
1550
3662
3659
3631
2194
2603
3668
3649
3574
3421
3637
1610
3661
3662
3628
2924
3568
3666
3665
3576
2742
3024
3642
3657
3575
2936
3426
3642
3662
3577
2594
3641
1482
3652
3650
3629
2465
2965
3673
3657
3575
2534
3178
3642
3655
3575
2763
3142
3639
3710
3595
2021
2233
3647
3642
3692
3651
2417
2790
3643
3709
3604
2469
2837
3667
3656
3570
2819
3213
3633
3651
3575
3260
3638
1539
3643
3715
3657
2232
2932
3653
3651
3564
2241
2843
3625
3656
3578
3641
1510
2004
3660
3656
3632
3108
3668
1652
3654
3653
3635
3049
3399
3673
3659
3576
3637
2607
3207
3673
3655
3569
3634
1475
2072
3661
3647
3704
2544
2832
3646
3718
3600
2930
3696
1534
3648
3711
3675
3647
1583
2074
3715
3659
3646
3632
1538
2085
3714
3676
3660
3660
1578
1939
3655
3730
3654
3649
1750
2273
3719
3653
3704
2848
3444
3652
3641
3680
3648
2315
2709
3647
3714
3589
2823
3273
3649
3665
3579
3637
3117
3403
3645
3670
3617
3634
3527
3659
1751
3663
3660
3625
2463
3157
3669
3651
3574
3645
1606
2361
3648
3647
3688
2654
3280
3664
3663
3572
3634
1963
3403
3653
3643
3700
3666
1622
2453
3655
3660
3629
3647
2571
3352
3711
3663
3705
3656
2683
3159
3651
3670
3580
3631
3114
3652
1605
3646
3717
3657
3270
3612
3666
3666
3580
3632
3039
3295
3669
3670
3572
2140
2461
3636
3632
3674
3302
3658
1836
3642
3719
3654
2756
3594
3660
3643
3652
2419
3137
3651
3661
3571
2290
2538
3632
3659
3581
2662
3640
1521
3625
3702
3667
2812
3164
3676
3664
3579
1909
2213
3645
3645
3678
2924
3523
3657
3650
3571
2755
3633
1579
3662
3660
3642
2779
3003
3667
3652
3573
3584
3696
2001
3663
3671
3647
3434
3708
2303
3669
3667
3657
2745
3137
3667
3661
3574
2589
2949
3639
3669
3588
2567
2860
3703
3675
3605
2861
3218
3645
3668
3572
2767
3631
1467
3671
3649
3699
3652
2207
2761
3719
3672
3647
3675
2533
3659
2981
3727
3657
3710
2459
2963
3677
3664
3661
3655
3243
3647
1647
3647
3721
3638
3651
1543
1945
3706
3728
3670
3049
3579
3657
3722
3599
3651
2070
2974
3654
3652
3656
3667
3616
3652
1936
3664
3657
3639
3669
2270
3224
3666
3659
3635
3653
1575
2659
3714
3721
3664
2866
3221
3646
3705
3676
3662
2144
2667
3646
3664
3609
3415
3669
1589
3665
3647
3652
2550
2962
3668
3635
3669
3662
2255
3254
3668
3670
3628
2697
3707
1612
3663
3651
3705
2981
3631
1613
3719
3642
3684
3648
1949
3510
3700
3720
3657
3669
1662
2083
3663
3644
3687
3647
3080
3694
2065
3717
3642
3688
3677
1937
2376
3692
3663
3697
3697
3706
1822
2251
3716
3731
3700
3645
2602
2979
3721
3664
3623
3664
3638
1858
2846
3708
3642
3692
2985
3657
1590
3705
3710
3692
3656
1617
2085
3714
3664
3635
2646
3299
3643
3700
3616
2911
3563
3659
3654
3578
2487
3011
3641
3653
3586
2934
3580
3654
3612
3676
3646
1686
2234
3674
3649
3693
3078
3644
1574
3713
3661
3701
2796
3046
3644
3703
1859
2844
1988
1472
1276
2725
2986
3026
3473
3544
3606
3648
2185
2337
3664
3677
3609
3591
2172
2420
3653
3673
3537
1860
2043
3603
3665
3541
2105
2345
3609
3658
3541
2192
2406
3606
3670
3542
2410
2746
3606
3651
3543
2538
2956
3606
3655
3543
2623
2948
3607
3667
3546
2481
2807
3609
3662
3545
2489
2790
3611
3660
3547
2148
2458
3613
3654
3549
2346
2685
3615
3648
3549
2559
2973
3615
3658
3552
3547
3617
1710
3656
3669
2368
1752
1925
3099
3122
1416
1624
1434
2243
409
465
511
2578
2624
1959
2054
1568
1901
2164
2360
2472
2568
2659
2642
2087
2230
2776
3147
3240
