5
5
6
6
160
300
444
600
745
886
1001
86
234
387
540
690
819
951
1104
1124
1150
1235
193
510
753
1004
1418
1475
1506
1540
1575
1620
1661
1715
1773
1830
1891
1957
2020
2079
2061
2189
1807
1780
1757
1723
1693
1648
1572
1636
1692
1753
1813
1886
1939
2004
2063
2131
3381
2150
2359
2213
1905
1592
1549
1578
1677
1744
1820
1899
1958
2056
2111
3353
2205
2218
2283
1973
1674
1565
1649
3557
1739
1821
1848
1601
1582
1667
194
222
318
374
1295
1351
1421
1878
2117
1277
1345
1414
1434
1519
2297
2545
1588
1340
1348
1416
2610
2968
1497
1299
1368
2264
2564
1439
1315
1370
2170
2525
1440
1309
1371
2719
3147
1447
1306
1385
2125
2368
1452
1330
1383
2687
3003
1460
1326
1390
2796
2922
1451
1358
1394
3652
1478
1766
1552
1428
1475
2761
3369
1586
194
217
291
313
194
219
338
392
1296
1349
1415
1356
1431
1251
1309
1375
1412
1490
1625
1684
1563
1278
1347
1479
1514
1413
1300
1364
1485
1520
1429
1294
1360
1493
1530
1425
1292
1359
1394
1400
1425
1297
1361
1429
1441
1426
1296
1362
1428
1453
1421
1297
1355
1454
1476
1422
1298
1360
1478
1517
1424
1302
1365
1534
1607
1434
1298
1360
1458
1491
1423
1297
1359
1544
1591
1422
1300
1363
1596
1644
1426
1301
1368
1566
1633
1431
1302
1370
1600
1632
1430
1301
1366
1500
1548
1430
1311
1368
1517
1570
1430
1302
1364
1558
1602
1437
1312
1379
1549
1587
1439
1306
1371
1549
1588
1437
1311
1374
1657
1748
1440
1309
1378
1567
1624
1435
1310
1372
1568
1616
1436
1309
1372
1581
1651
1437
1309
1373
1695
1779
1436
1311
1378
1629
1701
1440
1308
1372
1574
1634
1439
1309
1370
1586
1680
1434
1315
1372
1647
1707
1436
1316
1375
1617
1675
1439
1312
1374
1603
1664
1443
1317
1389
1645
1771
1445
1311
1376
1632
1694
1440
1318
1374
1641
1736
1442
1319
1379
1707
1820
1439
1311
1375
1673
1766
1436
1314
1380
1652
1726
1441
1319
1380
1636
1781
1443
1315
1376
1679
1749
1442
1313
1383
1638
1697
1441
1317
1379
1705
1811
1444
1315
1381
1701
1791
1446
1311
1377
1832
1902
1440
1312
1378
1698
1781
1440
1313
1377
1724
1815
1447
1316
1379
1689
1764
1445
1317
1389
1700
1847
1449
1314
1382
1782
1855
1450
1315
1377
1700
1788
1443
1321
1379
1727
1798
1448
1315
1378
1685
1762
1444
1322
1377
1911
2063
1441
1316
1383
1899
1985
1445
1315
1382
1777
1876
1443
1315
1377
1702
1833
1445
1320
1379
1719
1843
1446
1319
1391
1763
1896
1445
1319
1387
1757
1856
1449
1319
1384
1703
1792
1446
1319
1385
1738
1825
1442
1313
1376
1769
1873
1439
1313
1375
1783
1891
1446
1317
1380
1766
1859
1450
1318
1388
1761
1884
1446
1321
1381
1755
1869
1446
1322
1386
1807
1936
1449
1324
1382
1807
1943
1441
1323
1389
1862
1976
1446
1314
1380
1799
1893
1445
1317
1381
1772
1866
1444
1319
1381
1834
1994
1443
1320
1382
1822
1987
1446
1321
1394
1825
1943
1447
1325
1384
1770
1893
1448
1316
1382
1825
1958
1451
1319
1391
1845
1945
1447
1322
1384
1814
1937
1447
1317
1385
1776
1957
1444
1319
1385
1785
1894
1446
1319
1386
1786
1942
1450
1322
1384
1880
2003
1447
1317
1379
1984
2167
1447
1315
1383
1844
2003
1449
1317
1389
1881
2034
1450
1319
1381
1865
2019
1445
1318
1383
1910
2011
1446
1317
1379
1810
1954
1447
1320
1378
1792
1906
1443
1320
1384
1890
2001
1455
1320
1387
2015
2125
1447
1320
1383
2043
2160
1449
1320
1384
1930
2139
1448
1319
1387
1960
2083
1447
1322
1388
2018
2189
1448
1320
1378
1955
2086
1445
1326
1383
1983
2093
1451
1320
1385
1871
1981
1450
1326
1388
1900
2035
1450
1322
1383
1928
2064
1451
1323
1392
1914
2019
1450
1327
1385
1868
1993
1446
1324
1387
2031
2206
1448
1318
1382
1991
2188
1449
1325
1383
1963
2114
1446
1327
1390
2033
2123
1451
1323
1386
1858
2026
1448
1331
1386
1897
2074
1447
1319
1390
1818
1978
1446
1325
1399
1946
2118
1448
1321
1381
1887
2026
1445
1324
1390
1926
2090
1452
1329
1388
2097
2247
1445
1328
1386
1980
2181
1448
1323
1384
1924
2057
1453
1325
1388
1897
2016
1449
1324
1384
1982
2140
1449
1324
1381
2082
2244
1455
1327
1388
1973
2209
1451
1322
1395
1992
2116
1451
1330
1385
1966
2099
1448
1318
1388
2154
2399
1453
1321
1392
2212
2409
1450
1324
1389
1962
2119
1455
1332
1387
2122
2342
1453
1322
1386
2208
2368
1451
1317
1382
2184
2468
1447
1320
1378
2171
2416
1446
1320
1390
1870
1997
1446
1324
1384
2172
2358
1445
1328
1385
2023
2215
1450
1325
1381
2010
2220
1449
1326
1381
1997
2177
1449
1321
1388
2003
2150
1451
1318
1388
1918
2059
1445
1318
1385
2059
2319
1446
1319
1389
2158
2306
1443
1320
1389
1989
2305
1446
1321
1393
1996
2249
1447
1322
1393
2279
2570
1455
1316
1387
2177
2376
1449
1319
1386
2154
2306
1451
1317
1389
2136
2292
1462
1327
1385
2130
2273
1451
1325
1394
2092
2272
1447
1318
1388
1999
2185
1449
1324
1382
1996
2202
1448
1333
1393
2076
2228
1447
1320
1384
2062
2224
1448
1322
1380
2292
2540
1445
1323
1385
2279
2443
1442
1319
1383
2108
2197
1450
1330
1386
1986
2186
1459
1328
1382
2010
2209
1459
1323
1391
2143
2381
1465
1328
1386
2252
2420
1448
1322
1384
2274
2575
1453
1326
1390
2137
2282
1452
1329
1383
2285
2516
1452
1314
1383
2026
2197
1449
1322
1384
2016
2262
1449
1320
1385
2072
2292
1448
1327
1391
1915
2135
1449
1324
1383
2078
2241
1456
1321
1387
2037
2234
1457
1322
1391
2011
2169
1456
1322
1382
2274
2585
1446
1319
1388
2293
2538
1452
1319
1388
2220
2464
1448
1325
1383
2064
2295
1450
1320
1386
2188
2394
1450
1319
1385
2293
2468
1452
1327
1389
2287
2484
1449
1320
1383
2160
2393
1448
1335
1390
1939
2091
1454
1330
1385
2233
2506
1449
1324
1390
2103
2293
1451
1322
1393
2229
2472
1445
1328
1384
2167
2409
1450
1324
1384
2317
2515
1453
1325
1386
2308
2608
1448
1327
1391
2339
2587
1454
1319
1387
2381
2591
1451
1333
1388
2316
2600
1454
1328
1388
2318
2510
1448
1328
1386
2133
2322
1448
1326
1395
2095
2309
1451
1319
1392
2146
2330
1454
1327
1385
2231
2517
1449
1323
1385
2219
2529
1447
1321
1381
2298
2492
1456
1325
1392
2175
2401
1454
1318
1388
2100
2356
1449
1325
1388
2156
2495
1455
1325
1385
2332
2565
1451
1326
1393
2420
2797
1452
1323
1400
2353
2570
1459
1320
1383
2073
2373
1466
1322
1388
2100
2374
1448
1326
1392
2135
2384
1449
1324
1390
2169
2452
1451
1325
1382
2150
2360
1458
1329
1392
2386
2701
1450
1330
1394
2156
2374
1450
1326
1389
2191
2437
1452
1328
1395
2178
2354
1454
1326
1393
2215
2412
1460
1324
1391
2430
2680
1452
1320
1383
2367
2650
1452
1327
1384
2356
2592
1460
1325
1384
2176
2542
1462
1322
1387
2411
2618
1462
1322
1383
2149
2366
1455
1324
1389
2471
2814
1462
1324
1384
2448
2806
1457
1323
1393
2203
2480
1460
1326
1401
2016
2301
1454
1321
1390
1996
2276
1451
1323
1388
2286
2446
1453
1320
1391
2199
2491
1449
1327
1393
2438
2861
1450
1328
1399
2167
2444
1463
1324
1394
2483
2833
1454
1328
1388
2138
2315
1454
1319
1387
2135
2426
1449
1325
1387
2391
2680
1451
1326
1381
2155
2459
1450
1325
1392
2172
2438
1453
1327
1392
2461
2857
1448
1329
1388
2399
2666
1452
1333
1392
2236
2660
1465
1324
1392
2168
2456
1452
1323
1385
2075
2395
1446
1327
1389
2221
2539
1456
1320
1397
2153
2406
1454
1328
1388
2193
2431
1462
1325
1398
2532
2782
1453
1320
1392
2410
2768
1456
1325
1392
2134
2330
1457
1327
1398
2204
2486
1458
1325
1392
2502
2820
1454
1321
1397
2405
2725
1453
1322
1383
2509
2869
1450
1324
1388
2432
2735
1449
1332
1388
2422
2684
1466
1328
1391
2529
2928
1453
1333
1395
2037
2341
1459
1321
1392
2276
2569
1456
1327
1387
2447
2891
1456
1320
1391
2453
2925
1459
1321
1395
2570
2873
1455
1326
1397
2519
2785
1456
1317
1392
2502
2931
1454
1324
1398
2514
2905
1449
1322
1393
2553
2862
1454
1319
1393
2651
2999
1454
1325
1392
2614
2850
1456
1327
1380
2554
2899
1456
1326
1385
2490
2863
1461
1325
1394
2546
2914
1474
1329
1388
2424
2826
1449
1335
1393
2207
2509
1459
1327
1391
2395
2769
1463
1341
1395
2491
2914
1468
1323
1384
2575
2800
1453
1326
1394
2162
2412
1457
1331
1392
2192
2498
1459
1327
1385
2543
2963
1461
1324
1386
2558
2816
1454
1329
1394
2508
2823
1455
1334
1384
2502
2774
1450
1318
1395
2223
2535
1463
1324
1391
2305
2705
1457
1321
1392
2574
3024
1446
1322
1393
2267
2534
1444
1329
1396
2160
2558
1454
1325
1389
2611
2993
1446
1328
1400
2570
2968
1459
1321
1381
2122
2429
1451
1328
1380
2198
2466
1455
1325
1395
2559
2877
1456
1328
1394
2522
2840
1450
1326
1396
2262
2580
1451
1331
1394
2268
2638
1448
1332
1392
2644
3036
1451
1330
1397
2672
2987
1444
1321
1388
2206
2586
1450
1324
1391
2303
2723
1451
1329
1394
2682
3032
1453
1329
1392
2587
2994
1451
1326
1389
2513
2901
1450
1322
1393
2241
2553
1460
1325
1395
2213
2423
1457
1330
1386
2624
3090
1462
1331
1393
2501
2773
1454
1325
1392
2126
2536
1456
1319
1389
2655
3133
1444
1327
1388
2492
2920
1459
1328
1395
2639
3095
1457
1319
1389
2229
2639
1460
1333
1385
2227
2617
1460
1324
1394
2778
3196
1458
1321
1390
2628
2914
1467
1325
1385
2361
2578
1457
1332
1396
2340
2552
1450
1323
1392
2230
2630
1446
1325
1387
2611
3049
1458
1335
1387
2533
2789
1450
1327
1392
2253
2584
1452
1333
1396
2658
2904
1465
1316
1389
2550
2839
1458
1330
1395
2662
2985
1453
1325
1394
2515
2928
1464
1330
1387
2530
2945
1448
1327
1390
2328
2633
1445
1316
1382
2212
2498
1453
1335
1389
2259
2551
1457
1323
1395
2351
2553
1459
1331
1392
2656
3147
1458
1338
1392
2622
3022
1454
1329
1389
2499
3003
1458
1318
1387
2151
2463
1456
1325
1384
2290
2628
1457
1327
1386
2718
3195
1454
1326
1384
2598
2973
1446
1328
1407
2639
2921
1454
1316
1384
2122
2455
1455
1320
1387
2563
3057
1451
1328
1392
2762
3212
1461
1329
1390
2220
2530
1457
1319
1385
2231
2621
1448
1322
1396
1972
2453
1456
1328
1393
2161
2472
1460
1332
1394
2231
2602
1467
1339
1388
2159
2440
1457
1324
1392
2836
3270
1461
1319
1386
2530
3014
1445
1336
1397
2193
2491
1454
1330
1397
2307
2551
1465
1321
1389
2559
2993
1467
1323
1401
2965
3446
1453
1329
1386
2572
2994
1454
1330
1395
2601
3029
1458
1332
1400
2596
2906
1462
1320
1391
2551
2823
1460
1321
1387
2547
3266
1452
1341
1383
2724
3147
1444
1328
1389
2526
2865
1456
1322
1391
2675
3059
1463
1332
1386
2497
2920
1452
1322
1397
2569
3025
1466
1329
1405
2717
3123
1464
1328
1407
2817
3338
1458
1328
1394
2596
2960
1458
1335
1390
2684
3237
1461
1332
1395
2745
3037
1453
1338
1387
2429
2737
1452
1326
1388
2254
2687
1461
1326
1390
2898
3244
1447
1323
1392
2296
2558
1454
1324
1388
2228
2502
1455
1333
1394
2298
2610
1470
1326
1395
2581
3022
1450
1328
1396
2745
3276
1464
1323
1397
2833
3239
1452
1331
1390
2722
2985
1469
1338
1399
2355
2686
1476
1331
1385
2417
2715
1465
1342
1382
2274
2516
1453
1326
1390
2724
3162
1458
1327
1395
2497
3209
1467
1330
1396
2752
3268
1454
1331
1406
2618
3235
1481
1327
1414
2328
2765
1486
1320
1387
2638
3013
1444
1339
1394
2642
3064
1465
1323
1390
2636
3174
1458
1337
1400
2636
3051
1465
1335
1398
2662
2906
1463
1327
1395
2157
2659
1467
1324
1395
1997
2237
1457
1339
1405
2623
3106
1467
1337
1397
2689
3085
1466
1331
1395
2698
3201
1467
1335
1401
2583
3081
1469
1332
1405
2769
3171
1468
1336
1399
1993
2517
1462
1328
1392
2602
3000
1462
1333
1402
2615
3018
1455
1332
1405
2429
2884
1467
1337
1394
2678
3090
1464
1329
1400
2682
2923
1457
1335
1400
2596
2956
1455
1329
1392
2200
2621
1450
1331
1401
2281
2665
1451
1329
1389
2573
2928
1455
1337
1401
2236
2451
1481
1337
1395
2641
2971
1460
1331
1394
2696
3120
1464
1338
1393
2731
3095
1468
1330
1393
2732
3209
1466
1325
1389
2707
3147
1463
1327
1399
2587
3027
1459
1332
1390
2224
2756
1459
1325
1395
2679
3149
1453
1327
1394
2226
2454
1454
1339
1403
2327
2633
1478
1340
1394
2638
3102
1461
1329
1397
2699
2983
1464
1340
1402
2664
3376
1467
1322
1390
2624
2996
1453
1338
1398
2318
2678
1471
1341
1394
2728
3182
1460
1341
1402
2606
3140
1460
1336
1397
2713
3435
1467
1335
1397
2489
2841
1467
1325
1390
2594
3066
1453
1330
1403
2425
2759
1464
1330
1408
2930
3446
1467
1329
1402
2220
2439
1461
1333
1397
2379
2923
1461
1333
1390
2748
3174
1460
1325
1402
2700
3140
1463
1328
1393
2781
3515
1461
1341
1396
2576
2954
1461
1324
1394
2630
3140
1460
1331
1403
2141
2399
1467
1334
1395
2177
2631
1472
1333
1400
2622
2948
1470
1329
1386
2276
2808
1469
1349
1403
2647
3237
1461
1333
1400
2702
3144
1465
1326
1387
2031
2390
1451
1322
1385
2637
3009
1455
1336
1406
2988
3536
1463
1329
1402
2642
3094
1457
1334
1389
2167
2479
1457
1338
1404
2756
3171
1455
1331
1394
2704
2951
1454
1342
1410
2710
3210
1469
1328
1398
2740
3055
1473
1331
1403
2591
2901
1458
1340
1405
2319
2679
1469
1327
1391
2745
3141
1462
1336
1403
2685
3257
1472
1342
1393
2987
3331
1475
1337
1395
2219
2508
1464
1331
1402
2696
3208
1456
1330
1396
3158
3568
1465
1332
1389
2556
3210
1455
1324
1384
2608
3064
1459
1347
1408
2478
2800
1472
1328
1394
2632
2998
1460
1327
1404
3200
3627
1459
1333
1401
2525
2865
1465
1328
1396
2856
3460
1461
1334
1396
2478
2932
1461
1328
1400
2794
3274
1475
1332
1402
2370
2686
1473
1333
1391
2465
2873
1465
1327
1390
2572
3122
1463
1327
1391
2419
2809
1465
1330
1391
2505
2915
1448
1337
1394
2062
2288
1479
1326
1413
2865
3278
1484
1317
1378
2944
3588
1447
1335
1405
2761
3126
1465
1324
1390
2225
2666
1468
1333
1395
2271
2641
1463
1331
1387
2243
2597
1458
1339
1400
2694
3190
1467
1338
1393
2403
2662
1465
1334
1388
2726
3175
1459
1326
1384
2690
2964
1453
1336
1395
2697
3377
1456
1327
1387
2298
2573
1460
1329
1396
2402
2776
1457
1342
1395
2799
3479
1459
1328
1399
2969
3310
1453
1337
1395
2865
3572
1456
1334
1388
2418
2996
1458
1335
1407
2311
2789
1462
1334
1388
2760
3416
1463
1332
1394
2822
3512
1462
1340
1397
2363
1471
1509
1526
1389
1452
2880
3438
1509
1333
1394
2554
3402
1471
1336
1388
2924
3404
1456
1330
1397
2185
2521
1465
1337
1389
2033
2266
1455
1326
1408
2870
3480
1465
1331
1396
2778
3173
1452
1337
1390
2916
3494
1461
1339
1394
3012
3284
1455
1336
1390
2426
2650
1456
1344
1398
2324
2862
1463
1325
1389
2971
3375
1462
1347
1404
2937
1466
1694
1522
1392
1452
2710
3240
1513
1320
1398
2618
3438
1450
1339
1404
2596
2987
1468
1346
1394
2708
3009
1463
1329
1394
2292
2595
1470
1341
1402
2640
2884
1467
1333
1407
2353
2703
1466
1332
1387
2139
2609
1454
1343
1401
2947
3381
1461
1323
1403
2657
3427
1465
1331
1390
2584
3014
1464
1340
1403
2915
3373
1458
1351
1403
2673
2991
1471
1329
1388
2726
3148
1454
1337
1392
2854
3294
1470
1335
1407
2655
3066
1463
1329
1398
3102
1454
1484
1509
1386
1443
2817
3389
1514
1324
1394
2478
2870
1464
1332
1392
2206
2443
1451
1343
1402
2748
3224
1459
1332
1395
2417
3203
1466
1330
1400
2844
3162
1478
1322
1414
2315
2784
1476
1327
1385
3045
1442
1613
1519
1406
1457
2987
3210
1540
1337
1420
2298
2596
1500
1317
1390
2718
3222
1445
1341
1395
3611
1465
1741
1541
1386
1472
2536
2844
1537
1325
1386
2998
3546
1451
1334
1402
2708
3144
1454
1330
1388
2206
2554
1460
1351
1391
2288
2633
1466
1341
1411
2629
2973
1469
1331
1406
2128
2534
1471
1338
1392
2538
2948
1464
1331
1399
2265
2683
1461
1346
1400
3048
3612
1457
1341
1400
2180
2436
1475
1325
1422
2560
3342
1466
1367
1414
2788
3166
1486
1335
1393
2560
2799
1459
1343
1397
1477
1599
1951
1527
1400
1456
2524
2974
1518
1336
1403
3171
1460
1771
1532
1399
1455
2589
3113
1519
1320
1390
2206
3014
1455
1337
1395
2661
3329
1462
1352
1401
2965
3621
1466
1346
1407
1474
1610
1870
1524
1387
1454
3426
1513
1559
1575
1399
1441
1500
2998
3270
1567
1327
1399
3367
1457
1477
1522
1391
1469
2589
3505
1517
1335
1399
3023
3419
1451
1342
1403
3477
1469
1937
1535
1385
1456
2968
1515
1519
1583
1389
1461
2359
2655
1528
1335
1392
2187
2910
1454
1342
1399
2299
2583
1475
1350
1400
2179
2562
1468
1331
1393
1464
1570
2016
1517
1401
1458
2738
3136
1527
1326
1405
2427
2899
1472
1336
1414
2548
3173
1463
1327
1411
1470
1482
2398
1530
1402
1459
1525
1783
2208
1600
1377
1485
2407
2789
1534
1346
1424
3076
1500
1506
1558
1383
1450
3096
3658
1515
1335
1398
2654
3424
1456
1346
1404
2887
3544
1464
1332
1396
2281
2551
1479
1332
1421
3291
1483
1713
1552
1384
1437
2863
3587
1499
1346
1402
2384
2850
1466
1344
1399
2439
2777
1466
1342
1405
2509
3109
1488
1334
1422
3064
3260
1488
1336
1396
3528
1459
1887
1524
1401
1461
1524
1998
2258
1598
1408
1447
2521
3229
1547
1333
1432
3060
1495
1556
1554
1380
1458
2562
3128
1522
1354
1402
2608
1481
1483
1527
1421
1482
1551
1639
1978
1618
1396
1447
2238
3111
1513
1355
1405
2207
1480
1670
1545
1388
1452
2950
1515
1584
1603
1396
1480
3312
1554
2015
1603
1376
1443
1515
3227
3499
1584
1359
1427
2283
2608
1498
1331
1397
2551
3033
1465
1357
1407
1509
1513
1935
1566
1448
1509
2883
3168
1583
1330
1440
3220
1498
1674
1595
1412
1513
2585
3271
1575
1352
1402
2570
3090
1458
1353
1426
1492
1787
2396
1540
1429
1493
3059
1545
1548
1607
1394
1453
2530
2969
1519
1353
1408
3234
1470
1549
1546
1393
1484
1573
1919
2233
1627
1411
1494
1577
2495
2987
1636
1337
1382
1459
1538
1664
2165
1616
1425
1525
3111
1583
1783
1685
1413
1479
1550
2848
3258
1612
1336
1407
3393
1459
1898
1531
1393
1458
3204
3656
1532
1343
1407
1468
1802
2256
1546
1408
1462
3288
1536
1640
1603
1418
1508
3306
1556
1826
1629
1402
1467
3576
1522
1876
1601
1402
1494
2758
1560
1567
1636
1383
1481
1539
1797
2895
1617
1410
1470
1547
1895
3241
1601
1391
1462
1515
1519
1999
1580
1388
1465
2889
3334
1534
1350
1406
2752
3200
1481
1354
1415
1472
1659
3212
1524
1420
1459
3329
1554
1760
1636
1438
1502
2533
2883
1579
1322
1390
1473
1803
2001
1532
1412
1467
3331
1542
1582
1590
1432
1497
1551
2779
3357
1622
1448
1451
1509
2761
3131
1573
1342
1402
1476
2144
2780
1524
1456
1485
2753
3009
1565
1368
1450
1503
1635
2088
1595
1408
1518
1566
1908
3168
1658
1403
1494
1592
2011
2355
1622
1433
1485
2305
2661
1554
1376
1433
1555
2527
2907
1572
1432
1494
3042
3360
1552
1359
1406
1559
3333
1573
1641
1661
1433
1475
2375
2867
1528
1416
1455
2641
1549
1639
1646
1501
1475
1597
3223
1649
1915
1737
1508
1591
1663
2775
1749
1814
1818
1509
1493
1562
1673
2223
3383
1682
1421
1496
1552
3590
1652
2002
1701
1459
1522
1569
1949
2289
1641
1400
1469
1529
3013
1626
1822
1675
1431
1521
2887
3457
1580
1336
1400
1470
1526
2766
1529
1456
1511
3231
1578
1765
1650
1524
1521
1576
3516
1638
1952
1723
1430
1521
2687
3123
1565
1387
1442
3570
1511
2029
1581
1415
1497
1553
1647
2169
1607
1392
1462
1526
2114
2820
1598
1431
1499
1610
2068
3276
1624
1421
1514
3144
1543
1573
1628
1398
1492
3580
1555
2438
1610
1388
1469
1523
1651
2731
1592
1398
1501
3040
1577
1793
1623
1414
1498
3075
3564
1528
1360
1436
1483
3231
1559
2109
1641
1498
1510
1555
3601
1636
1845
1713
1577
1542
1550
1631
2663
3319
1681
1402
1435
1503
3647
1544
2130
1661
1460
1526
194
1296
1337
1307
1347
1236
1294
1361
1438
1516
1589
1663
2054
2174
1714
1404
1334
1412
2036
2222
1472
1286
1348
1906
2014
1420
1290
1359
2002
2233
1422
1298
1363
2227
2489
1432
1300
1368
2216
2492
1435
1298
1356
2106
2376
1430
1301
1365
2169
2631
1433
1311
1370
2616
3046
1430
1308
1372
2470
2788
1445
1303
1366
2190
2486
1439
1315
1377
2791
3074
1451
1308
1373
2605
2853
1443
1329
1378
2692
2972
1447
1321
1378
2484
2728
1460
1332
1398
1449
1507
1535
2127
1582
1367
1440
1496
1626
1973
1566
3314
311
1386
1404
1409
1526
311
336
432
478
909
1568
1602
2108
1810
1811
1818
1834
1851
1872
1891
1919
1937
1965
2071
1712
1691
1673
1634
