0.02
0.01
0.01
0.00
0.31
0.46
0.40
0.40
0.39
0.45
0.38
0.24
0.32
0.40
0.36
0.37
0.40
0.43
0.48
0.16
0.14
0.21
0.18
1.13
0.83
0.85
0.96
0.30
0.24
0.31
0.32
0.36
0.38
0.43
0.45
0.49
0.50
0.54
0.55
0.58
0.60
0.02
0.00
0.58
0.66
0.65
0.73
0.63
0.56
0.77
0.77
0.68
0.66
0.69
0.68
0.68
0.64
0.51
0.04
0.64
0.00
0.53
0.55
0.71
0.78
0.82
0.73
0.55
0.53
0.72
0.67
0.53
0.02
0.53
0.00
0.51
0.51
0.74
0.76
0.72
0.03
0.00
0.71
0.86
0.78
0.67
0.79
0.01
0.64
0.00
0.70
0.73
0.73
0.94
0.03
0.82
0.00
0.57
0.74
0.80
0.73
0.02
0.64
0.00
0.22
0.08
0.01
0.00
2.85
1.20
0.36
0.05
0.00
0.48
0.56
0.60
0.68
0.71
0.70
0.05
0.00
0.73
0.84
0.75
0.72
0.04
0.00
0.72
0.87
0.75
0.04
0.00
0.75
0.83
0.72
0.03
0.00
0.75
0.85
0.74
0.03
0.00
0.72
0.88
0.74
0.02
0.00
0.76
0.87
0.75
0.04
0.00
0.75
0.93
0.74
0.01
0.00
0.76
0.88
0.71
0.06
0.79
0.00
0.72
0.70
0.81
0.03
0.77
0.00
0.61
0.19
0.08
0.01
0.00
0.19
0.08
0.00
0.00
2.89
1.07
0.32
0.02
0.00
0.43
0.51
0.56
0.63
0.68
0.69
0.02
0.00
0.69
0.78
0.81
0.70
0.02
0.00
0.71
0.82
0.69
0.01
0.00
0.73
0.77
0.69
0.01
0.01
0.69
0.79
0.69
0.01
0.00
0.70
0.79
0.70
0.01
0.00
0.70
0.78
0.69
0.01
0.00
0.70
0.78
0.69
0.01
0.00
0.72
0.79
0.69
0.01
0.00
0.71
0.78
0.69
0.01
0.01
0.70
0.77
0.70
0.02
0.00
0.71
0.79
0.70
0.01
0.00
0.70
0.77
0.70
0.01
0.00
0.69
0.79
0.71
0.02
0.00
0.70
0.79
0.70
0.01
0.00
0.70
0.80
0.69
0.01
0.00
0.69
0.77
0.70
0.01
0.00
0.71
0.79
0.72
0.01
0.00
0.70
0.81
0.71
0.01
0.00
0.69
0.77
0.69
0.01
0.00
0.71
0.80
0.69
0.01
0.00
0.71
0.80
0.71
0.01
0.00
0.69
0.80
0.69
0.01
0.00
0.69
0.77
0.69
0.01
0.00
0.69
0.79
0.70
0.02
0.00
0.71
0.77
0.70
0.01
0.00
0.70
0.80
0.68
0.01
0.00
0.68
0.78
0.69
0.01
0.00
0.69
0.78
0.69
0.01
0.00
0.72
0.80
0.69
0.02
0.00
0.69
0.78
0.69
0.02
0.00
0.72
0.81
0.70
0.01
0.00
0.68
0.78
0.70
0.01
0.00
0.69
0.78
0.69
0.02
0.00
0.70
0.80
0.69
0.01
0.00
0.69
0.77
0.70
0.02
0.00
0.69
0.79
0.70
0.01
0.00
0.70
0.80
0.70
0.01
0.00
0.70
0.77
0.68
0.02
0.00
0.69
0.80
0.70
0.02
0.00
0.71
0.82
0.68
0.01
0.00
0.69
0.79
0.71
0.01
0.00
0.69
0.77
0.70
0.02
0.00
0.70
0.80
0.71
0.01
0.00
0.70
0.80
0.70
0.01
0.00
0.70
0.80
0.69
0.01
0.00
0.69
0.77
0.68
0.01
0.00
0.70
0.81
0.68
0.01
0.00
0.71
0.78
0.69
0.01
0.00
0.69
0.81
0.70
0.02
0.00
0.69
0.81
0.71
0.01
0.00
0.68
0.79
0.71
0.02
0.00
0.69
0.80
0.70
0.01
0.00
0.71
0.79
0.69
0.02
0.00
0.69
0.80
0.70
0.01
0.00
0.71
0.79
0.70
0.01
0.00
0.69
0.80
0.70
0.02
0.00
0.71
0.78
0.69
0.01
0.00
0.71
0.78
0.69
0.01
0.00
0.71
0.81
0.71
0.01
0.00
0.71
0.81
0.68
0.01
0.00
0.72
0.79
0.68
0.02
0.00
0.70
0.79
0.72
0.01
0.00
0.69
0.80
0.70
0.01
0.00
0.72
0.80
0.70
0.02
0.00
0.71
0.79
0.69
0.02
0.00
0.70
0.83
0.68
0.02
0.00
0.68
0.78
0.73
0.01
0.00
0.72
0.78
0.69
0.01
0.00
0.71
0.80
0.72
0.02
0.00
0.71
0.82
0.69
0.01
0.00
0.70
0.82
0.69
0.01
0.00
0.69
0.80
0.71
0.01
0.00
0.69
0.80
0.69
0.02
0.00
0.70
0.79
0.69
0.01
0.00
0.69
0.81
0.68
0.01
0.00
0.69
0.83
0.71
0.01
0.00
0.69
0.79
0.69
0.02
0.00
0.70
0.78
0.72
0.01
0.00
0.71
0.78
0.67
0.01
0.00
0.70
0.82
0.69
0.01
0.00
0.70
0.78
0.69
0.02
0.00
0.69
0.78
0.70
0.02
0.00
0.71
0.78
0.70
0.01
0.00
0.69
0.81
0.68
0.01
0.00
0.70
0.80
0.71
0.02
0.01
0.69
0.79
0.70
0.01
0.00
0.70
0.82
0.70
0.01
0.00
0.69
0.79
0.70
0.02
0.00
0.72
0.78
0.69
0.02
0.00
0.74
0.81
0.72
0.02
0.00
0.69
0.79
0.67
0.02
0.00
0.73
0.81
0.72
0.02
0.00
0.68
0.80
0.68
0.02
0.00
0.71
0.79
0.69
0.01
0.00
0.70
0.80
0.70
0.01
0.00
0.70
0.80
0.69
0.01
0.00
0.73
0.84
0.69
0.01
0.00
0.70
0.79
0.69
0.01
0.00
0.68
0.81
0.72
0.01
0.00
0.70
0.81
0.69
0.01
0.00
0.68
0.80
0.73
0.02
0.00
0.68
0.78
0.69
0.02
0.00
0.69
0.80
0.73
0.02
0.00
0.70
0.79
0.69
0.02
0.00
0.71
0.79
0.72
0.02
0.00
0.71
0.80
0.70
0.01
0.01
0.69
0.81
0.69
0.02
0.00
0.73
0.78
0.70
0.01
0.00
0.68
0.80
0.72
0.02
0.00
0.72
0.80
0.70
0.02
0.00
0.69
0.80
0.70
0.02
0.00
0.72
0.78
0.68
0.02
0.00
0.72
0.79
0.69
0.02
0.00
0.70
0.80
0.72
0.01
0.00
0.68
0.82
0.70
0.02
0.00
0.73
0.78
0.69
0.01
0.00
0.69
0.80
0.70
0.01
0.00
0.68
0.79
0.68
0.02
0.00
0.70
0.82
0.69
0.02
0.00
0.69
0.80
0.70
0.01
0.00
0.70
0.86
0.70
0.01
0.00
0.71
0.78
0.68
0.01
0.00
0.70
0.81
0.70
0.02
0.00
0.71
0.78
0.71
0.02
0.00
0.68
0.79
0.70
0.02
0.00
0.70
0.79
0.68
0.02
0.00
0.69
0.81
0.68
0.02
0.00
0.71
0.82
0.69
0.01
0.00
0.72
0.79
0.72
0.01
0.00
0.70
0.79
0.70
0.01
0.00
0.69
0.78
0.68
0.01
0.00
0.69
0.83
0.68
0.02
0.00
0.70
0.79
0.69
0.01
0.00
0.69
0.79
0.68
0.01
0.00
0.72
0.82
0.70
0.02
0.00
0.71
0.79
0.69
0.01
0.00
0.72
0.78
0.68
0.01
0.00
0.69
0.82
0.69
0.02
0.00
0.71
0.80
0.71
0.01
0.00
0.69
0.84
0.69
0.02
0.00
0.70
0.78
0.73
0.02
0.00
0.69
0.78
0.71
0.02
0.00
0.72
0.79
0.70
0.02
0.00
0.73
0.79
0.72
0.02
0.00
0.69
0.78
0.72
0.01
0.00
0.69
0.79
0.70
0.01
0.00
0.71
0.80
0.68
0.01
0.00
0.71
0.79
0.71
0.01
0.00
0.71
0.80
0.69
0.02
0.01
0.70
0.80
0.70
0.01
0.00
0.69
0.78
0.68
0.02
0.00
0.70
0.82
0.72
0.01
0.00
0.72
0.82
0.69
0.01
0.00
0.70
0.82
0.70
0.02
0.00
0.69
0.79
0.70
0.02
0.00
0.72
0.79
0.68
0.02
0.00
0.70
0.79
0.70
0.02
0.00
0.70
0.80
0.72
0.02
0.00
0.71
0.82
0.72
0.02
0.00
0.72
0.77
0.71
0.01
0.00
0.70
0.79
0.75
0.01
0.00
0.70
0.81
0.73
0.02
0.00
0.70
0.78
0.69
0.02
0.00
0.76
0.77
0.73
0.02
0.00
0.70
0.79
0.70
0.01
0.00
0.72
0.83
0.69
0.02
0.00
0.70
0.79
0.69
0.01
0.00
0.71
0.81
0.71
0.02
0.00
0.77
0.79
0.70
0.01
0.00
0.72
0.79
0.70
0.02
0.00
0.69
0.79
0.69
0.01
0.00
0.72
0.79
0.70
0.01
0.00
0.68
0.81
0.69
0.02
0.00
0.69
0.79
0.68
0.02
0.00
0.68
0.80
0.73
0.01
0.00
0.69
0.78
0.71
0.02
0.00
0.72
0.79
0.68
0.02
0.00
0.70
0.78
0.71
0.01
0.00
0.72
0.80
0.71
0.02
0.00
0.69
0.80
0.69
0.03
0.00
0.69
0.80
0.69
0.01
0.00
0.70
0.83
0.70
0.02
0.00
0.69
0.80
0.69
0.03
0.00
0.68
0.79
0.71
0.01
0.00
0.69
0.79
0.69
0.01
0.00
0.69
0.77
0.70
0.01
0.00
0.71
0.79
0.69
0.01
0.00
0.68
0.84
0.71
0.02
0.00
0.71
0.78
0.69
0.02
0.00
0.69
0.78
0.70
0.01
0.00
0.73
0.79
0.69
0.01
0.00
0.70
0.81
0.73
0.02
0.00
0.70
0.79
0.68
0.01
0.00
0.72
0.79
0.71
0.01
0.00
0.70
0.83
0.74
0.01
0.00
0.72
0.81
0.72
0.02
0.00
0.71
0.84
0.74
0.01
0.00
0.68
0.82
0.70
0.02
0.00
0.71
0.79
0.71
0.01
0.00
0.69
0.81
0.74
0.01
0.00
0.72
0.78
0.69
0.01
0.00
0.72
0.80
0.70
0.01
0.00
0.71
0.82
0.71
0.01
0.00
0.68
0.81
0.69
0.01
0.00
0.75
0.80
0.73
0.02
0.00
0.73
0.81
0.70
0.01
0.00
0.69
0.80
0.71
0.02
0.00
0.70
0.81
0.69
0.03
0.00
0.71
0.80
0.70
0.02
0.00
0.73
0.82
0.74
0.01
0.00
0.73
0.80
0.68
0.01
0.00
0.70
0.80
0.71
0.02
0.00
0.70
0.80
0.68
0.01
0.00
0.73
0.78
0.72
0.01
0.00
0.70
0.81
0.69
0.02
0.00
0.70
0.80
0.70
0.02
0.00
0.71
0.81
0.68
0.02
0.00
0.72
0.84
0.72
0.01
0.00
0.70
0.82
0.73
0.03
0.00
0.73
0.80
0.70
0.02
0.00
0.70
0.82
0.72
0.02
0.00
0.69
0.83
0.68
0.01
0.00
0.70
0.78
0.69
0.02
0.00
0.70
0.81
0.74
0.01
0.00
0.71
0.79
0.69
0.02
0.00
0.74
0.80
0.68
0.01
0.00
0.74
0.82
0.73
0.02
0.00
0.70
0.80
0.70
0.02
0.00
0.69
0.80
0.73
0.02
0.00
0.71
0.80
0.70
0.02
0.00
0.72
0.79
0.73
0.01
0.00
0.71
0.83
0.70
0.01
0.00
0.69
0.81
0.72
0.02
0.00
0.72
0.79
0.70
0.02
0.00
0.75
0.78
0.70
0.02
0.00
0.71
0.82
0.72
0.02
0.01
0.71
0.81
0.69
0.02
0.00
0.71
0.82
0.70
0.02
0.00
0.71
0.79
0.70
0.02
0.00
0.70
0.82
0.72
0.02
0.00
0.71
0.79
0.71
0.02
0.00
0.69
0.84
0.71
0.02
0.00
0.71
0.82
0.70
0.02
0.00
0.73
0.79
0.69
0.01
0.00
0.70
0.79
0.73
0.01
0.00
0.69
0.78
0.68
0.01
0.00
0.72
0.81
0.70
0.02
0.00
0.72
0.78
0.75
0.03
0.00
0.69
0.79
0.69
0.03
0.00
0.72
0.78
0.71
0.01
0.00
0.69
0.84
0.68
0.02
0.00
0.70
0.80
0.75
0.01
0.00
0.71
0.84
0.69
0.02
0.00
0.70
0.83
0.72
0.02
0.00
0.68
0.79
0.68
0.01
0.00
0.70
0.83
0.69
0.02
0.00
0.74
0.81
0.71
0.02
0.00
0.71
0.78
0.68
0.02
0.00
0.71
0.81
0.70
0.03
0.00
0.71
0.81
0.72
0.01
0.00
0.70
0.78
0.70
0.02
0.00
0.70
0.83
0.70
0.01
0.00
0.72
0.81
0.71
0.01
0.01
0.71
0.81
0.71
0.02
0.00
0.72
0.78
0.69
0.01
0.00
0.73
0.83
0.70
0.02
0.00
0.71
0.80
0.69
0.03
0.00
0.69
0.82
0.73
0.02
0.00
0.70
0.82
0.70
0.02
0.00
0.69
0.80
0.69
0.02
0.00
0.71
0.85
0.69
0.02
0.00
0.69
0.78
0.70
0.02
0.00
0.71
0.78
0.73
0.03
0.00
0.71
0.83
0.69
0.01
0.00
0.73
0.79
0.72
0.01
0.00
0.71
0.78
0.73
0.03
0.00
0.72
0.79
0.74
0.03
0.00
0.76
0.77
0.73
0.01
0.00
0.72
0.79
0.70
0.01
0.00
0.71
0.78
0.71
0.01
0.00
0.71
0.80
0.70
0.02
0.00
0.71
0.79
0.70
0.01
0.00
0.74
0.79
0.72
0.02
0.00
0.75
0.82
0.68
0.02
0.00
0.69
0.85
0.72
0.02
0.00
0.70
0.82
0.73
0.02
0.00
0.69
0.79
0.71
0.02
0.00
0.75
0.83
0.72
0.01
0.00
0.71
0.81
0.70
0.01
0.00
0.68
0.83
0.70
0.01
0.00
0.70
0.81
0.70
0.01
0.00
0.71
0.80
0.71
0.03
0.00
0.73
0.80
0.70
0.02
0.00
0.72
0.83
0.68
0.01
0.00
0.72
0.83
0.73
0.02
0.00
0.72
0.79
0.73
0.01
0.00
0.74
0.82
0.70
0.01
0.00
0.70
0.81
0.67
0.02
0.00
0.73
0.82
0.72
0.02
0.00
0.72
0.80
0.71
0.02
0.00
0.68
0.79
0.69
0.02
0.00
0.71
0.79
0.70
0.02
0.00
0.70
0.82
0.69
0.02
0.00
0.73
0.83
0.72
0.02
0.00
0.77
0.80
0.70
0.01
0.00
0.71
0.82
0.67
0.03
0.00
0.69
0.83
0.69
0.02
0.00
0.70
0.76
0.73
0.02
0.00
0.72
0.82
0.73
0.02
0.00
0.70
0.78
0.71
0.02
0.00
0.72
0.83
0.71
0.02
0.00
0.73
0.81
0.71
0.02
0.00
0.69
0.80
0.76
0.02
0.00
0.71
0.83
0.72
0.02
0.00
0.70
0.81
0.73
0.02
0.00
0.69
0.79
0.75
0.01
0.00
0.71
0.79
0.70
0.02
0.00
0.69
0.84
0.69
0.02
0.00
0.71
0.81
0.72
0.02
0.00
0.71
0.80
0.73
0.02
0.00
0.72
0.81
0.72
0.01
0.00
0.70
0.86
0.70
0.02
0.00
0.77
0.83
0.71
0.01
0.00
0.70
0.80
0.69
0.02
0.00
0.72
0.82
0.73
0.02
0.00
0.70
0.81
0.69
0.03
0.00
0.72
0.83
0.71
0.02
0.00
0.72
0.89
0.71
0.02
0.00
0.72
0.82
0.69
0.01
0.00
0.72
0.83
0.70
0.02
0.00
0.74
0.83
0.70
0.02
0.00
0.72
0.83
0.70
0.02
0.00
0.72
0.79
0.71
0.01
0.00
0.73
0.87
0.71
0.03
0.00
0.73
0.82
0.70
0.01
0.00
0.69
0.80
0.69
0.02
0.00
0.71
0.79
0.67
0.02
0.00
0.75
0.81
0.72
0.02
0.00
0.72
0.81
0.71
0.03
0.00
0.72
0.79
0.69
0.01
0.00
0.70
0.81
0.71
0.02
0.00
0.71
0.87
0.73
0.02
0.00
0.71
0.82
0.69
0.02
0.00
0.72
0.81
0.71
0.02
0.00
0.73
0.84
0.73
0.02
0.00
0.70
0.82
0.69
0.01
0.00
0.72
0.79
0.71
0.01
0.00
0.68
0.84
0.69
0.02
0.00
0.73
0.80
0.70
0.02
0.00
0.71
0.82
0.70
0.01
0.00
0.70
0.80
0.68
0.02
0.00
0.72
0.81
0.74
0.02
0.00
0.72
0.81
0.72
0.02
0.00
0.70
0.81
0.69
0.02
0.00
0.71
0.86
0.69
0.02
0.00
0.70
0.85
0.71
0.03
0.00
0.72
0.78
0.76
0.04
0.00
0.69
0.82
0.75
0.02
0.00
0.72
0.80
0.70
0.02
0.00
0.77
0.86
0.72
0.02
0.00
0.68
0.79
0.69
0.01
0.00
0.70
0.81
0.74
0.02
0.00
0.74
0.81
0.73
0.03
0.00
0.70
0.80
0.72
0.01
0.00
0.70
0.79
0.74
0.01
0.00
0.74
0.79
0.73
0.02
0.00
0.72
0.82
0.75
0.01
0.00
0.73
0.81
0.71
0.02
0.00
0.70
0.84
0.75
0.02
0.00
0.73
0.84
0.75
0.01
0.00
0.71
0.84
0.68
0.02
0.00
0.76
0.80
0.70
0.03
0.00
0.73
0.82
0.71
0.01
0.00
0.75
0.83
0.73
0.01
0.00
0.72
0.83
0.72
0.02
0.00
0.72
0.82
0.72
0.02
0.69
0.00
0.72
0.79
0.71
0.02
0.00
0.71
0.82
0.71
0.02
0.00
0.70
0.83
0.73
0.02
0.00
0.77
0.81
0.71
0.02
0.00
0.74
0.82
0.71
0.02
0.00
0.71
0.80
0.71
0.03
0.00
0.71
0.82
0.70
0.02
0.00
0.74
0.81
0.70
0.02
0.00
0.79
0.81
0.57
0.01
0.00
0.70
0.88
0.70
0.02
0.00
0.75
0.77
0.70
0.02
0.00
0.70
0.78
0.69
0.01
0.00
0.74
0.79
0.69
0.02
0.00
0.70
0.80
0.70
0.01
0.00
0.70
0.80
0.69
0.02
0.00
0.71
0.80
0.70
0.02
0.00
0.71
0.79
0.68
0.02
0.00
0.68
0.78
0.69
0.01
0.00
0.72
0.80
0.74
0.01
0.00
0.71
0.83
0.75
0.01
0.00
0.69
0.77
0.69
0.02
0.00
0.71
0.79
0.69
0.01
0.00
0.69
0.78
0.69
0.01
0.00
0.69
0.80
0.71
0.01
0.00
0.75
0.76
0.69
0.02
0.00
0.70
0.83
0.75
0.02
0.00
0.70
0.80
0.73
0.01
0.00
0.71
0.83
0.72
0.01
0.00
0.75
0.84
0.79
0.02
0.00
0.74
0.65
0.69
0.01
0.00
0.72
0.84
0.72
0.02
0.00
0.74
0.78
0.69
0.02
0.00
0.72
0.85
0.73
0.02
0.00
0.75
0.82
0.71
0.02
0.00
0.73
0.82
0.71
0.01
0.00
0.76
0.81
0.71
0.01
0.00
0.71
0.81
0.71
0.01
0.00
0.72
0.82
0.72
0.01
0.00
0.74
0.79
0.69
0.01
0.00
0.71
0.80
0.72
0.01
0.00
0.73
0.81
0.74
0.01
0.00
0.74
0.80
0.70
0.01
0.01
0.73
0.78
0.68
0.01
0.00
0.72
0.80
0.69
0.01
0.00
0.75
0.81
0.71
0.01
0.00
0.70
0.80
0.75
0.01
0.00
0.73
0.82
0.71
0.01
0.00
0.71
0.79
0.70
0.02
0.00
0.69
0.80
0.73
0.02
0.00
0.70
0.80
0.76
0.01
0.00
0.74
0.79
0.72
0.01
0.00
0.73
0.85
0.70
0.01
0.00
0.72
0.79
0.75
0.01
0.00
0.75
0.80
0.72
0.01
0.00
0.71
0.82
0.71
0.02
0.00
0.75
0.82
0.69
0.02
0.00
0.71
0.80
0.71
0.01
0.01
0.72
0.82
0.76
0.01
0.00
0.72
0.79
0.74
0.01
0.00
0.72
0.81
0.69
0.01
0.00
0.69
0.78
0.71
0.02
0.00
0.69
0.81
0.73
0.01
0.00
0.73
0.85
0.70
0.02
0.00
0.71
0.83
0.72
0.01
0.00
0.72
0.76
0.69
0.01
0.01
0.71
0.87
0.72
0.02
0.00
0.73
0.79
0.72
0.02
0.71
0.00
0.75
0.79
0.72
0.01
0.00
0.74
0.82
0.73
0.02
0.00
0.73
0.80
0.72
0.01
0.00
0.73
0.79
0.74
0.02
0.00
0.72
0.81
0.70
0.02
0.00
0.73
0.81
0.70
0.01
0.00
0.75
0.82
0.69
0.01
0.00
0.72
0.83
0.72
0.02
0.00
0.72
0.81
0.69
0.02
0.00
0.74
0.81
0.68
0.02
0.00
0.71
0.84
0.71
0.01
0.72
0.00
0.73
0.80
0.70
0.01
0.00
0.73
0.84
0.72
0.01
0.00
0.73
0.82
0.72
0.02
0.00
0.74
0.82
0.69
0.02
0.00
0.71
0.80
0.73
0.01
0.00
0.73
0.80
0.72
0.01
0.00
0.72
0.77
0.73
0.01
0.00
0.71
0.84
0.70
0.01
0.00
0.71
0.80
0.77
0.01
0.00
0.69
0.79
0.75
0.02
0.71
0.00
0.74
0.77
0.72
0.01
0.00
0.72
0.81
0.72
0.01
0.00
0.76
0.83
0.63
0.01
0.00
0.72
0.88
0.73
0.03
0.01
0.68
0.77
0.70
0.02
0.00
0.70
0.78
0.70
0.01
0.00
0.74
0.82
0.71
0.02
0.00
0.73
0.81
0.69
0.01
0.00
0.71
0.83
0.71
0.01
0.00
0.75
0.79
0.69
0.02
0.00
0.71
0.79
0.76
0.02
0.00
0.70
0.83
0.72
0.01
0.00
0.72
0.81
0.73
0.01
0.00
0.72
0.83
0.72
0.01
0.00
0.73
0.84
0.71
0.01
0.00
0.75
0.82
0.71
0.02
0.71
0.00
0.72
0.78
0.71
0.02
0.00
0.75
0.81
0.58
0.02
0.00
0.72
0.88
0.71
0.01
0.00
0.73
0.80
0.75
0.01
0.00
0.75
0.80
0.70
0.02
0.00
0.73
0.80
0.71
0.01
0.00
0.75
0.82
0.73
0.01
0.00
0.77
0.80
0.56
0.02
0.00
0.72
0.90
0.73
0.02
0.00
0.75
0.75
0.72
0.01
0.00
0.74
0.84
0.74
0.02
0.00
0.72
0.80
0.70
0.02
0.00
0.75
0.89
0.73
0.01
0.00
0.61
0.79
0.76
0.71
0.02
0.00
0.71
0.85
0.72
0.02
0.00
0.72
0.80
0.70
0.01
0.00
0.76
0.79
0.72
0.01
0.00
0.74
0.82
0.69
0.02
0.00
0.72
0.83
0.74
0.01
0.00
0.72
0.82
0.71
0.02
0.00
0.74
0.82
0.70
0.02
0.00
0.75
0.82
0.71
0.02
0.01
0.70
0.80
0.74
0.01
0.00
0.75
0.81
0.69
0.01
0.70
0.00
0.78
0.78
0.58
0.01
0.00
0.71
0.92
0.70
0.02
0.00
0.72
0.80
0.72
0.01
0.00
0.71
0.85
0.72
0.02
0.01
0.75
0.82
0.72
0.03
0.70
0.00
0.75
0.78
0.72
0.01
0.00
0.75
0.81
0.79
0.73
0.01
0.00
0.73
0.78
0.81
0.72
0.01
0.01
0.61
0.82
0.78
0.70
0.02
0.00
0.72
0.86
0.74
0.01
0.00
0.74
0.83
0.76
0.02
0.00
0.74
0.78
0.78
0.70
0.01
0.00
0.75
0.92
0.74
0.58
0.03
0.00
0.72
0.80
0.80
0.73
0.01
0.00
0.71
0.81
0.72
0.01
0.00
0.72
0.83
0.73
0.02
0.00
0.71
0.78
0.75
0.01
0.00
0.73
0.87
0.70
0.02
0.00
0.75
0.87
0.70
0.01
0.76
0.00
0.71
0.75
0.74
0.02
0.00
0.78
0.81
0.74
0.02
0.00
0.72
0.85
0.74
0.01
0.00
0.73
0.80
0.83
0.71
0.02
0.57
0.00
0.70
0.86
0.74
0.68
0.01
0.00
0.71
0.84
0.69
0.01
0.00
0.69
0.81
0.72
0.00
0.00
0.73
0.80
0.72
0.01
0.00
0.76
0.82
0.59
0.01
0.00
0.83
0.94
0.62
0.01
0.00
0.73
0.86
0.73
0.70
0.69
0.02
0.00
0.71
0.84
0.73
0.02
0.77
0.00
0.69
0.68
0.72
0.02
0.72
0.00
0.76
0.79
0.67
0.71
0.01
0.00
0.61
0.87
0.71
0.01
0.00
0.71
0.80
0.70
0.01
0.73
0.00
0.73
0.84
0.75
0.79
0.02
0.00
0.70
0.66
0.70
0.01
0.00
0.70
0.91
0.77
0.73
0.02
0.00
0.79
0.76
0.60
0.02
0.00
0.76
0.90
0.61
0.01
0.74
0.00
0.65
0.83
0.66
0.01
0.00
0.68
0.67
0.74
0.01
0.00
0.75
0.88
0.75
0.01
0.00
0.73
0.81
0.73
0.01
0.75
0.00
0.76
0.62
0.77
0.03
0.00
0.71
0.75
0.75
0.75
0.01
0.00
0.74
0.82
0.75
0.02
0.00
0.72
0.67
0.76
0.02
0.00
0.74
0.90
0.71
0.01
0.00
0.61
0.88
0.73
0.01
0.60
0.00
0.77
0.77
0.58
0.01
0.75
0.00
0.72
0.72
0.75
0.03
0.00
0.73
0.69
0.75
0.01
0.00
0.73
0.93
0.76
0.63
0.01
0.00
0.77
0.84
0.71
0.61
0.03
0.00
0.72
0.69
0.57
0.01
0.00
0.75
0.77
0.68
0.74
0.01
0.74
0.00
0.77
0.82
0.64
0.73
0.73
0.03
0.00
0.72
0.81
0.72
0.01
0.00
0.76
0.83
0.70
0.02
0.75
0.00
0.73
0.62
0.76
0.01
0.00
0.75
0.75
0.71
0.02
0.00
0.72
0.85
0.72
0.03
0.62
0.00
0.77
0.66
0.59
0.73
0.01
0.00
0.71
0.74
0.72
0.71
0.01
0.00
0.75
0.76
0.63
0.69
0.01
0.00
0.59
0.86
0.71
0.01
0.00
0.71
0.82
0.70
0.02
0.00
0.71
0.89
0.73
0.61
0.03
0.00
0.75
0.81
0.74
0.03
0.75
0.00
0.72
0.79
0.73
0.01
0.00
0.72
0.98
0.69
0.63
0.01
0.00
0.71
0.71
0.66
0.78
0.01
0.00
0.71
0.71
0.68
0.02
0.00
0.70
0.91
0.71
0.02
0.00
0.72
0.80
0.74
0.75
0.01
0.00
0.72
0.85
0.70
0.02
0.00
0.75
0.82
0.77
0.01
0.73
0.00
0.76
0.78
0.74
0.01
0.00
0.75
0.85
0.74
0.01
0.72
0.00
0.76
0.82
0.73
0.71
0.01
0.00
0.73
0.81
0.77
0.01
0.00
0.74
0.74
0.73
0.02
0.00
0.72
0.89
0.72
0.23
2.90
1.17
0.01
0.00
0.35
0.54
0.62
0.02
0.00
0.46
0.77
0.71
0.03
0.00
0.72
0.87
0.73
0.03
0.00
0.73
0.79
0.71
0.04
0.00
0.71
0.83
0.71
0.03
0.00
0.70
0.81
0.70
0.04
0.00
0.75
0.81
0.71
0.02
0.00
0.71
0.83
0.73
0.04
0.00
0.78
0.82
0.69
0.03
0.00
0.73
0.83
0.73
0.04
0.00
0.70
0.79
0.72
0.03
0.00
0.73
0.95
0.72
0.04
0.00
0.76
0.82
0.73
0.03
0.00
0.72
0.85
0.75
0.05
0.00
0.77
0.81
0.55
0.04
0.00
0.74
0.88
0.74
0.01
0.00
0.22
3.15
1.26
0.01
0.00
0.19
0.06
0.00
0.00
1.66
2.67
0.76
0.01
1.18
0.00
0.43
0.19
0.17
0.21
0.28
0.31
0.01
0.00
0.30
0.37
0.40
0.45
