4
5
6
6
164
295
450
605
762
891
998
86
229
381
532
684
817
956
1080
1119
1142
1168
193
484
681
903
1304
1433
1464
1498
1535
1575
1619
1672
1724
1783
1842
1909
1971
2035
2105
2216
2323
1845
1826
1809
1763
1728
1687
1601
1637
1704
1764
1840
1881
1963
2040
2102
2166
3026
2226
2518
2290
1975
1672
1542
1636
1695
1788
1909
1967
2068
2118
3226
2210
2439
2279
1958
1658
1636
1722
1804
1808
2542
1902
1593
1572
1644
3122
3606
1739
194
222
346
402
1294
1349
1419
1590
1723
1268
1331
1355
1435
2130
2330
1521
1384
1358
1429
2189
2517
1504
1301
1375
2091
2419
1441
1319
1375
2463
2777
1433
1319
1373
2377
2723
1449
1311
1388
3048
1464
1578
1527
1410
1508
2323
2556
1571
1351
1418
2862
3510
1489
1341
1408
2593
3254
1478
1341
1440
2394
2708
1522
1368
1491
194
210
326
416
194
222
345
407
1296
1351
1412
1449
1528
1235
1317
1372
1404
1489
1634
1662
1561
1288
1352
1423
1549
1598
1488
1293
1357
1464
1493
1425
1292
1357
1379
1389
1421
1296
1359
1409
1425
1421
1296
1360
1418
1440
1424
1298
1362
1441
1455
1427
1301
1368
1460
1477
1428
1300
1364
1478
1499
1429
1301
1369
1481
1502
1429
1306
1373
1515
1548
1434
1303
1365
1499
1526
1436
1302
1367
1507
1551
1432
1306
1374
1520
1570
1441
1314
1378
1556
1596
1439
1308
1376
1526
1576
1439
1308
1373
1552
1597
1435
1313
1370
1528
1570
1444
1318
1383
1567
1612
1446
1313
1378
1551
1604
1442
1313
1378
1572
1630
1444
1314
1379
1575
1626
1443
1315
1378
1598
1664
1441
1314
1376
1582
1644
1440
1317
1386
1626
1673
1445
1313
1380
1607
1661
1443
1312
1378
1584
1638
1441
1313
1378
1653
1714
1438
1317
1379
1617
1663
1441
1315
1375
1603
1656
1442
1318
1379
1613
1678
1441
1314
1378
1630
1698
1444
1312
1376
1615
1700
1447
1315
1382
1609
1736
1446
1318
1385
1763
1901
1446
1316
1379
1675
1740
1443
1317
1379
1662
1768
1445
1318
1386
1674
1740
1443
1319
1379
1797
1894
1442
1314
1375
1702
1798
1441
1316
1376
1668
1769
1438
1315
1381
1788
1859
1446
1318
1391
1802
1930
1449
1322
1380
1691
1833
1447
1318
1382
1696
1773
1446
1316
1381
1732
1791
1449
1321
1386
1689
1772
1446
1317
1385
1733
1836
1451
1313
1378
1851
1928
1446
1316
1379
1721
1857
1448
1324
1385
1868
2014
1449
1317
1381
1780
1856
1447
1322
1379
1747
1837
1444
1321
1384
1744
1864
1443
1324
1381
1729
1881
1446
1317
1386
1922
2079
1450
1323
1379
1733
1869
1445
1321
1385
1784
1868
1446
1323
1390
1816
1910
1443
1320
1384
1754
1866
1449
1318
1382
1764
1863
1446
1320
1391
1985
2115
1452
1327
1386
1958
2108
1450
1328
1384
1956
2041
1453
1321
1380
1788
1871
1443
1319
1384
1784
1915
1446
1317
1382
1759
1918
1452
1327
1386
1739
1855
1452
1324
1387
1757
1903
1450
1322
1384
1938
2082
1458
1323
1389
1895
1995
1449
1326
1397
1754
1861
1449
1324
1383
1859
1979
1444
1318
1385
1884
2037
1450
1326
1390
1918
2087
1451
1329
1383
1861
2038
1448
1329
1382
1778
1888
1448
1317
1388
1787
1936
1448
1319
1385
1861
1977
1455
1324
1386
1786
1944
1454
1320
1384
1833
1977
1449
1318
1383
1836
1972
1452
1322
1395
1868
2016
1457
1319
1388
1864
1965
1449
1328
1384
1830
1969
1447
1334
1391
1865
1996
1450
1326
1394
1826
1936
1453
1319
1378
1814
1943
1451
1327
1391
1969
2129
1457
1338
1383
1898
2040
1447
1330
1391
1944
2093
1451
1322
1383
1953
2094
1446
1328
1387
1948
2129
1459
1326
1394
1948
2110
1455
1334
1394
1963
2136
1452
1324
1391
2015
2134
1453
1327
1384
1825
1968
1450
1323
1392
1884
1998
1453
1326
1388
1918
2086
1453
1318
1383
1912
2031
1448
1326
1395
1953
2115
1450
1322
1382
1908
2056
1445
1325
1387
1945
2113
1448
1319
1383
1905
2117
1451
1336
1391
1777
1960
1447
1324
1388
1909
2048
1457
1321
1385
1884
2023
1456
1326
1385
1949
2089
1448
1324
1393
1892
2147
1453
1324
1390
1938
2117
1456
1333
1388
1881
2070
1456
1330
1387
2019
2223
1454
1333
1397
1997
2175
1453
1326
1389
2040
2205
1451
1328
1398
2064
2235
1455
1330
1389
1957
2114
1455
1326
1392
1988
2128
1460
1318
1391
1873
2037
1452
1323
1389
1945
2099
1453
1326
1389
2003
2157
1453
1330
1393
2052
2221
1461
1328
1388
1988
2118
1457
1327
1392
1944
2169
1457
1326
1385
1899
2087
1458
1323
1392
1980
2155
1448
1322
1384
1974
2153
1455
1324
1386
2100
2285
1452
1324
1384
1974
2148
1454
1320
1389
2253
2412
1448
1320
1386
2018
2227
1451
1325
1387
2026
2175
1455
1322
1381
1980
2236
1451
1321
1386
2186
2480
1447
1332
1396
2058
2304
1454
1324
1380
2028
2204
1455
1322
1380
2208
2434
1453
1326
1382
2238
2371
1446
1336
1380
2093
2264
1447
1320
1386
2130
2305
1451
1331
1385
1956
2117
1451
1323
1385
2067
2312
1449
1326
1383
1945
2109
1448
1325
1389
2008
2223
1451
1324
1391
2212
2393
1449
1320
1394
2256
2421
1455
1321
1389
1997
2162
1458
1325
1385
2003
2241
1454
1322
1385
2041
2243
1447
1327
1392
1978
2154
1461
1324
1384
2249
2443
1447
1322
1386
2249
2478
1451
1325
1389
2211
2380
1449
1328
1387
2061
2231
1449
1330
1387
2085
2253
1447
1325
1389
2065
2236
1451
1323
1386
2296
2517
1449
1328
1388
2171
2370
1454
1324
1394
2042
2248
1453
1327
1391
2041
2255
1448
1321
1385
2167
2439
1451
1323
1389
2011
2213
1456
1323
1388
2298
2574
1458
1330
1389
2073
2253
1457
1318
1381
1975
2205
1444
1319
1386
2222
2530
1447
1320
1384
2074
2253
1450
1323
1390
2188
2411
1453
1320
1385
2087
2318
1448
1326
1385
2231
2423
1460
1323
1392
2101
2352
1458
1319
1386
2082
2308
1458
1322
1392
2352
2614
1459
1326
1391
2245
2464
1455
1319
1385
2221
2503
1450
1321
1384
2181
2446
1447
1323
1383
2093
2249
1443
1322
1391
2133
2383
1453
1331
1390
2344
2607
1457
1329
1389
2313
2558
1454
1323
1383
2189
2374
1451
1325
1393
2113
2395
1456
1329
1396
2222
2424
1452
1325
1392
2340
2549
1455
1318
1391
2367
2647
1456
1329
1392
2234
2566
1459
1335
1388
2072
2337
1448
1331
1399
2419
2757
1458
1325
1385
2303
2625
1453
1332
1397
2099
2403
1461
1322
1390
1914
2103
1453
1322
1394
2112
2309
1462
1325
1388
1897
2069
1452
1319
1395
2088
2339
1455
1321
1387
2363
2700
1454
1328
1400
2486
2745
1459
1327
1405
2134
2375
1458
1325
1385
2104
2306
1459
1328
1394
2330
2624
1461
1319
1392
2101
2358
1454
1328
1390
2332
2646
1460
1338
1402
2228
2485
1455
1331
1393
2111
2392
1457
1317
1389
2205
2453
1454
1332
1394
2308
2579
1465
1330
1391
2161
2375
1470
1324
1386
2094
2379
1455
1330
1398
2192
2474
1458
1324
1403
2077
2311
1455
1324
1397
2497
2879
1458
1322
1396
2364
2750
1458
1321
1391
2155
2426
1451
1326
1397
2094
2441
1459
1325
1394
2262
2484
1457
1329
1398
2270
2610
1453
1329
1391
2483
2718
1450
1328
1392
2498
2834
1454
1323
1400
2218
2622
1456
1324
1390
2454
2798
1453
1324
1392
2418
2652
1456
1321
1396
2098
2451
1457
1320
1395
2481
2774
1453
1341
1391
2419
2761
1457
1331
1395
2161
2383
1459
1328
1397
2479
2846
1470
1330
1389
2447
2669
1457
1333
1389
2101
2559
1456
1333
1385
2159
2480
1455
1323
1397
1957
2181
1456
1326
1393
2198
2523
1453
1329
1390
2404
2705
1464
1336
1393
2477
2731
1457
1324
1392
2320
2565
1455
1338
1386
2174
2466
1447
1324
1384
1998
2188
1458
1325
1394
2083
2366
1455
1322
1394
2086
2364
1460
1327
1392
1972
2208
1469
1334
1397
2493
2828
1459
1327
1394
2400
2738
1452
1324
1389
2107
2357
1461
1329
1390
2398
2755
1457
1332
1394
2126
2384
1463
1332
1392
2478
2776
1451
1333
1393
2223
2483
1461
1329
1393
2153
2419
1459
1326
1400
2489
2808
1456
1326
1388
2410
2739
1465
1327
1396
2114
2412
1466
1332
1395
2473
2649
1465
1333
1391
2423
2661
1461
1330
1398
2286
2551
1452
1325
1387
2452
2761
1456
1330
1392
2240
2510
1452
1326
1384
2394
2772
1452
1323
1388
2550
2972
1464
1325
1398
2186
2564
1459
1327
1393
2561
2893
1458
1322
1395
2476
2850
1453
1336
1395
2214
2496
1461
1323
1390
2546
2830
1460
1327
1395
2507
2837
1450
1328
1401
2211
2607
1453
1331
1402
2572
2861
1459
1324
1389
2185
2463
1459
1325
1393
2213
2489
1458
1337
1410
2214
2410
1457
1330
1392
2516
2809
1458
1323
1395
2595
2834
1464
1331
1400
2520
2814
1453
1328
1397
2579
2972
1450
1326
1386
2252
2534
1459
1332
1390
2262
2634
1464
1325
1398
2466
2969
1471
1323
1396
2436
2859
1461
1334
1401
2511
2916
1463
1332
1398
2582
3038
1454
1323
1388
2457
2811
1456
1342
1392
2348
2742
1462
1330
1397
1995
2305
1457
1326
1394
2598
2970
1462
1329
1398
2288
2574
1475
1334
1400
2138
2571
1458
1325
1394
2194
2498
1456
1326
1397
2211
2485
1464
1331
1398
2634
2882
1466
1327
1395
2695
2961
1464
1327
1391
2225
2751
1459
1336
1394
2492
2794
1465
1335
1400
2552
2952
1461
1339
1406
2584
2926
1466
1322
1392
2518
2982
1458
1329
1391
2728
3143
1461
1336
1391
2498
2853
1459
1330
1394
2502
2962
1457
1330
1397
2525
2948
1459
1330
1390
2498
2764
1457
1339
1396
2550
2812
1453
1322
1394
2574
2766
1447
1329
1399
2515
3009
1476
1326
1393
2587
2975
1464
1325
1398
2496
2897
1458
1324
1401
2227
2496
1458
1331
1397
2221
2517
1454
1333
1403
2153
2465
1458
1330
1392
2526
2894
1464
1329
1392
2512
2748
1460
1322
1400
2702
3087
1465
1332
1392
2572
2748
1461
1331
1403
2381
2746
1451
1330
1392
1926
2252
1454
1327
1398
2205
2487
1469
1329
1396
2556
2964
1465
1341
1395
2516
2943
1464
1330
1390
2576
2914
1465
1330
1405
2531
2831
1467
1335
1392
2166
2588
1459
1331
1391
2617
2894
1455
1334
1395
2309
2667
1465
1333
1395
1933
2243
1457
1330
1398
2462
2754
1456
1339
1398
2256
2544
1463
1323
1393
2723
3197
1460
1332
1388
2738
3142
1466
1326
1402
2543
2975
1481
1323
1420
2674
3070
1489
1347
1382
2658
2913
1451
1353
1402
2472
3016
1472
1344
1391
2821
3267
1464
1331
1401
2083
2355
1476
1327
1394
2011
2262
1457
1338
1398
2180
2454
1464
1335
1405
2943
3205
1474
1333
1400
2313
2612
1457
1334
1405
2189
2466
1472
1337
1394
2118
2352
1457
1334
1398
2515
3010
1466
1330
1392
2489
3006
1463
1338
1395
2687
2943
1466
1336
1401
2247
2641
1467
1345
1402
2496
3008
1468
1344
1397
2525
2932
1466
1333
1398
2502
3142
1472
1341
1395
2599
2982
1461
1333
1404
2553
3000
1466
1338
1397
2679
3229
1467
1330
1400
2690
3160
1460
1328
1399
2637
3037
1468
1337
1390
2556
3018
1464
1342
1398
2152
2614
1460
1334
1400
2606
3041
1465
1328
1393
2269
2585
1462
1337
1403
2701
3147
1468
1332
1397
2627
2885
1465
1336
1402
2310
2840
1462
1336
1396
2320
2640
1462
1333
1397
2271
2609
1467
1337
1403
2187
2467
1454
1332
1395
2177
2689
1463
1330
1394
2228
2716
1465
1338
1408
2586
2954
1459
1330
1398
2684
3024
1459
1332
1393
2563
2924
1467
1334
1401
2581
2993
1469
1332
1395
2573
3009
1465
1348
1405
2693
3141
1470
1335
1405
2546
2981
1460
1326
1390
2592
3074
1461
1334
1393
2618
2943
1470
1337
1402
2750
3188
1457
1322
1386
2586
3114
1473
1335
1399
2611
2895
1467
1340
1405
2237
2583
1487
1338
1422
2418
2872
1482
1329
1389
2185
2611
1456
1338
1406
2215
2502
1460
1330
1394
2004
2319
1465
1331
1394
2284
2586
1466
1335
1403
2191
2523
1472
1334
1400
2502
2980
1454
1326
1385
2801
3183
1466
1331
1403
2599
3026
1470
1333
1402
2584
2996
1469
1338
1410
2614
3120
1470
1347
1408
2744
3180
1462
1332
1398
2518
3004
1469
1329
1402
2496
2793
1463
1340
1406
2562
3074
1474
1333
1399
2179
2578
1459
1330
1393
2589
3011
1465
1325
1400
2678
3390
1460
1335
1405
2779
3323
1467
1330
1403
2511
2851
1470
1343
1402
2396
2720
1472
1342
1398
2616
3152
1473
1333
1403
2375
2802
1478
1333
1396
2622
2992
1472
1333
1407
2235
2629
1467
1341
1396
2713
3166
1463
1337
1404
2156
2450
1451
1336
1401
2217
2597
1460
1332
1401
1993
2503
1474
1334
1411
2281
2637
1467
1331
1392
2218
2542
1476
1333
1401
2583
2843
1463
1333
1400
2760
3250
1472
1336
1406
2654
3198
1475
1337
1412
2838
3438
1477
1337
1399
1991
2288
1466
1342
1406
2420
2890
1469
1331
1398
2512
3198
1471
1337
1400
2568
2998
1472
1335
1402
2482
2934
1478
1341
1409
2527
3015
1479
1335
1401
2667
3073
1468
1336
1400
2553
2966
1475
1338
1399
2559
2819
1475
1342
1402
2264
2600
1476
1351
1409
2337
2646
1474
1342
1412
2314
2912
1466
1333
1410
2474
3332
1478
1335
1399
2560
3165
1464
1337
1395
2289
2563
1467
1336
1399
2247
2518
1464
1332
1400
2485
3086
1474
1339
1401
2613
3133
1473
1338
1397
2517
2920
1472
1334
1393
2397
2827
1469
1344
1400
2780
3202
1468
1338
1400
2352
2571
1477
1329
1396
2256
2502
1466
1337
1405
2943
1461
1464
1524
1380
1454
2710
3166
1523
1349
1405
2273
2673
1459
1341
1405
2581
3453
1474
1333
1407
2763
3189
1466
1332
1397
1923
2252
1462
1347
1403
2269
2568
1473
1340
1402
1984
2246
1467
1343
1406
2586
3072
1474
1338
1407
2427
2803
1476
1338
1391
2667
3125
1459
1329
1400
2146
2465
1463
1336
1395
2845
3227
1455
1336
1409
2583
3015
1467
1339
1403
2691
2995
1465
1341
1398
2640
3320
1463
1331
1386
3100
3566
1458
1339
1407
2328
2653
1466
1338
1401
2581
2862
1479
1340
1403
2487
3055
1472
1340
1407
2389
2865
1467
1347
1401
2697
3285
1463
1334
1415
2941
1477
1479
1534
1394
1458
2200
2737
1517
1336
1394
2246
2622
1466
1346
1405
2443
2821
1478
1336
1404
2826
3110
1470
1339
1409
2713
3147
1478
1335
1413
2781
3197
1467
1339
1403
2807
3355
1463
1347
1403
2713
2935
1471
1343
1397
2315
2670
1469
1340
1400
2314
2728
1466
1347
1409
2405
2710
1475
1340
1403
2603
3069
1463
1346
1411
2583
2912
1467
1341
1396
2626
2950
1463
1330
1399
2297
2596
1475
1331
1416
2740
3070
1473
1341
1406
2836
3143
1478
1330
1399
2533
2933
1464
1339
1406
2600
2980
1477
1346
1406
2590
2824
1478
1326
1410
2122
2288
1479
1345
1397
2240
2547
1464
1333
1404
2902
3180
1464
1335
1400
2998
3376
1463
1339
1397
2975
3459
1465
1348
1400
2836
3136
1463
1343
1400
3006
3388
1474
1334
1410
2868
3222
1472
1334
1402
2614
3118
1479
1332
1428
2226
2558
1483
1340
1402
2924
3249
1457
1342
1398
2254
2449
1465
1336
1401
2881
3237
1466
1339
1398
2076
2490
1466
1341
1404
2990
1465
1523
1533
1391
1466
2794
3268
1535
1334
1400
2692
3260
1463
1334
1409
2193
2411
1475
1334
1404
2254
2662
1480
1338
1416
2612
3134
1485
1339
1406
2406
2778
1463
1340
1405
2255
2537
1468
1339
1406
2372
2650
1468
1339
1409
2813
3214
1465
1340
1399
2397
2664
1473
1333
1410
2172
2570
1475
1340
1401
2511
3137
1474
1355
1408
2766
3136
1484
1341
1406
3118
3427
1463
1348
1400
2198
2578
1463
1338
1394
2494
2980
1476
1340
1399
2213
2429
1472
1329
1406
2852
3270
1463
1347
1396
2638
2928
1475
1343
1407
2189
2480
1469
1346
1396
2692
3050
1465
1337
1407
2561
3155
1475
1344
1411
2679
3123
1468
1338
1408
2780
1469
1492
1542
1396
1452
2804
3101
1527
1350
1416
2816
3366
1471
1333
1419
2531
3085
1470
1339
1404
2398
2652
1490
1328
1433
3167
1497
1509
1566
1384
1450
2894
3352
1520
1350
1397
2742
3255
1470
1337
1408
2487
2966
1480
1335
1397
2079
2566
1478
1342
1400
2524
3052
1481
1346
1405
3079
1473
1667
1537
1412
1462
3028
3572
1529
1337
1395
2773
1456
1479
1533
1399
1459
2661
3115
1517
1344
1395
2658
2944
1468
1339
1410
2302
2646
1479
1329
1399
2719
3411
1465
1342
1402
2850
3232
1471
1342
1412
2880
3570
1479
1340
1398
2596
3048
1473
1346
1409
3427
1465
1781
1542
1410
1458
2461
2858
1527
1366
1410
1462
2254
2706
1534
1343
1401
2765
3195
1465
1341
1401
2665
3027
1482
1346
1411
3071
1470
1546
1537
1402
1448
1530
2996
3382
1593
1333
1389
2631
3231
1470
1356
1409
2704
3211
1480
1362
1401
3171
1485
1685
1561
1427
1483
1571
2105
2681
1614
1409
1488
1553
1586
1917
1607
1384
1444
2852
3576
1517
1340
1409
2955
1471
1476
1529
1395
1471
2135
2446
1533
1335
1408
2488
2888
1479
1366
1410
2640
3200
1484
1348
1415
2917
3605
1469
1341
1398
3106
1483
1495
1545
1393
1492
2718
3218
1557
1351
1415
2929
3435
1487
1351
1413
3299
1470
1518
1552
1404
1510
3296
1566
1904
1664
1425
1493
1571
3415
1650
1848
1712
1409
1488
1556
3168
1621
1859
1689
1371
1439
1508
3040
3524
1567
1338
1401
2711
1479
1483
1536
1396
1471
2037
2243
1532
1366
1431
2499
2773
1498
1338
1413
2655
3039
1470
1336
1412
3166
1480
1692
1538
1395
1466
2922
1526
1697
1580
1398
1459
2237
2629
1538
1367
1435
1492
3100
3304
1548
1316
1399
2519
2793
1464
1336
1412
3060
3580
1473
1339
1400
2336
2803
1470
1345
1403
1472
3412
1552
1758
1590
1416
1470
2634
2902
1549
1376
1407
1470
3444
1546
1868
1609
1415
1512
1576
1579
2356
1637
1436
1451
1517
2675
3289
1585
1347
1408
2642
3078
1479
1357
1452
2634
3524
1520
1404
1395
1465
2289
2545
1524
1337
1415
3539
1473
1773
1545
1403
1509
1581
3681
1655
2819
1744
1460
1555
1614
2817
3185
1671
1512
1471
1509
1579
1654
1658
2054
1707
1403
1450
1508
2760
3368
1570
1339
1402
2722
3508
1468
1344
1411
2417
2846
1475
1361
1424
3032
3590
1495
1369
1431
3579
1503
1895
1571
1416
1462
1526
2442
2740
1600
1339
1406
1469
1537
1749
2767
1598
1412
1468
1535
1595
1598
2066
1653
1430
1504
3608
1559
1931
1654
1422
1492
1542
3306
1632
2120
1691
1423
1493
3213
1553
1580
1620
1407
1474
2405
3452
1540
1344
1436
3126
1504
1662
1568
1404
1448
2983
3386
1542
1359
1470
3342
1516
1746
1619
1407
1518
2382
2580
1577
1366
1450
1492
2018
2244
1573
1422
1500
3310
1547
1817
1635
1436
1488
3370
1547
1779
1646
1426
1502
1616
2378
2878
1659
1469
1526
2789
3586
1564
1379
1445
1516
1619
3030
1582
1435
1514
1581
2387
1636
1649
1703
1528
1530
1581
1655
1738
2344
3024
1802
1503
1560
1636
2790
3170
1676
1380
1418
1494
1550
1657
2068
1638
1420
1475
2413
3017
1542
1357
1427
3131
3587
1475
1438
1455
2377
3275
1532
1381
1461
2855
3170
1513
1348
1430
2656
2986
1491
1380
1506
3480
1523
1727
1597
1462
1512
1563
2869
3395
1619
1350
1438
1521
1655
3013
1597
1478
1560
1611
1616
2040
1703
1417
1517
3593
1596
1914
1644
1427
1465
3047
1557
1608
1652
1420
1535
3323
1605
2135
1676
1427
1496
1537
1751
2421
1622
1433
1520
2948
1554
2218
1644
1406
1502
3598
1565
2007
1666
1447
1544
3222
1606
1992
1690
1424
1485
1566
1782
2202
1613
1403
1461
1525
1801
3351
1602
1451
1542
2078
2388
1618
1374
1440
3308
1503
2583
1560
1420
1467
2887
3479
1532
1346
1408
3468
1482
1792
1535
1440
1504
1562
1858
2844
1622
1404
1467
3507
1530
1992
1621
1460
1547
2807
3287
1630
1371
1425
1490
2730
3158
1549
1380
1440
1502
2234
2884
1595
1437
1517
1597
2027
2478
1663
1410
1507
2575
3273
1571
1328
1388
2930
3566
1486
1382
1456
3138
1511
1606
1626
1466
1539
194
1296
1334
1364
1404
1219
1293
1337
1562
1655
1407
1318
1397
1700
1785
1479
1297
1363
1754
1859
1434
1309
1370
2014
2204
1443
1304
1377
2013
2273
1435
1302
1369
2170
2378
1434
1300
1370
2012
2259
1432
1314
1379
2437
2775
1445
1317
1375
2485
2749
1439
1315
1375
2147
2472
1453
1322
1379
2493
2883
1455
1333
1387
2550
2825
1459
1324
1390
2566
2825
1463
1322
1394
2498
2870
1451
1315
1398
2640
3058
1454
1329
1403
2693
3241
1458
1330
1396
3112
3298
1455
1333
1413
2837
3386
1487
1333
1355
1972
2069
313
1278
1405
1328
1462
313
346
509
552
866
1403
1421
1712
1430
1842
1791
1804
1823
1844
1866
1885
1915
1937
1971
2073
1759
1699
1646
