0.02
0.02
0.00
0.00
0.33
0.41
0.42
0.46
0.45
0.45
0.42
0.25
0.32
0.43
0.38
0.37
0.39
0.42
0.51
0.15
0.13
0.19
0.19
1.15
0.89
0.69
1.07
0.30
0.24
0.32
0.32
0.35
0.37
0.42
0.45
0.46
0.55
0.53
0.57
0.57
0.02
0.00
0.68
0.66
0.70
0.66
0.62
0.55
0.74
0.85
0.68
0.65
0.66
0.66
0.67
0.67
0.69
0.65
0.01
0.47
0.00
0.53
0.69
0.66
0.84
0.96
0.70
0.64
0.68
0.48
0.71
0.73
0.55
0.02
0.55
0.00
0.50
0.58
0.58
0.71
0.71
0.01
0.76
0.00
0.72
0.71
0.75
0.75
0.01
0.00
0.56
0.74
0.20
0.05
0.01
0.00
2.87
1.11
0.32
0.04
0.00
0.45
0.52
0.59
0.69
0.69
0.69
0.04
0.00
0.73
0.79
0.76
0.72
0.01
0.00
0.72
0.88
0.73
0.03
0.00
0.77
0.84
0.74
0.02
0.00
0.73
0.85
0.75
0.73
0.02
0.00
0.75
0.87
0.75
0.03
0.77
0.00
0.74
0.71
0.75
0.74
0.03
0.00
0.71
0.88
0.84
0.05
0.63
0.00
0.66
0.74
0.22
0.08
0.01
0.00
0.19
0.07
0.00
0.00
2.84
1.13
0.37
0.02
0.00
0.48
0.59
0.72
0.69
0.70
0.02
0.00
0.70
0.80
0.71
0.71
0.01
0.00
0.71
0.82
0.70
0.02
0.00
0.69
0.77
0.69
0.01
0.00
0.70
0.77
0.69
0.01
0.00
0.69
0.79
0.72
0.01
0.00
0.70
0.80
0.69
0.01
0.00
0.69
0.78
0.70
0.01
0.00
0.69
0.79
0.71
0.01
0.00
0.70
0.79
0.71
0.02
0.00
0.69
0.78
0.69
0.01
0.00
0.70
0.77
0.70
0.01
0.00
0.69
0.79
0.70
0.01
0.00
0.71
0.81
0.70
0.02
0.00
0.70
0.82
0.71
0.02
0.00
0.69
0.79
0.70
0.01
0.00
0.70
0.80
0.71
0.01
0.00
0.69
0.79
0.70
0.02
0.00
0.73
0.82
0.72
0.01
0.00
0.70
0.77
0.70
0.01
0.00
0.70
0.79
0.73
0.01
0.00
0.69
0.79
0.71
0.01
0.00
0.70
0.79
0.70
0.02
0.00
0.69
0.80
0.70
0.02
0.00
0.72
0.78
0.70
0.02
0.00
0.70
0.78
0.71
0.02
0.00
0.70
0.80
0.70
0.01
0.00
0.69
0.79
0.69
0.02
0.00
0.71
0.79
0.70
0.01
0.00
0.70
0.79
0.69
0.02
0.00
0.71
0.78
0.72
0.02
0.00
0.70
0.80
0.71
0.01
0.00
0.71
0.79
0.70
0.02
0.00
0.70
0.78
0.71
0.02
0.00
0.72
0.81
0.72
0.02
0.00
0.69
0.79
0.70
0.02
0.00
0.70
0.79
0.70
0.02
0.00
0.71
0.80
0.70
0.01
0.00
0.72
0.83
0.69
0.02
0.00
0.71
0.78
0.70
0.02
0.00
0.70
0.80
0.71
0.02
0.00
0.70
0.78
0.70
0.01
0.00
0.70
0.81
0.69
0.02
0.00
0.73
0.78
0.70
0.01
0.00
0.70
0.78
0.72
0.02
0.00
0.69
0.81
0.71
0.03
0.00
0.70
0.80
0.71
0.02
0.00
0.70
0.82
0.71
0.02
0.00
0.71
0.82
0.70
0.02
0.00
0.69
0.78
0.70
0.02
0.00
0.69
0.80
0.70
0.02
0.00
0.71
0.80
0.72
0.03
0.00
0.71
0.80
0.70
0.02
0.00
0.70
0.78
0.70
0.02
0.00
0.71
0.79
0.71
0.03
0.00
0.69
0.77
0.75
0.03
0.00
0.69
0.80
0.72
0.01
0.00
0.70
0.80
0.70
0.02
0.00
0.71
0.79
0.71
0.02
0.01
0.70
0.79
0.70
0.02
0.00
0.70
0.82
0.69
0.02
0.00
0.72
0.79
0.71
0.02
0.00
0.72
0.79
0.70
0.02
0.00
0.70
0.80
0.72
0.02
0.00
0.71
0.80
0.71
0.03
0.00
0.70
0.78
0.68
0.02
0.00
0.70
0.81
0.70
0.02
0.00
0.70
0.80
0.70
0.02
0.00
0.69
0.80
0.71
0.02
0.00
0.73
0.79
0.70
0.02
0.00
0.72
0.80
0.70
0.03
0.00
0.71
0.82
0.69
0.03
0.00
0.71
0.81
0.69
0.03
0.00
0.70
0.81
0.70
0.02
0.00
0.70
0.79
0.71
0.02
0.00
0.70
0.81
0.70
0.03
0.00
0.70
0.78
0.71
0.03
0.00
0.71
0.79
0.69
0.03
0.00
0.71
0.78
0.69
0.02
0.00
0.73
0.78
0.72
0.03
0.01
0.70
0.83
0.70
0.02
0.00
0.71
0.78
0.70
0.02
0.00
0.69
0.80
0.70
0.01
0.00
0.71
0.79
0.72
0.02
0.00
0.70
0.78
0.71
0.02
0.00
0.71
0.82
0.71
0.02
0.00
0.71
0.79
0.74
0.03
0.00
0.70
0.81
0.69
0.03
0.00
0.72
0.79
0.70
0.02
0.00
0.69
0.78
0.69
0.03
0.00
0.70
0.78
0.70
0.03
0.00
0.71
0.78
0.72
0.02
0.00
0.73
0.79
0.71
0.02
0.00
0.71
0.81
0.70
0.02
0.00
0.70
0.79
0.72
0.03
0.00
0.70
0.79
0.71
0.03
0.00
0.72
0.79
0.70
0.02
0.00
0.72
0.78
0.69
0.02
0.00
0.70
0.80
0.70
0.02
0.00
0.70
0.81
0.70
0.03
0.00
0.71
0.90
0.72
0.03
0.00
0.73
0.80
0.68
0.03
0.00
0.75
0.83
0.70
0.02
0.00
0.69
0.78
0.69
0.03
0.00
0.70
0.81
0.71
0.03
0.00
0.70
0.78
0.71
0.03
0.00
0.71
0.81
0.70
0.02
0.00
0.69
0.80
0.71
0.02
0.00
0.70
0.82
0.70
0.03
0.00
0.69
0.78
0.70
0.03
0.00
0.70
0.81
0.70
0.02
0.00
0.70
0.81
0.69
0.02
0.00
0.71
0.80
0.72
0.03
0.00
0.71
0.78
0.69
0.03
0.00
0.71
0.78
0.69
0.03
0.00
0.70
0.78
0.75
0.03
0.00
0.71
0.80
0.69
0.02
0.00
0.70
0.79
0.73
0.02
0.00
0.73
0.79
0.70
0.02
0.00
0.69
0.82
0.71
0.03
0.00
0.73
0.79
0.70
0.03
0.00
0.71
0.81
0.69
0.02
0.00
0.71
0.80
0.72
0.02
0.00
0.71
0.81
0.69
0.02
0.00
0.71
0.82
0.70
0.03
0.00
0.74
0.78
0.70
0.03
0.00
0.72
0.80
0.71
0.03
0.00
0.71
0.80
0.70
0.02
0.00
0.70
0.79
0.71
0.03
0.00
0.73
0.80
0.70
0.03
0.00
0.72
0.84
0.71
0.02
0.00
0.71
0.82
0.69
0.02
0.00
0.72
0.82
0.70
0.03
0.00
0.71
0.80
0.70
0.04
0.00
0.71
0.81
0.70
0.03
0.00
0.70
0.79
0.69
0.03
0.00
0.71
0.80
0.72
0.04
0.00
0.71
0.79
0.71
0.04
0.00
0.70
0.80
0.71
0.03
0.00
0.76
0.79
0.70
0.03
0.00
0.70
0.82
0.70
0.05
0.00
0.72
0.79
0.71
0.03
0.00
0.70
0.80
0.71
0.03
0.00
0.72
0.83
0.69
0.03
0.00
0.71
0.81
0.72
0.04
0.00
0.70
0.80
0.72
0.03
0.00
0.71
0.79
0.73
0.03
0.00
0.71
0.87
0.69
0.02
0.00
0.70
0.80
0.71
0.04
0.00
0.71
0.82
0.71
0.04
0.00
0.70
0.81
0.71
0.03
0.00
0.70
0.79
0.69
0.02
0.00
0.70
0.79
0.73
0.02
0.00
0.70
0.80
0.70
0.02
0.00
0.74
0.79
0.72
0.03
0.00
0.69
0.80
0.72
0.03
0.00
0.74
0.81
0.71
0.02
0.00
0.69
0.80
0.70
0.03
0.00
0.71
0.84
0.69
0.03
0.00
0.69
0.78
0.69
0.03
0.00
0.70
0.81
0.73
0.03
0.00
0.71
0.80
0.69
0.03
0.00
0.70
0.81
0.70
0.04
0.00
0.72
0.78
0.70
0.03
0.00
0.70
0.83
0.71
0.03
0.00
0.69
0.79
0.69
0.02
0.00
0.70
0.78
0.71
0.03
0.00
0.72
0.80
0.70
0.03
0.00
0.70
0.81
0.70
0.04
0.00
0.70
0.79
0.70
0.03
0.00
0.70
0.82
0.74
0.03
0.00
0.71
0.79
0.70
0.03
0.00
0.71
0.81
0.71
0.02
0.00
0.71
0.78
0.71
0.03
0.00
0.73
0.80
0.68
0.03
0.00
0.71
0.79
0.72
0.04
0.00
0.76
0.80
0.71
0.02
0.00
0.71
0.82
0.72
0.02
0.00
0.70
0.80
0.70
0.04
0.00
0.72
0.79
0.72
0.03
0.00
0.71
0.82
0.69
0.04
0.00
0.72
0.81
0.69
0.03
0.00
0.75
0.78
0.73
0.03
0.00
0.70
0.80
0.70
0.04
0.00
0.71
0.82
0.69
0.02
0.00
0.69
0.81
0.73
0.03
0.00
0.70
0.79
0.70
0.03
0.00
0.71
0.81
0.73
0.02
0.00
0.73
0.79
0.69
0.04
0.00
0.71
0.79
0.70
0.03
0.00
0.71
0.81
0.70
0.03
0.00
0.69
0.79
0.74
0.03
0.00
0.72
0.82
0.70
0.03
0.00
0.72
0.80
0.71
0.03
0.00
0.69
0.82
0.71
0.04
0.00
0.70
0.79
0.72
0.03
0.00
0.72
0.80
0.69
0.04
0.00
0.69
0.81
0.71
0.03
0.00
0.70
0.79
0.75
0.03
0.00
0.77
0.78
0.71
0.03
0.00
0.73
0.79
0.72
0.03
0.00
0.71
0.80
0.72
0.03
0.00
0.73
0.82
0.75
0.03
0.00
0.70
0.78
0.73
0.03
0.00
0.71
0.80
0.77
0.04
0.00
0.72
0.80
0.69
0.03
0.00
0.71
0.81
0.71
0.04
0.00
0.72
0.82
0.70
0.04
0.00
0.73
0.81
0.72
0.02
0.00
0.72
0.83
0.69
0.03
0.00
0.72
0.81
0.72
0.04
0.00
0.71
0.82
0.71
0.03
0.00
0.69
0.83
0.71
0.02
0.00
0.71
0.81
0.70
0.02
0.00
0.73
0.79
0.69
0.05
0.00
0.72
0.82
0.70
0.03
0.00
0.70
0.78
0.72
0.08
0.00
0.72
0.82
0.75
0.03
0.00
0.72
0.82
0.72
0.04
0.00
0.72
0.82
0.71
0.03
0.00
0.70
0.83
0.73
0.03
0.00
0.74
0.81
0.71
0.03
0.00
0.72
0.81
0.76
0.02
0.00
0.74
0.82
0.76
0.04
0.00
0.71
0.78
0.75
0.04
0.00
0.71
0.82
0.72
0.03
0.00
0.70
0.79
0.70
0.05
0.00
0.73
0.82
0.71
0.04
0.00
0.72
0.81
0.77
0.03
0.00
0.69
0.78
0.71
0.03
0.00
0.71
0.83
0.71
0.04
0.00
0.72
0.81
0.72
0.04
0.00
0.71
0.81
0.72
0.03
0.00
0.70
0.82
0.71
0.05
0.00
0.72
0.86
0.68
0.03
0.00
0.70
0.80
0.73
0.03
0.00
0.71
0.79
0.73
0.03
0.00
0.71
0.82
0.72
0.04
0.00
0.70
0.81
0.70
0.03
0.00
0.72
0.84
0.72
0.03
0.00
0.71
0.80
0.77
0.03
0.00
0.72
0.80
0.73
0.03
0.00
0.74
0.82
0.74
0.03
0.00
0.70
0.81
0.70
0.03
0.00
0.69
0.81
0.73
0.03
0.00
0.71
0.79
0.72
0.02
0.00
0.75
0.80
0.73
0.02
0.00
0.73
0.81
0.69
0.03
0.00
0.71
0.82
0.73
0.03
0.00
0.70
0.80
0.73
0.02
0.00
0.70
0.81
0.71
0.02
0.00
0.73
0.83
0.74
0.03
0.00
0.71
0.80
0.70
0.03
0.00
0.72
0.78
0.70
0.03
0.00
0.70
0.83
0.70
0.04
0.00
0.74
0.81
0.70
0.04
0.00
0.72
0.82
0.71
0.04
0.00
0.70
0.84
0.72
0.02
0.00
0.72
0.81
0.70
0.03
0.00
0.71
0.82
0.73
0.03
0.00
0.74
0.78
0.70
0.04
0.00
0.71
0.80
0.74
0.04
0.00
0.71
0.78
0.74
0.04
0.00
0.72
0.83
0.72
0.03
0.00
0.70
0.86
0.68
0.03
0.00
0.73
0.84
0.71
0.03
0.00
0.74
0.82
0.73
0.03
0.00
0.70
0.79
0.71
0.04
0.00
0.75
0.82
0.73
0.04
0.00
0.68
0.83
0.72
0.03
0.00
0.75
0.81
0.69
0.03
0.00
0.71
0.80
0.69
0.02
0.00
0.72
0.79
0.70
0.02
0.00
0.74
0.79
0.72
0.03
0.00
0.76
0.81
0.73
0.02
0.00
0.71
0.79
0.75
0.04
0.00
0.72
0.82
0.73
0.03
0.00
0.72
0.80
0.74
0.04
0.00
0.71
0.81
0.73
0.02
0.00
0.70
0.79
0.72
0.04
0.00
0.76
0.80
0.74
0.04
0.00
0.72
0.80
0.72
0.04
0.00
0.74
0.83
0.73
0.03
0.00
0.69
0.80
0.70
0.04
0.00
0.72
0.83
0.73
0.04
0.00
0.71
0.81
0.73
0.04
0.00
0.71
0.85
0.72
0.04
0.00
0.72
0.79
0.74
0.04
0.00
0.70
0.82
0.73
0.04
0.00
0.70
0.82
0.70
0.04
0.00
0.73
0.84
0.73
0.04
0.00
0.72
0.78
0.71
0.04
0.00
0.70
0.81
0.71
0.03
0.00
0.72
0.83
0.69
0.03
0.00
0.73
0.80
0.70
0.03
0.00
0.71
0.84
0.73
0.04
0.00
0.71
0.83
0.73
0.04
0.00
0.73
0.86
0.74
0.03
0.00
0.73
0.82
0.73
0.02
0.00
0.70
0.86
0.72
0.02
0.00
0.70
0.80
0.74
0.04
0.00
0.72
0.77
0.72
0.02
0.00
0.73
0.84
0.70
0.02
0.00
0.72
0.80
0.70
0.03
0.00
0.73
0.81
0.71
0.03
0.00
0.72
0.80
0.70
0.03
0.00
0.73
0.80
0.69
0.04
0.00
0.70
0.86
0.73
0.04
0.00
0.71
0.80
0.74
0.03
0.00
0.72
0.83
0.69
0.05
0.00
0.72
0.86
0.73
0.04
0.00
0.70
0.78
0.71
0.04
0.00
0.75
0.82
0.71
0.03
0.00
0.70
0.82
0.75
0.05
0.00
0.75
0.81
0.73
0.03
0.00
0.76
0.85
0.70
0.02
0.00
0.72
0.79
0.72
0.01
0.00
0.72
0.83
0.70
0.03
0.00
0.70
0.81
0.73
0.04
0.00
0.72
0.78
0.71
0.04
0.00
0.72
0.80
0.73
0.02
0.00
0.74
0.82
0.71
0.04
0.00
0.74
0.79
0.69
0.04
0.00
0.71
0.82
0.74
0.03
0.00
0.71
0.79
0.72
0.04
0.00
0.73
0.81
0.71
0.02
0.00
0.73
0.81
0.73
0.04
0.00
0.71
0.82
0.70
0.03
0.00
0.71
0.88
0.72
0.02
0.00
0.71
0.80
0.76
0.04
0.00
0.72
0.81
0.74
0.04
0.00
0.71
0.82
0.71
0.03
0.00
0.73
0.80
0.72
0.03
0.00
0.76
0.81
0.70
0.03
0.00
0.72
0.81
0.73
0.02
0.00
0.74
0.82
0.69
0.03
0.00
0.69
0.82
0.70
0.04
0.00
0.74
0.87
0.73
0.04
0.00
0.75
0.81
0.73
0.04
0.00
0.71
0.81
0.70
0.03
0.00
0.74
0.84
0.71
0.03
0.00
0.71
0.81
0.75
0.03
0.00
0.69
0.84
0.71
0.03
0.00
0.73
0.82
0.75
0.02
0.00
0.73
0.83
0.68
0.02
0.00
0.71
0.82
0.71
0.03
0.00
0.74
0.81
0.71
0.02
0.00
0.72
0.82
0.68
0.04
0.00
0.73
0.83
0.71
0.03
0.00
0.77
0.83
0.72
0.04
0.00
0.72
0.79
0.72
0.04
0.00
0.72
0.79
0.72
0.03
0.00
0.72
0.85
0.72
0.04
0.00
0.72
0.84
0.70
0.03
0.00
0.72
0.81
0.71
0.04
0.00
0.75
0.79
0.70
0.04
0.00
0.71
0.81
0.70
0.04
0.00
0.73
0.83
0.72
0.04
0.00
0.74
0.86
0.68
0.04
0.00
0.73
0.83
0.72
0.02
0.00
0.73
0.84
0.77
0.03
0.00
0.75
0.82
0.71
0.03
0.00
0.77
0.82
0.69
0.01
0.00
0.69
0.80
0.71
0.02
0.00
0.72
0.81
0.72
0.03
0.00
0.72
0.81
0.70
0.03
0.00
0.74
0.80
0.71
0.03
0.00
0.72
0.81
0.71
0.03
0.00
0.75
0.79
0.69
0.02
0.00
0.72
0.84
0.76
0.03
0.00
0.74
0.79
0.72
0.04
0.00
0.75
0.83
0.74
0.03
0.00
0.76
0.81
0.69
0.04
0.00
0.74
0.83
0.69
0.04
0.00
0.70
0.80
0.73
0.03
0.00
0.76
0.82
0.74
0.03
0.00
0.72
0.80
0.71
0.02
0.00
0.73
0.85
0.70
0.03
0.00
0.70
0.82
0.72
0.03
0.00
0.73
0.80
0.73
0.03
0.00
0.72
0.84
0.72
0.04
0.00
0.75
0.82
0.74
0.02
0.00
0.71
0.80
0.73
0.04
0.00
0.73
0.83
0.72
0.03
0.00
0.74
0.85
0.73
0.02
0.00
0.73
0.81
0.73
0.03
0.00
0.73
0.80
0.73
0.04
0.00
0.75
0.82
0.68
0.03
0.00
0.75
0.81
0.70
0.04
0.00
0.76
0.82
0.70
0.02
0.00
0.71
0.81
0.75
0.04
0.00
0.75
0.85
0.75
0.03
0.00
0.75
0.82
0.77
0.04
0.00
0.72
0.83
0.72
0.03
0.00
0.78
0.80
0.58
0.04
0.00
0.73
0.88
0.73
0.03
0.00
0.72
0.77
0.69
0.03
0.00
0.74
0.82
0.74
0.04
0.01
0.72
0.82
0.72
0.03
0.00
0.75
0.82
0.71
0.03
0.00
0.72
0.80
0.70
0.03
0.00
0.75
0.83
0.73
0.04
0.00
0.73
0.82
0.70
0.04
0.00
0.71
0.81
0.75
0.03
0.00
0.72
0.80
0.73
0.03
0.00
0.77
0.82
0.75
0.02
0.00
0.73
0.84
0.76
0.03
0.00
0.76
0.80
0.71
0.02
0.00
0.72
0.81
0.73
0.03
0.00
0.70
0.82
0.76
0.02
0.00
0.70
0.81
0.72
0.03
0.00
0.71
0.80
0.73
0.01
0.00
0.72
0.82
0.69
0.03
0.00
0.71
0.81
0.70
0.05
0.00
0.71
0.79
0.73
0.03
0.00
0.77
0.83
0.60
0.04
0.00
0.80
0.97
0.60
0.04
0.00
0.73
0.86
0.72
0.03
0.00
0.71
0.83
0.71
0.03
0.00
0.72
0.80
0.72
0.03
0.00
0.76
0.76
0.71
0.05
0.00
0.76
0.82
0.75
0.04
0.00
0.70
0.81
0.75
0.04
0.00
0.77
0.82
0.73
0.03
0.00
0.72
0.83
0.72
0.03
0.00
0.72
0.79
0.74
0.02
0.00
0.74
0.80
0.73
0.03
0.00
0.73
0.81
0.72
0.03
0.00
0.70
0.82
0.71
0.03
0.00
0.78
0.84
0.72
0.03
0.00
0.73
0.81
0.74
0.03
0.00
0.71
0.78
0.69
0.03
0.00
0.72
0.84
0.72
0.03
0.00
0.70
0.84
0.76
0.02
0.00
0.70
0.80
0.71
0.04
0.00
0.77
0.82
0.74
0.03
0.01
0.72
0.82
0.69
0.03
0.00
0.74
0.83
0.71
0.04
0.00
0.73
0.82
0.73
0.04
0.00
0.70
0.81
0.73
0.04
0.00
0.76
0.83
0.70
0.01
0.00
0.72
0.85
0.75
0.02
0.00
0.74
0.80
0.71
0.04
0.00
0.74
0.83
0.73
0.03
0.00
0.73
0.81
0.74
0.03
0.00
0.76
0.79
0.71
0.04
0.00
0.73
0.83
0.73
0.03
0.00
0.73
0.85
0.71
0.02
0.00
0.71
0.84
0.72
0.04
0.00
0.73
0.85
0.72
0.04
0.00
0.72
0.80
0.71
0.03
0.00
0.71
0.82
0.73
0.04
0.00
0.73
0.81
0.71
0.02
0.00
0.74
0.84
0.72
0.03
0.00
0.73
0.87
0.73
0.03
0.00
0.74
0.81
0.73
0.04
0.00
0.72
0.81
0.70
0.04
0.00
0.72
0.81
0.74
0.04
0.00
0.72
0.82
0.72
0.03
0.00
0.72
0.83
0.74
0.03
0.00
0.73
0.83
0.76
0.04
0.00
0.71
0.85
0.72
0.04
0.00
0.71
0.81
0.72
0.04
0.00
0.76
0.78
0.74
0.76
0.04
0.00
0.70
0.84
0.72
0.02
0.00
0.76
0.79
0.75
0.03
0.00
0.72
0.83
0.72
0.02
0.00
0.73
0.88
0.74
0.03
0.00
0.74
0.82
0.71
0.03
0.00
0.74
0.85
0.70
0.04
0.00
0.71
0.83
0.74
0.04
0.00
0.72
0.81
0.70
0.04
0.00
0.69
0.84
0.70
0.02
0.00
0.73
0.81
0.74
0.03
0.00
0.70
0.82
0.73
0.03
0.00
0.77
0.80
0.70
0.03
0.00
0.71
0.79
0.73
0.05
0.00
0.73
0.81
0.70
0.03
0.00
0.77
0.82
0.76
0.04
0.00
0.71
0.84
0.72
0.03
0.00
0.70
0.82
0.77
0.03
0.00
0.71
0.83
0.70
0.04
0.00
0.72
0.85
0.73
0.04
0.00
0.74
0.85
0.73
0.04
0.00
0.72
0.86
0.69
0.03
0.00
0.74
0.80
0.71
0.03
0.00
0.73
0.82
0.71
0.04
0.00
0.73
0.85
0.76
0.03
0.00
0.72
0.83
0.73
0.03
0.00
0.73
0.85
0.73
0.03
0.00
0.74
0.84
0.70
0.04
0.00
0.71
0.83
0.75
0.04
0.00
0.77
0.79
0.78
0.03
0.71
0.00
0.65
0.82
0.74
0.03
0.00
0.68
0.84
0.72
0.04
0.00
0.73
0.86
0.75
0.04
0.00
0.71
0.80
0.77
0.05
0.00
0.74
0.85
0.72
0.03
0.00
0.73
0.83
0.75
0.04
0.00
0.70
0.82
0.72
0.02
0.00
0.70
0.81
0.75
0.04
0.00
0.77
0.85
0.74
0.04
0.00
0.76
0.89
0.73
0.04
0.00
0.79
0.81
0.63
0.04
0.01
0.76
0.91
0.72
0.75
0.03
0.00
0.70
0.84
0.71
0.04
0.00
0.72
0.83
0.78
0.03
0.00
0.72
0.74
0.77
0.04
0.75
0.00
0.77
0.82
0.75
0.03
0.00
0.73
0.84
0.69
0.02
0.00
0.76
0.84
0.72
0.03
0.00
0.79
0.79
0.58
0.03
0.00
0.71
0.92
0.73
0.04
0.00
0.73
0.79
0.75
0.04
0.00
0.72
0.81
0.75
0.03
0.00
0.76
0.79
0.74
0.70
0.04
0.00
0.71
0.80
0.74
0.03
0.00
0.73
0.82
0.72
0.03
0.00
0.76
0.80
0.70
0.02
0.00
0.76
0.85
0.73
0.03
0.00
0.72
0.85
0.73
0.04
0.00
0.71
0.83
0.71
0.04
0.00
0.73
0.86
0.72
0.04
0.72
0.00
0.73
0.81
0.70
0.03
0.00
0.77
0.84
0.75
0.03
0.72
0.00
0.72
0.86
0.71
0.03
0.00
0.72
0.79
0.74
0.03
0.00
0.73
0.82
0.72
0.04
0.00
0.72
0.90
0.72
0.04
0.73
0.00
0.77
0.83
0.69
0.02
0.00
0.75
0.86
0.74
0.03
0.00
0.73
0.79
0.79
0.03
0.00
0.72
0.70
0.78
0.03
0.00
0.78
0.79
0.70
0.79
0.03
0.00
0.74
0.76
0.71
0.03
0.00
0.73
0.80
0.75
0.04
0.00
0.78
0.77
0.74
0.02
0.80
0.00
0.70
0.66
0.73
0.02
0.00
0.73
0.87
0.69
0.03
0.00
0.75
0.84
0.75
0.73
0.03
0.00
0.73
0.83
0.70
0.03
0.75
0.00
0.77
0.78
0.68
0.03
0.00
0.72
0.84
0.74
0.71
0.02
0.00
0.74
0.83
0.70
0.74
0.04
0.00
0.75
0.80
0.66
0.04
0.00
0.75
0.84
0.73
0.04
0.65
0.00
0.78
0.65
0.74
0.75
0.03
0.00
0.61
0.86
0.79
0.70
0.04
0.00
0.55
0.79
0.72
0.76
0.02
0.00
0.72
0.69
0.75
0.72
0.06
0.00
0.61
0.87
0.62
0.04
0.00
0.81
0.82
0.62
0.76
0.03
0.00
0.74
0.73
0.76
0.04
0.00
0.72
0.84
0.75
0.76
0.05
0.00
0.70
0.79
0.76
0.72
0.03
0.74
0.00
0.74
0.80
0.70
0.03
0.00
0.72
0.85
0.77
0.76
0.04
0.00
0.76
0.84
0.59
0.03
0.00
0.71
0.89
0.75
0.74
0.04
0.00
0.76
0.79
0.58
0.73
0.02
0.00
0.72
0.89
0.78
0.70
0.03
0.00
0.59
0.80
0.65
0.74
0.02
0.00
0.69
0.92
0.77
0.76
0.02
0.79
0.00
0.71
0.70
0.71
0.04
0.00
0.71
0.90
0.81
0.68
0.03
0.00
0.70
0.85
0.71
0.02
0.00
0.81
0.85
0.60
0.03
0.77
0.00
0.74
0.71
0.74
0.04
0.00
0.78
0.85
0.60
0.04
0.00
0.72
0.87
0.75
0.03
0.00
0.72
0.80
0.75
0.03
0.84
0.00
0.75
0.66
0.70
0.02
0.00
0.72
0.94
0.71
0.02
0.00
0.78
0.81
0.61
0.04
0.00
0.75
0.87
0.76
0.02
0.72
0.00
0.75
0.77
0.70
0.03
0.00
0.74
0.91
0.72
0.04
0.60
0.00
0.69
0.88
0.71
0.04
0.58
0.00
0.73
0.81
0.72
0.03
0.00
0.72
0.85
0.71
0.03
0.00
0.71
0.96
0.71
0.03
0.00
0.56
0.89
0.76
0.04
0.00
0.73
0.81
0.72
0.04
0.70
0.00
0.76
0.86
0.61
0.72
0.03
0.00
0.56
0.88
0.67
0.74
0.03
0.75
0.00
0.60
0.78
0.55
0.03
0.00
0.74
0.84
0.63
0.75
0.02
0.81
0.01
0.73
0.75
0.75
0.73
0.04
0.00
0.59
0.70
0.72
0.03
0.00
0.71
0.73
0.76
0.73
0.02
0.00
0.75
0.79
0.89
0.74
0.03
0.72
0.00
0.75
0.83
0.70
0.71
0.05
0.00
0.73
0.79
0.74
0.77
0.04
0.00
0.60
0.66
0.77
0.03
0.00
0.78
0.74
0.60
0.76
0.02
0.00
0.73
0.91
0.71
0.05
0.74
0.00
0.79
0.81
0.70
0.03
0.00
0.79
0.84
0.62
0.72
0.03
0.00
0.71
0.88
0.73
0.03
0.60
0.00
0.77
0.77
0.66
0.04
0.69
0.00
0.66
0.94
0.66
0.77
0.04
0.00
0.59
0.69
0.74
0.72
0.03
0.00
0.78
0.89
0.63
0.83
0.03
0.59
0.00
0.67
0.89
0.57
0.63
0.04
0.00
0.70
0.87
0.68
0.62
0.66
0.03
0.00
0.58
0.68
0.74
0.68
0.03
0.00
0.58
0.83
0.71
0.80
0.73
0.02
0.00
0.64
0.80
0.61
0.01
0.72
0.00
0.71
0.67
0.60
0.72
0.05
0.00
0.60
0.90
0.76
0.03
0.00
0.75
0.67
0.74
0.04
0.00
0.75
0.87
0.77
0.03
0.00
0.74
0.82
0.72
0.04
0.00
0.84
0.89
0.64
0.70
0.02
0.00
0.79
0.86
0.64
0.04
0.78
0.00
0.62
0.82
0.62
0.03
0.00
0.80
0.81
0.21
2.94
1.09
0.02
0.00
0.36
0.53
0.64
0.64
0.67
0.71
0.70
0.03
0.00
0.68
0.77
0.73
0.70
0.03
0.00
0.71
0.79
0.75
0.03
0.00
0.72
0.79
0.72
0.03
0.00
0.74
0.83
0.73
0.02
0.00
0.71
0.80
0.74
0.04
0.00
0.76
0.78
0.71
0.03
0.00
0.74
0.84
0.73
0.05
0.00
0.72
0.79
0.72
0.05
0.01
0.72
0.78
0.74
0.02
0.00
0.74
0.85
0.73
0.03
0.00
0.74
0.82
0.75
0.03
0.00
0.76
0.79
0.72
0.05
0.00
0.74
0.83
0.71
0.02
0.77
0.00
0.71
0.82
0.59
0.01
0.00
0.22
3.17
1.30
0.01
0.00
0.19
0.10
0.01
0.00
2.48
2.37
0.77
0.01
0.00
0.40
0.23
0.18
0.22
0.30
0.34
0.28
0.02
0.01
0.30
0.32
0.41
