4
5
6
6
160
292
446
594
744
890
1018
86
229
378
523
682
829
943
1081
1099
1118
1148
193
461
635
956
1320
1359
1395
1429
1468
1511
1559
1610
1674
1725
1791
1860
1921
1986
2050
2110
2524
2795
1946
1911
1844
1736
1688
1652
1631
1652
1732
1777
1867
1912
1997
2059
2128
3168
3543
2188
1880
1585
1503
1521
1592
1656
1732
1818
1904
1980
2049
2545
2908
2131
1795
1530
1502
1566
1637
2749
3219
1708
1408
1428
1487
2383
3102
1554
1359
1460
194
218
329
396
1295
1342
1414
1716
1954
1297
1365
1384
1440
1525
2533
2721
1593
1316
1360
1435
2624
3199
1493
1306
1364
2488
2832
1445
1320
1377
2391
2909
1442
1307
1381
3211
1453
1457
1514
1384
1450
2666
1522
1614
1590
1440
1499
3023
3507
1547
1322
1398
2902
3437
1459
1330
1408
2130
2572
1464
194
734
966
1057
768
194
891
1237
1121
1122
1143
1186
1220
1349
1415
1235
1262
1309
1349
1404
1457
1522
1587
1744
1780
1658
1480
1398
1390
1457
1588
1625
1521
1283
1350
1418
1519
1564
1481
1284
1351
1387
1394
1415
1296
1364
1465
1500
1422
1292
1357
1425
1441
1421
1296
1361
1437
1456
1427
1299
1364
1462
1483
1431
1301
1366
1512
1536
1427
1298
1361
1498
1519
1426
1299
1363
1491
1536
1425
1300
1366
1488
1523
1426
1299
1362
1508
1538
1425
1299
1364
1605
1641
1430
1300
1363
1515
1563
1424
1303
1365
1512
1554
1429
1302
1362
1569
1606
1435
1306
1372
1601
1639
1433
1302
1370
1534
1592
1431
1308
1371
1555
1610
1435
1310
1370
1591
1646
1435
1306
1370
1568
1616
1444
1306
1370
1546
1606
1435
1312
1377
1601
1659
1436
1309
1372
1662
1784
1439
1312
1374
1600
1652
1437
1309
1371
1610
1707
1434
1314
1377
1605
1657
1437
1309
1373
1613
1663
1438
1311
1379
1739
1839
1436
1303
1368
1743
1851
1434
1307
1371
1771
1883
1436
1316
1380
1669
1780
1443
1311
1379
1688
1778
1441
1317
1377
1657
1724
1437
1310
1372
1656
1718
1436
1311
1375
1628
1706
1437
1310
1370
1820
1934
1438
1307
1374
1788
1873
1441
1319
1378
1794
1924
1446
1311
1378
1698
1762
1435
1311
1375
1661
1741
1442
1315
1376
1659
1746
1442
1312
1384
1674
1760
1442
1318
1379
1700
1795
1442
1313
1378
1745
1831
1441
1314
1375
1765
1880
1438
1312
1383
1883
1973
1438
1312
1375
1689
1776
1437
1310
1374
1708
1813
1442
1317
1379
1705
1802
1450
1313
1376
1734
1828
1442
1312
1380
1744
1827
1445
1315
1377
1709
1874
1444
1316
1383
1769
1879
1446
1316
1386
1759
1827
1449
1317
1382
1820
1899
1442
1318
1378
1753
1839
1450
1311
1376
1743
1854
1440
1313
1381
1809
1899
1446
1317
1380
1697
1791
1440
1320
1386
1799
1951
1447
1315
1379
1921
2053
1447
1319
1382
1928
2099
1451
1317
1379
1963
2108
1444
1318
1377
1780
1923
1445
1314
1388
1881
1989
1444
1316
1380
1770
1953
1448
1316
1382
1790
1878
1451
1316
1386
1812
1928
1444
1315
1379
1789
1976
1441
1318
1385
1961
2121
1445
1317
1382
1787
1891
1443
1318
1383
1983
2107
1445
1315
1378
1801
1937
1439
1317
1389
1918
2055
1447
1318
1390
1922
2106
1446
1324
1384
1964
2185
1444
1316
1377
1973
2089
1441
1316
1377
1999
2197
1443
1323
1387
1851
1949
1449
1320
1384
2045
2231
1443
1323
1385
2031
2253
1449
1321
1389
1887
1981
1453
1317
1385
1848
1999
1445
1318
1382
1825
1969
1450
1316
1384
1843
1964
1444
1321
1389
2073
2223
1446
1318
1380
2022
2148
1443
1317
1384
2036
2148
1450
1320
1377
1829
1982
1445
1320
1390
2056
2230
1451
1328
1389
1879
2007
1451
1316
1382
1852
2014
1449
1323
1387
1971
2094
1444
1316
1386
1852
1993
1443
1318
1388
1930
2036
1450
1319
1393
1891
2038
1449
1320
1382
1925
2057
1447
1320
1384
1896
2032
1448
1314
1379
1905
2049
1443
1321
1388
1963
2102
1448
1323
1386
1942
2132
1450
1314
1378
1850
1986
1441
1322
1387
1957
2081
1454
1326
1396
2008
2171
1452
1322
1389
2065
2238
1449
1321
1386
2116
2330
1453
1320
1384
1965
2129
1447
1321
1393
2129
2373
1452
1317
1385
1985
2101
1444
1324
1389
1895
2154
1445
1324
1386
2018
2154
1452
1325
1388
1989
2142
1452
1319
1382
1920
2070
1449
1320
1383
2062
2218
1446
1313
1388
2091
2267
1453
1318
1393
2067
2210
1454
1326
1381
1950
2123
1442
1322
1382
2165
2425
1447
1317
1386
2077
2282
1449
1323
1391
2001
2162
1441
1318
1385
2058
2215
1439
1321
1381
2011
2237
1457
1320
1391
2118
2319
1449
1322
1382
1993
2174
1452
1316
1383
1915
2113
1445
1325
1384
1914
2061
1444
1313
1384
2148
2413
1449
1317
1389
1943
2129
1447
1324
1381
1904
2107
1458
1325
1379
1985
2151
1445
1323
1380
1924
2108
1446
1327
1387
1923
2052
1448
1316
1379
2010
2198
1440
1325
1383
2189
2429
1450
1319
1378
2045
2234
1442
1315
1388
2018
2191
1448
1322
1387
1977
2136
1449
1317
1380
2230
2401
1457
1327
1381
2115
2329
1458
1326
1381
1969
2137
1445
1319
1381
1899
2109
1448
1318
1380
2044
2229
1442
1323
1386
1930
2174
1452
1320
1380
2242
2474
1447
1323
1386
2280
2518
1453
1320
1388
2044
2245
1445
1319
1389
2122
2314
1447
1317
1382
2077
2251
1448
1320
1385
2123
2319
1452
1318
1382
2284
2468
1443
1320
1385
2133
2346
1447
1317
1387
2281
2457
1451
1318
1381
2142
2390
1456
1321
1383
2217
2423
1449
1323
1390
2214
2460
1448
1326
1378
2289
2534
1444
1315
1383
2282
2520
1441
1322
1385
2175
2321
1454
1323
1387
2022
2219
1449
1321
1378
2038
2236
1442
1322
1384
2125
2290
1450
1316
1381
2019
2177
1447
1329
1385
2234
2451
1448
1326
1385
2071
2320
1445
1315
1385
2233
2472
1445
1321
1390
2048
2304
1452
1316
1381
2306
2531
1451
1319
1388
2329
2514
1444
1319
1381
2203
2416
1455
1321
1382
2265
2544
1448
1317
1382
2314
2546
1445
1316
1380
2324
2663
1453
1322
1390
2227
2388
1451
1324
1383
1997
2246
1450
1320
1390
2160
2396
1451
1318
1383
2257
2449
1446
1321
1386
2232
2459
1453
1314
1395
2189
2443
1451
1325
1387
2106
2343
1454
1320
1385
2097
2328
1445
1317
1392
1927
2145
1449
1321
1385
2247
2482
1446
1324
1386
2332
2526
1449
1327
1392
2256
2535
1456
1323
1381
2328
2545
1446
1321
1383
2344
2591
1464
1329
1385
2267
2474
1448
1323
1395
2105
2309
1456
1326
1394
2116
2357
1450
1322
1383
2265
2508
1453
1318
1379
2291
2571
1444
1319
1382
2068
2261
1460
1330
1395
2377
2668
1452
1322
1385
2369
2633
1455
1327
1389
2185
2487
1457
1317
1390
1864
2106
1440
1323
1382
2148
2353
1452
1316
1388
2370
2602
1446
1318
1383
2101
2459
1448
1324
1386
2319
2570
1453
1322
1386
2380
2665
1450
1327
1385
2141
2367
1448
1317
1387
2151
2431
1448
1322
1381
2427
2719
1452
1328
1398
2476
2790
1447
1326
1385
2161
2391
1452
1325
1386
2070
2247
1457
1326
1405
2027
2269
1450
1325
1386
2508
2732
1444
1316
1385
2421
2681
1449
1321
1394
2159
2407
1455
1325
1385
2375
2549
1457
1327
1389
2369
2727
1462
1323
1387
2457
2702
1457
1325
1384
2372
2673
1458
1329
1383
2175
2386
1454
1321
1383
2471
2757
1462
1321
1389
2399
2742
1449
1319
1386
2384
2641
1446
1326
1386
2228
2448
1450
1321
1383
2147
2431
1454
1322
1388
2122
2432
1448
1318
1385
2261
2633
1449
1318
1386
2212
2510
1452
1329
1393
2246
2597
1446
1329
1387
2415
2664
1446
1326
1387
2493
2789
1461
1326
1397
2329
2723
1455
1325
1390
2375
2579
1443
1326
1380
2456
2730
1453
1332
1396
2128
2404
1452
1324
1386
2373
2748
1446
1323
1385
2449
2789
1455
1324
1382
2477
2850
1451
1321
1385
2169
2461
1446
1337
1383
2111
2409
1455
1322
1390
2451
2816
1454
1323
1398
2352
2596
1456
1327
1398
2490
2775
1458
1323
1386
2124
2390
1461
1326
1393
2455
2821
1457
1331
1390
2464
2746
1451
1332
1399
2464
2895
1453
1326
1386
2530
2809
1457
1325
1395
2247
2648
1452
1330
1396
2178
2546
1451
1325
1394
2196
2602
1455
1343
1386
2442
2738
1454
1329
1397
2217
2549
1446
1326
1387
2499
2827
1452
1334
1386
2466
2758
1453
1325
1391
2472
2877
1445
1322
1386
2506
2797
1449
1325
1395
2473
2817
1454
1329
1396
2453
2805
1451
1335
1390
2171
2437
1466
1321
1389
2257
2536
1458
1331
1401
2177
2459
1458
1340
1389
2147
2393
1450
1334
1387
1978
2155
1469
1328
1388
2486
2916
1455
1326
1392
2308
2614
1453
1329
1391
2191
2516
1463
1328
1389
2729
3003
1467
1338
1388
2794
3036
1463
1322
1396
2166
2449
1473
1324
1390
2220
2564
1450
1319
1394
2508
2904
1445
1329
1388
2347
2626
1447
1323
1390
2548
2836
1455
1334
1383
2483
2770
1458
1322
1394
2318
2670
1458
1326
1392
2601
2966
1466
1322
1387
2181
2415
1447
1325
1394
2192
2519
1456
1323
1391
2460
2870
1453
1320
1396
2146
2431
1453
1323
1400
2522
2948
1449
1340
1387
2589
2844
1455
1335
1399
2513
2930
1453
1319
1394
2386
2668
1457
1328
1391
2323
2626
1447
1326
1392
2484
2870
1450
1325
1393
2489
2886
1452
1322
1387
2491
2883
1454
1328
1396
2296
2562
1459
1329
1396
2210
2497
1462
1324
1388
2143
2350
1465
1321
1391
2101
2457
1454
1335
1393
2581
3017
1451
1326
1388
2216
2520
1459
1332
1384
2150
2580
1455
1330
1394
2348
2678
1453
1332
1402
2256
2680
1454
1331
1382
2209
2528
1449
1323
1393
2311
2645
1451
1324
1388
2520
2896
1453
1324
1385
2681
3093
1457
1332
1391
2561
2811
1455
1333
1397
2269
2525
1452
1326
1392
2562
3048
1451
1322
1393
2689
3083
1459
1326
1397
2491
2887
1462
1321
1387
2523
2781
1454
1329
1392
2672
3000
1448
1331
1389
2477
2837
1460
1325
1383
2613
3047
1452
1330
1412
2248
2558
1453
1326
1391
2610
3075
1465
1323
1389
2781
3087
1453
1336
1401
2495
2839
1463
1330
1396
2166
2402
1462
1321
1395
2453
2869
1457
1345
1390
2109
2408
1460
1331
1397
2485
2925
1465
1338
1392
2516
3084
1457
1332
1396
2504
2803
1457
1330
1391
2027
2247
1455
1331
1397
2763
3215
1465
1319
1387
2529
3081
1462
1329
1391
2537
2947
1456
1327
1389
2443
2897
1454
1337
1398
2768
3134
1451
1322
1391
2131
2401
1452
1334
1384
2362
2579
1465
1327
1390
2548
2948
1454
1333
1386
2508
2888
1464
1324
1393
2548
2989
1463
1334
1389
2167
2591
1466
1337
1395
2149
2351
1462
1340
1392
2432
2744
1454
1330
1388
2522
2816
1457
1339
1394
2316
2591
1457
1326
1394
2586
2890
1457
1338
1395
2013
2301
1450
1330
1394
2570
2837
1464
1325
1398
2576
3008
1446
1331
1389
2507
2907
1459
1334
1397
2597
3085
1463
1329
1400
2200
2508
1464
1327
1390
2428
2697
1468
1335
1401
2631
3042
1465
1331
1387
2317
2661
1451
1329
1392
2810
3212
1463
1328
1395
2565
3015
1468
1325
1393
2217
2601
1459
1332
1385
2171
2458
1457
1328
1396
2530
2872
1461
1337
1393
2527
2909
1469
1338
1398
2288
2704
1469
1323
1395
2667
3069
1453
1327
1392
2740
3214
1463
1329
1397
2603
2893
1462
1336
1400
2854
3134
1479
1337
1425
2217
2707
1497
1316
1384
2706
2942
1462
1342
1400
2320
2754
1474
1337
1401
2139
2361
1455
1324
1392
2024
2248
1453
1338
1394
2135
2458
1470
1335
1390
2290
2658
1469
1333
1396
2568
2852
1458
1338
1398
2302
2668
1477
1343
1397
2265
2567
1457
1330
1398
2306
2672
1470
1326
1392
2540
2940
1469
1333
1404
2670
3128
1477
1323
1415
2630
3379
1488
1320
1383
2539
2783
1455
1339
1413
2749
3263
1464
1338
1413
2647
3065
1464
1329
1390
2498
3126
1463
1342
1397
2221
2477
1469
1342
1396
2626
3149
1469
1328
1402
2208
2556
1473
1329
1400
2614
3140
1461
1330
1399
2331
2703
1470
1336
1396
2294
2577
1465
1331
1403
2513
2997
1472
1339
1401
2415
2824
1482
1334
1407
2443
2724
1472
1341
1408
2672
3164
1462
1337
1399
2609
2991
1467
1327
1394
2524
2946
1464
1326
1389
2697
3111
1473
1331
1392
2616
3063
1475
1341
1399
2610
3019
1456
1336
1401
2357
2739
1451
1325
1409
2147
2404
1470
1327
1394
2536
2956
1475
1343
1401
2479
3011
1454
1350
1412
3040
3549
1465
1332
1398
2370
2656
1471
1331
1398
2534
2990
1468
1342
1407
2629
3205
1476
1338
1397
2727
3202
1465
1340
1400
2286
2668
1469
1341
1395
2142
2415
1474
1337
1407
2367
2717
1463
1332
1396
2212
2486
1467
1337
1406
2442
2842
1471
1328
1398
2448
2852
1465
1324
1394
2562
3098
1463
1323
1403
2393
2960
1454
1338
1395
2725
2988
1467
1337
1391
2543
2921
1470
1337
1399
2211
2537
1462
1339
1402
2564
2977
1461
1330
1398
2368
2680
1466
1327
1393
2643
3057
1463
1328
1393
2711
3105
1456
1333
1390
2820
3392
1459
1328
1411
2109
2468
1462
1325
1399
2187
2373
1463
1340
1403
2235
2469
1471
1340
1397
2237
2639
1464
1342
1393
2581
2939
1464
1339
1402
2610
2982
1473
1325
1392
2688
3213
1476
1329
1401
2666
3144
1459
1334
1398
2616
3314
1471
1334
1400
2724
3124
1462
1332
1403
2337
2635
1467
1327
1399
2287
2775
1456
1326
1391
2775
3196
1455
1327
1400
2620
2950
1467
1332
1414
2548
3204
1456
1339
1395
2641
3035
1463
1333
1393
1981
2247
1456
1329
1399
2567
2903
1465
1326
1409
2317
2591
1464
1335
1395
2701
3501
1469
1340
1395
2677
3087
1467
1332
1390
2499
3020
1474
1333
1394
2580
2832
1467
1337
1399
2425
2693
1472
1337
1391
2669
3171
1456
1341
1397
2667
3145
1469
1338
1395
2887
3357
1452
1341
1391
2491
2725
1475
1327
1419
2897
3463
1483
1333
1392
2466
3026
1464
1333
1398
1980
2388
1470
1327
1400
2243
2696
1458
1335
1396
2742
3234
1469
1343
1407
2624
3009
1473
1332
1397
2931
3525
1459
1346
1395
2629
3121
1465
1339
1397
2603
2933
1462
1325
1405
2557
3009
1470
1332
1392
2134
2431
1465
1326
1393
2207
2643
1458
1350
1404
2744
3134
1469
1343
1405
2247
2793
1471
1340
1412
2272
2640
1470
1333
1398
2424
3192
1471
1343
1399
2449
3071
1474
1334
1395
2857
3161
1463
1338
1401
2693
3124
1470
1334
1401
2785
3177
1461
1332
1389
2703
3267
1455
1335
1400
2652
3234
1459
1338
1401
2627
3231
1461
1333
1406
2385
2743
1464
1333
1408
2850
3322
1471
1331
1398
2366
2672
1470
1332
1394
2278
2594
1470
1333
1394
2818
3094
1461
1340
1397
2547
3427
1470
1334
1398
2906
3242
1465
1340
1414
2178
2500
1465
1341
1395
2045
2501
1455
1335
1400
2555
3030
1464
1335
1395
2857
3121
1459
1344
1401
2335
3029
1471
1338
1386
3000
3354
1457
1345
1402
2594
3158
1469
1335
1407
2499
3027
1458
1347
1398
2342
2633
1470
1326
1405
2211
2548
1466
1336
1401
2293
2671
1465
1333
1398
2014
2235
1470
1337
1406
2712
3138
1468
1343
1407
2809
3169
1472
1335
1389
2189
2507
1465
1345
1407
2307
2579
1468
1329
1394
2770
3484
1455
1346
1401
2279
2601
1468
1334
1406
2142
2748
1473
1344
1402
2666
3394
1470
1333
1403
2419
2885
1477
1340
1399
2749
3070
1467
1341
1396
2814
3462
1473
1337
1388
2342
2701
1469
1346
1414
2734
3164
1466
1327
1407
2119
2353
1480
1338
1425
2429
3053
1487
1334
1391
1448
2584
2960
1521
1340
1395
2951
1454
1479
1524
1398
1466
2646
3065
1524
1342
1402
3420
1454
1544
1529
1405
1457
2645
3499
1517
1328
1394
2808
3317
1465
1360
1415
2227
2487
1472
1333
1399
2693
3062
1456
1337
1410
2352
2598
1473
1356
1403
2661
2902
1466
1340
1404
1461
1515
1972
1531
1388
1451
2265
2848
1522
1348
1395
2179
2599
1473
1330
1410
2976
3560
1470
1341
1393
2529
3421
1469
1342
1403
2761
3467
1482
1329
1451
1495
1497
1999
1583
1408
1471
1525
2747
1588
1591
1662
1390
1475
1537
3012
1596
1662
1665
1483
1442
1500
1572
3630
1625
1899
1695
1384
1466
1542
1649
2028
1598
1370
1447
1514
3482
1581
1863
1627
1407
1457
3143
1509
1581
1572
1405
1450
2702
2994
1521
1330
1402
2710
3418
1469
1344
1406
2332
2652
1464
1353
1403
3031
1471
1489
1536
1397
1468
2690
3018
1525
1339
1404
2766
2984
1468
1337
1415
3537
1464
1702
1537
1398
1474
2350
2618
1534
1367
1441
3155
1491
1537
1567
1377
1446
1526
1569
1614
2069
1654
1414
1472
2706
3012
1542
1326
1400
2796
3172
1455
1338
1399
3245
1484
1632
1538
1395
1466
3204
3396
1531
1333
1397
2067
2386
1470
1347
1401
2945
3361
1466
1337
1412
2582
2999
1465
1352
1406
2134
2416
1505
1346
1438
3094
1505
1564
1570
1400
1447
2991
3469
1512
1347
1412
2892
1466
1500
1539
1398
1459
3106
1535
1628
1603
1400
1494
2228
2529
1554
1341
1418
3318
1460
1468
1555
1402
1496
1563
1899
2503
1631
1383
1495
1531
2303
3121
1631
1409
1498
3620
1559
2128
1623
1390
1453
2947
3341
1507
1341
1407
1478
1540
1960
1553
1423
1516
3426
1597
1713
1647
1397
1470
3295
1524
1788
1586
1419
1485
1535
1614
1790
3230
1686
1411
1513
1557
2043
2953
1626
1445
1464
1518
1588
1648
2042
2474
1731
1524
1470
1546
3078
1613
2141
1667
1410
1452
1534
3358
3604
1580
1354
1435
2451
3527
1488
1347
1392
2150
2408
1467
1340
1411
2063
2393
1503
1333
1440
3119
1504
1656
1576
1389
1485
2575
1555
1671
1617
1380
1473
3427
1539
1604
1597
1387
1442
2562
2962
1511
1344
1414
2437
2833
1486
1342
1421
2775
3303
1472
1369
1443
2647
3021
1500
1333
1415
3329
1462
1773
1555
1418
1492
3120
1564
1606
1620
1394
1468
2800
3142
1509
1360
1409
2907
1499
1551
1567
1442
1489
3213
1559
1565
1616
1391
1449
1533
1546
2427
1594
1418
1500
2674
2982
1555
1366
1437
1511
1547
1920
1560
1422
1496
3298
1545
1562
1627
1400
1491
2957
1553
1616
1621
1395
1474
1553
1923
2225
1622
1423
1503
2753
1574
1650
1640
1392
1488
1549
1553
2022
1651
1371
1488
1525
1607
2329
1631
1430
1509
1585
1823
2199
1639
1414
1469
3111
1541
1643
1591
1398
1486
3280
1559
1657
1627
1488
1556
1652
1658
2748
1729
1491
1582
2756
1654
1862
1743
1466
1550
3538
1590
2340
1689
1451
1492
1544
2942
3644
1634
1379
1439
3151
3474
1498
1365
1463
1482
1484
1984
1585
1427
1517
1621
1977
2565
1649
1417
1503
2899
1538
1644
1658
1420
1519
1596
3416
1656
2056
1741
1441
1534
1610
3309
1691
1851
1748
1469
1515
1560
3596
1645
2057
1683
1459
1536
2658
3041
1613
1428
1478
2992
3280
1557
1349
1427
1478
1803
2358
1578
1397
1492
1556
2288
3112
1633
1401
1494
3104
3577
1570
1380
1429
1537
1550
2018
3526
1640
1413
1526
2680
2971
1576
1367
1450
1499
1849
2655
1580
1475
1478
1542
3586
1601
2067
1676
1395
1500
2419
2664
1539
1398
1434
2717
1506
1580
1588
1417
1485
2364
2983
1548
1364
1471
2751
1491
1917
1587
1411
1484
1560
1570
1887
1638
1405
1473
1537
1747
2577
1598
1399
1464
1569
1667
1670
2711
1729
1505
1606
3354
1636
2226
1717
1421
194
1295
1338
1252
1287
1230
1305
1372
1437
1515
1859
1948
1571
1320
1346
1414
1866
1961
1478
1293
1355
1913
2033
1420
1293
1363
2164
2330
1428
1294
1368
2022
2212
1432
1297
1358
2134
2306
1431
1305
1380
2088
2378
1432
1310
1375
2389
2823
1443
1306
1375
2449
2793
1431
1312
1378
2466
2827
1436
1326
1381
2611
2842
1434
1313
1382
2544
2904
1446
1321
1378
2546
2826
1446
1316
1375
2477
3016
1447
1320
1387
2425
3523
1448
1329
1395
3197
1450
1584
1524
1380
1440
1522
2474
2720
1574
1338
1403
2476
3053
1470
314
1345
1306
1208
1258
313
967
1071
1295
1312
1456
1603
1578
1774
1789
1825
1845
1830
1910
1602
1516
1552
1585
1845
1928
