0.02
0.01
0.00
0.00
0.31
0.45
0.44
0.45
0.40
0.43
0.47
0.23
0.32
0.46
0.43
0.39
0.55
0.43
0.51
0.15
0.12
0.18
0.19
0.82
0.82
0.90
0.99
0.29
0.26
0.33
0.32
0.33
0.37
0.39
0.46
0.46
0.51
0.54
0.55
0.57
0.58
0.58
0.03
0.00
0.58
0.63
0.64
0.72
0.66
0.61
0.83
0.78
0.73
0.66
0.56
0.65
0.53
0.66
0.49
0.02
0.00
0.47
0.56
0.65
0.80
0.86
0.69
0.69
0.72
0.79
0.64
0.56
0.51
0.03
0.00
0.54
0.69
0.67
0.80
0.66
0.75
0.05
0.00
0.73
0.86
0.67
0.71
0.01
0.00
0.72
0.99
0.88
0.21
0.07
0.01
0.00
2.85
1.13
0.36
0.05
0.00
0.50
0.58
0.65
0.68
0.71
0.04
0.00
0.70
0.80
0.76
0.77
0.03
0.00
0.73
0.98
0.75
0.03
0.00
0.75
0.96
0.76
0.02
0.00
0.74
0.93
0.75
0.03
0.75
0.00
0.77
0.87
0.77
0.02
0.75
0.00
0.56
0.79
0.74
0.01
0.00
0.68
0.86
0.76
0.03
0.00
0.76
0.86
0.80
0.02
0.00
0.76
0.21
1.64
0.01
0.00
1.07
0.18
2.02
1.37
0.01
0.00
0.44
0.33
0.26
0.02
0.00
0.34
0.36
0.42
0.46
0.50
0.52
0.64
0.59
0.02
0.00
0.60
0.70
0.67
0.69
0.68
0.01
0.00
0.69
0.84
0.72
0.68
0.01
0.00
0.69
0.86
0.70
0.01
0.00
0.69
0.79
0.71
0.02
0.00
0.68
0.80
0.70
0.01
0.00
0.69
0.78
0.69
0.01
0.00
0.69
0.79
0.69
0.01
0.00
0.70
0.77
0.70
0.01
0.00
0.69
0.77
0.68
0.01
0.00
0.69
0.80
0.69
0.02
0.00
0.68
0.77
0.70
0.01
0.00
0.69
0.77
0.69
0.02
0.00
0.69
0.77
0.69
0.02
0.00
0.69
0.79
0.70
0.01
0.00
0.68
0.78
0.70
0.02
0.00
0.69
0.77
0.69
0.01
0.00
0.71
0.77
0.70
0.02
0.00
0.69
0.81
0.69
0.01
0.00
0.69
0.77
0.70
0.01
0.00
0.70
0.86
0.68
0.02
0.00
0.68
0.80
0.69
0.02
0.00
0.74
0.81
0.70
0.01
0.00
0.70
0.80
0.71
0.02
0.00
0.69
0.81
0.70
0.01
0.00
0.71
0.81
0.69
0.02
0.00
0.69
0.82
0.70
0.02
0.00
0.69
0.84
0.70
0.01
0.00
0.69
0.78
0.69
0.01
0.00
0.69
0.82
0.70
0.03
0.00
0.69
0.79
0.69
0.02
0.00
0.70
0.80
0.68
0.02
0.00
0.68
0.83
0.71
0.02
0.00
0.70
0.77
0.70
0.01
0.00
0.69
0.83
0.71
0.01
0.00
0.69
0.77
0.68
0.01
0.00
0.68
0.81
0.69
0.02
0.00
0.69
0.80
0.69
0.02
0.00
0.71
0.81
0.69
0.03
0.00
0.72
0.81
0.68
0.02
0.00
0.70
0.79
0.71
0.02
0.00
0.69
0.81
0.69
0.02
0.00
0.69
0.80
0.68
0.02
0.00
0.69
0.81
0.71
0.02
0.00
0.68
0.82
0.69
0.02
0.00
0.69
0.81
0.69
0.02
0.00
0.69
0.76
0.68
0.03
0.00
0.69
0.78
0.73
0.03
0.00
0.68
0.82
0.69
0.02
0.01
0.70
0.77
0.69
0.03
0.00
0.70
0.81
0.68
0.02
0.00
0.72
0.77
0.68
0.02
0.00
0.69
0.76
0.70
0.02
0.00
0.70
0.82
0.68
0.02
0.00
0.69
0.82
0.71
0.03
0.00
0.70
0.79
0.72
0.02
0.00
0.71
0.84
0.70
0.02
0.00
0.69
0.83
0.69
0.02
0.00
0.72
0.77
0.69
0.02
0.00
0.69
0.82
0.70
0.02
0.00
0.71
0.79
0.69
0.02
0.00
0.68
0.78
0.70
0.02
0.00
0.69
0.79
0.69
0.03
0.00
0.70
0.79
0.69
0.03
0.00
0.71
0.77
0.68
0.03
0.00
0.69
0.81
0.69
0.03
0.00
0.71
0.78
0.72
0.03
0.00
0.70
0.78
0.70
0.02
0.00
0.71
0.81
0.72
0.02
0.00
0.74
0.78
0.71
0.02
0.00
0.69
0.79
0.69
0.02
0.00
0.68
0.77
0.71
0.03
0.00
0.70
0.79
0.70
0.02
0.00
0.69
0.77
0.70
0.03
0.00
0.69
0.78
0.69
0.03
0.00
0.69
0.77
0.70
0.02
0.00
0.69
0.78
0.72
0.03
0.00
0.69
0.81
0.70
0.03
0.00
0.68
0.77
0.69
0.03
0.00
0.69
0.78
0.69
0.03
0.00
0.69
0.80
0.71
0.03
0.00
0.70
0.80
0.71
0.03
0.00
0.68
0.83
0.69
0.03
0.00
0.70
0.78
0.70
0.03
0.00
0.70
0.78
0.70
0.02
0.00
0.68
0.79
0.69
0.02
0.00
0.70
0.78
0.70
0.04
0.00
0.69
0.78
0.70
0.03
0.00
0.69
0.78
0.69
0.03
0.00
0.69
0.77
0.71
0.03
0.00
0.71
0.78
0.68
0.03
0.00
0.69
0.79
0.72
0.02
0.00
0.71
0.81
0.70
0.03
0.00
0.69
0.78
0.69
0.02
0.00
0.71
0.82
0.70
0.03
0.00
0.69
0.76
0.70
0.03
0.00
0.69
0.79
0.72
0.03
0.00
0.71
0.79
0.72
0.03
0.00
0.70
0.78
0.69
0.03
0.00
0.68
0.79
0.68
0.02
0.00
0.69
0.76
0.69
0.03
0.00
0.68
0.79
0.70
0.02
0.00
0.70
0.77
0.69
0.03
0.00
0.69
0.78
0.68
0.03
0.00
0.68
0.81
0.71
0.03
0.00
0.71
0.77
0.71
0.03
0.00
0.68
0.80
0.71
0.03
0.00
0.70
0.79
0.69
0.03
0.00
0.70
0.78
0.70
0.03
0.00
0.68
0.77
0.71
0.03
0.00
0.69
0.77
0.71
0.03
0.00
0.68
0.82
0.70
0.03
0.00
0.68
0.80
0.70
0.03
0.00
0.70
0.77
0.71
0.03
0.00
0.69
0.80
0.68
0.02
0.00
0.70
0.78
0.69
0.03
0.00
0.69
0.78
0.71
0.02
0.00
0.71
0.78
0.71
0.03
0.00
0.70
0.81
0.68
0.03
0.00
0.68
0.79
0.69
0.04
0.00
0.70
0.77
0.71
0.03
0.00
0.69
0.80
0.72
0.03
0.00
0.69
0.78
0.71
0.03
0.00
0.69
0.80
0.68
0.03
0.00
0.71
0.81
0.70
0.03
0.00
0.69
0.78
0.70
0.03
0.00
0.71
0.78
0.69
0.03
0.00
0.69
0.81
0.71
0.02
0.00
0.69
0.78
0.70
0.03
0.00
0.71
0.80
0.72
0.03
0.00
0.69
0.79
0.69
0.02
0.00
0.73
0.82
0.69
0.03
0.00
0.70
0.82
0.69
0.03
0.00
0.70
0.81
0.72
0.03
0.00
0.71
0.78
0.70
0.03
0.00
0.68
0.81
0.69
0.03
0.00
0.71
0.80
0.69
0.03
0.00
0.70
0.78
0.71
0.02
0.00
0.69
0.80
0.69
0.02
0.00
0.69
0.80
0.68
0.04
0.00
0.74
0.82
0.69
0.04
0.00
0.73
0.79
0.70
0.03
0.00
0.69
0.78
0.69
0.03
0.00
0.70
0.79
0.70
0.03
0.00
0.69
0.78
0.69
0.03
0.00
0.70
0.80
0.69
0.03
0.00
0.69
0.79
0.70
0.03
0.00
0.70
0.79
0.70
0.03
0.00
0.68
0.78
0.72
0.03
0.00
0.70
0.79
0.69
0.03
0.00
0.69
0.78
0.69
0.04
0.00
0.70
0.80
0.68
0.03
0.00
0.70
0.79
0.70
0.03
0.00
0.71
0.78
0.69
0.04
0.00
0.72
0.78
0.70
0.03
0.00
0.73
0.79
0.68
0.03
0.00
0.69
0.79
0.72
0.02
0.00
0.69
0.81
0.69
0.04
0.00
0.69
0.77
0.70
0.03
0.00
0.67
0.79
0.68
0.04
0.00
0.71
0.79
0.69
0.04
0.00
0.69
0.80
0.68
0.04
0.00
0.67
0.79
0.68
0.03
0.00
0.70
0.78
0.69
0.03
0.00
0.70
0.81
0.70
0.03
0.00
0.69
0.80
0.70
0.03
0.00
0.69
0.78
0.70
0.04
0.00
0.68
0.78
0.71
0.02
0.00
0.70
0.77
0.68
0.03
0.00
0.71
0.78
0.71
0.04
0.00
0.69
0.79
0.71
0.04
0.00
0.72
0.78
0.69
0.03
0.00
0.70
0.80
0.69
0.04
0.00
0.68
0.79
0.68
0.04
0.00
0.71
0.79
0.71
0.02
0.00
0.71
0.80
0.69
0.03
0.00
0.71
0.77
0.71
0.03
0.00
0.69
0.79
0.70
0.04
0.00
0.70
0.78
0.71
0.04
0.00
0.71
0.77
0.73
0.04
0.00
0.71
0.81
0.70
0.03
0.00
0.72
0.79
0.70
0.04
0.00
0.68
0.76
0.73
0.03
0.00
0.70
0.78
0.70
0.04
0.00
0.72
0.79
0.69
0.04
0.00
0.68
0.81
0.70
0.04
0.00
0.70
0.79
0.68
0.04
0.00
0.68
0.77
0.67
0.03
0.01
0.74
0.84
0.71
0.04
0.00
0.71
0.79
0.73
0.02
0.00
0.71
0.81
0.73
0.03
0.00
0.68
0.78
0.68
0.03
0.00
0.69
0.78
0.69
0.04
0.00
0.70
0.80
0.67
0.03
0.00
0.71
0.80
0.71
0.04
0.00
0.69
0.78
0.68
0.04
0.00
0.72
0.80
0.71
0.03
0.00
0.71
0.78
0.73
0.02
0.00
0.68
0.80
0.69
0.04
0.00
0.72
0.78
0.72
0.05
0.00
0.69
0.78
0.69
0.03
0.00
0.71
0.79
0.71
0.03
0.00
0.72
0.80
0.70
0.04
0.01
0.71
0.82
0.70
0.04
0.00
0.71
0.79
0.71
0.03
0.00
0.70
0.80
0.68
0.04
0.00
0.70
0.84
0.73
0.04
0.00
0.69
0.79
0.67
0.03
0.00
0.70
0.82
0.69
0.03
0.00
0.72
0.80
0.75
0.03
0.00
0.70
0.84
0.70
0.03
0.00
0.69
0.79
0.70
0.03
0.00
0.71
0.79
0.71
0.03
0.01
0.72
0.81
0.69
0.02
0.00
0.70
0.80
0.70
0.04
0.00
0.72
0.80
0.70
0.02
0.00
0.70
0.82
0.69
0.05
0.00
0.71
0.81
0.67
0.03
0.00
0.70
0.79
0.68
0.04
0.00
0.74
0.80
0.71
0.04
0.00
0.70
0.81
0.69
0.04
0.00
0.68
0.79
0.70
0.03
0.00
0.71
0.84
0.69
0.03
0.00
0.71
0.79
0.72
0.04
0.00
0.69
0.81
0.70
0.04
0.00
0.70
0.79
0.71
0.03
0.00
0.71
0.81
0.71
0.04
0.00
0.69
0.85
0.69
0.04
0.00
0.68
0.84
0.70
0.03
0.00
0.73
0.80
0.72
0.04
0.00
0.70
0.79
0.71
0.04
0.00
0.67
0.82
0.68
0.04
0.00
0.71
0.85
0.72
0.03
0.00
0.71
0.81
0.70
0.03
0.00
0.68
0.82
0.69
0.03
0.00
0.72
0.80
0.68
0.03
0.00
0.70
0.83
0.70
0.03
0.00
0.68
0.84
0.67
0.04
0.00
0.70
0.80
0.70
0.03
0.00
0.71
0.81
0.74
0.03
0.00
0.71
0.81
0.73
0.03
0.00
0.71
0.82
0.71
0.04
0.00
0.73
0.78
0.70
0.04
0.00
0.71
0.83
0.70
0.04
0.00
0.71
0.83
0.72
0.04
0.00
0.70
0.81
0.71
0.04
0.00
0.72
0.82
0.72
0.03
0.00
0.70
0.83
0.73
0.04
0.00
0.69
0.82
0.74
0.03
0.00
0.71
0.88
0.70
0.04
0.00
0.71
0.80
0.74
0.04
0.00
0.68
0.83
0.77
0.04
0.00
0.70
0.83
0.70
0.04
0.00
0.70
0.80
0.71
0.04
0.00
0.69
0.81
0.70
0.03
0.00
0.70
0.81
0.71
0.03
0.00
0.70
0.82
0.73
0.04
0.00
0.68
0.85
0.70
0.02
0.00
0.74
0.78
0.70
0.03
0.00
0.70
0.80
0.73
0.04
0.00
0.72
0.84
0.69
0.04
0.00
0.69
0.82
0.68
0.03
0.00
0.74
0.80
0.70
0.04
0.00
0.70
0.80
0.70
0.04
0.00
0.70
0.83
0.71
0.03
0.00
0.74
0.80
0.71
0.05
0.00
0.74
0.84
0.68
0.02
0.00
0.73
0.79
0.72
0.03
0.00
0.76
0.79
0.71
0.02
0.00
0.69
0.79
0.74
0.02
0.00
0.68
0.82
0.69
0.03
0.00
0.69
0.79
0.70
0.05
0.00
0.72
0.84
0.69
0.03
0.00
0.71
0.79
0.71
0.02
0.00
0.70
0.79
0.70
0.04
0.00
0.74
0.80
0.69
0.02
0.00
0.70
0.81
0.71
0.04
0.00
0.72
0.80
0.71
0.04
0.00
0.72
0.78
0.74
0.03
0.00
0.71
0.80
0.75
0.04
0.00
0.68
0.87
0.69
0.04
0.00
0.69
0.83
0.73
0.04
0.00
0.70
0.80
0.73
0.03
0.00
0.73
0.81
0.71
0.03
0.00
0.69
0.82
0.71
0.05
0.00
0.69
0.80
0.72
0.04
0.00
0.71
0.81
0.70
0.03
0.00
0.72
0.83
0.72
0.03
0.00
0.71
0.80
0.70
0.03
0.00
0.72
0.80
0.70
0.02
0.00
0.75
0.77
0.71
0.03
0.00
0.70
0.84
0.73
0.05
0.00
0.70
0.80
0.68
0.03
0.00
0.71
0.84
0.68
0.03
0.00
0.71
0.80
0.71
0.02
0.00
0.70
0.80
0.74
0.02
0.00
0.70
0.84
0.70
0.03
0.00
0.69
0.82
0.72
0.03
0.00
0.71
0.80
0.68
0.03
0.00
0.70
0.78
0.68
0.05
0.00
0.72
0.83
0.71
0.04
0.00
0.71
0.84
0.73
0.03
0.00
0.70
0.80
0.70
0.03
0.00
0.69
0.79
0.72
0.03
0.00
0.72
0.81
0.73
0.03
0.00
0.71
0.77
0.69
0.04
0.00
0.70
0.81
0.70
0.03
0.00
0.69
0.80
0.69
0.05
0.00
0.71
0.81
0.68
0.04
0.00
0.70
0.83
0.77
0.03
0.00
0.69
0.78
0.69
0.04
0.00
0.75
0.84
0.70
0.04
0.00
0.69
0.80
0.72
0.04
0.00
0.71
0.82
0.72
0.04
0.00
0.73
0.81
0.72
0.04
0.00
0.70
0.85
0.69
0.03
0.01
0.70
0.82
0.71
0.04
0.00
0.73
0.83
0.72
0.05
0.01
0.68
0.82
0.70
0.04
0.00
0.71
0.81
0.72
0.02
0.00
0.70
0.82
0.71
0.04
0.00
0.72
0.78
0.69
0.03
0.00
0.72
0.81
0.70
0.04
0.00
0.72
0.81
0.69
0.04
0.00
0.69
0.87
0.73
0.03
0.00
0.69
0.79
0.71
0.02
0.00
0.71
0.86
0.68
0.04
0.00
0.74
0.82
0.69
0.03
0.00
0.69
0.82
0.67
0.05
0.00
0.73
0.80
0.72
0.05
0.00
0.73
0.83
0.69
0.03
0.00
0.73
0.89
0.72
0.03
0.01
0.71
0.85
0.69
0.04
0.00
0.69
0.85
0.70
0.05
0.00
0.71
0.84
0.71
0.03
0.00
0.71
0.84
0.71
0.02
0.00
0.72
0.86
0.69
0.02
0.00
0.69
0.81
0.72
0.04
0.00
0.75
0.84
0.74
0.05
0.00
0.69
0.81
0.69
0.05
0.00
0.72
0.86
0.71
0.03
0.00
0.71
0.81
0.74
0.03
0.00
0.74
0.83
0.70
0.03
0.00
0.75
0.84
0.73
0.03
0.00
0.73
0.84
0.70
0.04
0.00
0.69
0.79
0.70
0.04
0.00
0.73
0.82
0.71
0.02
0.00
0.75
0.81
0.72
0.03
0.00
0.73
0.84
0.68
0.03
0.00
0.72
0.82
0.71
0.04
0.00
0.70
0.83
0.70
0.04
0.00
0.73
0.84
0.71
0.03
0.00
0.74
0.77
0.71
0.03
0.00
0.68
0.83
0.70
0.03
0.00
0.72
0.80
0.72
0.04
0.00
0.72
0.85
0.73
0.04
0.00
0.78
0.81
0.60
0.03
0.00
0.75
0.92
0.70
0.03
0.00
0.74
0.79
0.70
0.02
0.00
0.72
0.80
0.71
0.03
0.00
0.69
0.77
0.69
0.03
0.00
0.68
0.88
0.71
0.03
0.00
0.76
0.82
0.70
0.03
0.00
0.76
0.82
0.69
0.04
0.00
0.69
0.83
0.69
0.03
0.00
0.76
0.83
0.70
0.02
0.00
0.70
0.82
0.70
0.03
0.00
0.74
0.78
0.70
0.04
0.00
0.74
0.85
0.75
0.06
0.00
0.77
0.79
0.55
0.04
0.00
0.72
0.90
0.72
0.04
0.00
0.73
0.80
0.74
0.05
0.00
0.69
0.79
0.73
0.03
0.00
0.70
0.79
0.68
0.04
0.00
0.72
0.82
0.69
0.04
0.00
0.71
0.86
0.71
0.03
0.00
0.73
0.77
0.72
0.03
0.00
0.74
0.83
0.71
0.04
0.00
0.71
0.79
0.71
0.03
0.00
0.74
0.83
0.69
0.03
0.00
0.71
0.79
0.72
0.03
0.00
0.72
0.84
0.71
0.03
0.00
0.77
0.82
0.73
0.03
0.00
0.73
0.83
0.74
0.04
0.00
0.71
0.82
0.71
0.04
0.00
0.73
0.78
0.70
0.03
0.00
0.72
0.84
0.71
0.04
0.00
0.76
0.80
0.68
0.03
0.00
0.76
0.82
0.71
0.04
0.00
0.69
0.84
0.73
0.03
0.00
0.69
0.78
0.75
0.04
0.00
0.73
0.78
0.70
0.05
0.00
0.75
0.83
0.71
0.04
0.00
0.68
0.88
0.75
0.03
0.00
0.73
0.80
0.71
0.03
0.00
0.75
0.81
0.73
0.03
0.00
0.73
0.86
0.75
0.03
0.00
0.76
0.84
0.71
0.03
0.00
0.72
0.86
0.71
0.04
0.00
0.74
0.86
0.69
0.03
0.00
0.74
0.85
0.76
0.02
0.00
0.70
0.80
0.70
0.03
0.00
0.71
0.82
0.73
0.03
0.00
0.72
0.83
0.71
0.03
0.00
0.71
0.79
0.72
0.04
0.00
0.73
0.82
0.72
0.03
0.00
0.68
0.85
0.70
0.04
0.00
0.75
0.83
0.70
0.04
0.00
0.75
0.85
0.72
0.02
0.00
0.72
0.84
0.71
0.03
0.00
0.71
0.81
0.72
0.03
0.00
0.73
0.80
0.69
0.04
0.00
0.71
0.83
0.70
0.04
0.00
0.71
0.82
0.70
0.04
0.00
0.69
0.77
0.76
0.03
0.00
0.72
0.80
0.72
0.02
0.00
0.71
0.83
0.74
0.04
0.00
0.72
0.88
0.71
0.04
0.00
0.71
0.82
0.70
0.04
0.00
0.72
0.80
0.71
0.03
0.00
0.71
0.80
0.69
0.03
0.00
0.78
0.82
0.75
0.06
0.00
0.70
0.83
0.72
0.03
0.00
0.73
0.82
0.73
0.02
0.00
0.70
0.80
0.74
0.02
0.00
0.74
0.78
0.73
0.03
0.00
0.71
0.79
0.70
0.03
0.00
0.70
0.78
0.73
0.03
0.00
0.73
0.82
0.75
0.04
0.00
0.69
0.84
0.70
0.03
0.00
0.72
0.82
0.71
0.03
0.00
0.71
0.77
0.70
0.04
0.00
0.72
0.80
0.75
0.03
0.00
0.73
0.85
0.70
0.03
0.00
0.75
0.86
0.70
0.04
0.00
0.74
0.85
0.69
0.04
0.00
0.73
0.81
0.69
0.04
0.00
0.73
0.82
0.70
0.03
0.00
0.72
0.83
0.69
0.04
0.00
0.69
0.85
0.70
0.03
0.00
0.73
0.83
0.70
0.03
0.00
0.68
0.84
0.70
0.04
0.00
0.76
0.79
0.56
0.03
0.00
0.69
0.90
0.73
0.03
0.00
0.77
0.76
0.70
0.03
0.00
0.73
0.77
0.72
0.04
0.00
0.71
0.79
0.70
0.04
0.00
0.73
0.83
0.73
0.03
0.00
0.72
0.80
0.71
0.04
0.00
0.70
0.86
0.70
0.04
0.00
0.73
0.82
0.70
0.03
0.00
0.70
0.77
0.74
0.03
0.01
0.74
0.80
0.69
0.02
0.00
0.73
0.78
0.70
0.04
0.00
0.70
0.85
0.72
0.02
0.00
0.71
0.82
0.71
0.04
0.00
0.73
0.85
0.77
0.03
0.00
0.74
0.81
0.71
0.04
0.00
0.73
0.84
0.70
0.03
0.00
0.75
0.81
0.70
0.03
0.00
0.72
0.82
0.71
0.03
0.00
0.72
0.82
0.72
0.05
0.00
0.70
0.81
0.69
0.03
0.00
0.69
0.81
0.72
0.04
0.00
0.70
0.88
0.74
0.04
0.00
0.72
0.82
0.74
0.04
0.00
0.72
0.84
0.75
0.04
0.00
0.73
0.83
0.72
0.03
0.00
0.73
0.81
0.71
0.04
0.00
0.75
0.82
0.71
0.02
0.00
0.71
0.84
0.72
0.04
0.00
0.72
0.83
0.70
0.03
0.00
0.71
0.81
0.76
0.03
0.00
0.72
0.84
0.71
0.02
0.00
0.70
0.84
0.74
0.04
0.00
0.72
0.83
0.71
0.03
0.00
0.69
0.85
0.73
0.03
0.00
0.74
0.85
0.68
0.02
0.00
0.70
0.81
0.71
0.04
0.00
0.72
0.85
0.75
0.04
0.00
0.72
0.84
0.71
0.04
0.00
0.73
0.78
0.73
0.03
0.00
0.72
0.80
0.72
0.03
0.00
0.70
0.84
0.70
0.03
0.00
0.74
0.83
0.74
0.04
0.00
0.72
0.83
0.74
0.03
0.00
0.74
0.82
0.69
0.03
0.00
0.73
0.83
0.72
0.03
0.00
0.72
0.78
0.71
0.02
0.00
0.69
0.84
0.73
0.04
0.00
0.74
0.80
0.74
0.03
0.00
0.73
0.84
0.72
0.05
0.00
0.71
0.81
0.73
0.03
0.00
0.75
0.80
0.70
0.04
0.01
0.71
0.84
0.71
0.04
0.00
0.77
0.86
0.69
0.02
0.00
0.73
0.85
0.75
0.03
0.00
0.72
0.80
0.76
0.02
0.00
0.79
0.83
0.60
0.03
0.00
0.74
0.91
0.76
0.68
0.03
0.00
0.71
0.82
0.70
0.03
0.68
0.01
0.71
0.78
0.74
0.04
0.00
0.72
0.87
0.73
0.04
0.69
0.00
0.73
0.85
0.71
0.03
0.00
0.69
0.79
0.72
0.04
0.00
0.72
0.89
0.75
0.02
0.00
0.71
0.79
0.71
0.02
0.00
0.70
0.82
0.75
0.02
0.00
0.73
0.85
0.71
0.03
0.00
0.71
0.82
0.74
0.71
0.04
0.00
0.71
0.78
0.72
0.04
0.00
0.73
0.90
0.70
0.02
0.00
0.75
0.79
0.74
0.05
0.00
0.72
0.87
0.70
0.02
0.00
0.74
0.83
0.73
0.04
0.00
0.78
0.79
0.68
0.70
0.05
0.00
0.59
0.84
0.78
0.69
0.03
0.69
0.00
0.74
0.81
0.64
0.71
0.04
0.69
0.00
0.71
0.74
0.78
0.76
0.77
0.05
0.73
0.00
0.73
0.81
0.58
0.72
0.04
0.00
0.72
0.84
0.75
0.74
0.02
0.76
0.00
0.70
0.84
0.71
0.04
0.67
0.00
0.68
0.84
0.69
0.03
0.01
0.72
0.82
0.73
0.03
0.00
0.76
0.82
0.71
0.03
0.00
0.72
0.85
0.72
0.04
0.73
0.00
0.74
0.79
0.75
0.04
0.00
0.73
0.82
0.72
0.05
0.00
0.71
0.83
0.76
0.05
0.72
0.00
0.73
0.81
0.79
0.04
0.00
0.73
0.68
0.74
0.05
0.70
0.00
0.73
0.81
0.75
0.77
0.70
0.03
0.00
0.56
0.85
0.71
0.04
0.00
0.73
0.83
0.74
0.04
0.00
0.71
0.80
0.69
0.04
0.76
0.00
0.71
0.77
0.72
0.02
0.00
0.73
0.83
0.71
0.03
0.00
0.76
0.83
0.73
0.04
0.00
0.73
0.81
0.72
0.04
0.00
0.70
0.83
0.70
0.03
0.00
0.79
0.83
0.59
0.04
0.73
0.00
0.74
0.88
0.70
0.05
0.00
0.69
0.83
0.74
0.04
0.71
0.00
0.74
0.82
0.72
0.04
0.75
0.00
0.74
0.80
0.60
0.04
0.00
0.72
0.91
0.76
0.03
0.70
0.00
0.81
0.75
0.61
0.73
0.04
0.00
0.75
0.84
0.67
0.71
0.03
0.00
0.61
0.81
0.60
0.04
0.73
0.00
0.71
0.82
0.73
0.03
0.00
0.71
0.82
0.72
0.75
0.03
0.00
0.79
0.64
0.60
0.04
0.78
0.00
0.73
0.75
0.73
0.04
0.70
0.00
0.72
0.88
0.78
0.73
0.59
0.04
0.00
0.71
0.78
0.62
0.69
0.05
0.00
0.71
0.87
0.79
0.74
0.72
0.72
0.04
0.00
0.76
0.71
0.60
0.71
0.02
0.74
0.00
0.72
0.79
0.73
0.75
0.05
0.00
0.73
0.67
0.75
0.03
0.00
0.72
0.89
0.70
0.02
0.00
0.72
0.77
0.71
0.02
0.00
0.79
0.78
0.63
0.03
0.75
0.00
0.78
0.87
0.58
0.04
0.75
0.00
0.76
0.84
0.61
0.03
0.74
0.01
0.74
0.85
0.69
0.04
0.00
0.70
0.78
0.72
0.04
0.01
0.75
0.84
0.79
0.03
0.00
0.71
0.69
0.76
0.04
0.00
0.73
0.89
0.79
0.04
0.71
0.00
0.61
0.79
0.72
0.03
0.76
0.00
0.72
0.81
0.74
0.03
0.00
0.70
0.88
0.71
0.04
0.57
0.00
0.73
0.83
0.70
0.04
0.73
0.00
0.71
0.81
0.68
0.75
0.05
0.01
0.75
0.69
0.76
0.03
0.00
0.71
0.76
0.72
0.78
0.04
0.00
0.72
0.70
0.74
0.04
0.69
0.00
0.76
0.84
0.63
0.04
0.75
0.00
0.76
0.89
0.58
0.76
0.03
0.00
0.77
0.70
0.60
0.03
0.75
0.00
0.72
0.70
0.57
0.68
0.04
0.00
0.80
0.81
0.64
0.70
0.05
0.00
0.62
0.85
0.57
0.76
0.05
0.00
0.70
0.68
0.71
0.05
0.73
0.00
0.71
0.85
0.79
0.06
0.80
0.00
0.57
0.68
0.78
0.65
0.04
0.00
0.61
0.76
0.63
0.04
0.59
0.00
0.59
0.75
0.58
0.05
0.66
0.00
0.75
0.76
0.72
0.73
0.03
0.00
0.58
0.86
0.73
0.02
0.00
0.73
0.84
0.83
0.73
0.03
0.00
0.62
0.80
0.56
0.79
0.03
0.00
0.71
0.70
0.77
0.05
0.68
0.00
0.65
0.89
0.60
0.75
0.03
0.77
0.00
0.62
0.68
0.65
0.74
0.04
0.59
0.00
0.68
0.84
0.79
0.70
0.04
0.77
0.00
0.69
0.79
0.83
0.02
0.00
0.61
0.74
0.71
0.03
0.00
0.74
0.81
0.58
0.68
0.03
0.00
0.79
0.84
0.60
0.74
0.01
0.00
0.79
0.65
0.57
0.05
0.00
0.76
0.83
0.74
0.86
0.73
0.05
0.00
0.61
0.80
0.63
0.02
0.00
0.72
0.70
0.75
0.75
0.04
0.00
0.59
0.82
0.77
0.71
0.04
0.72
0.00
0.74
0.78
0.64
0.04
0.00
0.67
0.75
0.68
0.04
0.72
0.00
0.79
0.86
0.56
0.05
0.00
0.71
0.81
0.82
0.02
0.72
0.00
0.60
0.75
0.70
0.75
0.04
0.00
0.78
0.85
0.59
0.71
0.05
0.00
0.72
0.83
0.80
0.82
0.68
0.03
0.00
0.56
0.62
0.78
0.04
0.70
0.00
0.58
0.82
0.22
2.91
1.11
0.01
0.00
0.36
0.54
0.67
0.63
0.66
0.03
0.00
0.67
0.79
0.74
0.71
0.02
0.00
0.71
0.81
0.71
0.03
0.00
0.70
0.79
0.71
0.03
0.00
0.72
0.79
0.73
0.03
0.00
0.73
0.80
0.70
0.03
0.00
0.72
0.84
0.77
0.04
0.00
0.70
0.85
0.73
0.04
0.00
0.74
0.93
0.75
0.04
0.00
0.70
0.82
0.74
0.04
0.00
0.72
0.86
0.74
0.04
0.01
0.69
0.81
0.75
0.05
0.00
0.73
0.86
0.74
0.04
0.00
0.74
0.86
0.71
0.04
0.00
0.73
0.81
0.75
0.04
0.00
0.73
0.89
0.76
0.05
0.74
0.00
0.76
0.78
0.73
0.78
0.03
0.00
0.72
0.73
0.71
0.03
0.00
0.73
0.25
3.14
0.01
1.16
0.00
0.19
2.32
1.18
0.91
0.32
0.01
0.00
1.08
0.78
0.29
0.20
0.24
0.02
0.00
0.30
0.45
0.48
0.51
0.02
0.00
