204
98
6
6
233
339
478
624
779
954
1085
1135
294
412
563
717
880
1024
1183
1343
1532
1679
1792
929
942
1196
1433
1712
1936
2049
2217
2378
2541
2697
2855
3005
3155
3305
3436
3519
3594
3654
2724
2753
3479
3663
3632
3626
2882
3555
3540
3544
3601
3651
3683
3679
3676
3760
3694
3688
3612
3737
3150
3784
3695
3763
3694
3576
3588
3656
3711
3729
3744
3758
3755
3666
3754
2491
3758
3764
3759
3691
3655
3707
3727
1870
2464
3645
3740
2324
259
292
346
2844
2123
2733
1733
1713
2565
3168
3409
3506
3557
3614
2524
2856
3658
3663
3579
3586
2577
2854
3649
3655
3528
3595
2291
2827
3657
3659
3531
2315
2553
3597
3646
3542
2235
2557
3607
3660
3535
2522
2834
3600
3667
3540
3601
3643
1581
3042
3644
3714
3631
3661
1690
1958
3656
3652
3617
3661
3652
1754
2069
3656
3645
3692
2732
3570
3646
3705
3571
3399
3635
1780
3706
3654
3627
3068
3628
2130
2221
254
286
311
2261
289
301
343
2842
2245
2714
1589
1413
2562
3266
3079
3516
3570
3619
1680
1704
3662
3673
3569
3592
1603
1653
3653
3668
3527
1486
1521
3594
3656
3532
1396
1415
3597
3662
3529
1442
1462
3595
3659
3533
1466
1482
3597
3662
3532
1461
1481
3593
3657
3531
1448
1465
3595
3660
3538
1473
1511
3605
3669
3539
1465
1494
3602
3666
3536
1488
1520
3600
3664
3537
1502
1528
3602
3667
3537
1509
1537
3603
3668
3537
1527
1565
3602
3665
3536
1513
1571
3598
3662
3537
1521
1564
3602
3665
3537
1615
1720
3601
3665
3539
1654
1728
3608
3670
3547
1678
1737
3610
3668
3543
1564
1601
3608
3670
3543
1556
1602
3608
3671
3545
1566
1646
3608
3661
3547
1604
1669
3611
3666
3549
1561
1614
3613
3663
3549
1570
1634
3614
3665
3549
1562
1618
3613
3672
3548
1580
1647
3614
3672
3548
1611
1715
3613
3672
3549
1615
1695
3613
3664
3551
1645
1705
3615
3668
3549
1630
1691
3614
3665
3549
1634
1710
3615
3673
3550
1681
1750
3613
3667
3548
1654
1709
3611
3669
3551
1665
1765
3615
3669
3550
1710
1788
3613
3667
3549
1657
1747
3612
3665
3548
1695
1813
3613
3669
3550
1687
1752
3615
3669
3550
1652
1742
3612
3666
3548
1692
1774
3613
3669
3550
1669
1736
3614
3662
3551
1652
1759
3615
3670
3549
1667
1752
3613
3668
3550
1861
1986
3616
3675
3552
1878
2021
3617
3669
3551
1862
2008
3616
3669
3558
1742
1830
3622
3672
3555
1850
1927
3618
3669
3555
1753
1846
3618
3663
3552
1691
1767
3616
3661
3556
1883
2049
3619
3671
3555
1726
1888
3618
3664
3554
1710
1813
3617
3668
3557
1750
1857
3620
3669
3555
1901
2071
3619
3668
3557
1935
2101
3621
3666
3556
1890
2070
3621
3670
3555
1695
1826
3620
3668
3552
1793
1889
3617
3670
3555
1767
1881
3617
3669
3554
1761
1846
3617
3665
3556
1779
1928
3620
3666
3551
1838
1972
3615
3667
3555
1841
2004
3619
3673
3554
1997
2091
3619
3662
3555
1932
2133
3620
3667
3557
1731
1849
3621
3667
3556
1830
1961
3619
3668
3556
1833
1913
3620
3671
3559
1897
1995
3623
3672
3557
1769
1875
3621
3671
3555
1832
1949
3618
3668
3555
1818
1933
3620
3669
3557
1798
1954
3621
3662
3556
1894
1982
3623
3667
3558
2007
2185
3621
3673
3556
1828
1965
3619
3670
3558
1808
1927
3623
3665
3557
1849
1989
3621
3670
3557
1839
1973
3619
3665
3556
1855
1977
3619
3672
3555
1797
1999
3617
3665
3554
1897
1961
3620
3670
3557
1811
1924
3623
3668
3559
1873
2008
3622
3668
3557
1863
2006
3619
3656
3558
1843
2029
3622
3663
3557
1939
2077
3623
3669
3556
2099
2318
3622
3667
3556
1818
1935
3620
3665
3558
1956
2096
3622
3670
3557
1939
2101
3620
3669
3557
1993
2152
3621
3665
3558
1939
2077
3622
3664
3558
2061
2275
3621
3665
3558
2063
2321
3623
3670
3559
2101
2346
3623
3665
3560
1956
2106
3623
3669
3556
1846
2030
3620
3664
3557
1910
2060
3621
3670
3559
1846
1950
3622
3666
3558
1886
2062
3622
3671
3559
1903
2051
3621
3669
3557
1883
2035
3621
3666
3562
1902
2051
3625
3672
3557
1958
2104
3622
3671
3559
1928
2079
3622
3663
3560
1947
2100
3624
3668
3558
1913
2121
3623
3666
3561
2080
2264
3626
3671
3562
2046
2279
3627
3668
3559
2206
2402
3622
3664
3562
1971
2135
3626
3670
3559
1797
1919
3625
3670
3556
2040
2236
3620
3670
3560
2172
2429
3624
3668
3558
1979
2177
3623
3668
3558
1981
2135
3624
3670
3559
2035
2179
3623
3656
3562
1938
2130
3626
3666
3558
2175
2425
3622
3667
3561
1932
2069
3622
3666
3558
2017
2214
3621
3667
3558
1918
2137
3623
3670
3556
1986
2147
3621
3669
3558
2116
2274
3622
3667
3558
2003
2162
3622
3662
3558
2027
2298
3621
3667
3557
2070
2334
3623
3673
3554
2220
2359
3620
3671
3557
2232
2421
3620
3667
3555
1998
2161
3617
3669
3556
2311
2463
3619
3664
3554
1940
2118
3618
3664
3560
2011
2165
3625
3667
3559
2002
2187
3625
3665
3559
2275
2473
3623
3669
3559
1889
2076
3621
3669
3556
2070
2188
3622
3666
3556
1962
2177
3618
3665
3558
2158
2346
3625
3663
3555
2100
2255
3622
3662
3559
2018
2174
3624
3666
3558
2107
2251
3621
3676
3556
2030
2224
3618
3671
3559
2120
2291
3622
3671
3562
2175
2361
3625
3673
3562
2306
2554
3624
3666
3559
2074
2293
3623
3663
3556
2181
2403
3619
3663
3560
2104
2326
3622
3673
3556
1935
2144
3620
3664
3557
2169
2421
3619
3670
3556
2000
2165
3619
3669
3558
2031
2260
3623
3671
3558
2037
2158
3621
3666
3561
2043
2276
3627
3664
3562
2046
2296
3626
3669
3559
2053
2270
3624
3657
3560
2195
2398
3627
3676
3563
2068
2261
3626
3672
3556
2034
2223
3620
3658
3557
2235
2451
3620
3665
3558
2009
2240
3622
3669
3558
2362
2574
3622
3669
3558
2012
2237
3620
3667
3561
2031
2293
3624
3663
3556
2277
2518
3620
3662
3561
2368
2644
3624
3651
3559
2331
2687
3625
3666
3564
2094
2366
3627
3664
3557
2365
2680
3623
3670
3560
2345
2524
3626
3668
3556
2061
2310
3619
3672
3557
2245
2499
3621
3669
3558
2260
2455
3622
3668
3559
2271
2568
3623
3667
3563
2356
2636
3626
3655
3559
2368
2653
3624
3673
3558
2346
2525
3622
3666
3558
2274
2525
3622
3666
3559
2097
2287
3623
3663
3559
2384
2663
3623
3664
3562
2360
2567
3625
3665
3556
2125
2410
3621
3665
3564
2291
2628
3626
3671
3561
2446
2831
3624
3662
3558
2437
2789
3624
3674
3561
2412
2705
3623
3672
3561
2317
2598
3624
3672
3559
2135
2385
3622
3672
3557
2103
2387
3621
3668
3561
2134
2375
3621
3671
3562
2320
2543
3624
3663
3559
2322
2661
3625
3670
3561
2400
2762
3624
3669
3560
2123
2345
3625
3672
3560
2326
2594
3624
3666
3564
2065
2351
3627
3671
3557
2147
2374
3620
3665
3561
2163
2365
3625
3666
3560
2500
2817
3624
3664
3560
2400
2780
3624
3676
3562
2433
2786
3625
3664
3560
2148
2478
3626
3668
3560
2196
2472
3624
3658
3561
2543
2859
3627
3665
3562
2330
2682
3626
3658
3556
2150
2351
3621
3667
3559
2233
2467
3625
3667
3560
2034
2372
3624
3663
3558
2187
2400
3620
3665
3559
2496
2806
3620
3671
3560
2368
2610
3622
3661
3558
2483
2734
3622
3667
3561
2458
2685
3623
3664
3561
2378
2716
3625
3669
3558
2448
2731
3622
3671
3562
2246
2529
3626
3671
3562
2125
2399
3625
3662
3559
2250
2416
3625
3664
3563
2149
2435
3628
3667
3560
2489
2753
3623
3665
3559
2004
2223
3622
3662
3561
1926
2138
3624
3663
3561
2180
2507
3626
3662
3565
2520
2828
3632
3660
3562
2539
2825
3627
3673
3561
2406
2762
3625
3665
3561
2489
2801
3623
3667
3561
2604
2873
3626
3666
3560
2443
2743
3623
3658
3561
2309
2595
3625
3669
3560
2215
2502
3622
3666
3558
2557
2843
3621
3665
3560
2131
2347
3623
3666
3563
2175
2365
3627
3660
3559
2480
2775
3622
3666
3561
2196
2442
3626
3669
3561
2224
2520
3624
3668
3563
2520
2952
3626
3665
3563
2512
2872
3628
3671
3563
2590
2862
3626
3667
3557
1964
2400
3616
3668
3560
2289
2561
3624
3659
3560
2476
2745
3625
3671
3561
2222
2512
3622
3665
3561
2543
2835
3623
3660
3563
2365
2795
3629
3665
3565
2216
2688
3628
3666
3564
2505
2763
3625
3667
3565
2169
2448
3628
3667
3561
2250
2566
3624
3669
3560
2227
2499
3625
3661
3565
2233
2529
3628
3669
3561
2196
2541
3624
3667
3561
2220
2623
3624
3660
3562
2488
2822
3624
3674
3560
2373
2673
3621
3672
3560
2214
2552
3622
3674
3562
2210
2500
3624
3655
3562
2226
2488
3626
3671
3564
2234
2579
3628
3665
3560
2626
3007
3622
3667
3563
2511
2931
3626
3661
3564
2165
2407
3629
3652
3564
2531
2903
3627
3660
3564
2655
3179
3625
3667
3560
2550
2946
3624
3660
3564
2421
2806
3627
3669
3563
2172
2448
3626
3666
3563
2588
3004
3626
3667
3559
2518
2808
3623
3660
3561
2535
2897
3625
3667
3562
2538
2960
3628
3665
3563
2114
2387
3625
3667
3562
2147
2458
3624
3672
3563
2201
2523
3625
3666
3563
2521
2975
3627
3667
3561
2303
2583
3623
3664
3558
2552
2964
3624
3670
3563
2433
2672
3627
3671
3559
2474
2919
3624
3669
3563
2139
2433
3625
3663
3563
2665
3011
3625
3663
3560
2551
2804
3625
3662
3561
2229
2527
3625
3667
3564
2577
2991
3628
3672
3559
2562
3025
3623
3669
3563
2555
2975
3627
3658
3561
2577
3024
3625
3664
3564
2254
2526
3628
3668
3561
2256
2561
3624
3667
3563
2568
3010
3626
3665
3565
2576
2961
3628
3669
3561
2543
3007
3627
3666
3567
2622
3090
3628
3653
3559
2591
2963
3621
3660
3561
2448
2789
3624
3663
3559
2378
2628
3624
3668
3562
2582
2970
3628
3666
3561
2221
2625
3627
3670
3565
2509
3063
3629
3665
3562
2611
2949
3623
3660
3560
2365
2699
3625
3669
3564
2529
2828
3629
3652
3566
2708
3110
3628
3664
3563
2206
2744
3626
3667
3565
2239
2579
3629
3669
3564
2626
3172
3630
3663
3563
2612
3139
3629
3663
3563
2623
3101
3627
3662
3564
2796
3103
3628
3667
3566
2673
2993
3629
3663
3560
2264
2664
3626
3664
3565
2545
3035
3629
3665
3565
2705
2961
3629
3671
3562
2868
3426
3626
3667
3564
2606
2889
3626
3667
3562
2720
3162
3626
3662
3566
2368
2657
3631
3666
3564
2707
3185
3629
3662
3560
2220
2483
3624
3667
3560
2136
2422
3624
3668
3564
2505
2972
3627
3663
3563
2542
3000
3626
3667
3566
2319
2604
3629
3659
3566
2281
2557
3629
3661
3564
2263
2691
3631
3656
3561
2575
2935
3629
3664
3564
2559
2985
3627
3655
3564
2255
2591
3627
3665
3561
2572
2994
3624
3661
3562
2589
3005
3627
3670
3566
2590
3059
3627
3659
3559
2696
3108
3624
3658
3564
2603
3035
3629
3661
3563
2669
2997
3629
3666
3566
2565
2947
3631
3664
3565
2531
3045
3627
3673
3565
2511
2827
3627
3663
3561
2059
2299
3625
3655
3561
2537
2813
3627
3663
3564
2360
2620
3626
3657
3563
2175
2600
3628
3670
3565
2190
2462
3630
3658
3564
2378
2834
3628
3658
3562
2425
2759
3629
3667
3564
2241
2529
3627
3658
3563
2616
3058
3628
3658
3567
2604
3118
3632
3663
3564
2720
3184
3626
3652
3561
2217
2502
3625
3661
3564
2293
2639
3625
3674
3562
2753
3281
3625
3658
3563
2540
3044
3624
3652
3561
2317
2596
3625
3650
3563
2350
2600
3628
3667
3565
2537
2951
3629
3666
3563
2174
2467
3628
3668
3565
2639
3123
3629
3657
3568
2377
2853
3633
3660
3564
1958
2186
3630
3671
3565
2757
3220
3630
3661
3564
2626
3102
3628
3656
3564
2641
2905
3627
3656
3566
2682
3094
3630
3665
3564
2770
3304
3628
3661
3566
2360
2660
3632
3660
3566
2306
2565
3630
3660
3561
2662
3134
3626
3664
3567
2571
3031
3632
3666
3566
2640
3139
3628
3655
3564
2530
3029
3628
3670
3563
2653
3187
3625
3663
3565
2667
3010
3627
3663
3566
2616
3160
3630
3656
3566
2592
2842
3628
3661
3564
2280
2569
3626
3659
3568
2367
2893
3631
3660
3562
2171
2515
3627
3666
3564
2797
3324
3627
3663
3567
2621
3319
3633
3661
3567
2644
3208
3628
3653
3563
2611
3013
3627
3659
3568
2901
3191
3631
3664
3564
2965
3356
3626
3661
3566
2137
2419
3627
3669
3568
2870
3414
3634
3662
3565
2346
2938
3628
3668
3566
2209
2539
3631
3658
3567
2607
2903
3631
3658
3562
2962
3244
3626
3663
3561
2850
3164
3628
3664
3568
2240
2563
3633
3658
3567
2674
3144
3632
3653
3565
2114
2546
3630
3655
3567
2187
2728
3630
3650
3567
2601
3243
3629
3662
3566
2563
3060
3629
3659
3564
2199
2481
3627
3667
3563
2525
2925
3627
3658
3563
2410
2691
3628
3656
3566
2226
2548
3630
3655
3565
1946
2216
3628
3659
3565
2214
2492
3628
3660
3567
2321
2649
3631
3663
3567
2210
2607
3630
3656
3565
2683
3139
3629
3662
3564
2517
3009
3627
3651
3564
2611
3074
3629
3663
3564
2583
2907
3629
3651
3564
2496
2888
3628
3663
3561
2737
3031
3627
3663
3569
2773
3332
3634
3659
3565
2275
2654
3630
3666
3567
2696
3019
3631
3653
3566
2646
2978
3632
3669
3565
2481
2980
3627
3662
3567
2677
3249
3629
3664
3564
2647
3139
3629
3665
3566
2556
3020
3628
3665
3567
2199
2501
3625
3654
3565
2608
3028
3630
3654
3568
3183
3509
3631
3661
3561
2364
2686
3626
3658
3569
2622
3084
3630
3665
3567
2905
3343
3631
3665
3568
2799
3139
3633
3646
3570
2780
3176
3632
3663
3567
2218
2501
3632
3660
3567
2685
3099
3631
3666
3566
2741
3013
3629
3654
3563
2233
2619
3629
3655
3568
2335
2648
3633
3665
3569
2686
3131
3632
3650
3654
2310
2755
3654
3662
3564
2103
2445
3627
3667
3571
2188
2469
3636
3660
3568
2284
2554
3630
3668
3571
2727
3201
3635
3657
3572
2681
3599
3635
3669
3570
2331
2633
3631
3657
3569
2469
2671
3631
3653
3568
2125
2491
3633
3656
3574
2593
3069
3635
3664
3570
2747
3141
3635
3659
3570
2701
3457
3635
3673
3568
2220
2594
3634
3653
3566
2946
3378
3632
3664
3573
2783
3233
3637
3665
3568
2333
2689
3633
3654
3568
2269
2692
3634
3660
3568
2347
2748
3633
3664
3571
2700
3002
3636
3656
3572
2435
2820
3636
3653
3567
2650
2986
3630
3656
3568
2735
3335
3633
3671
3568
2210
2684
3634
3650
3569
2534
3004
3634
3659
3571
2723
3227
3637
3663
3570
2357
2625
3633
3657
3566
2559
3037
3631
3641
3656
2718
3160
3656
3655
3559
2576
3070
3626
3661
3576
2313
2695
3641
3655
3573
2640
3035
3636
3662
3566
2728
3236
3630
3655
3570
2597
3149
3633
3667
3565
2827
3521
3629
3651
3568
2138
2505
3635
3664
3568
2732
3366
3632
3661
3569
2257
2832
3634
3663
3568
2699
2999
3631
3662
3572
2535
2832
3639
3665
3570
2859
3527
3635
3666
3574
3145
3483
3637
3666
3571
2592
2934
3636
3658
3571
3421
3635
1630
3656
3667
3624
2948
3406
3678
3668
3571
2288
2692
3634
3663
3569
1927
2151
3631
3652
3570
2744
3168
3634
3659
3569
2845
3455
3633
3654
3570
2663
3107
3637
3665
3572
2502
2828
3634
3665
3568
3081
3567
3633
3658
3570
2728
3046
3634
3665
3569
2829
3335
3633
3665
3569
2417
2719
3635
3660
3569
2497
2697
3633
3670
3568
2321
2683
3631
3667
3568
2756
3336
3630
3656
3570
2702
3408
3634
3666
3573
3349
3544
3637
3661
3571
2245
2873
3635
3654
3569
2459
2833
3633
3668
3570
2532
2926
3634
3666
3572
2744
3054
3638
3653
3569
2300
2607
3635
3657
3571
2701
2970
3635
3665
3573
2415
2751
3633
3670
3569
2279
2615
3635
3659
3569
2278
2605
3632
3657
3570
2259
2741
3635
3657
3570
2306
2558
3636
3666
3570
2555
2891
3634
3667
3570
2703
3561
3713
3640
3684
3008
3597
3671
3655
3556
2293
2664
3622
3656
3575
2171
2405
3641
3656
3570
2695
2995
3635
3651
3573
2891
3365
3639
3658
3569
2279
2623
3635
3651
3574
2223
2504
3637
3668
3570
2610
3020
3636
3652
3590
3631
2650
3196
3666
3658
3567
2917
3249
3631
3667
3575
2730
3209
3635
3660
3568
3000
3630
1479
3671
3660
3627
2431
2836
3667
3669
3569
2480
2799
3632
3661
3575
2998
3191
3637
3657
3570
2409
2883
3633
3663
3572
2605
2917
3635
3654
3577
3638
2884
3665
1614
3668
3668
3629
2756
3506
3676
3667
3570
3179
3635
1675
3659
3670
3632
2409
2683
3663
3658
3571
2335
2641
3635
3661
3595
3634
2684
3062
3666
3657
3567
3315
3631
1485
3660
3656
3635
2230
2509
3668
3666
3572
3635
3637
2026
3664
3668
3632
3374
3662
1830
3666
3662
3627
3122
3658
3666
3658
3572
2859
3639
1490
3662
3665
3633
2843
3403
3667
3663
3567
2914
3346
3632
3671
3575
3096
3636
1486
3659
3657
3629
2284
2948
3664
3650
3600
3640
3197
3655
1618
3675
3657
3650
3664
3162
3543
3674
3664
3571
2592
3362
3636
3650
3589
3637
2720
3096
3668
3665
3619
3629
2611
3527
3675
3654
3567
3280
3634
1724
3656
3654
3649
3649
3108
3652
3718
3670
3590
3644
3655
1838
3668
3668
3622
2168
2529
3654
3638
3667
3664
1569
1996
3654
3663
3626
3357
3675
2020
3651
3650
3704
3664
2377
2831
3665
3666
3617
3594
3668
2584
3662
3655
3634
3138
3664
1762
3660
3653
3635
3665
1614
2186
3656
3663
3637
3593
3665
1751
3658
3672
3634
3012
3664
1801
3659
3649
3715
2933
3555
3661
3641
3654
2689
3067
3655
3659
3564
2894
3628
1486
3665
3650
3706
2131
2359
3641
3710
3675
2523
3032
3641
3701
3580
3645
1706
2650
3650
3658
3633
3664
2332
2706
3670
3656
3580
3646
1606
2182
3676
3658
3635
3388
3660
1713
3647
3719
3654
3426
3660
3660
3666
3565
2799
3629
1511
3647
3662
3627
2813
3417
3649
3660
3576
2962
3259
3632
3701
3600
3601
3649
2023
3655
3666
3618
3057
3657
1631
3655
3664
3628
3450
3665
1757
3660
3662
3618
3661
1551
2418
3676
3651
3639
2571
3670
1535
3661
3661
3623
3314
3656
2201
3651
3668
3636
3519
3649
1678
3656
3669
3626
3659
1742
2173
3657
3669
3630
3099
3537
3691
3710
3620
2459
3253
3693
3654
3684
3662
1525
2321
3647
3661
3619
3663
2200
2498
3646
3717
3659
2597
3019
3641
3717
3596
3643
1951
2867
3663
3648
3648
3651
1958
3710
1860
3670
3654
3662
3657
1772
2809
3715
3725
3699
3228
3658
2217
3663
3656
3689
2761
3320
3659
3658
3568
3631
3024
3656
1635
3648
3723
3655
2482
3372
3662
3645
3667
2924
3656
1633
3656
3656
3625
3653
1532
2128
3656
3670
3636
3664
2085
3367
3665
3667
3639
3013
3667
1678
3666
3653
3700
3413
3654
1832
3716
3652
3711
3648
3526
3714
2209
3645
3739
3662
3647
3688
3712
1906
3673
3654
3694
3646
3405
3705
1648
3669
3661
3651
2339
3155
3667
3668
3573
2468
2951
3639
3652
3572
2479
2755
3639
3663
3574
3635
2726
3656
1670
3652
3660
3673
3305
3661
1873
3656
3665
3627
2723
3205
3665
3663
3571
2798
3322
3637
3660
3570
2711
3269
3635
3658
3567
2276
3095
3635
3647
3573
2008
2191
3640
3647
3664
3635
2664
3348
3696
3664
3642
2960
3364
3646
3660
3574
2200
3339
3635
3653
3574
3637
1628
2024
3646
3700
3693
3122
3650
1802
3708
3673
3630
2762
3533
3669
3629
3676
2417
3337
3661
3640
3652
3623
1972
2386
3686
3676
3639
3010
3686
2876
3696
3709
3693
2939
3651
1628
3660
3723
3645
3668
2947
3286
3641
3715
3588
3627
3651
1954
3682
3640
3681
2442
2805
3704
3668
3594
3642
1614
2448
3708
3644
3711
2710
3195
3672
3662
3607
3630
3662
1564
1914
3638
3709
3682
2650
3528
3700
3666
3515
3696
3656
3704
1796
2848
3680
3645
3698
3667
2774
3510
3714
3683
3628
3652
3680
3698
2159
3663
3637
3684
3554
3632
1825
3701
3716
3659
3086
3632
1682
3660
3657
3626
3642
1828
2466
3664
3632
3684
2863
3251
3667
3636
3665
3661
3703
1616
2822
3656
3718
3704
3654
3726
1829
3261
3667
3722
3701
3659
2340
2732
3678
3679
3592
3630
3642
2020
2692
3650
3722
3643
2668
3358
3686
3703
3693
3653
3436
3654
2150
3656
3737
3670
3609
2273
2901
3693
3711
3616
2493
2861
3653
3670
3646
3634
3442
3649
1859
3719
3655
3701
3646
2056
2820
3710
3647
3693
3656
3319
3691
1998
3664
3665
3628
3211
3661
1619
3648
3648
3631
2643
3187
3697
3694
3692
3646
1576
1908
3700
3674
3641
3604
2450
2843
1989
1491
1337
2409
2694
2959
3220
3413
3476
3567
3622
2216
2306
3638
3679
3650
3592
2033
2296
3651
3660
3524
2186
2466
3588
3652
3533
2286
2521
3599
3661
3536
2468
2820
3600
3664
3532
2473
2921
3597
3654
3538
2417
2805
3601
3666
3537
2571
2959
3601
3662
3536
2735
3141
3601
3663
3540
2311
2635
3603
3655
3540
2388
2615
3602
3645
3545
2531
3003
3609
3656
3545
2547
3109
3609
3664
3548
2679
3353
3613
3647
3548
2971
3575
3611
3660
3549
2461
2837
3611
3659
3547
1976
1976
3675
3121
1414
1649
1428
2241
408
512
580
1789
2112
1310
1719
1579
2242
2142
2573
3191
3354
3021
2158
1969
3283
3589
3629
2660
1616
930
