4
5
6
6
162
293
445
595
749
896
1000
86
234
385
537
689
823
945
1066
1083
1111
1194
193
524
716
1029
1386
1428
1457
1491
1533
1580
1625
1684
1737
1794
1857
1926
1988
2056
2119
2540
2769
1890
1868
1832
1778
1723
1658
1607
1639
1705
1768
1832
1893
1960
2006
2091
3473
2142
2490
2221
1889
1605
1553
1626
1694
1757
1836
1913
1972
2054
3750
2126
2940
2201
1878
1572
1533
1610
2482
3050
1669
1415
1424
1504
1566
3208
1664
2072
1702
1443
1493
1635
2868
1677
2364
1758
1528
1520
1582
2718
1672
1790
194
222
314
380
1298
1351
1415
1847
2030
1256
1321
1389
1443
1493
1567
2541
2765
1643
1349
1348
1416
2140
2494
1483
1307
1377
2384
2699
1445
1316
1371
2272
2749
1446
1315
1376
2162
2438
1444
1327
1378
2216
2548
1463
1325
1389
2423
2919
1459
1346
1398
2346
2570
1463
1329
1380
3320
1472
1655
1516
1414
1499
3637
1550
2324
1630
194
221
366
427
194
222
301
341
1299
1334
1402
1373
1414
1258
1319
1388
1443
1495
1574
1722
1755
1640
1335
1344
1413
1544
1587
1477
1290
1357
1479
1523
1429
1293
1359
1399
1403
1427
1293
1358
1406
1425
1422
1293
1357
1418
1439
1421
1296
1360
1446
1493
1422
1298
1362
1440
1490
1431
1301
1363
1453
1475
1428
1305
1365
1473
1524
1428
1297
1362
1550
1599
1430
1300
1365
1557
1605
1431
1303
1370
1593
1636
1429
1306
1373
1500
1540
1431
1303
1365
1506
1555
1430
1304
1366
1549
1605
1430
1305
1372
1533
1581
1443
1313
1376
1559
1603
1445
1313
1381
1572
1613
1439
1309
1374
1547
1593
1440
1313
1376
1581
1629
1444
1314
1384
1575
1647
1442
1313
1374
1575
1627
1439
1315
1376
1620
1674
1440
1309
1376
1672
1744
1440
1308
1376
1652
1709
1435
1311
1371
1582
1657
1436
1313
1375
1608
1673
1439
1315
1375
1628
1695
1440
1309
1373
1581
1667
1435
1309
1372
1617
1673
1444
1320
1377
1675
1730
1444
1315
1381
1661
1716
1442
1312
1377
1647
1714
1439
1314
1378
1668
1729
1441
1312
1376
1632
1774
1443
1313
1380
1793
1912
1443
1321
1383
1834
1965
1449
1316
1377
1798
1860
1443
1313
1376
1821
1940
1446
1318
1377
1686
1798
1442
1315
1386
1645
1713
1446
1315
1380
1678
1743
1445
1314
1382
1674
1750
1444
1319
1381
1691
1785
1445
1316
1381
1683
1795
1445
1315
1381
1697
1780
1449
1316
1380
1767
1875
1448
1322
1381
1755
1828
1449
1316
1378
1876
1984
1440
1317
1383
1755
1835
1443
1317
1384
1894
2016
1443
1317
1382
1707
1848
1448
1318
1381
1872
2022
1444
1324
1384
1787
1918
1451
1319
1382
1753
1846
1445
1317
1383
1738
1848
1447
1316
1381
1971
2133
1447
1309
1376
1779
1938
1442
1320
1390
1971
2060
1452
1321
1380
1752
1877
1454
1323
1385
1875
1984
1450
1322
1390
1915
2043
1444
1319
1385
1807
1918
1455
1325
1389
1913
2008
1455
1320
1384
1893
1974
1446
1329
1377
1853
1950
1443
1316
1394
1746
1874
1450
1314
1381
1808
1935
1446
1317
1385
1839
1947
1447
1321
1380
1760
1921
1447
1328
1379
1801
1926
1444
1323
1386
1838
1976
1443
1324
1383
1924
2040
1448
1320
1382
1989
2136
1447
1328
1381
1848
1998
1445
1328
1388
2024
2131
1448
1325
1386
2060
2161
1452
1318
1393
2077
2179
1450
1321
1379
1884
2018
1448
1320
1380
1875
1999
1446
1319
1385
2040
2247
1446
1316
1380
2018
2163
1446
1316
1383
1867
1997
1446
1325
1382
1881
1988
1449
1320
1389
1856
2027
1448
1323
1389
1853
2048
1453
1318
1382
1950
2134
1445
1317
1387
1952
2156
1447
1318
1382
1974
2181
1457
1321
1394
2114
2251
1449
1322
1379
2005
2122
1455
1320
1390
1836
1952
1451
1320
1385
1956
2101
1451
1318
1383
1938
2078
1447
1319
1385
2097
2306
1447
1322
1382
2080
2324
1455
1324
1384
1935
2087
1449
1323
1387
1946
2180
1448
1318
1394
2018
2147
1450
1328
1385
1910
2069
1449
1323
1395
1915
2054
1444
1316
1382
2049
2151
1447
1323
1388
2001
2204
1449
1319
1385
2046
2184
1456
1322
1391
1990
2129
1456
1331
1388
2041
2229
1454
1324
1390
2016
2164
1459
1321
1386
2142
2363
1448
1325
1391
2032
2204
1454
1323
1388
1896
2062
1447
1325
1388
2125
2373
1454
1318
1386
1984
2109
1456
1319
1386
2058
2204
1453
1324
1398
2234
2445
1448
1324
1387
2223
2441
1453
1322
1383
1861
1972
1449
1325
1390
2077
2264
1452
1320
1384
2139
2279
1451
1329
1387
1977
2178
1448
1324
1388
1888
2050
1453
1335
1387
2185
2323
1459
1323
1387
2047
2278
1451
1322
1387
2124
2346
1457
1321
1389
2178
2383
1448
1320
1383
2109
2260
1449
1320
1383
2181
2453
1448
1326
1381
2005
2219
1453
1329
1388
1984
2157
1458
1315
1391
1955
2116
1452
1328
1391
1961
2124
1452
1320
1379
2176
2416
1448
1323
1382
2127
2309
1449
1326
1387
2166
2443
1455
1320
1381
2152
2373
1454
1319
1384
2236
2398
1452
1319
1388
1904
2065
1455
1317
1383
1888
2034
1450
1323
1387
1960
2133
1457
1325
1391
2135
2310
1448
1323
1384
2090
2292
1448
1320
1393
2138
2284
1447
1321
1391
2284
2533
1457
1320
1388
2244
2410
1455
1324
1393
2054
2195
1449
1320
1391
1971
2196
1451
1321
1382
2016
2149
1454
1320
1382
1852
2042
1457
1324
1389
2048
2240
1454
1315
1384
2148
2423
1451
1323
1388
2280
2595
1451
1321
1385
2113
2354
1455
1324
1391
2181
2417
1457
1319
1379
2108
2277
1447
1324
1384
2106
2326
1451
1327
1390
2314
2556
1460
1322
1383
2052
2224
1451
1316
1380
2048
2239
1445
1322
1392
2314
2620
1453
1328
1393
2238
2427
1455
1313
1385
2036
2221
1446
1318
1393
2071
2256
1444
1317
1392
2067
2269
1452
1320
1386
2032
2312
1468
1321
1393
2176
2399
1453
1324
1387
2039
2223
1453
1322
1385
2103
2245
1451
1322
1385
2299
2516
1455
1325
1389
2129
2381
1466
1322
1389
2130
2307
1453
1322
1389
2315
2609
1448
1320
1384
2310
2638
1455
1320
1387
2330
2549
1447
1320
1384
2042
2286
1446
1316
1380
2089
2233
1443
1324
1393
2313
2595
1449
1322
1387
2341
2570
1455
1323
1388
2140
2305
1453
1319
1390
2329
2530
1457
1321
1390
2343
2538
1447
1325
1389
2376
2548
1450
1320
1382
2074
2324
1448
1328
1385
2289
2559
1448
1324
1388
2378
2666
1453
1325
1391
2426
2635
1451
1326
1385
2069
2287
1447
1323
1395
2379
2620
1459
1319
1382
2325
2618
1446
1335
1396
2396
2680
1458
1327
1385
1983
2148
1454
1321
1390
2118
2424
1462
1324
1385
2169
2403
1449
1324
1391
2345
2686
1450
1317
1379
1988
2255
1453
1324
1390
2413
2758
1452
1327
1398
2295
2539
1457
1333
1398
2239
2425
1454
1329
1399
2191
2464
1447
1332
1390
2120
2344
1455
1319
1393
2073
2361
1450
1326
1401
2157
2409
1459
1324
1387
2153
2393
1458
1327
1390
1954
2154
1460
1330
1390
2058
2464
1448
1333
1388
2392
2734
1462
1319
1394
2546
2750
1459
1329
1389
2106
2352
1452
1327
1390
2435
2705
1454
1329
1388
2376
2688
1451
1321
1384
2354
2602
1458
1328
1396
2482
2824
1462
1327
1386
2138
2402
1460
1327
1394
2362
2687
1456
1327
1382
2266
2482
1460
1325
1387
2221
2428
1452
1323
1388
1990
2239
1454
1325
1385
2115
2404
1453
1328
1380
2408
2653
1457
1330
1397
2124
2402
1458
1332
1399
2415
2737
1466
1331
1390
2131
2396
1450
1331
1392
2464
2668
1449
1334
1385
2091
2383
1454
1322
1383
2418
2734
1451
1321
1396
2496
2820
1454
1323
1389
2463
2816
1461
1326
1388
2532
2915
1465
1334
1395
2235
2611
1460
1333
1400
2518
2824
1458
1325
1389
2593
2975
1451
1325
1389
2331
2634
1458
1324
1398
2128
2552
1454
1320
1387
2415
2679
1451
1333
1395
2137
2420
1462
1324
1390
2170
2453
1464
1333
1394
2164
2420
1462
1332
1398
2222
2650
1457
1331
1388
2253
2526
1455
1332
1390
2435
2758
1459
1326
1391
2125
2547
1453
1328
1395
2500
2842
1460
1327
1394
2502
2957
1450
1339
1395
2553
2927
1458
1329
1391
2483
2770
1461
1326
1388
2507
2880
1453
1325
1399
2512
2913
1455
1327
1387
1923
2229
1462
1327
1389
1923
2143
1461
1323
1405
2587
2962
1453
1325
1388
2421
2809
1456
1321
1395
2469
2886
1446
1333
1383
2501
2743
1453
1324
1405
2101
2487
1461
1330
1388
1900
2319
1455
1330
1399
2548
2800
1453
1331
1387
2587
2890
1457
1333
1387
2129
2531
1465
1327
1397
2127
2521
1454
1326
1384
2551
2951
1455
1326
1388
2548
2806
1454
1330
1394
2518
2927
1461
1326
1397
2109
2329
1455
1322
1389
2617
2867
1457
1329
1391
2149
2449
1455
1324
1390
2104
2422
1457
1322
1387
2207
2545
1463
1331
1394
2516
2853
1460
1325
1389
2513
2911
1450
1331
1401
2512
2927
1451
1334
1388
2222
2458
1451
1330
1392
2134
2366
1458
1337
1389
2109
2457
1458
1326
1394
2119
2378
1459
1324
1400
2234
2612
1459
1327
1385
2533
2887
1458
1322
1397
2243
2669
1461
1328
1400
2452
2916
1466
1322
1399
2525
2831
1471
1324
1401
2527
2949
1462
1320
1389
2199
2475
1457
1320
1394
2680
3178
1458
1322
1392
2610
2958
1461
1322
1393
2695
3067
1465
1323
1396
2288
2824
1466
1335
1386
2514
2985
1454
1332
1395
2637
2863
1452
1332
1402
2215
2444
1456
1328
1397
2203
2512
1466
1336
1398
2248
2533
1460
1325
1391
2311
2577
1450
1337
1394
2260
2534
1457
1325
1388
2298
2559
1453
1324
1394
2518
2812
1464
1326
1395
2245
2561
1464
1331
1384
2297
2628
1459
1333
1404
2346
2546
1461
1324
1402
2142
2456
1471
1327
1391
2625
2925
1454
1321
1384
2566
2830
1458
1333
1395
2622
3061
1460
1326
1396
2590
2984
1449
1322
1391
2599
2875
1457
1324
1395
2343
2741
1454
1332
1391
2550
2973
1461
1330
1400
2640
3155
1473
1324
1389
2573
2793
1457
1331
1387
2635
3043
1455
1331
1392
2332
2699
1459
1326
1403
2291
2525
1465
1331
1398
2230
2690
1455
1323
1394
2568
3026
1464
1335
1394
2610
3208
1459
1330
1394
2552
3042
1450
1321
1402
2662
3193
1455
1333
1395
2549
2946
1450
1331
1403
2581
2786
1452
1321
1402
2274
2596
1455
1330
1393
2299
2647
1448
1331
1388
2604
3206
1457
1331
1396
2706
3134
1458
1325
1399
2294
2595
1463
1326
1394
2672
3118
1454
1330
1397
2700
3130
1454
1340
1397
2647
3049
1460
1327
1390
2260
2530
1461
1329
1403
2257
2615
1458
1328
1386
2566
3010
1455
1341
1395
2243
2645
1465
1344
1391
2591
3080
1458
1332
1391
2453
2993
1461
1334
1391
2781
3371
1467
1332
1396
2588
3047
1460
1333
1397
2689
3147
1460
1329
1395
2493
2743
1467
1342
1399
2685
3083
1472
1333
1392
2390
2670
1460
1329
1395
2285
2925
1461
1332
1387
2531
2925
1472
1336
1403
2699
3047
1468
1336
1396
2628
2944
1463
1330
1394
2254
2686
1459
1332
1398
2636
3016
1458
1342
1404
2568
3034
1464
1332
1395
2501
3021
1468
1334
1397
2193
2480
1467
1334
1398
2232
2530
1458
1338
1394
2176
2506
1463
1325
1392
2222
2552
1447
1336
1392
2544
3024
1463
1333
1394
2516
2950
1458
1327
1392
2710
3106
1453
1329
1391
2883
3443
1466
1330
1400
2675
3104
1460
1332
1400
2464
2990
1452
1325
1383
2609
3029
1458
1344
1397
2235
2508
1463
1334
1399
2183
2529
1464
1328
1406
2825
3264
1458
1332
1406
2748
2994
1464
1329
1392
2658
3136
1475
1345
1400
2620
2893
1455
1330
1395
2195
2553
1462
1334
1406
2058
2346
1467
1333
1400
2600
3004
1457
1329
1397
2217
2491
1453
1324
1401
2335
2647
1466
1326
1400
2154
2516
1459
1328
1408
2302
2727
1464
1327
1393
2167
2465
1456
1336
1404
2500
2942
1465
1337
1408
2464
2848
1455
1338
1389
2675
3061
1476
1328
1395
2621
3069
1465
1332
1397
2276
2602
1470
1339
1407
2261
2527
1463
1338
1393
3011
3476
1462
1330
1398
2812
1456
1584
1521
1378
1444
2642
3066
1510
1323
1395
2643
3141
1456
1337
1401
2319
2569
1474
1332
1393
2675
3179
1461
1331
1395
2573
3039
1461
1329
1401
2705
3505
1464
1335
1395
2609
3064
1471
1331
1398
2614
3031
1485
1342
1423
2669
3087
1482
1323
1384
2884
3342
1464
1337
1401
3005
3215
1469
1331
1399
2498
3055
1473
1331
1394
2318
2632
1460
1337
1397
2453
2719
1462
1332
1393
2235
2655
1467
1331
1396
2614
3038
1469
1336
1394
2192
2590
1460
1328
1395
2751
3055
1468
1332
1404
3018
3386
1465
1348
1412
2642
3067
1462
1328
1395
2441
2718
1469
1329
1391
2618
3179
1460
1328
1390
2537
2958
1455
1334
1402
2579
3000
1478
1330
1396
2332
2698
1458
1341
1410
2616
2881
1462
1343
1409
2591
2867
1469
1339
1399
2591
3033
1469
1343
1423
2279
2611
1481
1359
1422
2242
2542
1494
1327
1394
2818
3268
1464
1338
1402
2866
3378
1466
1346
1403
2215
2622
1474
1344
1404
2574
3330
1475
1346
1406
2379
2769
1478
1343
1404
2236
2560
1470
1335
1399
2709
3481
1467
1339
1403
2157
2614
1477
1335
1395
2755
3323
1465
1338
1400
2254
2618
1470
1335
1408
2294
2740
1477
1343
1398
2688
3216
1472
1336
1395
2513
2799
1469
1335
1394
2454
2780
1478
1335
1403
2207
2522
1460
1337
1414
2300
2508
1472
1343
1403
2209
2515
1469
1334
1403
2751
3251
1462
1333
1405
2791
3095
1461
1336
1413
2317
2707
1475
1339
1404
2670
3152
1478
1350
1400
2266
2516
1468
1330
1406
2240
2898
1475
1335
1400
2870
3313
1472
1341
1403
2775
3119
1479
1341
1396
2522
2820
1462
1329
1398
2298
2722
1463
1343
1418
2324
2606
1474
1336
1408
2122
2612
1470
1335
1394
2196
2516
1458
1330
1402
2702
2950
1458
1343
1413
2920
3241
1473
1345
1394
2368
2806
1469
1351
1409
2587
3122
1474
1327
1393
2675
3051
1463
1353
1401
2673
3263
1470
1336
1407
3461
1463
1715
1537
1395
1462
3030
3534
1535
1344
1412
2620
2984
1466
1331
1402
2052
2328
1467
1331
1414
2797
3248
1471
1342
1401
2897
3318
1467
1341
1399
2277
2600
1475
1340
1394
2638
3014
1466
1351
1403
2705
3199
1470
1341
1403
2910
3461
1474
1337
1397
2711
3141
1470
1350
1406
2856
1477
1480
1535
1395
1458
2730
3376
1529
1343
1404
2356
2744
1468
1336
1406
2632
3278
1472
1342
1394
2160
2462
1466
1338
1407
2225
2385
1472
1335
1407
2374
2869
1472
1335
1410
2608
3022
1469
1345
1399
2714
3295
1467
1333
1413
2561
2843
1462
1334
1414
3262
1468
1554
1538
1387
1461
2210
2843
1526
1341
1409
2379
2697
1485
1348
1437
2751
3022
1496
1334
1405
2757
3581
1452
1342
1402
2222
2552
1468
1329
1394
2364
2816
1472
1342
1402
2710
3146
1479
1340
1396
3056
3512
1464
1346
1403
2270
2617
1478
1334
1392
2930
3522
1472
1334
1421
3081
3413
1464
1344
1408
2536
3040
1470
1337
1406
2608
3124
1468
1347
1400
2665
3142
1474
1345
1403
2185
2367
1476
1348
1407
3067
1468
1568
1535
1387
1461
2703
3405
1537
1338
1425
2565
2933
1491
1335
1400
2454
2892
1470
1349
1415
2577
2975
1485
1335
1404
2450
2732
1474
1347
1404
2768
3326
1481
1339
1408
2644
2960
1486
1341
1427
3023
3633
1496
1342
1403
2761
3049
1464
1339
1406
2709
3202
1475
1346
1410
2726
3088
1473
1345
1402
2624
2822
1480
1361
1408
2242
2628
1500
1365
1438
1494
3048
3428
1555
1337
1402
2706
3548
1459
1344
1408
2788
3264
1487
1339
1406
2210
2683
1476
1340
1395
2781
3229
1473
1346
1407
2649
3163
1472
1346
1403
2271
2541
1478
1344
1406
2560
3001
1482
1343
1401
2609
2915
1464
1346
1411
2771
3345
1478
1339
1394
3212
1461
1625
1547
1388
1479
2501
2898
1539
1344
1390
2122
2394
1460
1359
1411
2765
3141
1478
1354
1408
2493
3346
1479
1347
1410
3490
1469
1869
1544
1407
1469
2599
3042
1544
1390
1411
1467
2983
3469
1525
1397
1412
1462
3232
3546
1553
1422
1428
1484
2679
2999
1550
1334
1399
2709
3061
1468
1348
1418
2332
2988
1476
1357
1407
1464
2294
3120
1540
1358
1403
1480
2890
3596
1546
1354
1395
1454
2746
3040
1514
1335
1400
2324
3006
1467
1355
1410
2968
3367
1470
1336
1417
2688
3143
1471
1357
1403
2637
3157
1482
1360
1403
3533
1486
1724
1534
1390
1475
2347
2991
1544
1334
1410
2678
3278
1466
1357
1413
2177
2342
1472
1343
1425
1468
3258
1554
1562
1613
1453
1476
1528
2996
3418
1603
1339
1395
2669
3094
1469
1348
1414
2556
3076
1481
1340
1413
2137
2380
1490
1349
1436
2240
2540
1532
1353
1441
3121
3435
1499
1355
1407
1465
1527
1779
2179
1595
1414
1470
2532
1550
1586
1581
1431
1503
3413
1561
1963
1638
1435
1503
1553
2681
3015
1646
1352
1416
2644
3428
1479
1342
1399
2917
1476
1478
1530
1409
1470
1552
1740
2120
1591
1426
1485
2920
3443
1547
1352
1421
1471
1997
2260
1553
1403
1507
3013
3363
1572
1344
1431
2861
1491
1695
1590
1416
1528
2920
3470
1572
1356
1433
3010
3457
1489
1344
1410
2964
3288
1472
1349
1414
3027
1488
1538
1552
1424
1512
3310
3628
1558
1368
1434
1496
1742
3500
1554
1390
1471
2643
3089
1536
1373
1448
2672
3214
1509
1354
1406
2458
2863
1494
1403
1448
3550
1528
1924
1610
1423
1507
2264
1587
1589
1637
1415
1499
3039
3614
1552
1365
1440
2330
2595
1503
1383
1428
1512
1701
2598
1576
1458
1500
1597
1953
2937
1666
1473
1548
2936
3621
1619
1456
1421
1501
3353
1555
1859
1630
1427
1500
1560
1622
1692
2656
1687
1391
1466
2906
3510
1540
1352
1407
3307
1488
1612
1541
1432
1516
2054
2270
1581
1381
1439
2403
2677
1504
1359
1409
3479
1508
1766
1580
1464
1547
1612
2030
2380
1669
1413
1483
1534
1880
2452
1610
1385
1499
1543
1979
2895
1638
1432
1482
2714
3070
1548
1346
1400
2467
3256
1468
1384
1418
1514
1590
2234
1585
1428
1499
3537
1565
1789
1625
1400
1475
2245
2591
1520
1397
1419
1531
1905
2507
1584
1487
1509
1624
1960
2575
1663
1435
1488
2658
3228
1559
1359
1409
2853
3451
1477
1360
1409
1477
2468
2839
1541
1343
1401
2491
2913
1478
1357
1427
2892
1476
1528
1554
1400
1481
2981
3549
1542
1368
1423
3151
1484
1766
1553
1410
1478
1533
1554
2247
1603
1404
1493
2749
3177
1536
1387
1436
3210
3538
1502
1357
1415
193
1296
1338
1295
1349
1236
1308
1360
1595
1722
1422
1310
1389
1786
1912
1469
1294
1363
1851
1992
1438
1296
1364
2025
2190
1431
1307
1366
2272
2518
1430
1300
1364
2224
2460
1438
1309
1370
2168
2370
1439
1309
1377
2447
2665
1455
1313
1370
2594
3013
1441
1307
1377
2451
2955
1435
1309
1375
2647
3051
1445
1309
1386
2404
3068
1451
1320
1377
2636
3077
1443
1329
1395
2741
3249
1466
1321
1400
2734
3240
1474
1316
1383
1444
1444
313
1284
1399
1532
1657
313
335
400
423
870
1536
1584
1521
1742
1792
1790
1801
1823
1838
1857
1881
1846
1925
1622
1612
1611
1618
