
===================================
Domain Marker;critical-jOPS;3718.0
Domain Marker;max-jOPS;10047.0
jOPS;min;median;90-th percentile;95-th percentile;99-th percentile;max
0.0;NaN;NaN;NaN;NaN;NaN;NaN
115.0;300.0;400.0;500.0;600.0;800.0;2000.0
231.0;300.0;500.0;700.0;800.0;1000.0;2200.0
346.0;300.0;600.0;900.0;900.0;1100.0;134000.0
462.0;300.0;700.0;1000.0;1100.0;1400.0;115000.0
577.0;300.0;800.0;1200.0;1300.0;1700.0;132000.0
693.0;300.0;900.0;1300.0;1500.0;1800.0;132000.0
808.0;300.0;1000.0;1500.0;1600.0;2200.0;126000.0
924.0;300.0;1100.0;1700.0;1900.0;2600.0;130000.0
1039.0;300.0;1200.0;1800.0;1900.0;2600.0;130000.0
1155.0;300.0;1300.0;1900.0;2100.0;3900.0;137000.0
1270.0;300.0;1400.0;2100.0;2300.0;3622.9999999995925;130000.0
1386.0;300.0;1500.0;2200.0;2400.0;5114.999999999418;132000.0
1501.0;300.0;1600.0;2400.0;2600.0;6500.0;146000.0
1617.0;300.0;1700.0;2500.0;2800.0;6600.0;131000.0
1732.0;300.0;1800.0;2600.0;3000.0;7900.0;139000.0
1848.0;300.0;1800.0;2800.0;3200.0;10200.0;154000.0
1963.0;300.0;1900.0;3000.0;3400.0;9600.0;137000.0
2079.0;300.0;2000.0;3100.0;3600.0;13100.0;164000.0
2194.0;300.0;2100.0;3200.0;3700.0;14000.0;155000.0
2310.0;300.0;2100.0;3400.0;4100.0;10300.0;141000.0
2425.0;300.0;2200.0;3400.0;4100.0;16600.0;179000.0
2541.0;300.0;2300.0;3800.0;4600.0;18100.0;151000.0
2656.0;300.0;2400.0;3900.0;4900.0;17200.0;149000.0
2772.0;300.0;2500.0;4300.0;5500.0;21000.0;162000.0
2887.0;300.0;2600.0;4200.0;5300.0;25000.0;155000.0
3002.0;300.0;2800.0;4800.0;6400.0;27000.0;169000.0
3118.0;300.0;2800.0;4800.0;6600.0;25000.0;170000.0
3233.0;300.0;2900.0;5100.0;7100.0;29000.0;185000.0
3349.0;300.0;3000.0;5400.0;7900.0;35000.0;145000.0
3464.0;300.0;3100.0;5800.0;9800.0;52000.0;181000.0
3580.0;300.0;3100.0;5600.0;8000.0;26000.0;188000.0
3695.0;300.0;3300.0;6100.0;9100.0;34000.0;218000.0
3811.0;300.0;3500.0;6900.0;12400.0;56000.0;197000.0
3926.0;300.0;3500.0;7200.0;14600.0;49000.0;226000.0
4042.0;300.0;3600.0;7100.0;13100.0;48000.0;196000.0
4157.0;300.0;3700.0;8000.0;15900.0;53000.0;201000.0
4273.0;300.0;3800.0;8000.0;17079.999999998836;48000.0;201000.0
4388.0;300.0;4000.0;9300.0;23000.0;64000.0;267000.0
4504.0;300.0;4000.0;9300.0;23000.0;72000.0;176000.0
4619.0;300.0;4100.0;9800.0;22000.0;60000.0;210000.0
4735.0;300.0;4200.0;10200.0;24000.0;64000.0;211000.0
4850.0;300.0;4400.0;10600.0;21000.0;57000.0;186000.0
4966.0;300.0;4300.0;11900.0;29000.0;70000.0;237000.0
5081.0;300.0;4500.0;12800.0;29000.0;66000.0;188000.0
5197.0;300.0;4700.0;16800.0;36000.0;85000.0;210000.0
5312.0;200.0;4800.0;16900.0;39000.0;94000.0;237000.0
5428.0;300.0;4900.0;16500.0;33000.0;79000.0;364000.0
5543.0;300.0;5100.0;16300.0;37000.0;88000.0;237000.0
5659.0;300.0;5200.0;17000.0;32000.0;79000.0;216000.0
5774.0;300.0;5300.0;24000.0;45000.0;115000.0;256000.0
5889.0;300.0;5600.0;30000.0;51000.0;96000.0;208000.0
6005.0;300.0;5800.0;31000.0;55000.0;109000.0;230000.0
6120.0;300.0;5800.0;41000.0;68000.0;127000.0;262000.0
6236.0;300.0;5900.0;34000.0;56000.0;116000.0;283000.0
6351.0;300.0;6300.0;42000.0;69000.0;141000.0;518000.0
6467.0;200.0;6600.0;49000.0;83000.0;151000.0;310000.0
6582.0;300.0;6700.0;52000.0;79000.0;131000.0;450000.0
6698.0;300.0;6700.0;44000.0;63000.0;99000.0;371000.0
6813.0;300.0;7000.0;62000.0;104000.0;166000.0;545000.0
6929.0;300.0;7300.0;79000.0;115000.0;180000.0;330000.0
7044.0;300.0;7400.0;79000.0;115000.0;177000.0;295000.0
7160.0;300.0;8200.0;83000.0;113000.0;178000.0;470000.0
7275.0;300.0;8100.0;99000.0;141000.0;206000.0;517000.0
7391.0;300.0;8300.0;131000.0;200000.0;288000.0;594000.0
7506.0;300.0;8900.0;119000.0;157000.0;235000.0;417000.0
7622.0;300.0;8900.0;126000.0;177000.0;256000.0;509000.0
7737.0;300.0;8300.0;141000.0;192000.0;281000.0;595000.0
7853.0;300.0;9600.0;147000.0;185000.0;251000.0;790000.0
7968.0;300.0;13000.0;163000.0;209000.0;289000.0;670000.0
8084.0;200.0;11000.0;169000.0;223000.0;309000.0;700000.0
8199.0;300.0;13700.0;197000.0;239000.0;297000.0;566000.0
8315.0;300.0;14100.0;157000.0;207000.0;297000.0;740000.0
8430.0;300.0;13500.0;188000.0;245000.0;355000.0;650000.0
8546.0;300.0;33000.0;260000.0;305000.0;400000.0;850000.0
8661.0;300.0;42000.0;258000.0;321000.0;428000.0;810000.0
8776.0;200.0;41500.0;279000.0;345000.0;434000.0;910000.0
8892.0;300.0;56000.0;312000.0;362000.0;487000.0;950000.0
9007.0;300.0;75000.0;302000.0;353000.0;456000.0;1200000.0
9123.0;300.0;80000.0;341000.0;402000.0;500000.0;860000.0
9238.0;300.0;90000.0;322000.0;376000.0;468000.0;980000.0
9354.0;300.0;152000.0;421000.0;485000.0;630000.0;1100000.0
9469.0;300.0;131000.0;409000.0;477000.0;610000.0;1200000.0
9585.0;300.0;143000.0;376000.0;450000.0;560000.0;1100000.0
9700.0;300.0;208000.0;472000.0;567000.0;800000.0;1200000.0
9816.0;300.0;239000.0;542000.0;630000.0;780000.0;1300000.0
9931.0;300.0;298000.0;610000.0;730000.0;920000.0;1500000.0
10047.0;300.0;472000.0;890000.0;980000.0;1200000.0;1900000.0
10162.0;300.0;1100000.0;2400000.0;2900000.0;3700000.0;5900000.0
10278.0;600.0;1500000.0;3000000.0;3700000.0;5100000.0;7900000.0
10393.0;400.0;1400000.0;2200000.0;2700000.0;3200000.0;4900000.0
10509.0;59000.0;1500000.0;3200000.0;3500000.0;4000000.0;7600000.0
