3.612
3.264
1.637
1.470
1.933
1.778
0.844
0.014
3.125
2.646
2.750
35.710
14.462
10.646
6.533
0.939
0.045
57.575
46.716
24.661
31.415
12.010
129.726
1.004
0.041
90.944
96.701
38.201
17.949
27.302
102.787
79.577
48.446
32.465
1.123
0.039
109.906
57.006
29.916
30.417
1.667
0.053
38.974
31.264
1.712
0.032
82.977
61.010
43.239
33.906
1.759
0.069
218.277
164.623
37.224
2.046
0.079
24.172
54.611
57.024
42.591
2.667
0.077
42.289
88.170
57.148
45.614
3.185
0.080
45.768
81.312
64.594
51.421
4.116
0.072
51.327
84.933
61.336
53.056
5.865
0.078
51.876
87.118
88.000
54.918
8.098
0.087
61.357
92.859
79.640
94.180
69.944
8.249
0.084
93.958
121.754
101.062
99.902
5.986
0.110
114.784
135.201
98.806
9.447
0.085
112.129
123.313
113.457
7.269
0.084
118.896
144.975
119.800
5.528
0.080
121.817
185.119
173.023
130.791
6.501
0.078
133.041
110.331
129.898
134.537
132.354
186.499
135.100
3.886
0.146
135.013
136.939
139.626
40.673
17.683
1.535
0.043
102.264
83.809
38.011
1.581
0.038
159.492
207.355
65.041
2.887
0.059
35.294
36.562
36.518
3.642
0.060
37.701
58.143
59.100
5.958
0.076
76.496
88.909
98.336
108.975
115.801
131.797
130.752
109.314
3.149
0.128
110.371
121.174
129.008
116.832
3.462
0.108
123.982
146.893
118.792
2.677
0.103
120.502
132.432
119.813
4.376
0.088
122.756
139.680
133.666
1.856
0.110
124.066
138.051
131.830
2.427
0.075
176.849
138.002
125.979
1.855
0.091
120.760
136.350
133.504
2.290
0.090
128.956
137.955
130.616
3.079
0.103
139.129
721.937
2.007
1.492
0.056
34.131
21.066
1.637
0.041
134.391
125.388
70.551
22.061
56.283
0.041
417.084
235.399
90.834
2.940
0.073
44.073
44.925
63.241
73.737
92.549
84.323
76.774
4.848
0.112
79.613
101.739
126.915
113.888
91.909
6.934
91.492
0.095
100.184
147.340
132.096
100.545
5.111
0.099
99.587
101.390
112.892
111.740
5.931
0.111
119.682
148.766
122.691
3.314
0.093
123.400
133.456
118.100
4.659
0.102
119.227
150.732
127.609
4.438
0.107
134.823
137.285
131.978
4.379
0.078
131.248
139.677
136.532
3.720
0.090
137.019
144.433
137.387
3.570
0.093
150.616
142.372
136.118
2.642
0.093
146.830
147.656
134.532
3.290
0.084
142.348
148.813
145.772
4.116
0.109
140.727
147.310
141.949
3.675
0.109
142.584
146.092
140.276
2.981
0.091
138.993
147.486
149.766
3.074
0.088
144.637
153.783
136.364
3.001
0.095
145.360
159.545
141.006
3.540
0.104
142.336
146.843
135.644
3.443
0.101
151.648
149.895
138.447
2.916
0.111
138.925
149.318
137.101
2.909
0.093
146.925
148.125
197.471
2.410
0.085
147.203
191.482
145.022
3.152
0.102
146.254
197.163
147.091
190.833
141.787
185.729
151.605
3.376
0.137
150.492
143.533
128.181
143.934
158.066
153.588
145.264
148.111
4.251
0.141
197.784
158.418
162.836
152.405
4.137
48.830
21.625
1.674
0.040
132.332
117.155
28.218
21.021
86.334
0.050
211.343
259.230
143.222
2.456
0.063
44.589
48.226
62.729
63.591
3.409
0.103
65.477
106.580
106.602
97.713
101.817
101.694
7.263
0.100
101.136
114.605
124.912
117.455
118.516
5.367
0.133
129.829
138.387
103.345
7.425
0.096
123.796
147.708
126.125
6.541
0.102
140.637
695.183
73.079
3.148
97.360
0.088
96.560
118.443
116.354
128.618
4.815
0.118
127.549
140.051
139.222
2.565
0.096
145.234
148.028
124.599
2.351
0.094
146.396
124.754
150.364
5.713
0.088
165.542
40.893
28.171
1.591
0.042
131.065
129.411
36.426
64.456
21.235
0.047
317.557
236.141
33.484
21.315
1.541
0.044
93.206
101.970
61.195
53.969
1.711
0.044
197.868
254.333
124.108
160.211
1.905
0.071
67.013
42.841
49.545
53.904
47.978
3.618
0.102
49.829
92.770
101.548
85.706
60.421
3.519
0.090
64.209
88.079
62.290
65.554
2.679
0.076
66.397
100.542
76.917
68.393
2.619
0.086
67.398
91.896
76.290
69.643
3.126
0.074
68.715
97.538
83.779
69.568
3.524
0.077
53.127
95.276
92.027
66.967
2.997
0.083
68.957
658.341
41.729
1.906
0.050
62.407
82.319
74.707
2.081
0.058
73.963
92.715
69.419
2.365
0.068
68.784
103.842
69.099
2.673
0.066
69.905
115.818
68.350
2.270
0.065
67.519
101.176
68.980
2.206
0.067
67.554
647.054
41.900
2.263
0.059
62.153
85.032
75.677
2.140
0.058
72.881
88.773
70.570
2.204
0.067
70.237
97.341
69.415
2.105
0.066
69.939
99.908
69.546
2.166
0.065
69.013
91.683
70.946
2.267
0.063
68.768
91.689
71.983
2.237
0.058
70.678
83.098
69.091
2.289
0.058
71.252
104.738
68.350
2.274
0.068
69.455
90.037
70.377
2.176
0.065
72.465
97.001
68.109
2.373
0.060
71.518
102.034
72.440
2.470
0.059
68.396
104.377
646.616
41.026
2.705
0.052
68.375
84.758
56.783
2.636
0.055
75.340
90.900
55.177
2.851
0.062
72.090
96.774
69.852
2.623
0.060
69.288
92.386
69.150
2.551
0.061
70.954
90.701
68.346
2.378
0.062
70.392
93.413
69.905
2.677
0.060
68.784
91.460
68.388
2.911
0.078
69.462
90.347
69.788
2.390
0.062
68.578
92.414
68.564
2.495
0.065
68.718
100.940
69.586
2.734
0.057
68.472
91.278
68.391
2.735
0.073
69.370
92.516
69.164
2.747
0.061
70.075
95.674
72.203
2.800
0.062
70.911
91.951
69.771
2.665
0.061
71.600
90.132
57.505
2.939
0.064
69.390
83.863
68.325
2.771
0.063
69.912
97.545
68.413
3.095
0.059
68.370
88.964
69.963
3.252
0.065
67.933
93.083
558.900
45.184
3.605
0.050
61.365
71.223
73.981
2.786
0.731
56.317
92.034
68.748
2.790
0.059
67.734
87.892
68.975
2.896
0.071
67.935
96.959
69.002
2.760
0.060
68.763
91.565
69.370
2.781
0.061
71.810
94.901
68.758
3.624
0.064
68.580
93.191
71.148
3.585
0.068
66.307
72.384
71.029
2.904
0.063
67.920
101.919
66.981
2.701
0.059
71.302
88.399
70.668
2.869
0.060
68.754
87.408
68.477
3.031
0.059
68.193
95.067
67.125
3.260
0.062
72.082
95.626
53.376
3.290
0.061
68.718
95.312
70.141
2.919
0.062
71.259
88.392
72.474
2.680
0.060
66.250
79.558
69.734
2.923
0.068
72.106
94.550
54.332
3.696
0.066
69.041
91.769
70.902
3.090
0.057
70.118
95.729
68.291
3.152
0.073
69.918
92.972
69.053
2.896
0.066
70.358
89.723
69.702
2.730
0.060
68.703
93.065
70.863
3.001
0.066
68.268
90.055
72.705
2.663
0.060
66.572
71.891
72.263
3.127
0.065
68.259
95.923
67.529
3.219
0.061
67.202
611.441
43.454
4.722
0.053
64.978
81.865
58.238
4.075
0.058
75.669
96.786
73.486
3.003
0.056
70.702
78.268
71.919
3.366
0.062
69.031
100.128
71.855
3.957
0.062
68.985
87.688
69.003
3.395
0.069
69.226
92.501
68.658
3.325
0.068
69.353
90.020
66.923
3.253
0.066
75.362
88.062
54.284
3.447
0.061
68.619
95.805
72.571
3.087
0.058
71.638
80.382
56.043
3.536
0.063
68.094
77.711
72.117
3.376
0.069
68.260
89.540
75.714
3.930
0.067
73.384
79.231
53.544
3.367
0.065
55.467
99.709
55.074
3.395
0.060
68.253
93.912
67.758
3.084
0.065
70.141
88.663
73.966
3.184
0.067
70.271
86.690
54.320
4.497
0.063
73.360
98.835
57.186
4.131
0.066
68.456
76.780
69.327
70.419
3.373
0.070
67.853
90.737
70.195
68.037
3.477
0.731
68.782
97.329
69.544
68.935
3.727
0.080
71.334
93.771
69.907
67.274
3.793
0.070
71.302
98.682
72.323
71.135
3.429
0.068
67.601
76.719
71.396
68.379
68.029
3.889
0.082
67.725
87.784
78.029
72.137
52.743
3.735
0.066
67.738
91.372
85.483
69.774
69.400
3.506
0.075
50.392
89.459
70.524
66.956
2.930
0.069
67.415
91.277
73.368
67.938
4.701
0.066
71.238
548.151
44.355
64.733
59.864
3.114
0.056
78.776
92.032
55.913
4.371
0.060
69.082
90.079
68.858
3.350
0.057
70.243
94.619
68.096
3.263
0.061
70.166
87.583
73.390
3.481
0.063
70.512
71.809
53.556
4.013
0.063
73.037
96.672
68.662
68.245
3.648
0.067
71.184
93.682
52.727
3.198
0.064
67.510
92.148
69.450
3.235
0.058
74.539
91.743
51.603
3.346
0.071
68.313
92.098
69.210
68.481
3.548
0.071
69.002
92.620
73.103
68.866
3.449
0.069
68.771
94.281
70.739
67.359
3.174
0.065
71.639
96.366
71.664
67.755
3.485
0.069
53.772
93.760
60.181
3.710
0.070
68.020
78.018
68.629
68.507
4.046
0.065
70.836
90.487
63.017
71.055
3.502
0.078
52.923
79.322
76.090
68.052
68.057
3.767
0.073
65.725
83.702
76.898
66.666
69.134
3.258
0.073
67.748
87.081
81.391
66.619
69.279
3.593
0.076
69.168
87.425
63.592
68.767
52.194
3.753
0.074
65.657
90.748
78.653
68.638
69.097
3.323
0.069
65.825
84.076
74.354
68.116
67.536
3.473
0.078
66.472
91.251
81.555
67.073
66.543
4.102
0.068
65.901
93.140
80.383
66.606
70.498
3.205
0.078
70.025
74.122
69.390
68.744
52.844
4.071
0.076
69.186
85.901
78.435
66.916
55.710
4.307
0.075
66.098
72.092
77.927
68.220
70.834
67.831
3.637
0.085
48.926
65.935
81.682
69.285
66.925
55.323
3.752
0.088
63.964
623.704
47.498
63.192
60.749
3.420
0.059
57.567
73.920
73.507
76.777
75.374
3.651
0.077
78.115
91.195
67.901
75.171
62.348
4.773
0.080
76.298
75.264
82.225
76.014
75.055
72.897
3.633
0.071
72.305
88.529
83.234
76.338
75.818
74.082
3.506
0.082
72.682
87.071
85.035
74.524
80.181
74.631
3.529
0.079
61.548
89.517
69.374
73.688
77.974
74.239
3.734
0.074
76.952
88.781
69.810
76.002
78.244
73.343
3.794
0.073
75.325
90.399
75.780
77.361
76.730
77.456
3.618
0.081
70.978
85.907
85.354
76.003
77.877
74.545
3.203
0.077
72.279
86.746
83.333
76.852
76.768
75.498
3.449
0.078
71.078
90.448
82.588
76.893
75.506
73.996
3.515
0.081
72.785
93.971
83.461
79.733
74.094
60.862
4.329
0.081
71.171
72.801
86.006
75.473
76.457
74.447
3.960
0.076
71.930
85.426
82.301
78.910
78.338
58.682
3.811
0.079
72.332
72.603
87.492
74.726
76.550
74.650
4.150
0.076
71.090
87.426
85.353
73.078
76.221
76.416
3.731
0.091
72.163
88.874
85.042
75.952
79.321
73.088
3.589
0.081
71.123
89.828
86.031
74.226
77.702
75.637
3.863
0.081
75.117
88.891
69.243
76.282
77.270
74.497
3.596
0.074
70.187
87.163
83.435
74.059
77.540
75.130
3.672
0.081
71.807
89.557
89.741
79.080
77.323
585.282
46.703
68.194
87.744
2.917
0.064
81.508
93.245
77.428
4.247
0.060
78.574
94.334
76.544
76.831
4.662
0.076
81.014
98.138
57.600
76.686
77.040
5.003
0.079
76.772
90.433
81.646
75.801
76.879
75.265
4.361
0.077
70.915
89.741
79.230
78.568
75.729
58.021
4.884
0.077
73.935
86.503
88.014
75.870
76.402
75.068
4.493
0.075
71.924
89.255
83.143
73.492
75.428
73.326
4.736
0.074
71.476
85.960
82.638
79.752
76.092
56.343
4.326
0.079
71.750
86.886
87.128
78.266
82.466
78.594
5.203
0.071
74.949
72.266
69.000
74.383
78.359
74.998
4.165
0.079
74.469
83.456
71.662
86.153
83.182
56.301
5.217
0.091
55.087
87.084
84.753
73.179
75.765
75.995
5.025
0.069
71.161
86.884
84.037
74.634
74.774
77.196
5.414
0.123
74.431
91.187
70.808
78.743
79.464
62.953
4.745
0.080
54.885
72.621
88.286
76.959
74.952
80.120
4.696
0.079
71.116
70.244
82.171
76.588
77.791
72.961
4.839
0.088
58.556
86.330
68.293
77.807
74.596
58.002
4.679
0.073
71.510
70.975
84.304
74.776
75.324
78.656
4.569
0.069
72.730
74.179
83.366
78.094
76.915
58.667
4.928
0.074
58.184
74.488
73.727
78.586
76.934
57.548
4.659
0.075
72.447
88.509
86.913
78.137
82.341
56.306
5.072
0.080
59.464
86.313
72.242
78.255
75.966
72.501
5.103
0.083
73.049
83.528
81.310
74.806
78.868
76.428
4.570
0.072
73.071
89.552
84.426
78.416
74.281
67.053
5.372
0.085
69.883
72.463
83.734
574.549
45.174
69.559
86.203
2.892
0.058
83.454
91.484
82.283
4.489
0.065
77.546
102.198
94.816
114.124
111.605
3.650
0.075
109.803
120.745
108.419
109.005
110.044
3.450
0.077
108.125
114.661
109.858
108.191
109.136
3.433
0.081
107.338
117.122
108.981
116.820
112.601
3.479
0.082
114.925
116.744
113.169
107.563
114.113
3.928
0.080
112.284
117.699
110.488
111.816
107.428
3.853
0.086
108.623
117.903
106.917
114.986
111.381
3.999
0.077
116.160
116.855
108.691
108.271
110.290
3.442
0.082
109.538
118.963
109.762
110.340
108.775
3.887
0.077
108.889
122.750
106.984
111.497
108.978
4.246
0.078
110.446
116.121
111.197
107.514
109.982
4.216
0.084
108.126
116.554
108.042
107.616
109.234
3.820
0.112
108.417
124.375
106.809
106.432
111.658
3.573
0.070
107.020
120.065
110.846
108.104
109.701
3.541
0.080
109.569
119.371
112.458
106.928
109.089
3.397
0.082
108.200
118.840
110.029
115.238
108.750
3.339
0.089
110.354
122.117
107.204
109.916
110.902
3.519
0.102
111.130
117.130
107.427
529.670
69.281
97.456
114.656
117.487
3.374
0.063
111.312
118.043
107.707
111.155
108.267
4.802
0.079
106.163
115.595
108.515
106.498
108.243
5.223
0.085
103.948
117.140
112.818
113.724
110.995
4.444
0.103
104.901
112.010
109.194
104.752
107.909
3.903
0.068
103.205
117.728
105.996
111.259
107.361
4.631
0.084
106.261
116.912
109.420
110.333
104.789
4.582
0.078
104.804
118.719
110.931
107.410
105.511
3.608
0.077
103.748
115.170
112.798
105.490
106.033
3.999
0.084
102.966
119.744
111.207
107.505
105.523
3.535
0.081
102.914
117.042
106.880
108.990
112.345
4.235
0.075
107.756
118.535
106.227
108.184
107.712
4.859
0.083
103.557
116.392
108.003
107.490
108.422
3.943
0.081
106.264
116.521
109.048
107.290
107.647
3.567
0.080
103.892
115.042
105.063
106.211
106.739
4.117
0.080
104.220
115.611
102.727
108.647
107.398
3.945
0.081
102.940
117.482
105.730
104.077
105.793
4.865
0.091
105.878
114.863
106.851
107.138
109.451
3.423
0.083
105.975
119.891
106.139
108.565
109.606
4.291
0.083
104.801
119.476
108.592
107.767
112.122
4.281
0.075
104.222
118.630
110.019
109.574
104.073
4.371
0.085
106.349
114.219
592.890
66.273
93.534
118.232
110.599
2.992
0.072
111.735
117.199
108.173
107.985
107.048
4.239
0.086
103.692
115.567
107.474
104.212
109.927
4.600
0.074
108.356
116.614
112.153
105.473
112.598
4.889
0.074
111.208
119.982
105.694
105.759
109.956
3.037
0.077
108.055
116.085
104.455
105.870
105.907
4.670
0.086
109.148
115.073
106.064
109.095
106.159
3.529
0.081
107.119
119.607
111.876
106.878
107.680
5.537
0.084
109.036
115.435
110.223
106.107
106.733
4.930
0.086
108.659
116.505
105.923
108.036
109.610
4.544
0.076
105.283
119.668
110.172
110.719
107.759
4.197
0.081
106.657
121.400
108.198
109.454
108.696
4.205
0.080
108.157
116.914
105.067
106.351
115.981
4.577
0.076
107.372
120.796
105.658
108.233
108.181
4.287
0.086
104.634
118.548
103.529
108.992
108.174
5.362
0.130
107.058
112.920
105.847
105.297
107.768
4.347
0.102
106.998
117.758
104.322
105.995
108.115
4.544
0.079
107.842
117.548
106.284
105.770
110.678
4.311
0.084
105.102
116.181
106.324
108.438
111.579
3.686
0.077
104.067
118.352
111.562
104.935
112.639
3.732
0.074
103.613
115.097
103.268
106.191
105.517
5.110
0.081
105.020
116.768
113.762
108.008
106.556
4.228
0.086
107.761
114.837
109.359
105.777
106.714
3.852
0.082
113.397
116.699
90.976
580.743
65.878
97.647
113.078
116.092
4.468
0.063
109.575
123.009
107.381
109.465
110.799
5.406
0.084
109.168
122.834
106.604
110.310
106.590
4.767
0.098
108.076
120.357
103.838
106.598
111.231
5.466
0.079
105.960
111.835
109.897
108.964
109.331
3.658
0.109
107.477
112.816
112.094
105.300
109.030
3.973
0.083
104.437
117.290
106.384
104.348
116.378
4.884
0.086
107.138
117.550
109.471
112.545
111.633
5.193
0.106
105.534
123.283
104.466
111.959
108.220
3.855
0.080
103.847
119.805
106.250
107.513
108.002
3.869
0.087
107.467
123.598
102.106
109.122
112.903
4.308
0.075
104.967
118.840
104.419
108.537
108.365
3.178
0.074
105.531
116.067
105.934
110.107
110.592
3.503
0.081
114.510
116.094
85.475
107.582
108.888
5.592
0.078
103.919
123.467
110.051
104.727
107.752
3.901
0.095
103.343
115.804
114.029
106.422
110.126
3.725
0.099
106.633
120.621
110.718
110.672
107.310
3.806
0.080
106.991
121.062
103.692
110.157
111.853
4.012
0.078
111.080
114.701
103.780
106.108
105.342
5.158
0.083
109.254
117.155
109.233
105.220
107.762
2.546
0.087
107.793
117.742
103.566
107.309
106.398
5.093
0.072
107.786
113.942
107.493
105.877
112.060
5.382
0.077
105.901
119.853
110.331
106.240
110.677
4.488
0.075
104.761
115.994
103.645
103.597
106.856
4.534
0.069
110.405
120.778
108.155
106.837
105.808
4.911
0.096
105.370
120.836
105.337
599.167
66.369
95.593
115.367
113.571
3.253
0.064
106.657
121.402
119.186
106.075
87.559
4.711
0.085
105.099
122.434
102.791
106.565
107.529
5.568
0.087
104.176
114.367
107.994
111.013
109.141
5.467
0.080
106.740
115.522
110.999
113.561
105.980
4.718
0.085
106.590
127.962
107.959
113.081
103.990
3.967
0.102
104.152
124.221
106.799
108.949
111.843
4.092
0.103
101.739
118.969
107.392
107.984
105.695
4.516
0.097
106.240
120.607
113.167
105.422
104.036
4.559
0.086
104.794
113.651
107.639
107.888
111.991
4.354
0.076
106.397
115.759
108.378
118.507
107.865
4.775
0.086
85.468
116.385
106.496
110.078
107.123
6.070
0.082
104.109
115.580
104.631
105.215
107.993
5.605
0.085
108.441
118.948
104.473
113.090
107.475
6.003
0.083
108.224
116.547
108.355
109.076
107.758
5.247
0.085
107.999
118.336
103.028
107.264
107.456
4.827
0.085
108.121
122.845
109.197
104.143
107.285
4.986
0.101
103.855
120.243
107.432
107.242
108.530
5.374
0.079
106.746
116.394
105.567
112.045
108.243
5.567
0.092
105.348
121.782
108.180
107.090
107.783
3.801
0.098
105.332
115.112
106.162
109.244
115.536
5.318
0.086
106.185
120.744
113.505
114.455
107.163
3.943
0.103
106.096
117.479
110.618
108.038
109.650
4.132
0.100
106.013
116.272
105.485
105.826
110.265
5.169
0.104
107.360
118.916
109.656
107.512
108.469
4.731
0.072
105.583
115.886
107.058
108.223
107.038
5.184
0.102
107.677
120.358
107.208
105.583
109.162
4.903
0.103
105.657
114.515
108.875
615.780
72.076
98.127
95.732
6.202
0.091
114.060
126.001
108.673
111.150
4.815
0.071
108.356
120.782
110.806
111.697
113.217
4.303
0.095
114.412
121.763
113.252
118.500
111.637
5.702
0.110
114.709
121.265
115.410
112.240
111.666
4.867
0.105
110.471
122.767
113.831
111.894
118.056
5.342
0.078
110.791
115.630
111.566
112.083
117.596
5.844
0.084
110.640
118.841
113.853
112.855
114.805
4.813
0.083
114.295
121.841
113.201
113.667
117.284
4.746
0.079
110.609
119.499
114.863
109.412
117.249
4.720
0.094
113.861
118.874
111.189
114.664
109.918
4.319
0.104
110.923
119.468
114.011
108.817
122.551
4.134
0.084
110.976
123.963
110.255
112.567
111.798
3.847
0.080
108.764
120.519
111.863
117.300
109.463
5.258
0.080
112.263
117.876
115.167
117.217
116.341
3.956
0.104
111.823
122.169
113.730
112.011
117.069
4.192
0.080
111.759
124.970
114.459
111.389
112.570
5.020
0.079
110.854
126.124
114.824
111.052
116.832
3.975
0.081
113.522
120.949
112.402
116.568
114.620
4.277
0.076
111.889
122.812
107.722
113.651
116.085
3.347
0.103
108.970
122.882
111.658
113.792
116.229
5.546
0.081
111.854
120.183
112.009
111.477
117.392
5.478
0.101
110.525
119.552
111.674
110.311
116.299
3.368
0.109
112.778
116.671
109.481
108.809
113.339
3.517
0.090
108.858
120.120
111.231
119.874
112.683
4.305
0.090
113.649
127.214
110.552
112.650
112.829
4.055
0.085
112.407
120.022
115.182
113.026
112.806
4.767
0.102
111.030
118.385
109.764
112.193
116.841
3.652
0.101
117.110
564.717
68.259
99.795
118.603
115.012
4.677
0.090
111.687
124.529
113.799
114.388
118.812
4.991
0.074
118.607
124.605
114.106
116.531
121.414
4.535
0.078
116.401
118.466
113.284
115.507
122.991
4.141
0.083
111.211
120.612
112.686
120.323
118.406
5.213
0.076
114.810
121.313
116.231
124.507
119.712
3.576
0.102
117.134
117.137
112.406
116.743
121.754
4.707
0.081
115.363
128.481
122.505
112.018
116.845
4.892
0.079
116.951
122.380
116.157
116.680
115.131
4.241
0.103
115.712
129.546
119.762
116.366
118.651
4.383
0.102
111.812
123.308
114.862
116.873
114.296
4.404
0.104
116.622
120.274
112.668
123.819
111.448
4.570
0.103
112.509
120.267
118.426
117.537
119.710
3.851
0.090
114.288
124.261
117.636
116.687
120.927
3.655
0.104
113.037
124.201
113.910
115.062
119.331
3.624
0.100
116.171
124.972
114.496
120.239
121.905
6.348
0.075
126.194
130.361
112.199
115.629
117.672
4.736
0.115
113.549
125.510
115.271
111.788
119.539
4.233
0.083
116.435
121.687
117.270
119.693
116.731
3.132
0.087
111.826
128.911
113.748
116.070
120.793
4.349
0.102
118.286
124.474
114.187
112.808
112.908
5.424
0.090
113.253
121.242
115.070
120.261
120.708
3.282
0.094
114.035
129.207
123.694
113.632
117.870
4.883
0.081
117.688
122.894
113.304
114.100
119.509
4.653
0.083
118.173
121.270
119.510
114.333
113.460
4.834
0.087
114.017
128.986
114.755
118.351
114.651
5.631
0.090
116.819
123.555
116.108
116.133
113.787
5.045
116.246
0.106
121.814
117.839
94.003
116.066
123.207
5.702
585.658
69.610
103.242
123.275
119.076
113.367
113.551
4.396
0.082
114.248
124.075
113.497
114.604
114.404
3.990
0.083
112.152
122.191
115.757
115.122
121.086
3.933
0.104
120.219
120.913
111.926
112.852
115.517
4.578
0.117
114.362
123.369
115.870
124.204
115.241
5.223
0.100
113.557
125.497
115.925
118.980
114.803
4.813
0.102
110.626
123.017
109.629
113.646
116.386
5.935
0.090
117.679
123.019
111.621
115.841
117.953
6.411
0.079
119.122
125.310
112.707
115.489
113.227
5.972
0.100
120.137
124.225
112.723
113.593
118.519
4.633
0.082
118.230
120.411
116.330
115.146
121.295
3.775
0.100
117.710
122.014
117.593
124.445
114.118
4.114
0.105
116.522
121.545
114.843
117.001
115.553
5.428
0.104
120.031
121.146
113.133
115.967
118.017
3.994
0.085
120.117
123.068
122.909
115.156
118.228
4.050
0.102
117.827
128.038
117.942
112.798
119.403
4.212
0.101
114.489
119.910
116.012
115.129
125.172
3.932
0.112
112.781
123.511
115.178
115.959
114.870
5.599
0.106
112.926
121.925
117.565
113.696
114.841
4.920
0.108
116.567
124.324
118.049
117.285
123.734
4.663
0.081
120.923
129.504
120.585
117.703
117.332
5.796
0.083
124.837
120.136
94.501
116.370
120.588
3.481
0.106
118.011
122.589
116.543
114.812
116.359
5.226
0.084
114.081
123.666
112.432
117.240
121.601
5.486
0.103
120.963
120.781
113.410
117.266
117.685
5.286
0.103
119.603
129.894
112.606
117.025
124.487
3.683
0.101
114.384
125.731
115.453
117.220
118.632
2.995
0.078
112.972
127.258
113.951
113.011
117.300
4.201
0.082
112.796
119.936
111.400
120.436
115.784
4.627
0.100
110.380
130.031
109.146
112.865
591.613
68.471
95.996
118.249
117.505
120.006
3.676
0.090
118.977
120.011
112.576
121.357
114.606
4.585
0.101
155.173
124.235
110.338
115.725
118.751
4.221
0.101
112.034
121.541
115.578
111.458
112.027
5.395
0.109
118.777
126.526
115.218
121.099
111.360
3.003
0.092
120.759
116.202
92.473
113.817
113.202
6.114
119.809
0.104
109.294
96.761
110.309
118.053
107.615
3.929
0.088
162.013
118.130
105.556
112.526
92.833
117.876
5.136
0.101
114.604
97.313
117.915
114.254
110.996
112.381
5.920
0.114
111.857
120.249
110.413
108.462
112.509
114.592
7.117
110.196
0.076
111.308
114.812
116.606
111.195
116.106
109.809
4.538
0.109
107.877
122.412
115.244
113.967
110.927
115.372
3.137
115.488
0.108
108.614
115.238
109.965
114.194
118.064
108.922
5.014
0.091
114.097
119.084
97.985
114.543
113.151
109.472
5.788
0.101
114.047
118.113
119.012
125.172
132.168
135.654
135.118
137.546
134.058
4.288
0.112
126.151
131.364
137.706
133.392
141.965
136.061
137.096
135.224
127.424
4.064
0.111
133.636
135.100
137.995
140.787
132.636
140.793
136.553
139.055
133.306
4.380
0.137
128.206
135.814
140.982
136.766
133.857
137.712
133.536
130.261
131.691
4.292
0.107
137.309
132.644
136.109
130.626
132.162
135.840
133.251
132.525
131.343
3.299
0.111
136.450
140.071
138.222
129.403
133.286
129.783
132.048
137.154
126.740
3.428
0.130
130.789
139.343
136.027
134.791
131.556
141.115
133.793
130.594
150.042
515.482
125.771
105.077
4.782
0.081
103.018
123.536
90.692
6.481
0.095
128.249
136.525
138.234
139.241
136.440
139.124
132.823
137.497
141.305
132.943
5.913
0.135
135.602
137.058
139.113
133.966
134.628
139.746
137.363
137.855
133.187
134.841
6.375
0.147
128.410
132.080
142.476
135.078
135.100
140.481
133.017
140.952
133.378
131.627
3.971
0.101
134.182
134.196
142.437
139.318
135.764
134.314
134.804
133.401
137.562
136.052
3.829
0.099
137.006
137.876
140.867
135.702
135.210
138.076
140.500
131.433
142.814
137.038
4.193
0.100
140.172
140.390
140.491
135.754
136.232
145.442
137.987
137.366
141.618
134.887
4.051
0.122
138.531
141.043
140.933
138.712
131.484
137.960
134.694
139.644
132.362
139.559
4.164
0.114
137.903
135.324
135.818
145.372
136.987
135.429
143.175
140.669
132.088
134.355
4.531
0.146
138.079
136.188
136.413
136.462
135.742
135.597
138.031
133.710
136.313
134.540
4.434
0.139
133.649
137.437
146.570
137.769
137.307
140.758
139.123
143.060
140.926
135.373
4.714
0.101
132.598
141.800
133.734
134.493
132.715
134.467
140.940
134.358
135.425
131.121
5.542
0.100
134.540
136.612
136.191
138.686
137.227
136.729
136.860
140.353
655.408
79.174
5.702
0.078
108.290
106.830
96.178
4.086
0.070
161.747
125.108
126.042
130.750
136.113
139.859
141.591
143.745
139.007
138.970
135.698
3.551
0.134
137.444
138.506
139.460
141.382
146.440
141.336
144.839
136.169
140.728
140.770
4.378
0.120
134.992
138.851
137.357
142.607
135.317
141.814
139.118
141.572
143.557
135.983
3.895
0.132
142.731
138.616
136.896
140.129
140.533
141.020
142.597
143.960
136.898
135.169
142.997
4.079
0.103
135.905
140.716
140.505
141.576
138.451
142.677
144.225
136.282
134.660
137.379
4.329
0.128
185.829
153.177
146.702
138.300
135.204
138.207
135.963
144.200
141.159
141.443
138.885
3.676
0.114
130.359
135.780
141.949
134.127
140.954
140.405
136.448
140.798
140.157
136.646
3.826
0.130
185.124
135.930
142.609
144.560
136.631
145.246
138.632
140.798
141.134
137.076
4.155
0.135
136.483
143.729
142.316
135.774
143.572
138.644
142.639
137.599
144.601
136.673
3.758
0.109
138.481
143.633
138.158
137.451
140.239
145.989
140.557
143.531
138.469
142.095
2.997
0.115
136.487
136.587
146.771
139.260
142.416
142.337
136.966
136.790
139.431
138.472
3.275
0.095
138.788
138.091
138.450
143.070
142.060
140.232
136.184
141.486
136.977
134.663
585.542
67.211
94.291
4.815
118.385
0.038
156.814
123.729
112.272
3.642
119.566
0.061
116.327
117.779
118.919
112.950
118.071
5.963
0.098
118.016
127.899
117.084
117.436
119.901
3.740
0.081
120.144
128.654
121.643
133.480
132.531
133.842
135.532
137.216
136.568
3.616
0.118
132.001
135.048
135.268
131.703
133.712
140.454
131.645
134.362
3.699
0.122
134.794
133.524
140.556
136.782
135.884
134.826
135.415
129.836
4.160
0.135
134.525
137.494
136.438
136.403
134.063
132.709
133.534
129.891
3.568
0.108
137.970
136.711
134.013
135.635
133.426
135.776
131.945
130.820
4.835
0.099
133.100
137.656
136.374
136.657
135.739
138.882
142.575
131.166
4.458
0.121
130.773
129.874
126.499
131.738
134.258
139.424
139.535
140.073
4.465
0.123
131.091
133.431
133.829
135.139
131.537
133.636
135.015
136.467
3.988
0.110
129.940
190.331
175.110
133.568
132.576
132.235
138.129
137.837
137.982
5.900
0.129
130.850
131.441
142.989
140.039
133.469
139.974
136.273
137.784
131.192
4.516
0.130
141.046
138.248
137.432
138.975
141.035
142.152
141.462
142.956
131.925
3.362
0.112
180.763
139.530
142.227
134.739
138.621
137.196
135.928
134.887
139.142
3.084
0.133
135.318
136.697
141.487
145.570
135.535
135.807
139.577
132.484
129.587
4.573
0.127
135.604
133.938
138.883
145.159
139.896
140.122
133.106
137.477
137.784
4.416
0.136
180.394
136.300
140.023
129.777
134.675
143.521
140.427
134.454
643.693
76.027
7.505
98.842
0.048
109.477
121.118
97.460
2.093
0.082
108.854
103.764
124.892
125.896
132.103
127.520
132.944
129.303
4.319
0.106
135.190
134.387
144.891
157.683
132.415
129.717
148.766
4.082
0.752
139.583
141.198
177.421
131.168
137.526
137.589
141.183
133.860
144.073
141.150
4.252
0.101
144.085
144.800
144.299
137.584
143.632
141.995
145.438
139.086
143.623
141.857
4.726
0.132
140.450
140.501
138.050
137.031
145.138
141.310
139.989
141.207
140.624
137.047
3.658
0.105
137.769
138.074
144.555
139.839
139.977
144.819
146.462
138.844
134.121
139.835
3.832
0.127
143.067
142.685
142.372
137.910
138.952
138.971
138.829
135.718
140.723
136.421
4.278
0.103
140.251
151.248
191.885
138.140
135.757
140.321
141.635
133.417
140.341
133.567
2.929
0.152
190.297
194.024
139.288
145.255
138.254
139.176
144.251
134.174
135.724
135.211
5.077
0.125
137.946
138.962
150.848
146.354
144.505
140.824
139.835
146.295
141.112
142.432
3.856
0.110
139.514
139.994
148.119
143.579
139.544
138.319
140.731
142.171
145.243
144.289
3.556
0.112
140.921
141.004
146.130
139.706
139.257
145.751
141.949
139.094
139.355
138.353
2.740
0.135
187.437
150.212
194.909
188.800
148.043
141.445
137.973
139.221
138.662
141.253
4.026
0.138
142.068
137.750
144.392
146.828
144.426
177.980
142.213
148.690
138.774
669.030
78.202
3.908
103.118
0.065
101.043
124.842
166.570
4.203
116.906
0.063
100.084
98.640
105.682
110.041
99.042
2.249
114.005
0.092
92.596
126.888
104.037
112.449
98.187
122.745
164.863
2.853
0.108
91.815
123.104
113.870
124.068
101.975
157.623
191.072
131.135
114.495
139.630
5.936
0.124
167.036
140.217
145.616
143.311
139.051
184.889
152.386
136.132
148.522
191.933
143.699
3.595
0.141
152.391
149.743
147.642
149.749
146.323
141.633
156.330
151.821
152.747
141.761
148.459
148.964
3.613
0.138
144.136
203.305
150.613
145.779
200.323
149.059
147.715
148.609
144.442
148.408
151.370
147.897
141.872
4.817
0.135
150.346
144.887
150.828
152.267
152.822
145.304
156.016
143.525
145.899
147.887
143.010
147.064
145.844
3.600
0.139
148.596
146.879
150.131
193.070
142.944
149.905
139.616
146.899
152.185
144.840
151.102
178.794
145.669
4.151
0.128
143.216
148.287
153.801
195.189
145.750
147.263
145.117
146.233
174.737
153.778
153.704
147.205
144.767
3.397
0.141
196.391
148.826
151.590
197.594
188.828
183.914
189.859
134.786
121.149
151.290
154.525
146.866
201.402
3.963
0.150
149.411
154.372
152.807
155.401
150.792
152.928
197.877
145.228
150.533
149.839
149.293
194.319
151.854
148.742
4.158
0.149
152.316
154.751
159.909
149.780
150.209
652.595
77.438
5.550
104.479
0.056
98.651
125.231
96.416
5.680
110.588
0.078
96.961
124.923
107.183
116.989
107.771
132.494
6.084
0.124
148.186
127.158
107.295
124.301
115.342
128.922
136.217
6.721
0.119
103.607
101.813
125.831
136.346
104.587
120.995
120.931
8.687
0.113
100.911
136.849
130.470
133.494
132.977
140.508
129.934
3.814
0.118
121.642
193.451
161.297
184.295
137.039
142.579
138.927
4.571
0.111
135.473
134.720
153.212
174.917
108.774
210.147
125.171
160.296
165.378
4.195
0.131
162.671
123.180
141.192
146.852
131.252
116.818
196.165
185.357
150.736
138.534
6.338
0.145
163.480
154.681
147.817
162.603
132.913
130.736
137.347
127.932
151.606
4.345
158.966
0.125
162.293
209.338
137.448
127.461
174.464
201.117
134.967
154.347
149.604
150.675
156.807
4.080
0.103
200.386
169.077
153.623
129.411
158.641
153.603
156.878
158.840
215.720
147.793
130.195
160.197
5.062
0.130
207.636
192.107
41.804
29.171
1.712
0.042
202.449
257.229
69.701
102.051
73.388
3.216
0.043
200.258
203.300
60.292
43.936
3.511
0.068
60.143
75.224
88.052
96.914
111.735
125.268
97.286
2.424
0.108
97.019
111.875
138.361
121.093
108.586
3.764
0.087
111.082
137.126
124.045
111.803
4.760
0.087
114.962
172.012
134.307
111.097
3.988
0.066
110.362
141.372
109.388
6.197
0.103
114.265
152.059
134.856
606.270
68.193
98.484
8.212
0.060
119.742
123.974
115.065
3.637
0.080
110.795
124.156
113.216
1.922
0.073
128.869
148.574
140.471
2.239
0.103
135.886
146.458
141.699
3.978
0.119
133.905
144.170
143.008
4.197
0.097
143.125
149.514
140.618
4.605
0.084
139.107
149.921
144.008
4.409
0.097
148.422
145.488
147.110
3.907
0.080
139.704
157.220
139.203
4.205
0.085
150.180
156.956
145.512
3.794
0.079
148.140
158.595
155.357
7.455
148.850
0.097
40.585
22.896
1.265
0.042
132.882
148.323
74.837
59.796
71.821
1.296
0.066
195.786
279.914
234.514
1.408
0.070
32.839
29.920
1.148
0.041
94.143
91.953
63.763
1.144
0.051
152.098
162.701
240.940
98.844
174.858
1.274
0.053
100.031
33.035
27.061
33.226
41.780
48.070
2.132
0.089
54.267
60.060
63.284
68.309
76.069
86.019
