20
23
59
71
104
28
7
7
25
11
27
114
138
152
162
165
202
322
382
426
458
480
804
819
926
1040
1126
1093
168
202
511
644
734
802
1254
1277
1352
1320
1507
1331
1578
1629
1758
344
366
415
538
551
579
635
833
876
1415
1435
1571
1434
1289
1461
1667
1654
1688
1237
1253
1747
1800
1802
1841
1333
1371
1875
1910
1909
1923
1385
1455
1923
1926
1943
1941
1511
1619
1945
1943
1973
1959
1659
1885
1957
1954
3005
2599
2741
1975
2169
2847
2910
2873
2925
2139
2399
2975
3013
2987
2289
2649
3485
3413
3407
2769
3053
3489
3539
3489
2743
3301
3539
3573
3875
3653
1665
1995
3771
4059
4037
4187
4299
4334
4357
2663
3259
4491
4479
4491
3221
315
369
412
606
617
580
943
967
1255
1324
1515
1433
1292
1409
1545
1540
1394
1458
1586
1634
2376
1585
1733
2439
2745
2984
3143
3327
3447
3507
3555
2397
2651
3597
3605
3565
3553
2194
2495
3583
3571
3493
2151
2494
3563
3575
3495
2539
2827
3807
3873
3757
2336
2849
3825
3893
3749
2040
2373
3817
3883
3747
2599
2871
3815
3881
4153
2313
2689
4009
4071
3973
2183
2465
4037
2665
1010
1534
1687
2692
447
427
479
978
1001
956
803
1310
1388
2688
2092
2247
2152
1754
1997
2339
2433
2597
2678
2711
2783
2261
2413
2845
2901
2849
2813
2865
2645
3041
1647
3089
3125
3089
3121
2347
2646
3123
3175
3135
3647
2463
2767
3691
3701
3695
2201
2490
3701
3697
3707
2699
3223
3707
3697
4189
3011
3613
4253
4307
4213
2841
3032
4281
4345
4213
2779
3183
4283
4351
4565
2685
3055
4457
4519
4413
2207
2439
4479
4547
4401
2349
2693
4465
4535
4397
2867
3115
4467
4531
4575
2901
3273
4517
4585
4465
2799
3122
4531
4595
4447
2275
2471
4515
4583
4453
3197
3651
4505
4573
4707
2741
3241
4517
4579
4471
2747
3229
4539
4611
4463
2655
3083
4531
4599
4453
2977
3261
4521
4591
4725
3244
3584
4565
4629
4517
3377
3853
4589
4651
4221
4555
4221
4891
5067
3225
4367
5159
4317
5279
4905
5081
5015
5173
5243
3581
3831
5309
5369
4999
4795
4093
4500
450
432
459
962
990
774
1060
996
934
2088
2262
2102
2109
1816
2074
2344
2386
2466
2051
2187
2437
2572
2563
2798
3038
3194
2716
3019
3327
3512
3512
3528
3582
2914
3184
3628
3652
3610
2460
2937
3648
3652
4176
2848
3352
4232
3464
3323
2171
3353
1359
3371
3335
3363
3361
2447
3220
4163
4163
4111
3063
3227
4155
4131
4121
3357
3874
4121
4187
4565
4015
4447
4599
2724
493
463
485
968
994
780
1066
1025
1329
2326
2136
2041
440
481
523
790
886
890
928
834
979
1854
1910
1998
2048
2127
1695
1724
2050
2002
2073
2130
1729
1727
2139
2228
2209
2240
2286
1708
1736
2332
2370
2344
2348
1558
1598
2382
2381
2384
2386
1551
1602
2379
2390
2390
2384
1640
1703
2380
2385
2388
2374
1606
1668
2428
2380
2389
2378
1538
1586
2384
2349
2401
1205
1209
2409
2349
2368
1368
1377
2373
2372
2377
1433
1445
2385
2381
2387
1469
1499
2385
2379
2391
1455
1491
2383
2383
2390
1463
1477
2381
1936
2412
1265
1290
2408
2352
2368
1408
1433
2375
2381
2381
1456
1479
2379
2383
2385
1459
1502
2383
2381
2387
1476
1495
2385
2383
2387
1497
1545
2379
2383
2387
1497
1525
2377
2431
2381
1505
1529
2379
2379
2387
1492
1520
2385
2383
2385
1516
1543
2385
2375
2385
1490
1525
2385
2381
2381
1526
1576
2381
2381
2294
2408
1307
1348
2404
2340
2430
1458
1514
2378
2374
2434
1517
1558
2374
2378
2391
1519
1555
2381
2375
2379
1537
1569
2387
2379
2383
1507
1555
2385
2381
2379
1543
1569
2383
2377
2384
1529
1575
2387
2379
2386
1545
1587
2385
2380
2390
1515
1565
2387
2381
2377
1563
1623
2379
2381
2390
1569
1619
2381
2383
2385
1581
1621
2385
2377
2391
1549
1605
2383
2377
2388
1565
1616
2385
2379
2437
1591
1651
2379
2431
2377
1593
1643
2383
2380
2391
1577
1619
2381
2381
2384
1671
1773
2379
2385
1577
2419
1523
1616
2407
2419
2367
1567
1619
2427
2375
2378
1593
1657
2381
2387
2385
1581
1637
2379
2383
2391
1617
1667
2381
2381
2385
1625
1713
2381
2379
2379
1713
1812
2385
2381
2391
1707
1795
2381
2435
2384
1619
1677
2383
2382
2381
1564
1639
2385
2377
2384
1591
1657
2381
2385
2385
1629
1689
2385
2381
2383
1645
1695
2387
2377
2431
1623
1710
2385
2383
2385
1645
1704
2385
2377
2383
1625
1689
2377
2437
2381
1601
1667
2379
2381
2441
1640
1723
2381
2382
2390
1627
1666
2383
2381
2384
1623
1685
2385
2379
2383
1617
1707
2385
2377
2385
1630
1683
2383
2381
2383
1637
1715
2375
2383
2388
1669
1716
2377
2435
2387
1681
1763
2379
2387
2379
1641
1727
2383
2251
2408
1614
1756
2402
2338
2435
1736
1798
2375
2373
2383
1638
1702
2375
2433
2375
1684
1767
2381
2385
2389
1792
1917
2381
2385
2389
1805
1900
2387
2379
2385
1623
1698
2387
2383
2381
1668
1739
2391
2373
2435
1666
1735
2381
2381
2391
1640
1710
2377
2429
2437
1706
1786
2375
2443
2385
1663
1792
2373
2387
2383
1859
1969
2371
2429
2425
1621
1708
2437
2375
2441
1667
1746
2385
2387
2389
1649
1738
2381
2381
2381
1699
1810
2383
2375
2443
1844
1931
2383
2373
2441
1861
1947
2373
2439
2385
2379
1777
1855
2377
2391
2393
2383
1730
1802
2381
2389
2391
2381
1737
1830
2377
2381
2389
2385
1723
1818
2379
2381
2383
2385
1742
1868
2371
2441
2391
2379
2379
1833
1943
2389
2387
2447
2381
2435
1807
1904
2385
2384
2389
2391
2379
1774
1863
2439
2389
2385
2391
1770
1867
2387
2391
2389
2385
1890
1984
2381
1499
2410
2400
2414
1605
1730
2358
2349
2427
1872
2054
2375
2383
2385
1657
1763
2385
2383
2381
1663
1760
2389
2379
2381
1755
1824
2381
2429
2435
1759
1860
2379
2375
2379
2387
1767
1847
2375
2381
2435
1740
1834
2389
2383
2385
1753
1824
2381
2373
2431
1720
1819
2383
2377
2389
2379
1738
1831
2383
2383
2389
2385
1720
1814
2381
2383
2385
2381
1727
1821
2381
2381
2385
2383
1723
1800
2437
2379
2439
1740
1814
2377
2437
2383
2381
1808
1913
2387
2381
2439
2379
1858
1987
2427
2431
2387
2387
2387
1870
1948
2385
2391
2399
2391
2383
1874
1962
2385
2388
2399
2385
2383
1801
1881
2379
2391
2443
2381
2433
1809
1988
2385
2391
2389
2395
2375
1809
1959
2381
2391
2393
2387
2381
1863
2015
2387
2389
2387
2383
2383
1861
1953
2391
2387
2383
2389
2383
1785
1889
2381
2435
2443
2379
2433
1904
2054
2385
2385
2445
2383
2439
1877
2019
2379
2441
2389
2391
2385
2379
1971
2135
2431
2435
2395
2393
2375
2439
1923
2046
2381
2366
2416
2394
2412
1726
1832
2412
2422
2591
2583
2573
1885
2001
2577
2579
2645
2577
2633
2117
2285
2567
2637
2591
2579
2573
2575
1922
2021
2579
2585
2581
2587
2579
2579
1937
2043
2581
2585
2593
2587
2571
2569
1879
2056
2637
2579
2643
2581
2577
2577
1957
2114
2583
2585
2647
2581
2569
2578
1928
2072
2587
2583
2635
2581
2575
2577
2012
2137
2577
2587
2595
2583
2577
2573
1936
2094
2579
2587
2589
2587
2573
2577
1971
2081
2583
2585
2589
2583
2567
2577
2027
2155
2579
2581
2583
2585
2563
2643
2015
2151
2575
2641
2591
2583
2571
2575
2069
2167
2575
2585
2593
2585
2565
2635
1935
2058
2583
2637
2589
2585
2575
2577
2023
2186
2587
2585
2593
2575
2573
2577
2026
2131
2583
2583
2591
2581
2567
2573
1975
2095
2587
2583
2591
2581
2575
2567
2035
2168
2581
2581
2643
2585
2569
2571
2003
2177
2581
2591
2593
2585
2577
2571
2103
2227
2583
2583
2593
2581
2567
2015
2608
2602
2542
1756
1902
2546
2558
2569
1827
1927
2575
2569
2575
2577
2093
2331
2569
2569
2643
2583
2569
2208
2388
2577
2581
2591
2579
2573
2573
2279
2470
2579
2591
2587
2585
2569
2639
2035
2179
2583
2581
2593
2579
2573
2577
2102
2244
2581
2585
2585
2583
2571
2581
2189
2351
2585
2591
2591
2579
2561
2637
1990
2205
2581
2585
2593
2583
2569
2575
2220
2321
2577
2637
2635
2581
2577
2571
2018
2151
2583
2579
2651
2585
2557
2623
2082
2322
2635
2585
2589
2585
2577
2577
2309
2518
2577
2585
2595
2583
2579
2577
2189
2363
2577
2581
2635
2583
2571
2627
2085
2235
2627
2643
2583
2587
2577
2573
2047
2239
2575
2645
2587
2577
2577
2567
2044
2182
2643
2583
2639
2585
2569
2637
2157
2319
2583
2635
2591
2587
2573
2573
2145
2363
2581
2637
2581
2581
2573
2635
2145
2352
2633
2639
2639
2577
2569
2633
2019
2155
2579
2587
2589
2587
2563
2629
2114
2292
2633
2577
2649
2585
2571
2583
2249
2463
2585
2585
2591
2587
2573
2579
2094
2229
2583
2583
2589
2587
2567
2637
2113
2254
2567
2645
2583
2195
2609
2607
2545
1825
1951
2545
2553
2579
2009
2168
2569
2573
3577
3505
3518
2081
2236
3521
3525
3527
3523
3521
2182
2301
3527
3531
3539
3519
3525
2117
2258
3521
3529
3533
3527
3509
2171
2346
3517
3519
3537
3527
3519
2151
2297
3523
3527
3533
3523
3523
2175
2297
3527
3523
3539
3533
3513
2224
2387
3523
3527
3533
3529
3521
2181
2330
3523
3531
3531
3525
3519
2299
2493
3521
3525
3527
3531
3519
2459
2641
3527
3531
3533
3523
3525
2345
2564
3525
3527
3531
3529
3519
2300
2449
3531
3531
3527
3529
3521
2118
2286
3525
3529
3535
3523
3521
2187
2343
3529
3527
3535
3523
3523
2209
2355
3523
3537
3533
3527
3509
2061
2249
3525
3521
3535
3529
3521
2269
2457
3525
3521
3535
1785
3419
3419
3381
3393
2044
2199
3395
3399
3415
3417
3413
2465
2663
3417
3427
3433
3411
3413
2447
2621
3423
3423
3431
3419
3407
2429
2649
3417
3421
3429
3413
3411
2223
2363
3423
3429
3421
3421
3407
2263
2479
3421
3425
3435
3419
3403
2445
2633
3421
3421
3429
3415
3411
2181
2353
3425
3429
3423
3411
3417
2323
2517
3423
3425
3421
3415
3417
2191
2423
3419
3429
3425
3415
3409
2267
2445
3418
3421
3423
3421
3409
2461
2725
3417
3423
3423
3419
3413
2285
2497
3411
3425
3423
3419
3411
2281
2419
3417
3431
3433
3417
3415
2249
2453
3421
3425
3429
3425
3411
2251
2419
3423
3419
3427
3417
3419
2503
2793
3423
3421
3429
3417
3413
2527
2707
3419
3429
3425
3419
3415
2273
2457
3417
3425
3425
3417
3417
2281
2463
3417
3425
3425
3411
3407
2329
2477
3425
3425
2487
3419
3417
3387
3387
2259
2467
3401
3399
3423
3415
3415
2332
2534
3421
3431
3425
3419
3415
2492
2661
3419
3423
3425
3411
3413
2498
2662
3419
3413
3421
3423
3417
2555
2718
3411
3423
3429
3421
3415
2267
2386
3423
3415
3429
3423
3409
2141
2310
3427
3421
3415
3415
3415
2381
2640
3417
3423
3429
3411
3413
2565
2842
3423
3423
3423
3421
3407
2613
2797
3409
3425
3421
3415
3409
2363
2594
3423
3415
3419
3415
3407
2311
2519
3423
3419
3429
3421
3411
2513
2705
3409
3421
3417
3421
3413
2345
2596
3421
3425
3417
3425
3405
2564
2733
3415
3415
3431
3421
3417
2489
2705
3413
3421
3425
3421
3419
2583
2841
3421
3419
3427
3419
3413
2312
2536
3413
3425
3423
3419
3409
2317
2507
3413
3425
3427
3411
3417
2396
2598
3415
3429
3427
3425
3419
2573
2725
3421
3425
3427
3407
3411
2286
2472
3423
3427
3429
3415
3421
2197
2429
3417
3411
3483
2091
3418
3416
3380
3395
2310
2606
3390
3406
3409
3415
3413
2696
2887
3413
3417
3421
3417
3409
2537
2729
3421
3421
3423
3421
3413
2649
2927
3407
3423
3431
3409
3413
2616
2957
3413
3421
3435
3413
3423
2377
2633
3423
3421
3427
3419
3417
2557
2815
3409
3419
3423
3419
3407
2541
2751
3419
3427
3421
3427
3405
2281
2510
3419
3425
3421
3427
3407
2332
2567
3421
3415
3413
3423
3409
2378
2602
3411
3427
3427
3423
3413
2325
2623
3417
3419
3429
3421
3413
2375
2655
3415
3409
3483
3425
3411
2547
2800
3423
3429
3419
3415
3411
2555
2787
3415
3429
3427
3411
3411
2418
2623
3419
3425
3427
3411
3413
2257
2466
3423
3427
3421
3427
3411
2271
2570
3411
3415
3429
3421
3413
2583
2804
3427
3417
3427
3415
3413
2417
2689
3421
3417
3425
3423
3407
2399
2631
3427
3417
3427
3419
3417
2668
3015
3409
3425
3427
3411
3413
2370
2599
3413
3427
3423
3421
3417
2434
2633
3415
3417
3423
3413
3419
2611
2931
3423
3427
3419
2571
3424
3424
3392
3400
2056
2234
3396
3408
3411
3391
3495
2443
2662
3411
3421
3431
3421
3407
2667
2998
3415
3425
3427
3413
3405
2721
3019
3421
3421
3429
3415
3405
2375
2659
3431
3425
3409
3417
3407
2361
2653
3421
3429
3413
3415
3405
2473
2745
3417
3433
3421
3419
3409
2377
2608
3421
3415
3421
3403
3417
2322
2699
3427
3429
3425
3415
3409
2407
2640
3419
3421
3429
3411
3399
2359
2643
3503
3423
3430
3419
3415
2793
3072
3417
3425
3435
3417
3409
2727
2996
3423
3417
3425
3421
3407
2653
3026
3423
3423
3425
3415
3413
2675
2969
3421
3415
3429
3425
3407
2446
2691
3421
3423
3415
3417
3417
2667
3067
3423
3431
3429
3413
3413
2761
3020
3423
3417
3425
3421
3409
2662
2938
3415
3415
3411
3419
3413
2403
2711
3419
3427
3433
3415
3409
2455
2720
3407
3423
3419
3409
3405
2347
2598
3419
3421
3425
3413
3413
2375
2627
3419
3427
3423
3419
3411
2442
2718
3415
3421
3427
3415
3417
2713
3099
3425
3421
3431
3419
3407
2923
3151
3419
3421
3423
3417
3419
2726
3099
3415
3421
3433
2987
3420
3418
3465
2507
2735
3387
3395
3409
3419
2617
3007
3409
3415
3585
3577
3567
2723
3151
3579
3579
3579
3579
3565
2685
3113
3577
3579
3577
3571
3569
2830
3137
3577
3575
3579
3575
3573
2863
3137
3563
3587
3587
3577
3567
2731
3030
3575
3581
3585
3573
3571
2661
2955
3573
3573
3583
3571
3573
2747
3081
3567
3581
3591
3571
3575
2803
3163
3571
3571
3585
3573
3565
2465
2805
3577
3581
3585
3567
3579
2611
2861
3567
3581
3583
3575
3571
2857
3268
3573
3579
3585
3575
3567
2776
3136
3579
3577
3587
3573
3559
2439
2755
3575
3583
3585
3575
3569
2987
3383
3571
3577
3581
3577
3573
2827
3191
3579
3575
3575
3567
3573
2449
2747
3573
3581
3589
3575
3565
2397
2667
3579
3579
3575
3581
3569
2187
2491
3575
3583
3581
3573
3569
2759
3109
3571
3583
3581
3577
3575
2785
2981
3569
3581
3587
3577
3571
2829
3257
3577
3575
3583
3583
3575
2831
3159
3571
3581
3583
3575
3559
2419
2731
3575
3571
3581
3575
3569
2373
2633
3573
3581
3583
3569
3569
2431
2679
3579
3587
3589
3579
3573
2804
3169
3569
2133
3423
3421
3379
3389
2397
2705
3393
3407
3701
3697
3683
2695
2957
3685
3689
3699
3697
3687
2507
2739
3687
3693
3703
3697
3685
2543
2953
3675
3703
3707
3691
3671
2799
3191
3687
3703
3703
3693
3675
2767
3077
3685
3691
3711
3697
3685
2897
3377
3685
3695
3687
3686
3693
2741
3018
3693
3691
3705
3685
3691
2505
2953
3693
3693
3689
3687
3685
2569
2865
3689
3703
3703
3695
3679
2447
2719
3691
3695
3703
3695
3671
2481
2781
3701
3699
3705
3689
3679
2463
2665
3685
3703
3703
3689
3689
2345
2576
3681
3697
3699
3693
3689
2907
3287
3691
3693
3695
3697
3687
3025
3281
3681
3697
3689
3697
3685
2489
2993
3689
3695
3693
3695
3695
2451
2783
3683
3697
3703
3689
3683
2275
2484
3695
3703
3689
3695
3685
2537
2913
3685
3689
3701
3691
3695
2839
3327
3699
3701
3699
3693
3681
2959
3403
3687
3693
3697
3679
3689
2819
3245
3695
3687
3707
3703
3687
2717
3169
3685
3687
3705
3685
3687
2851
3275
3695
3697
3693
3693
3679
2795
3055
3693
3691
3693
3687
3685
2881
3697
1921
3693
3689
3761
3695
3691
2603
2739
3418
3572
3572
3623
3628
3634
2401
2673
3642
3636
3647
3651
3643
2382
2771
3647
3653
3661
3645
3639
2479
2767
3643
3647
3657
3651
3649
2567
2871
3651
3653
3659
3649
3631
2517
2789
3649
3651
3653
3651
3635
2985
3429
3653
3663
3653
3655
3649
3009
3379
3645
3651
3657
3657
3639
2812
3205
3649
3641
3657
3657
3639
2795
3263
3647
3643
3657
3655
3651
2905
3505
3645
3647
3667
3647
3641
2937
3321
3641
3649
3661
3651
3629
2943
3355
3651
3647
3661
3649
3639
2874
3327
3655
3643
3667
3653
3643
2545
2923
3645
3647
3661
3647
3645
2863
3275
3647
3651
3657
3645
3645
2809
3129
3641
3655
3665
3645
3643
2990
3369
3639
3653
3667
3649
3645
2801
3159
3655
3661
3665
3647
3647
2641
3023
3655
3655
3653
3645
3635
2591
2817
3643
3647
3649
3639
3641
3041
3347
3651
3643
3709
3653
3641
2837
3277
3645
3645
3665
3643
3645
3123
3552
3651
3651
3651
3653
3647
2857
3305
3641
3647
3663
3659
3647
2949
3281
3645
3645
3653
3647
3637
2943
3367
3639
3651
3659
3649
3645
2461
3107
3647
3657
3651
3649
3649
2484
2789
3647
3655
3663
3653
3631
2962
3443
3647
3661
3649
3657
2725
3445
3443
3407
3599
3597
2457
2913
3585
3593
3625
3615
3595
2601
2897
3609
3615
3623
3619
3601
2549
2855
3603
3617
3619
3609
3613
2824
3539
3623
3611
3613
3609
3597
2831
3299
3615
3605
3681
3615
3605
2875
3615
1780
3607
3705
3629
3615
3603
3057
3535
3625
3607
3683
3599
3687
3609
2821
3249
3605
3693
3625
3617
3607
3619
2954
3429
3613
3613
3635
3621
3613
3613
3333
3609
1868
3617
3625
3633
3617
3611
3613
2929
3445
3621
3627
3621
3621
3607
3611
3238
3613
1983
3619
3631
3629
3627
3605
3603
3051
3387
3627
3619
3683
3609
3603
3613
2951
3303
3619
3619
3627
4363
4413
4467
4533
4543
4541
2799
3195
4539
4561
4377
4375
4441
4511
4537
4535
4543
3151
3390
4543
4543
4407
4385
4447
4517
4531
4537
4531
3117
3421
4541
4561
4425
4385
4443
4513
4537
4545
4553
3113
3554
4537
4541
4413
4383
4443
4511
4537
4551
4547
3263
3596
4535
4541
4409
4385
4447
4515
4549
4541
4535
2969
3225
4545
4555
4413
4383
4445
4515
4535
4537
4547
2097
3492
3490
2263
2565
3525
3441
3539
2523
3319
4531
4587
4441
4513
4581
4653
4717
4737
4723
4723
3259
3425
4715
4733
4587
4513
4579
4647
4713
4731
4725
4739
3539
3979
4711
4747
4581
4509
4575
4645
4715
4727
4725
4737
3019
3186
4699
4731
4567
4505
4563
4635
4701
4729
4733
4729
2885
3081
4697
4731
4551
4503
4567
4631
4701
4721
4737
4719
3157
3365
4697
4731
4559
4509
4571
4637
4705
4735
4729
4723
3309
3607
4693
4729
4553
4509
4573
4639
4703
4733
4725
4739
3025
3303
4693
4727
4569
4513
4575
4639
4707
4713
4723
4735
3379
3749
4685
4731
4549
4511
4575
4637
4705
4725
4739
4731
3313
3901
4697
4741
4571
4517
4581
4647
4717
4725
4721
4725
3317
3549
4677
4739
4547
4507
4571
4639
4707
4723
4729
4733
3265
3526
4697
4737
4555
4507
4571
4641
4711
4735
4547
3468
2273
2742
3466
3500
3513
2966
3347
3447
3459
4319
4469
4569
4637
4701
4767
4827
4837
4841
3005
3297
4829
4837
4639
4585
4651
4717
4783
4829
4841
4833
3353
3840
4769
4843
4597
4585
4651
4715
4785
4837
4833
4825
3353
4169
4813
4833
4631
4581
4641
4707
4773
4829
4833
4837
4845
3595
3836
4751
4837
4639
4583
4643
4711
4775
4833
4839
4841
3381
3733
4789
4839
4601
4583
4645
4709
4779
4841
4825
4833
4843
2975
3498
4779
4855
4659
4587
4651
4715
4783
4839
4833
4845
3329
3705
4769
4837
4591
4581
4641
4715
4783
4837
4835
4829
3285
3473
4785
4841
4597
4575
4637
4705
4773
4827
4837
4833
3071
3257
4783
4841
4587
4587
4651
4715
4781
4831
4833
4839
2804
2992
4769
4845
4593
4579
4645
4715
4781
4839
4843
4833
3191
3787
4799
4843
4615
4575
4633
4705
4773
4839
4835
4839
2451
3444
3442
3040
3548
1436
3574
3561
3589
3007
3595
1662
3583
3595
3611
3745
3753
3069
3497
3749
3751
3753
3755
3739
2563
2979
3747
3745
3753
4317
4371
4431
4473
4467
4469
3029
3221
4477
4483
4355
4349
4409
4471
4465
4489
2877
3261
4473
4477
4329
4335
4395
4463
4475
4469
2889
3185
4485
4477
4317
4337
4401
4469
4479
4473
2845
3108
4477
4469
4311
4341
4403
4473
4479
4487
3217
3478
4481
4477
4325
4343
4403
4475
4467
4461
3105
3705
4481
4485
4339
4343
4403
4473
4467
4469
3115
3639
4451
4491
4315
4335
4399
4467
4475
4467
3497
4160
4473
4483
4325
4335
4477
4539
4607
4587
4593
3201
3981
4581
4613
4423
4423
4485
4553
4589
4603
4601
3156
3667
4603
4597
4459
4423
4487
4555
4593
4591
4591
3025
3371
4597
4601
4449
4421
4483
4553
4595
4601
4607
2975
3357
4569
4599
4441
4425
4485
4555
4597
4593
4603
3128
3876
4593
4607
4441
4425
4487
4553
4591
4603
4597
3332
3773
4585
4601
4447
4423
4487
4553
4583
4593
4198
3494
2948
3492
1628
3526
3434
3539
2677
3208
3473
3557
4187
4241
4293
4355
4363
4361
3331
3615
4363
4355
4231
4261
4321
4365
4363
2901
3220
4349
4357
4197
4589
4651
4711
4777
4845
4859
4849
3561
3777
4817
4851
4611
4591
4651
4717
4787
4843
4859
4847
3527
4115
4795
4863
4615
4595
4661
4725
4791
4851
4853
4857
2854
3265
4817
4863
4617
4597
4663
4731
4797
4843
4861
4861
3009
3381
4813
4843
4627
4593
4653
4721
4789
4853
4865
4851
3427
3651
4805
4857
4599
4599
4663
4733
4799
4849
4869
4857
3423
4115
4811
4853
4367
4615
4671
4731
4795
4845
4871
4865
3355
3595
4811
4859
4615
4597
4659
4727
4799
4855
4847
4853
2977
3354
4801
4863
4625
4603
4667
4731
4801
4847
4849
4847
3003
3372
4797
4857
4609
4593
4661
4725
4793
4853
4859
4857
3207
4107
4819
4857
4621
4593
4609
4725
4793
4859
4849
4861
3585
4001
4817
4853
4799
4769
4827
4899
4959
5027
5097
5089
3458
2616
3456
1462
3486
3416
3435
3197
3437
1818
3513
3511
3659
3583
3677
3299
3595
1932
3693
3617
3667
3603
3669
3755
3751
3381
3824
3845
3775
3821
3749
3811
4879
4823
3753
4941
4903
3957
4550
4961
4883
4811
4263
4561
5125
4805
4811
5323
5385
5127
3537
4003
5323
5387
4973
4959
5023
5093
5157
5221
5285
5353
5403
5389
3757
4221
5181
5403
4887
4953
5015
5081
5147
5213
5277
5343
5389
5385
5393
4149
4549
5233
5389
5063
4955
5019
5087
5155
5217
5287
5353
5393
5397
5389
3407
3947
5223
5393
4979
4955
5021
5083
5149
5215
5283
5345
5395
5389
5393
3488
3899
5179
5403
4945
4963
5023
5087
5155
5221
5283
5349
5385
5385
5401
3100
3597
5185
5387
4959
4969
4571
4555
4659
4403
5529
5441
5483
5553
5561
4207
4831
5199
5565
5119
5019
5129
5193
5257
5079
5397
5465
5529
5551
5559
5559
4067
4799
5315
5555
5073
5073
5135
5145
3476
3192
3480
1768
3496
3436
3529
3187
3463
1961
3541
3457
3989
3933
4001
3919
1889
2557
4013
3941
3987
3933
3931
3957
3921
2241
2597
4153
4161
4137
4037
4123
4147
4051
2429
2969
4291
4219
4209
4231
4187
4195
4187
2343
3183
4403
4311
4367
4335
4323
4617
4595
3373
4080
4613
4451
4619
4285
4677
4901
3913
5107
4407
3601
4260
5045
5123
4869
4853
4103
5071
5255
4585
5457
4149
3733
4597
5393
5403
4955
5103
3651
5297
4819
5677
5633
5377
5637
2374
5661
5685
4595
5463
5355
4949
5587
5305
5573
5721
5717
4553
4659
5465
5689
4969
5481
5177
5085
5441
5501
5559
4863
5775
5713
4023
4113
5499
5699
1894
489
498
587
1298
1360
1046
1434
1444
1379
1370
2278
2202
2466
2659
2153
1771
2343
2807
2970
3116
3246
3294
3341
2209
2320
3393
3439
3379
3365
3407
2209
2380
3417
3413
3423
3407
2221
2481
3409
3409
3395
3405
2185
2465
3409
3413
3405
2411
2769
3417
3409
3407
1503
3370
3370
2406
2599
3338
3339
3356
2004
2178
3354
3358
3354
2354
2654
4274
4330
4280
2366
2678
4346
4410
4222
2702
3176
4288
4356
4232
2682
3332
4296
4362
4488
2628
2972
4460
4520
4412
2712
3372
4480
4546
4404
3544
3902
4472
4538
4402
3644
4088
4488
4562
4450
2798
3113
4522
4590
4430
4782
4782
2466
4775
442
446
465
984
1070
1078
1106
1184
1132
1385
1816
2202
2243
2219
1647
1647
510
507
580
792
902
908
1255
1414
1426
1750
1905
1703
2194
2139
1903
2189
2327
2523
2628
2752
2785
2266
2105
2671
2876
3025
3191
3348
3498
