0.01
0.01
0.00
0.01
0.01
0.01
0.00
0.00
0.00
0.00
0.02
0.15
0.09
0.06
0.04
0.00
0.00
0.32
0.26
0.14
0.16
0.07
0.73
0.00
0.00
0.52
0.56
0.20
0.11
0.16
0.59
0.46
0.29
0.18
0.01
0.00
0.63
0.34
0.17
0.18
0.01
0.00
0.19
0.18
0.01
0.00
0.46
0.36
0.26
0.19
0.01
0.00
1.25
0.98
0.21
0.00
0.00
0.14
0.29
0.34
0.25
0.01
0.00
0.25
0.53
0.33
0.27
0.01
0.00
0.27
0.48
0.38
0.30
0.02
0.00
0.30
0.50
0.36
0.31
0.04
0.00
0.30
0.51
0.52
0.33
0.04
0.00
0.36
0.54
0.47
0.56
0.41
0.04
0.00
0.56
0.73
0.61
0.60
0.03
0.00
0.59
0.81
0.58
0.05
0.00
0.66
0.73
0.68
0.04
0.00
0.71
0.85
0.71
0.03
0.00
0.72
0.81
0.75
0.78
0.03
0.00
0.80
0.66
0.78
0.81
0.79
0.83
0.81
0.02
0.00
0.80
0.82
0.83
0.22
0.11
0.00
0.00
0.58
0.48
0.22
0.01
0.00
0.89
1.19
0.38
0.01
0.00
0.21
0.22
0.21
0.02
0.00
0.22
0.34
0.33
0.04
0.00
0.43
0.52
0.57
0.64
0.69
0.78
0.78
0.65
0.02
0.00
0.66
0.72
0.77
0.70
0.01
0.01
0.74
0.87
0.71
0.01
0.00
0.71
0.79
0.70
0.03
0.00
0.73
0.83
0.79
0.01
0.00
0.74
0.81
0.79
0.01
0.00
0.78
0.82
0.75
0.01
0.00
0.71
0.80
0.80
0.01
0.00
0.77
0.82
0.77
0.01
0.00
0.83
4.11
0.01
0.01
0.00
0.17
0.13
0.01
0.00
0.77
0.74
0.40
0.12
0.33
0.00
2.45
1.40
0.54
0.02
0.00
0.26
0.27
0.37
0.44
0.55
0.50
0.45
0.03
0.00
0.48
0.60
0.75
0.68
0.54
0.04
0.54
0.00
0.60
0.87
0.79
0.59
0.03
0.00
0.59
0.61
0.67
0.66
0.03
0.00
0.71
0.89
0.73
0.02
0.00
0.73
0.79
0.71
0.03
0.00
0.71
0.90
0.76
0.02
0.00
0.81
0.82
0.79
0.02
0.00
0.79
0.83
0.81
0.02
0.00
0.82
0.85
0.81
0.02
0.00
0.90
0.85
0.81
0.02
0.00
0.88
0.87
0.80
0.02
0.00
0.84
0.88
0.86
0.02
0.00
0.84
0.87
0.85
0.02
0.00
0.85
0.87
0.83
0.01
0.00
0.82
0.87
0.89
0.01
0.00
0.86
0.92
0.81
0.02
0.00
0.87
0.95
0.84
0.02
0.00
0.85
0.87
0.81
0.01
0.00
0.91
0.89
0.81
0.01
0.00
0.83
0.89
0.81
0.01
0.00
0.87
0.88
0.90
0.01
0.00
0.88
0.86
0.87
0.02
0.00
0.87
0.89
0.87
0.86
0.85
0.83
0.90
0.02
0.00
0.90
0.86
0.77
0.85
0.94
0.91
0.87
0.88
0.02
0.00
0.90
0.94
0.97
0.91
0.02
0.26
0.12
0.01
0.00
0.77
0.69
0.17
0.12
0.30
0.00
1.24
1.51
0.83
0.01
0.00
0.27
0.29
0.37
0.38
0.02
0.00
0.39
0.63
0.63
0.58
0.61
0.61
0.04
0.00
0.60
0.68
0.74
0.69
0.70
0.02
0.00
0.77
0.82
0.61
0.04
0.00
0.74
0.87
0.75
0.04
0.00
0.84
3.96
0.43
0.02
0.58
0.00
0.57
0.70
0.69
0.77
0.03
0.00
0.76
0.84
0.83
0.01
0.00
0.86
0.88
0.74
0.01
0.00
0.87
0.74
0.90
0.03
0.00
0.98
0.21
0.16
0.01
0.00
0.75
0.75
0.22
0.33
0.13
0.00
1.86
1.38
0.18
0.13
0.01
0.00
0.53
0.60
0.37
0.30
0.01
0.00
1.15
1.50
0.74
0.79
0.01
0.00
0.39
0.24
0.29
0.32
0.28
0.02
0.00
0.29
0.55
0.60
0.51
0.36
0.02
0.00
0.38
0.52
0.37
0.39
0.01
0.00
0.39
0.59
0.46
0.40
0.01
0.00
0.40
0.55
0.45
0.41
0.02
0.00
0.41
0.58
0.50
0.42
0.02
0.00
0.32
0.56
0.55
0.40
0.01
0.00
0.41
3.76
0.24
0.01
0.00
0.37
0.49
0.44
0.01
0.01
0.44
0.55
0.41
0.02
0.00
0.40
0.61
0.41
0.02
0.00
0.41
0.69
0.40
0.02
0.00
0.40
0.61
0.41
0.01
0.00
0.40
3.65
0.25
0.01
0.00
0.36
0.51
0.44
0.01
0.00
0.43
0.53
0.42
0.01
0.00
0.42
0.57
0.41
0.01
0.00
0.42
0.60
0.42
0.01
0.00
0.41
0.55
0.42
0.01
0.00
0.40
0.55
0.43
0.01
0.00
0.42
0.49
0.41
0.01
0.00
0.42
0.63
0.41
0.01
0.00
0.40
0.53
0.41
0.01
0.00
0.43
0.58
0.41
0.02
0.00
0.42
0.60
0.43
0.02
0.00
0.41
0.62
3.67
0.24
0.01
0.00
0.41
0.50
0.34
0.02
0.00
0.45
0.54
0.33
0.02
0.00
0.42
0.57
0.41
0.01
0.00
0.42
0.55
0.41
0.01
0.00
0.43
0.54
0.40
0.01
0.00
0.42
0.56
0.42
0.01
0.00
0.41
0.54
0.41
0.02
0.00
0.41
0.53
0.41
0.01
0.00
0.41
0.55
0.41
0.01
0.00
0.41
0.60
0.41
0.01
0.00
0.41
0.54
0.41
0.01
0.01
0.41
0.55
0.41
0.01
0.00
0.41
0.57
0.43
0.02
0.00
0.42
0.55
0.41
0.02
0.00
0.42
0.53
0.34
0.01
0.00
0.41
0.50
0.40
0.01
0.00
0.41
0.57
0.40
0.02
0.00
0.40
0.53
0.41
0.02
0.00
0.40
0.55
3.17
0.27
0.02
0.00
0.36
0.42
0.44
0.02
0.00
0.33
0.55
0.40
0.01
0.00
0.40
0.52
0.41
0.02
0.00
0.40
0.57
0.41
0.01
0.00
0.41
0.54
0.41
0.01
0.00
0.42
0.57
0.41
0.01
0.00
0.41
0.55
0.42
0.02
0.00
0.39
0.43
0.42
0.02
0.00
0.40
0.61
0.39
0.01
0.00
0.43
0.52
0.42
0.01
0.00
0.41
0.52
0.41
0.02
0.00
0.41
0.56
0.39
0.01
0.00
0.43
0.57
0.32
0.02
0.00
0.41
0.57
0.42
0.01
0.00
0.42
0.52
0.43
0.01
0.00
0.40
0.47
0.41
0.01
0.00
0.43
0.56
0.32
0.02
0.00
0.41
0.54
0.42
0.01
0.00
0.42
0.57
0.41
0.02
0.00
0.41
0.56
0.41
0.01
0.00
0.42
0.53
0.42
0.02
0.00
0.41
0.56
0.42
0.02
0.00
0.41
0.53
0.43
0.01
0.00
0.39
0.43
0.43
0.02
0.00
0.40
0.56
0.40
0.01
0.00
0.39
3.52
0.26
0.02
0.00
0.38
0.49
0.34
0.02
0.00
0.44
0.58
0.43
0.01
0.00
0.42
0.46
0.43
0.02
0.00
0.41
0.59
0.43
0.02
0.00
0.41
0.52
0.41
0.02
0.00
0.41
0.55
0.41
0.02
0.00
0.41
0.54
0.40
0.01
0.00
0.45
0.52
0.32
0.02
0.00
0.41
0.57
0.43
0.02
0.00
0.43
0.48
0.34
0.02
0.00
0.41
0.46
0.43
0.02
0.00
0.40
0.53
0.45
0.02
0.00
0.44
0.47
0.31
0.02
0.00
0.33
0.59
0.32
0.02
0.01
0.40
0.56
0.40
0.02
0.00
0.42
0.52
0.44
0.02
0.00
0.41
0.51
0.32
0.02
0.00
0.44
0.58
0.33
0.02
0.00
0.41
0.46
0.41
0.42
0.02
0.00
0.40
0.54
0.42
0.41
0.02
0.00
0.41
0.58
0.42
0.40
0.02
0.00
0.43
0.55
0.41
0.40
0.02
0.00
0.42
0.59
0.43
0.42
0.01
0.00
0.40
0.46
0.42
0.40
0.40
0.02
0.00
0.40
0.52
0.47
0.43
0.31
0.02
0.00
0.40
0.54
0.51
0.42
0.41
0.02
0.00
0.30
0.53
0.42
0.39
0.01
0.00
0.40
0.54
0.43
0.41
0.03
0.00
0.42
3.18
0.26
0.39
0.36
0.02
0.00
0.47
0.54
0.33
0.03
0.00
0.41
0.53
0.41
0.02
0.00
0.41
0.56
0.40
0.02
0.00
0.42
0.52
0.44
0.02
0.00
0.42
0.43
0.32
0.02
0.00
0.44
0.57
0.41
0.41
0.02
0.00
0.42
0.56
0.31
0.02
0.00
0.41
0.55
0.42
0.02
0.00
0.44
0.55
0.31
0.02
0.00
0.40
0.55
0.41
0.41
0.02
0.00
0.41
0.55
0.43
0.41
0.02
0.00
0.41
0.56
0.42
0.40
0.02
0.00
0.42
0.58
0.43
0.40
0.01
0.00
0.32
0.56
0.35
0.02
0.00
0.41
0.47
0.40
0.41
0.02
0.00
0.42
0.54
0.37
0.42
0.02
0.00
0.31
0.47
0.45
0.40
0.40
0.02
0.00
0.39
0.50
0.46
0.40
0.41
0.01
0.00
0.41
0.52
0.49
0.40
0.41
0.02
0.00
0.41
0.52
0.38
0.41
0.31
0.02
0.00
0.39
0.54
0.47
0.41
0.41
0.02
0.00
0.39
0.50
0.44
0.41
0.40
0.02
0.00
0.39
0.54
0.48
0.40
0.40
0.02
0.00
0.39
0.55
0.47
0.40
0.42
0.02
0.00
0.42
0.44
0.41
0.41
0.31
0.02
0.00
0.41
0.51
0.47
0.40
0.33
0.02
0.00
0.39
0.43
0.46
0.41
0.42
0.40
0.02
0.00
0.29
0.39
0.48
0.41
0.40
0.32
0.02
0.00
0.38
3.59
0.29
0.38
0.36
0.01
0.00
0.34
0.44
0.44
0.46
0.45
0.02
0.00
0.46
0.54
0.40
0.45
0.37
0.03
0.00
0.45
0.45
0.48
0.45
0.45
0.43
0.02
0.00
0.43
0.53
0.49
0.45
0.45
0.44
0.02
0.00
0.43
0.52
0.50
0.44
0.48
0.44
0.02
0.00
0.36
0.53
0.41
0.43
0.46
0.44
0.02
0.00
0.46
0.53
0.42
0.45
0.46
0.44
0.02
0.00
0.45
0.54
0.45
0.46
0.45
0.46
0.02
0.00
0.42
0.51
0.51
0.46
0.46
0.44
0.02
0.00
0.43
0.51
0.50
0.45
0.45
0.45
0.02
0.00
0.42
0.54
0.49
0.46
0.45
0.44
0.02
0.00
0.43
0.56
0.49
0.47
0.44
0.36
0.02
0.00
0.42
0.43
0.52
0.44
0.45
0.45
0.02
0.00
0.43
0.51
0.49
0.47
0.47
0.35
0.02
0.00
0.43
0.43
0.52
0.45
0.45
0.45
0.02
0.00
0.42
0.52
0.51
0.43
0.45
0.45
0.02
0.00
0.43
0.53
0.50
0.45
0.47
0.43
0.02
0.00
0.42
0.53
0.51
0.44
0.46
0.44
0.02
0.00
0.45
0.53
0.41
0.46
0.46
0.44
0.01
0.00
0.41
0.52
0.50
0.44
0.46
0.44
0.02
0.00
0.43
0.53
0.53
0.47
0.46
3.35
0.28
0.41
0.52
0.02
0.00
0.49
0.55
0.46
0.03
0.00
0.46
0.56
0.45
0.45
0.02
0.00
0.48
0.58
0.34
0.45
0.45
0.03
0.00
0.45
0.54
0.49
0.45
0.45
0.44
0.02
0.00
0.42
0.54
0.47
0.47
0.45
0.34
0.03
0.00
0.44
0.52
0.52
0.45
0.45
0.44
0.03
0.00
0.43
0.53
0.49
0.44
0.45
0.44
0.03
0.00
0.43
0.51
0.49
0.48
0.45
0.34
0.02
0.00
0.42
0.51
0.52
0.47
0.49
0.47
0.03
0.00
0.44
0.43
0.41
0.44
0.47
0.44
0.03
0.00
0.44
0.50
0.42
0.51
0.49
0.34
0.03
0.00
0.33
0.52
0.50
0.43
0.45
0.45
0.03
0.00
0.42
0.51
0.50
0.45
0.44
0.46
0.03
0.00
0.44
0.54
0.42
0.47
0.46
0.37
0.02
0.00
0.32
0.43
0.52
0.45
0.44
0.48
0.02
0.00
0.42
0.42
0.49
0.45
0.46
0.43
0.03
0.00
0.34
0.52
0.40
0.46
0.44
0.34
0.02
0.00
0.43
0.42
0.50
0.44
0.45
0.47
0.03
0.00
0.44
0.44
0.50
0.47
0.45
0.34
0.03
0.00
0.35
0.44
0.44
0.46
0.46
0.34
0.03
0.00
0.43
0.52
0.52
0.47
0.49
0.33
0.03
0.00
0.35
0.51
0.42
0.46
0.45
0.43
0.03
0.00
0.44
0.50
0.48
0.44
0.47
0.45
0.03
0.00
0.43
0.53
0.50
0.46
0.44
0.40
0.03
0.00
0.42
0.43
0.50
3.30
0.26
0.41
0.52
0.02
0.00
0.50
0.55
0.48
0.02
0.00
0.46
0.60
0.56
0.68
0.66
0.02
0.00
0.65
0.72
0.64
0.65
0.65
0.02
0.00
0.64
0.68
0.66
0.64
0.65
0.02
0.00
0.64
0.70
0.65
0.69
0.67
0.02
0.00
0.68
0.69
0.67
0.64
0.68
0.02
0.00
0.67
0.70
0.65
0.67
0.64
0.02
0.00
0.65
0.70
0.63
0.68
0.66
0.03
0.00
0.69
0.69
0.64
0.64
0.66
0.02
0.00
0.65
0.70
0.65
0.66
0.65
0.03
0.00
0.65
0.73
0.64
0.66
0.65
0.03
0.00
0.65
0.68
0.66
0.64
0.65
0.02
0.00
0.64
0.70
0.64
0.64
0.65
0.02
0.00
0.64
0.73
0.63
0.63
0.66
0.02
0.00
0.64
0.71
0.66
0.64
0.66
0.02
0.00
0.65
0.71
0.67
0.64
0.65
0.02
0.00
0.65
0.71
0.65
0.68
0.65
0.02
0.00
0.65
0.72
0.63
0.66
0.66
0.01
0.00
0.66
0.70
0.63
3.05
0.41
0.57
0.68
0.70
0.02
0.00
0.66
0.70
0.64
0.66
0.64
0.03
0.00
0.63
0.69
0.65
0.63
0.64
0.03
0.00
0.62
0.69
0.67
0.67
0.66
0.02
0.00
0.63
0.67
0.65
0.63
0.64
0.02
0.00
0.62
0.70
0.63
0.67
0.64
0.03
0.00
0.63
0.69
0.65
0.65
0.62
0.03
0.00
0.62
0.71
0.66
0.64
0.62
0.02
0.00
0.62
0.69
0.67
0.62
0.63
0.02
0.00
0.61
0.72
0.66
0.64
0.63
0.02
0.00
0.61
0.70
0.64
0.65
0.67
0.03
0.00
0.64
0.70
0.63
0.64
0.64
0.03
0.00
0.62
0.69
0.64
0.64
0.65
0.02
0.00
0.63
0.69
0.65
0.64
0.64
0.02
0.00
0.62
0.68
0.62
0.63
0.63
0.02
0.00
0.62
0.69
0.61
0.65
0.64
0.02
0.00
0.61
0.70
0.63
0.62
0.63
0.02
0.00
0.63
0.68
0.64
0.64
0.65
0.02
0.00
0.63
0.72
0.63
0.65
0.65
0.02
0.00
0.63
0.71
0.64
0.64
0.67
0.03
0.00
0.62
0.71
0.65
0.65
0.61
0.02
0.00
0.63
0.68
3.37
0.39
0.56
0.70
0.66
0.02
0.00
0.66
0.70
0.64
0.64
0.64
0.02
0.00
0.62
0.69
0.64
0.62
0.65
0.02
0.00
0.64
0.69
0.67
0.63
0.67
0.02
0.00
0.66
0.71
0.63
0.63
0.65
0.02
0.00
0.64
0.69
0.62
0.63
0.63
0.03
0.00
0.65
0.68
0.62
0.65
0.63
0.01
0.00
0.64
0.72
0.67
0.63
0.64
0.03
0.00
0.65
0.69
0.66
0.63
0.64
0.02
0.00
0.65
0.69
0.63
0.65
0.65
0.02
0.00
0.63
0.71
0.65
0.66
0.64
0.02
0.00
0.64
0.72
0.65
0.65
0.65
0.02
0.00
0.64
0.69
0.62
0.63
0.69
0.02
0.00
0.64
0.71
0.62
0.65
0.65
0.02
0.00
0.62
0.70
0.62
0.65
0.64
0.03
0.00
0.64
0.67
0.62
0.62
0.64
0.03
0.00
0.64
0.70
0.62
0.63
0.65
0.02
0.00
0.64
0.70
0.64
0.62
0.66
0.02
0.00
0.62
0.69
0.63
0.65
0.66
0.02
0.00
0.62
0.71
0.66
0.63
0.67
0.02
0.00
0.62
0.69
0.61
0.63
0.63
0.03
0.00
0.62
0.69
0.68
0.64
0.63
0.02
0.00
0.64
0.68
0.65
0.62
0.64
0.02
0.00
0.68
0.70
0.54
3.32
0.39
0.58
0.67
0.69
0.03
0.00
0.65
0.73
0.64
0.65
0.66
0.03
0.00
0.65
0.73
0.63
0.66
0.64
0.02
0.00
0.64
0.72
0.61
0.63
0.66
0.04
0.00
0.63
0.67
0.65
0.65
0.65
0.02
0.00
0.64
0.67
0.67
0.63
0.65
0.02
0.00
0.62
0.69
0.63
0.62
0.70
0.02
0.00
0.64
0.70
0.65
0.67
0.66
0.03
0.00
0.62
0.74
0.62
0.67
0.65
0.02
0.00
0.62
0.72
0.63
0.64
0.65
0.02
0.00
0.64
0.73
0.61
0.64
0.67
0.02
0.00
0.63
0.71
0.62
0.65
0.65
0.02
0.00
0.62
0.69
0.63
0.65
0.66
0.01
0.00
0.68
0.69
0.51
0.64
0.65
0.03
0.00
0.62
0.74
0.65
0.62
0.64
0.03
0.00
0.61
0.69
0.67
0.63
0.65
0.02
0.00
0.64
0.72
0.66
0.66
0.64
0.02
0.00
0.64
0.72
0.62
0.66
0.66
0.02
0.00
0.66
0.68
0.62
0.63
0.63
0.03
0.00
0.65
0.69
0.65
0.62
0.64
0.02
0.00
0.64
0.70
0.62
0.64
0.63
0.03
0.00
0.64
0.68
0.63
0.62
0.66
0.03
0.00
0.63
0.71
0.66
0.63
0.66
0.03
0.00
0.62
0.69
0.62
0.61
0.64
0.02
0.00
0.66
0.72
0.65
0.64
0.63
0.03
0.00
0.63
0.72
0.63
3.45
0.39
0.57
0.69
0.68
0.02
0.00
0.63
0.72
0.71
0.63
0.52
0.03
0.00
0.62
0.73
0.61
0.63
0.64
0.03
0.00
0.62
0.68
0.64
0.66
0.65
0.03
0.00
0.64
0.68
0.66
0.68
0.63
0.02
0.00
0.64
0.76
0.64
0.67
0.62
0.02
0.00
0.62
0.74
0.63
0.64
0.67
0.02
0.00
0.61
0.71
0.63
0.65
0.63
0.02
0.00
0.63
0.71
0.67
0.63
0.62
0.03
0.00
0.62
0.68
0.64
0.64
0.66
0.03
0.00
0.64
0.69
0.65
0.71
0.64
0.03
0.00
0.51
0.69
0.64
0.65
0.64
0.03
0.00
0.62
0.69
0.62
0.63
0.65
0.03
0.00
0.64
0.71
0.62
0.67
0.64
0.04
0.00
0.64
0.69
0.65
0.65
0.64
0.03
0.00
0.64
0.71
0.61
0.64
0.63
0.02
0.00
0.64
0.73
0.65
0.62
0.64
0.03
0.00
0.62
0.72
0.64
0.64
0.65
0.03
0.00
0.64
0.69
0.63
0.67
0.64
0.03
0.00
0.62
0.72
0.64
0.64
0.64
0.02
0.00
0.62
0.69
0.63
0.65
0.69
0.03
0.00
0.63
0.72
0.68
0.68
0.64
0.02
0.00
0.63
0.70
0.66
0.64
0.65
0.03
0.00
0.63
0.69
0.62
0.63
0.65
0.02
0.00
0.64
0.71
0.65
0.64
0.64
0.02
0.00
0.63
0.69
0.64
0.65
0.64
0.03
0.00
0.64
0.71
0.63
0.63
0.65
0.02
0.00
0.63
0.68
0.65
3.54
0.43
0.58
0.57
0.04
0.00
0.67
0.75
0.65
0.66
0.02
0.00
0.64
0.71
0.66
0.67
0.67
0.02
0.00
0.68
0.73
0.67
0.70
0.66
0.03
0.00
0.68
0.72
0.68
0.66
0.66
0.02
0.00
0.66
0.73
0.68
0.67
0.70
0.03
0.00
0.66
0.69
0.66
0.67
0.70
0.04
0.00
0.66
0.70
0.68
0.67
0.68
0.03
0.00
0.68
0.73
0.68
0.67
0.70
0.02
0.00
0.66
0.72
0.68
0.65
0.70
0.02
0.00
0.68
0.71
0.66
0.68
0.65
0.02
0.00
0.66
0.71
0.68
0.65
0.73
0.02
0.00
0.66
0.74
0.66
0.67
0.67
0.02
0.00
0.65
0.72
0.66
0.70
0.65
0.03
0.00
0.66
0.70
0.69
0.69
0.69
0.02
0.00
0.66
0.72
0.68
0.66
0.70
0.02
0.00
0.66
0.74
0.68
0.66
0.66
0.02
0.00
0.66
0.75
0.68
0.66
0.70
0.02
0.00
0.67
0.72
0.67
0.69
0.68
0.02
0.00
0.66
0.73
0.64
0.67
0.69
0.02
0.00
0.65
0.73
0.66
0.68
0.69
0.03
0.00
0.67
0.72
0.67
0.66
0.70
0.03
0.00
0.66
0.71
0.66
0.66
0.69
0.02
0.00
0.67
0.70
0.65
0.64
0.67
0.02
0.00
0.65
0.71
0.66
0.72
0.67
0.03
0.00
0.67
0.75
0.66
0.67
0.67
0.02
0.00
0.67
0.71
0.69
0.67
0.67
0.02
0.00
0.66
0.71
0.66
0.67
0.70
0.02
0.00
0.70
3.25
0.40
0.59
0.71
0.69
0.02
0.00
0.67
0.74
0.68
0.68
0.70
0.03
0.00
0.71
0.74
0.67
0.70
0.72
0.03
0.00
0.69
0.71
0.67
0.69
0.73
0.03
0.00
0.66
0.72
0.67
0.71
0.70
0.03
0.00
0.68
0.73
0.70
0.74
0.72
0.02
0.00
0.69
0.70
0.67
0.70
0.72
0.03
0.00
0.68
0.76
0.73
0.67
0.70
0.02
0.00
0.69
0.72
0.69
0.70
0.69
0.02
0.00
0.69
0.78
0.71
0.69
0.71
0.03
0.00
0.66
0.74
0.68
0.70
0.68
0.02
0.00
0.69
0.71
0.68
0.74
0.67
0.02
0.00
0.67
0.72
0.71
0.69
0.72
0.02
0.00
0.67
0.74
0.70
0.69
0.72
0.02
0.00
0.68
0.74
0.68
0.68
0.71
0.02
0.00
0.69
0.74
0.69
0.71
0.73
0.04
0.00
0.68
0.78
0.67
0.68
0.70
0.02
0.00
0.68
0.75
0.69
0.67
0.71
0.02
0.00
0.70
0.72
0.70
0.71
0.70
0.02
0.00
0.66
0.77
0.68
0.69
0.72
0.03
0.00
0.70
0.74
0.68
0.67
0.68
0.03
0.00
0.67
0.72
0.69
0.72
0.72
0.02
0.00
0.68
0.77
0.73
0.68
0.70
0.03
0.00
0.70
0.73
0.68
0.67
0.71
0.03
0.00
0.71
0.72
0.71
0.68
0.68
0.03
0.00
0.67
0.77
0.69
0.70
0.68
0.04
0.00
0.70
0.73
0.69
0.70
0.67
0.03
0.69
0.01
0.73
0.71
0.56
0.69
0.73
0.03
3.35
0.41
0.62
0.74
0.70
0.68
0.68
0.02
0.00
0.67
0.74
0.67
0.68
0.68
0.03
0.00
0.67
0.73
0.68
0.68
0.72
0.02
0.00
0.71
0.72
0.67
0.68
0.69
0.02
0.00
0.68
0.74
0.68
0.74
0.68
0.02
0.00
0.67
0.74
0.69
0.70
0.68
0.02
0.00
0.66
0.73
0.66
0.68
0.69
0.03
0.00
0.70
0.73
0.67
0.69
0.70
0.03
0.00
0.71
0.75
0.67
0.69
0.67
0.03
0.00
0.72
0.73
0.67
0.67
0.71
0.02
0.00
0.71
0.72
0.69
0.69
0.73
0.02
0.00
0.70
0.73
0.70
0.74
0.68
0.02
0.00
0.69
0.73
0.68
0.70
0.69
0.03
0.00
0.71
0.72
0.67
0.69
0.70
0.02
0.00
0.71
0.73
0.73
0.69
0.70
0.02
0.00
0.70
0.76
0.70
0.67
0.71
0.02
0.00
0.69
0.72
0.69
0.68
0.75
0.02
0.00
0.67
0.74
0.69
0.69
0.68
0.03
0.00
0.68
0.73
0.70
0.68
0.68
0.03
0.00
0.69
0.73
0.70
0.69
0.74
0.03
0.00
0.72
0.77
0.72
0.71
0.69
0.03
0.00
0.75
0.71
0.56
0.69
0.72
0.02
0.00
0.70
0.73
0.69
0.68
0.68
0.03
0.00
0.67
0.73
0.67
0.70
0.72
0.04
0.00
0.72
0.72
0.68
0.70
0.70
0.03
0.00
0.71
0.78
0.67
0.70
0.74
0.02
0.00
0.68
0.74
0.69
0.70
0.71
0.02
0.00
0.68
0.75
0.68
0.67
0.70
0.02
0.00
0.67
0.72
0.67
0.72
0.69
0.02
0.00
0.65
0.77
0.65
0.67
3.41
0.40
0.57
0.71
0.70
0.71
0.02
0.00
0.71
0.71
0.67
0.72
0.68
0.02
0.00
0.69
0.74
0.65
0.68
0.70
0.02
0.00
0.66
0.72
0.69
0.67
0.67
0.03
0.00
0.71
0.75
0.68
0.73
0.66
0.02
0.00
0.71
0.70
0.55
0.68
0.68
0.03
0.71
0.00
0.65
0.57
0.66
0.71
0.64
0.02
0.00
0.68
0.70
0.63
0.66
0.55
0.70
0.02
0.00
0.69
0.58
0.70
0.68
0.66
0.67
0.04
0.00
0.67
0.71
0.66
0.64
0.67
0.68
0.04
0.65
0.00
0.66
0.68
0.69
0.66
0.70
0.66
0.03
0.00
0.64
0.72
0.69
0.68
0.66
0.68
0.02
0.69
0.00
0.65
0.69
0.65
0.68
0.71
0.65
0.03
0.00
0.68
0.71
0.58
0.68
0.67
0.65
0.03
0.00
0.68
0.70
0.71
0.74
0.79
0.81
0.80
0.82
0.80
0.03
0.00
0.75
0.78
0.82
0.79
0.84
0.81
0.81
0.81
0.75
0.02
0.00
0.79
0.80
0.82
0.83
0.79
0.84
0.81
0.83
0.79
0.02
0.00
0.77
0.81
0.84
0.81
0.80
0.82
0.79
0.77
0.78
0.02
0.00
0.82
0.79
0.81
0.78
0.79
0.81
0.79
0.79
0.78
0.02
0.00
0.82
0.84
0.82
0.77
0.80
0.77
0.78
0.82
0.76
0.02
0.00
0.77
0.83
0.81
0.80
0.79
0.84
0.80
0.78
0.89
2.99
0.46
0.62
0.03
0.00
0.61
0.74
0.54
0.04
0.00
0.76
0.82
0.82
0.83
0.81
0.83
0.79
0.82
0.84
0.79
0.03
0.00
0.81
0.82
0.83
0.79
0.80
0.84
0.81
0.82
0.80
0.80
0.04
0.00
0.76
0.79
0.84
0.80
0.81
0.84
0.79
0.84
0.80
0.78
0.02
0.00
0.80
0.80
0.85
0.83
0.80
0.79
0.80
0.79
0.82
0.81
0.02
0.00
0.81
0.82
0.83
0.80
0.81
0.82
0.84
0.79
0.85
0.82
0.02
0.00
0.84
0.83
0.84
0.81
0.81
0.87
0.82
0.82
0.85
0.80
0.02
0.00
0.82
0.84
0.83
0.83
0.79
0.82
0.80
0.83
0.79
0.84
0.02
0.00
0.82
0.80
0.81
0.87
0.82
0.81
0.85
0.84
0.79
0.80
0.02
0.00
0.82
0.81
0.81
0.81
0.81
0.81
0.82
0.79
0.81
0.80
0.02
0.00
0.79
0.81
0.87
0.83
0.82
0.84
0.83
0.86
0.84
0.81
0.03
0.00
0.79
0.85
0.80
0.80
0.79
0.81
0.84
0.80
0.80
0.78
0.03
0.00
0.80
0.81
0.81
0.82
0.82
0.81
0.81
0.84
3.73
0.48
0.04
0.00
0.65
0.63
0.57
0.02
0.00
0.69
0.74
0.75
0.77
0.81
0.83
0.84
0.85
0.82
0.82
0.81
0.02
0.00
0.82
0.83
0.83
0.84
0.87
0.84
0.87
0.82
0.84
0.83
0.02
0.00
0.80
0.83
0.82
0.85
0.81
0.84
0.82
0.85
0.85
0.81
0.02
0.00
0.85
0.82
0.81
0.84
0.83
0.84
0.85
0.86
0.82
0.81
0.86
0.02
0.00
0.81
0.84
0.84
0.84
0.82
0.85
0.85
0.81
0.80
0.81
0.03
0.00
0.83
0.87
0.87
0.82
0.81
0.82
0.81
0.86
0.84
0.84
0.83
0.02
0.00
0.78
0.81
0.84
0.80
0.84
0.84
0.81
0.84
0.83
0.81
0.02
0.00
0.82
0.81
0.85
0.86
0.81
0.87
0.83
0.84
0.84
0.82
0.02
0.00
0.81
0.86
0.84
0.81
0.85
0.83
0.85
0.82
0.86
0.81
0.02
0.00
0.83
0.85
0.82
0.81
0.84
0.87
0.84
0.86
0.83
0.84
0.02
0.00
0.81
0.82
0.87
0.82
0.85
0.85
0.81
0.81
0.83
0.82
0.02
0.00
0.82
0.82
0.82
0.85
0.85
0.84
0.81
0.84
0.82
0.81
3.28
0.40
0.56
0.03
0.70
0.00
0.74
0.73
0.67
0.02
0.71
0.00
0.68
0.70
0.71
0.67
0.71
0.04
0.00
0.71
0.76
0.70
0.69
0.71
0.02
0.00
0.71
0.76
0.72
0.79
0.79
0.80
0.81
0.82
0.81
0.02
0.00
0.78
0.81
0.81
0.78
0.80
0.84
0.78
0.80
0.02
0.00
0.80
0.79
0.84
0.82
0.81
0.80
0.80
0.77
0.02
0.00
0.80
0.82
0.81
0.82
0.80
0.79
0.80
0.77
0.02
0.00
0.82
0.81
0.80
0.81
0.80
0.81
0.78
0.78
0.02
0.00
0.79
0.82
0.81
0.81
0.80
0.83
0.85
0.78
0.02
0.00
0.77
0.77
0.75
0.78
0.80
0.83
0.83
0.84
0.02
0.00
0.78
0.77
0.80
0.81
0.79
0.79
0.80
0.81
0.02
0.00
0.77
0.86
0.82
0.79
0.79
0.78
0.82
0.82
0.82
0.04
0.00
0.77
0.78
0.85
0.83
0.79
0.83
0.81
0.82
0.79
0.02
0.00
0.83
0.83
0.82
0.83
0.84
0.85
0.85
0.85
0.78
0.02
0.00
0.81
0.83
0.85
0.80
0.82
0.82
0.81
0.80
0.83
0.02
0.00
0.80
0.81
0.84
0.86
0.81
0.81
0.83
0.79
0.77
0.03
0.00
0.81
0.80
0.82
0.87
0.83
0.84
0.79
0.82
0.82
0.03
0.00
0.80
0.82
0.84
0.78
0.80
0.85
0.83
0.81
3.66
0.45
0.04
0.59
0.00
0.65
0.72
0.58
0.01
0.00
0.64
0.61
0.74
0.75
0.78
0.76
0.80
0.77
0.02
0.00
0.80
0.80
0.86
0.79
0.79
0.77
0.83
0.02
0.00
0.83
0.84
0.78
0.78
0.82
0.81
0.84
0.80
0.86
0.84
0.03
0.00
0.86
0.86
0.85
0.82
0.86
0.85
0.87
0.82
0.85
0.84
0.02
0.00
0.84
0.83
0.83
0.81
0.86
0.84
0.84
0.84
0.84
0.81
0.01
0.00
0.82
0.83
0.86
0.83
0.83
0.86
0.88
0.83
0.80
0.83
0.02
0.00
0.85
0.84
0.85
0.83
0.82
0.82
0.83
0.80
0.84
0.81
0.02
0.00
0.84
0.90
0.87
0.82
0.81
0.84
0.84
0.80
0.83
0.79
0.02
0.01
0.86
0.88
0.83
0.86
0.83
0.83
0.86
0.80
0.81
0.80
0.03
0.00
0.82
0.83
0.90
0.87
0.86
0.84
0.83
0.87
0.83
0.85
0.02
0.00
0.83
0.83
0.88
0.86
0.83
0.83
0.84
0.85
0.86
0.86
0.02
0.00
0.84
0.84
0.87
0.83
0.83
0.86
0.85
0.83
0.83
0.82
0.02
0.00
0.84
0.89
0.88
0.85
0.89
0.84
0.82
0.83
0.83
0.84
0.02
0.00
0.85
0.82
0.86
0.88
0.86
0.85
0.85
0.88
0.82
3.74
0.47
0.02
0.61
0.00
0.60
0.74
0.72
0.03
0.70
0.00
0.60
0.59
0.63
0.66
0.59
0.02
0.68
0.00
0.55
0.75
0.62
0.67
0.58
0.73
0.70
0.01
0.00
0.54
0.73
0.67
0.74
0.60
0.66
0.86
0.79
0.68
0.83
0.03
0.00
0.72
0.84
0.86
0.85
0.83
0.82
0.91
0.81
0.88
0.86
0.84
0.02
0.00
0.91
0.89
0.88
0.90
0.88
0.84
0.93
0.90
0.91
0.85
0.89
0.89
0.02
0.00
0.86
0.93
0.90
0.87
0.91
0.89
0.88
0.89
0.85
0.88
0.90
0.88
0.84
0.02
0.00
0.90
0.87
0.90
0.91
0.91
0.87
0.90
0.86
0.87
0.88
0.85
0.87
0.87
0.02
0.00
0.88
0.87
0.89
0.88
0.85
0.89
0.83
0.88
0.91
0.87
0.90
0.87
0.87
0.03
0.00
0.85
0.88
0.91
0.88
0.87
0.88
0.87
0.88
0.88
0.91
0.91
0.88
0.86
0.02
0.00
0.89
0.89
0.90
0.89
0.85
0.82
0.85
0.81
0.73
0.91
0.92
0.88
0.92
0.02
0.00
0.89
0.92
0.91
0.92
0.90
0.91
0.90
0.86
0.89
0.89
0.89
0.88
0.91
0.88
0.02
0.00
0.90
0.92
0.95
0.89
0.90
3.77
0.46
0.03
0.63
0.00
0.58
0.75
0.58
0.03
0.66
0.00
0.58
0.74
0.64
0.70
0.63
0.79
0.04
0.00
0.61
0.75
0.64
0.74
0.69
0.77
0.81
0.04
0.00
0.61
0.61
0.75
0.81
0.62
0.72
0.72
0.06
0.00
0.60
0.82
0.78
0.79
0.79
0.84
0.77
0.02
0.00
0.72
0.87
0.68
0.82
0.82
0.85
0.83
0.02
0.00
0.80
0.80
0.92
0.76
0.65
0.97
0.74
0.67
0.99
0.02
0.00
0.70
0.73
0.84
0.88
0.78
0.69
0.89
0.82
0.90
0.83
0.03
0.00
0.70
0.93
0.88
0.96
0.79
0.78
0.82
0.76
0.90
0.02
0.95
0.00
0.97
0.97
0.82
0.75
1.04
0.92
0.80
0.92
0.89
0.89
0.94
0.02
0.00
0.91
1.01
0.91
0.77
0.95
0.92
0.94
0.95
1.01
0.89
0.77
0.95
0.02
0.00
0.96
1.14
0.21
0.17
0.01
0.00
1.18
1.24
0.41
0.61
0.43
0.01
0.00
1.17
1.15
0.34
0.26
0.02
0.00
0.35
0.44
0.51
0.56
0.65
0.74
0.58
0.01
0.00
0.57
0.66
0.83
0.72
0.65
0.02
0.00
0.66
0.81
0.73
0.66
0.03
0.00
0.68
1.02
0.79
0.66
0.02
0.00
0.66
0.84
0.65
0.03
0.00
0.68
0.90
0.80
3.45
0.40
0.59
0.04
0.00
0.71
0.74
0.69
0.02
0.00
0.66
0.74
0.67
0.01
0.00
0.77
0.89
0.83
0.02
0.00
0.80
0.87
0.84
0.01
0.00
0.80
0.86
0.85
0.02
0.00
0.85
0.89
0.83
0.02
0.00
0.83
0.89
0.86
0.03
0.00
0.88
0.86
0.87
0.02
0.00
0.83
0.94
0.82
0.02
0.00
0.90
0.94
0.86
0.02
0.00
0.88
0.95
0.93
0.04
0.88
0.00
0.22
0.13
0.00
0.00
0.78
0.87
0.44
0.35
0.38
0.01
0.00
1.14
1.59
1.34
0.01
0.00
0.18
0.17
0.01
0.00
0.55
0.55
0.37
0.01
0.00
0.90
0.95
1.39
0.58
1.01
0.01
0.00
0.58
0.20
0.15
0.18
0.22
0.27
0.01
0.00
0.31
0.33
0.37
0.40
0.45
0.50
