0.01
0.01
0.00
0.00
0.01
0.01
0.00
0.00
0.01
0.01
0.15
0.05
0.07
0.01
0.06
0.00
0.26
0.19
0.32
0.24
0.23
0.60
0.00
0.00
0.43
0.40
0.24
0.10
0.16
0.63
0.48
0.29
0.22
0.01
0.00
0.58
0.25
0.14
2.81
0.07
0.01
0.00
0.16
0.16
0.01
0.00
0.41
0.37
0.22
0.08
0.00
1.20
0.96
0.50
0.01
0.00
0.16
0.26
0.22
0.01
0.00
0.23
0.30
0.20
0.01
0.00
0.21
0.51
0.57
0.26
0.01
0.00
0.25
0.44
0.31
0.26
0.02
0.00
0.27
0.43
0.29
0.27
0.01
0.00
0.27
0.46
0.40
0.28
0.01
0.00
0.33
0.52
0.30
0.01
0.00
0.36
0.49
0.37
0.01
0.00
0.41
0.60
0.49
0.01
0.00
0.48
0.66
0.51
0.01
0.00
0.52
0.68
0.59
0.01
0.00
0.64
0.67
0.69
0.70
0.71
0.01
0.00
0.70
0.83
0.74
0.01
0.00
0.70
0.84
0.76
0.63
0.79
0.01
0.00
0.76
0.95
0.81
0.71
0.86
0.01
0.00
0.85
0.95
0.25
0.18
0.01
0.00
0.92
0.69
0.25
0.00
0.31
0.51
0.00
0.27
0.17
0.41
0.01
0.00
0.33
0.25
0.35
0.35
0.38
0.40
0.02
0.00
0.44
0.52
0.59
0.63
0.66
0.68
0.68
0.79
0.83
0.66
0.02
0.00
0.62
0.67
0.79
0.69
0.02
0.00
0.74
0.76
0.79
0.87
0.78
0.02
0.00
0.78
0.87
0.80
0.01
0.00
0.78
0.89
0.79
0.01
0.00
0.78
0.83
0.80
0.00
0.00
0.78
4.30
0.38
0.01
0.00
0.60
0.71
0.49
0.02
0.00
0.69
0.80
0.80
0.01
0.00
0.20
0.16
0.01
0.00
0.83
0.68
0.45
0.53
0.23
0.00
1.42
1.31
0.91
0.34
0.03
0.00
0.23
0.51
0.50
0.50
0.02
0.00
0.49
0.60
0.68
0.53
0.04
0.00
0.52
0.59
0.65
0.51
0.05
0.00
0.59
0.69
0.57
0.68
0.04
0.00
0.73
0.85
0.69
0.04
0.00
0.69
0.77
0.70
0.04
0.00
0.78
0.84
0.78
0.03
0.00
0.83
0.85
0.79
0.03
0.00
0.81
0.84
0.80
0.04
0.00
0.81
0.84
0.84
0.05
0.00
0.81
0.90
0.85
0.03
0.00
0.79
0.88
0.86
0.03
0.00
0.82
0.84
0.83
0.03
0.00
0.83
0.88
0.84
0.02
0.00
0.81
0.85
0.84
0.04
0.00
0.86
0.92
0.84
0.04
0.00
0.84
0.90
0.84
0.03
0.00
0.80
0.89
0.87
0.04
0.00
0.83
0.89
0.84
0.04
0.00
0.88
0.91
0.86
0.03
0.00
0.82
0.92
0.86
0.03
0.01
0.85
0.89
0.87
0.03
0.00
0.86
0.90
0.83
0.02
0.00
0.83
0.90
0.88
0.04
0.00
0.85
0.92
0.82
0.02
0.00
0.86
0.94
0.85
0.04
0.89
0.00
0.89
0.93
0.84
0.86
0.03
0.00
0.83
0.92
0.87
0.03
0.00
0.87
0.84
0.94
0.79
0.72
0.88
0.05
0.00
0.90
0.91
0.79
0.82
0.72
0.90
0.03
0.00
0.84
1.06
0.79
0.63
0.90
0.03
0.00
0.90
0.81
0.91
0.92
0.97
0.89
0.91
1.02
3.64
0.21
0.12
0.01
0.00
0.82
0.70
0.50
0.46
0.24
0.00
1.42
1.22
0.99
0.34
0.02
0.00
0.25
0.38
0.51
0.46
0.04
0.00
0.48
0.70
0.83
0.72
0.65
0.03
0.00
0.68
0.89
0.82
0.76
0.03
0.00
0.75
0.86
0.75
0.02
0.00
0.77
0.88
0.77
0.04
0.00
0.80
0.87
0.79
0.02
0.00
0.78
0.87
0.91
0.85
0.03
0.00
0.94
0.93
0.89
0.88
0.02
0.00
0.87
0.93
0.86
0.03
0.00
0.24
0.16
0.01
0.00
0.74
0.69
0.39
0.47
0.23
0.00
1.40
1.60
0.18
0.12
0.01
0.00
0.50
0.53
0.24
0.42
0.07
0.00
1.07
1.31
0.81
0.00
0.00
1.08
0.29
0.29
0.27
0.01
0.00
0.28
0.57
0.45
0.31
0.01
0.00
0.34
0.51
0.39
0.35
0.00
0.00
0.37
0.54
0.42
0.39
0.02
0.00
0.38
0.47
0.48
0.37
0.02
0.00
0.37
0.56
0.46
0.39
0.02
0.00
0.39
0.52
0.41
0.37
0.02
0.00
0.38
0.53
0.48
0.38
0.01
0.00
0.39
0.54
0.45
3.58
0.23
0.01
0.00
0.35
0.51
0.42
0.01
0.00
0.40
0.50
0.39
0.01
0.00
0.38
0.54
3.51
0.24
0.01
0.00
0.35
0.37
0.44
0.01
0.00
0.42
0.52
0.39
0.01
0.00
0.39
0.51
0.38
0.01
0.00
0.39
0.55
0.39
0.01
0.00
0.37
0.55
0.39
0.01
0.00
0.37
0.51
0.38
0.01
0.00
0.38
0.53
0.38
0.01
0.00
0.38
0.50
0.38
0.01
0.00
0.38
0.55
0.38
0.01
0.00
0.39
0.55
0.38
0.01
0.00
0.38
3.61
0.24
0.01
0.00
0.35
0.39
0.41
0.01
0.00
0.32
0.54
0.31
0.01
0.00
0.39
0.47
0.38
0.01
0.00
0.38
0.54
0.39
0.02
0.00
0.38
0.51
0.38
0.01
0.00
0.39
0.52
0.39
0.01
0.00
0.39
0.52
0.38
0.01
0.00
0.38
0.56
0.38
0.01
0.00
0.37
0.52
0.39
0.01
0.00
0.39
0.53
0.39
0.01
0.00
0.41
0.52
0.30
0.01
0.00
0.38
0.57
0.39
0.01
0.00
0.39
0.54
0.38
0.01
0.00
0.38
0.53
0.38
0.01
0.00
0.37
0.52
0.40
0.01
0.00
0.38
0.45
0.38
0.01
0.00
0.40
0.57
0.39
0.01
0.00
0.37
0.44
0.38
0.02
0.01
3.47
0.24
0.01
0.00
0.35
0.37
0.42
0.01
0.00
0.42
0.55
0.40
0.01
0.00
0.40
0.52
0.31
0.02
0.00
0.40
0.53
0.38
0.01
0.00
0.38
0.52
0.39
0.01
0.00
0.38
0.50
0.38
0.02
0.00
0.38
0.55
0.38
0.01
0.00
0.39
0.53
0.39
0.02
0.00
0.38
0.50
0.38
0.01
0.00
0.38
0.55
0.38
0.01
0.00
0.38
0.54
0.39
0.01
0.00
0.39
0.53
0.38
0.02
0.00
0.38
0.52
0.39
0.01
0.00
0.39
0.58
0.37
0.01
0.00
0.37
0.55
0.39
0.01
0.00
0.38
0.54
0.39
0.01
0.00
0.37
0.50
0.38
0.01
0.00
0.38
0.55
0.37
0.01
0.00
0.38
0.55
0.39
0.01
0.00
0.39
0.54
0.38
0.01
0.00
0.39
0.57
0.38
0.01
0.00
0.38
0.54
0.39
0.02
0.00
0.40
0.57
0.37
0.01
0.00
0.38
0.53
0.37
0.01
0.00
0.38
0.52
0.38
0.01
0.00
0.38
0.52
0.37
0.01
0.00
3.41
0.25
0.01
0.00
0.35
0.37
0.42
0.01
0.00
0.40
0.53
0.37
0.01
0.00
0.39
0.49
0.39
0.01
0.00
0.38
0.59
0.38
0.01
0.00
0.39
0.55
0.37
0.02
0.00
0.40
0.50
0.30
0.02
0.00
0.38
0.53
0.39
0.02
0.00
0.41
0.56
0.30
0.01
0.00
0.40
0.51
0.37
0.01
0.00
0.39
0.57
0.38
0.01
0.00
0.40
0.55
0.30
0.01
0.00
0.39
0.54
0.39
0.01
0.00
0.39
0.54
0.39
0.01
0.00
0.40
0.55
0.37
0.01
0.00
0.37
0.56
0.40
0.01
0.00
0.38
0.56
0.37
0.01
0.00
0.39
0.52
0.40
0.02
0.00
0.38
0.57
0.39
0.01
0.00
0.39
0.55
0.40
0.01
0.00
0.38
0.56
0.38
0.01
0.00
0.39
0.52
0.39
0.02
0.00
0.38
0.56
0.39
0.01
0.00
0.38
0.54
0.39
0.01
0.00
0.41
0.57
0.30
0.01
0.00
0.40
0.49
0.31
0.02
0.00
0.41
0.46
0.31
0.02
0.00
0.39
0.51
0.39
0.39
0.01
0.00
0.38
0.54
0.44
0.38
0.01
0.00
0.29
0.59
0.42
0.39
0.02
0.00
0.39
0.54
0.34
0.39
0.01
0.00
0.41
0.57
0.46
0.38
0.01
0.00
0.29
0.55
3.44
0.24
0.37
0.35
0.01
0.00
0.33
0.52
0.41
0.01
0.00
0.41
0.54
0.45
0.01
0.00
0.44
0.60
0.43
0.43
0.01
0.00
0.43
0.59
0.43
0.46
0.01
0.00
0.45
0.56
0.43
0.43
0.44
0.02
0.00
0.44
0.54
0.41
0.44
0.44
0.41
0.02
0.00
0.42
0.51
0.52
0.42
0.43
0.42
0.01
0.00
0.42
0.51
0.49
0.44
0.44
0.45
0.01
0.00
0.40
0.44
0.53
0.43
0.42
0.42
0.01
0.00
0.44
0.51
0.43
0.45
0.44
0.42
0.01
0.00
0.43
0.51
0.52
0.44
0.45
0.43
0.01
0.00
0.42
0.53
0.51
0.43
0.43
0.45
0.02
0.00
0.41
0.43
0.49
0.42
0.43
0.41
0.01
0.00
0.41
0.53
0.54
0.44
0.45
0.44
0.02
0.00
0.41
0.52
0.50
0.43
0.46
0.42
0.01
0.00
0.31
0.51
0.53
0.44
0.43
0.44
0.02
0.00
0.41
0.45
0.53
0.43
0.43
0.42
0.01
0.00
0.41
0.51
0.51
0.44
0.43
0.43
0.01
0.00
0.41
0.54
0.56
0.44
0.45
0.44
0.01
0.00
0.41
0.53
0.52
0.42
3.22
0.26
0.39
0.49
0.01
0.00
0.48
0.56
0.44
0.01
0.00
0.45
0.56
0.47
0.49
0.49
0.01
0.00
0.49
0.61
0.54
0.48
0.48
0.47
0.02
0.00
0.46
0.53
0.54
0.48
0.49
0.47
0.01
0.00
0.46
0.54
0.50
0.50
0.48
0.47
0.01
0.00
0.47
0.56
0.52
0.47
0.48
0.47
0.01
0.00
0.45
0.54
0.55
0.47
0.49
0.46
0.01
0.00
0.46
0.56
0.53
0.48
0.48
0.48
0.01
0.00
0.50
0.53
0.43
0.47
0.50
0.46
0.01
0.00
0.45
0.55
0.53
0.49
0.50
0.48
0.01
0.00
0.47
0.56
0.55
0.46
0.48
0.47
0.02
0.00
0.46
0.55
0.51
0.48
0.48
0.48
0.02
0.00
0.47
0.54
0.51
0.48
0.48
0.47
0.01
0.00
0.45
0.53
0.54
0.48
0.47
0.47
0.02
0.00
0.45
0.53
0.57
0.46
0.47
0.48
0.01
0.00
0.44
0.54
0.53
0.51
0.48
0.36
0.01
0.00
0.46
0.55
0.53
0.47
0.48
0.46
0.02
0.00
0.46
0.56
0.53
0.47
0.47
0.48
0.02
0.00
0.47
0.54
0.51
0.51
0.48
0.35
0.02
0.00
3.49
0.30
0.46
0.41
0.02
0.00
0.39
0.60
0.55
0.02
0.00
0.52
0.60
0.53
0.53
0.02
0.00
0.54
0.63
0.52
0.51
0.53
0.01
0.00
0.51
0.60
0.58
0.54
0.41
0.02
0.00
0.52
0.59
0.56
0.51
0.53
0.50
0.01
0.00
0.50
0.59
0.56
0.53
0.53
0.53
0.01
0.00
0.50
0.57
0.58
0.51
0.41
0.54
0.01
0.00
0.51
0.48
0.59
0.51
0.52
0.52
0.02
0.00
0.50
0.55
0.56
0.54
0.54
0.51
0.01
0.00
0.51
0.58
0.54
0.53
0.54
0.54
0.02
0.00
0.50
0.59
0.57
0.52
0.54
0.51
0.02
0.00
0.51
0.56
0.58
0.53
0.54
0.52
0.02
0.00
0.51
0.59
0.55
0.50
0.54
0.51
0.01
0.00
0.51
0.60
0.57
0.51
0.56
0.52
0.02
0.00
0.40
0.58
0.56
0.52
0.53
0.51
0.02
0.00
0.50
0.56
0.55
0.53
0.53
0.50
0.01
0.00
0.51
0.60
0.50
0.51
0.52
0.50
0.02
0.00
0.49
0.58
0.57
0.52
0.55
0.51
0.01
0.00
0.52
0.58
0.55
0.53
0.52
0.51
0.01
0.00
0.50
0.61
0.57
0.51
0.54
3.05
0.33
0.48
0.58
0.01
0.00
0.56
0.61
0.54
0.01
0.00
0.54
0.58
0.53
0.53
0.52
0.02
0.00
0.52
0.60
0.55
0.51
0.55
0.53
0.02
0.00
0.49
0.56
0.58
0.54
0.53
0.50
0.01
0.00
0.50
0.58
0.55
0.52
0.52
0.50
0.01
0.00
0.52
0.57
0.56
0.53
0.53
0.50
0.01
0.00
0.52
0.60
0.56
0.53
0.52
0.54
0.02
0.00
0.50
0.47
0.55
0.52
0.52
0.53
0.02
0.00
0.50
0.57
0.56
0.50
0.52
0.50
0.02
0.00
0.50
0.57
0.57
0.50
0.53
0.53
0.01
0.00
0.49
0.57
0.53
0.54
0.52
0.44
0.02
0.00
0.51
0.48
0.57
0.52
0.52
0.51
0.01
0.00
0.49
0.56
0.55
0.53
0.54
0.53
0.01
0.00
0.51
0.58
0.60
0.52
0.52
0.52
0.01
0.00
0.50
0.57
0.54
0.51
0.55
0.51
0.01
0.00
0.50
0.60
0.54
0.56
0.52
0.41
0.02
0.00
0.51
0.47
0.55
0.52
0.52
0.50
0.01
0.00
0.51
0.56
0.56
0.50
0.53
0.54
0.02
0.00
0.51
0.59
0.56
0.51
0.51
0.52
0.02
0.00
0.50
0.58
0.54
0.51
0.56
0.54
0.02
0.00
0.50
0.59
0.60
0.53
0.54
0.51
0.01
0.00
0.53
0.57
0.46
0.52
0.54
3.33
0.31
0.48
0.57
0.01
0.00
0.56
0.62
0.55
0.01
0.00
0.53
0.61
0.52
0.56
0.02
0.00
0.51
0.65
0.54
0.52
0.53
0.01
0.00
0.51
0.63
0.54
0.51
0.51
0.52
0.02
0.00
0.51
0.56
0.56
0.54
0.53
0.52
0.02
0.00
0.49
0.59
0.59
0.54
0.53
0.51
0.02
0.00
0.52
0.58
0.58
0.53
0.51
0.51
0.02
0.00
0.50
0.58
0.56
0.52
0.53
0.52
0.02
0.00
0.52
0.58
0.58
0.51
0.53
0.51
0.01
0.00
0.50
0.58
0.58
0.50
0.52
0.51
0.02
0.00
0.50
0.57
0.55
0.52
0.52
0.50
0.02
0.00
0.48
0.58
0.56
0.52
0.51
0.51
0.01
0.00
0.53
0.56
0.45
0.54
0.55
0.50
0.02
0.00
0.40
0.57
0.57
0.51
0.51
0.50
0.02
0.00
0.51
0.57
0.56
0.51
0.52
0.52
0.01
0.00
0.49
0.59
0.57
0.53
0.53
0.52
0.02
0.00
0.49
0.59
0.55
0.52
0.56
0.54
0.02
0.00
0.52
0.57
0.53
0.52
0.54
0.51
0.01
0.00
0.54
0.59
0.44
0.52
0.54
0.50
0.02
0.00
0.49
0.57
0.57
0.51
0.53
0.50
0.02
0.00
0.50
0.58
0.59
0.52
0.53
0.51
0.01
0.00
0.53
0.60
0.55
0.52
0.52
0.50
0.02
0.00
0.51
0.61
0.55
0.52
0.52
0.53
0.01
0.00
0.49
0.56
0.56
0.54
0.52
0.51
0.02
0.00
0.49
0.60
0.55
0.54
3.33
0.32
0.50
0.58
0.01
0.00
0.44
0.61
0.57
0.02
0.00
0.53
0.62
0.56
0.60
0.56
0.01
0.00
0.44
0.68
0.56
0.56
0.57
0.03
0.00
0.54
0.62
0.56
0.58
0.58
0.58
0.01
0.00
0.55
0.50
0.60
0.55
0.57
0.55
0.01
0.00
0.52
0.59
0.57
0.55
0.55
0.55
0.02
0.00
0.54
0.60
0.58
0.57
0.58
0.58
0.02
0.00
0.55
0.50
0.60
0.56
0.57
0.54
0.02
0.00
0.55
0.60
0.59
0.55
0.59
0.60
0.02
0.00
0.54
0.52
0.59
0.55
0.57
0.54
0.02
0.00
0.54
0.60
0.58
0.55
0.60
0.57
0.02
0.00
0.41
0.62
0.59
0.55
0.55
0.54
0.02
0.00
0.52
0.58
0.61
0.55
0.56
0.55
0.02
0.00
0.54
0.61
0.61
0.55
0.58
0.57
0.02
0.00
0.55
0.64
0.63
0.56
0.57
0.55
0.01
0.00
0.57
0.59
0.45
0.58
0.56
0.55
0.01
0.00
0.56
0.59
0.62
0.56
0.55
0.55
0.02
0.00
0.54
0.59
0.57
0.56
0.57
0.55
0.02
0.00
0.55
0.60
0.59
0.57
0.58
0.54
0.02
0.00
0.53
0.59
0.60
0.56
0.57
0.55
0.02
0.00
0.53
0.59
0.60
0.56
0.57
0.56
0.02
0.00
0.54
0.59
0.60
0.56
0.56
0.54
0.02
0.00
0.54
0.62
0.60
0.55
0.55
0.55
0.02
0.00
0.55
0.64
0.60
0.58
0.58
0.45
0.02
0.00
0.55
0.61
0.59
0.66
2.89
0.34
0.52
0.63
0.02
0.00
0.61
0.65
0.58
0.02
0.00
0.57
0.61
0.60
0.62
0.62
0.02
0.00
0.62
0.68
0.60
0.61
0.57
0.02
0.00
0.59
0.63
0.60
0.61
0.60
0.02
0.00
0.59
0.69
0.58
0.60
0.62
0.02
0.00
0.58
0.70
0.60
0.60
0.62
0.02
0.00
0.61
0.67
0.61
0.59
0.58
0.01
0.00
0.57
0.64
0.61
0.61
0.60
0.01
0.00
0.62
0.69
0.59
0.60
0.63
0.02
0.00
0.60
0.67
0.61
0.61
0.62
0.02
0.00
0.58
0.65
0.58
0.64
0.60
0.01
0.00
0.47
0.69
0.58
0.61
0.58
0.01
0.00
0.60
0.66
0.59
0.59
0.63
0.02
0.00
0.57
0.58
0.65
0.60
0.47
0.02
0.00
0.60
0.67
0.63
0.60
0.59
0.57
0.02
0.01
0.58
0.64
0.61
0.59
0.59
0.62
0.02
0.00
0.58
0.65
0.62
0.60
0.60
0.59
0.01
0.00
0.58
0.65
0.61
0.59
0.61
0.60
0.01
0.00
0.59
0.63
0.62
0.59
0.58
0.58
0.02
0.00
0.56
0.65
0.62
0.57
0.58
0.60
0.01
0.00
0.56
0.63
0.59
0.59
0.61
0.58
0.01
0.00
0.60
0.65
0.60
0.59
0.59
0.59
0.02
0.00
0.57
0.65
0.64
0.59
0.59
0.57
0.02
0.00
0.57
0.65
0.61
0.60
0.60
0.59
0.02
0.00
0.57
0.63
0.61
0.58
0.59
0.60
0.02
0.00
0.58
0.64
0.63
0.60
0.59
0.62
0.01
0.00
0.57
3.08
0.36
0.55
0.67
0.02
0.00
0.62
0.70
0.60
0.65
0.02
0.00
0.61
0.55
0.63
0.60
0.58
0.01
0.00
0.59
0.66
0.63
0.58
0.61
0.59
0.02
0.00
0.59
0.64
0.61
0.59
0.59
0.60
0.02
0.00
0.57
0.66
0.64
0.60
0.60
0.58
0.02
0.00
0.59
0.63
0.61
0.59
0.59
0.58
0.02
0.00
0.61
0.65
0.50
0.60
0.64
0.58
0.02
0.00
0.46
0.64
0.63
0.59
0.61
0.58
0.02
0.00
0.59
0.66
0.62
0.61
0.62
0.61
0.02
0.00
0.59
0.66
0.62
0.58
0.62
0.57
0.02
0.00
0.57
0.65
0.63
0.60
0.62
0.58
0.02
0.00
0.58
0.62
0.65
0.63
0.59
0.49
0.03
0.00
0.58
0.52
0.64
0.62
0.63
0.58
0.01
0.00
0.60
0.63
0.59
0.58
0.60
0.59
0.02
0.00
0.61
0.64
0.49
0.60
0.60
0.57
0.02
0.00
0.62
0.63
0.55
0.61
0.62
0.61
0.02
0.00
0.58
0.65
0.60
0.57
0.63
0.58
0.01
0.00
0.49
0.63
0.51
0.60
0.59
0.59
0.02
0.00
0.60
0.62
0.53
0.57
0.58
0.65
0.01
0.00
0.57
0.54
0.64
0.62
0.59
0.58
0.01
0.00
0.61
0.61
0.50
0.59
0.61
0.60
0.02
0.00
0.58
0.68
0.63
0.62
0.60
0.60
0.02
0.00
0.58
0.67
0.60
0.61
0.60
0.59
0.02
0.00
0.56
0.63
0.63
0.66
0.62
0.47
0.01
0.00
0.57
0.68
0.65
0.59
0.61
0.59
0.03
0.00
0.56
0.64
0.65
0.58
0.49
0.59
0.02
0.00
0.45
3.35
0.37
0.58
0.65
0.01
0.00
0.64
0.69
0.62
0.02
0.00
0.64
0.63
0.61
0.61
0.59
0.02
0.01
0.61
0.73
0.61
0.59
0.60
0.02
0.00
0.59
0.65
0.62
0.61
0.61
0.02
0.00
0.58
0.66
0.60
0.65
0.66
0.02
0.00
0.63
0.67
0.65
0.64
0.65
0.02
0.00
0.62
0.67
0.63
0.61
0.63
0.01
0.00
0.61
0.69
0.63
0.66
0.66
0.01
0.00
0.61
0.67
0.63
0.62
0.62
0.01
0.00
0.63
0.68
0.65
0.64
0.64
0.01
0.00
0.63
0.70
0.63
0.66
0.67
0.02
0.00
0.61
0.67
0.62
0.61
0.63
0.02
0.00
0.61
0.70
0.64
0.64
0.67
0.01
0.00
0.63
0.68
0.66
0.63
0.51
0.02
0.00
0.63
0.71
0.63
0.63
0.67
0.02
0.00
0.62
0.69
0.61
0.65
0.66
0.02
0.00
0.62
0.73
0.62
0.62
0.65
0.02
0.00
0.65
0.71
0.64
0.68
0.63
0.01
0.00
0.50
0.72
0.63
0.62
0.62
0.02
0.00
0.63
0.70
0.61
0.63
0.68
0.02
0.00
0.65
0.62
0.66
0.63
0.62
0.02
0.00
0.63
0.68
0.61
0.63
0.67
0.01
0.00
0.62
0.70
0.67
0.66
0.66
0.02
0.00
0.64
0.70
0.65
0.63
0.62
0.02
0.00
0.67
0.73
0.62
0.64
0.63
0.02
0.00
0.62
0.72
0.63
0.65
0.63
0.02
0.00
0.65
0.68
0.66
0.62
0.66
0.02
0.00
0.62
0.70
0.62
0.63
0.63
0.01
0.00
0.64
0.71
0.63
0.69
0.67
0.01
0.00
0.67
0.71
0.65
0.65
0.65
0.02
0.00
0.66
0.73
0.66
3.23
0.37
0.56
0.68
0.69
0.02
0.00
0.67
0.72
0.67
0.65
0.67
0.01
0.00
0.64
0.78
0.67
0.66
0.67
0.02
0.00
0.66
0.72
0.66
0.65
0.68
0.01
0.00
0.65
0.70
0.65
0.66
0.65
0.01
0.00
0.69
0.69
0.53
0.64
0.68
0.03
0.00
0.64
0.71
0.65
0.65
0.66
0.01
0.00
0.65
0.70
0.67
0.67
0.69
0.02
0.00
0.68
0.71
0.66
0.67
0.68
0.02
0.00
0.63
0.71
0.67
0.67
0.66
0.02
0.00
0.66
0.69
0.66
0.68
0.67
0.02
0.00
0.66
0.71
0.67
0.68
0.66
0.02
0.00
0.68
0.75
0.66
0.65
0.74
0.01
0.00
0.67
0.58
0.66
0.66
0.68
0.02
0.00
0.66
0.75
0.66
0.65
0.66
0.02
0.00
0.63
0.70
0.66
0.65
0.68
0.02
0.00
0.66
0.70
0.64
0.69
0.66
0.01
0.00
0.66
0.75
0.65
0.68
0.68
0.01
0.00
0.72
0.74
0.51
0.67
0.66
0.01
0.00
0.66
0.73
0.67
0.65
0.67
0.03
0.00
0.67
0.71
0.65
0.64
0.69
0.02
0.00
0.69
0.74
0.53
0.66
0.67
0.01
0.00
0.66
0.73
0.67
0.65
0.65
0.01
0.00
0.69
0.68
0.55
0.67
0.65
0.02
0.00
0.66
0.74
0.71
0.66
0.67
0.02
0.00
0.68
0.68
0.66
0.66
0.66
0.02
0.00
0.64
0.74
0.64
0.65
0.67
0.01
0.00
0.68
0.73
0.67
0.67
0.67
0.02
0.00
0.68
0.71
0.66
0.65
0.65
0.02
0.00
0.65
0.71
0.65
0.66
0.66
0.01
0.00
0.68
0.73
3.51
0.40
0.57
0.69
0.66
0.02
0.00
0.65
0.72
0.68
0.66
0.67
0.02
0.00
0.64
0.72
0.63
0.63
0.68
0.02
0.00
0.65
0.71
0.64
0.64
0.67
0.02
0.00
0.64
0.69
0.74
0.83
0.83
0.82
0.83
0.77
0.80
0.80
0.79
0.02
0.00
0.77
0.81
0.81
0.79
0.79
0.81
0.82
0.80
0.82
0.77
0.01
0.00
0.78
0.79
0.84
0.84
0.82
0.80
0.80
0.84
0.76
0.79
0.01
0.00
0.76
0.81
0.81
0.77
0.81
0.82
0.79
0.80
0.77
0.78
0.01
0.00
0.77
0.81
0.80
0.77
0.85
0.79
0.81
0.82
0.79
0.80
0.02
0.00
0.81
0.85
0.79
0.76
0.81
0.80
0.77
0.82
0.78
0.82
0.02
0.00
0.77
0.77
0.80
0.79
0.78
0.78
0.80
0.81
0.78
0.81
0.02
0.00
0.76
0.79
0.79
0.82
0.82
0.78
0.80
0.83
0.79
0.78
0.02
0.00
0.78
0.82
0.84
0.82
0.82
0.78
0.79
0.79
0.78
0.79
0.01
0.00
0.78
0.82
0.84
0.80
0.84
0.80
0.81
0.83
0.83
0.82
0.02
0.01
0.76
0.93
2.91
0.45
0.02
0.63
0.00
0.59
0.72
0.68
0.69
0.02
0.67
0.00
0.68
0.69
0.66
0.77
0.81
0.84
0.84
0.86
0.83
0.85
0.81
0.02
0.00
0.84
0.82
0.84
0.82
0.87
0.84
0.83
0.83
0.82
0.83
0.81
0.01
0.00
0.78
0.86
0.85
0.82
0.82
0.86
0.85
0.83
0.85
0.84
0.83
0.01
0.00
0.83
0.86
0.85
0.84
0.84
0.83
0.81
0.82
0.80
0.85
0.82
0.02
0.00
0.86
0.83
0.82
0.82
0.86
0.83
0.84
0.82
0.82
0.82
0.79
0.01
0.00
0.84
0.84
0.82
0.87
0.83
0.83
0.85
0.83
0.82
0.83
0.82
0.80
0.02
0.00
0.82
0.83
0.86
0.80
0.83
0.81
0.84
0.85
0.83
0.80
0.82
0.02
0.00
0.84
0.85
0.87
0.84
0.87
0.82
0.85
0.84
0.85
0.80
0.81
0.02
0.00
0.81
0.84
0.83
0.82
0.83
0.82
0.80
0.84
0.84
0.85
0.81
0.02
0.00
0.85
0.82
0.83
0.83
0.83
0.82
0.85
0.82
3.40
0.40
0.02
0.00
0.61
0.73
0.67
0.72
0.68
0.01
0.00
0.68
0.77
0.70
0.66
0.70
0.02
0.00
0.64
0.74
0.67
0.74
0.78
0.80
0.80
0.78
0.77
0.02
0.00
0.78
0.84
0.79
0.78
0.78
0.82
0.77
0.76
0.02
0.00
0.79
0.81
0.83
0.76
0.82
0.80
0.79
0.79
0.02
0.00
0.79
0.82
0.78
0.80
0.76
0.81
0.83
0.81
0.02
0.00
0.75
0.79
0.81
0.82
0.77
0.80
0.80
0.83
0.02
0.00
0.75
0.77
0.81
0.79
0.78
0.78
0.79
0.82
0.01
0.00
0.79
0.87
0.87
0.80
0.79
0.80
0.78
0.78
0.01
0.00
0.75
0.79
0.79
0.79
0.77
0.78
0.78
0.76
0.02
0.00
0.80
0.81
0.81
0.78
0.80
0.79
0.76
0.77
0.02
0.00
0.81
0.81
0.79
0.79
0.77
0.79
0.81
0.78
0.02
0.00
0.85
0.80
0.71
0.78
0.78
0.78
0.80
0.78
0.02
0.00
0.76
0.82
0.81
0.79
0.78
0.78
0.78
0.77
0.01
0.00
0.79
0.79
0.79
0.80
0.81
0.80
0.79
0.78
0.02
0.00
0.80
0.79
0.77
0.78
0.80
0.79
0.79
0.77
0.01
0.00
0.79
0.84
0.79
0.76
0.77
0.79
0.80
0.78
0.02
0.00
0.76
0.78
0.79
0.79
3.62
0.41
0.01
0.00
0.59
0.83
0.66
0.65
0.79
0.82
0.82
0.84
0.82
0.81
0.83
0.85
0.03
0.00
0.82
0.87
0.83
0.81
0.83
0.85
0.81
0.83
0.84
0.81
0.86
0.02
0.00
0.80
0.84
0.88
0.80
0.82
0.82
0.83
0.83
0.83
0.84
0.84
0.01
0.00
0.82
0.84
0.82
0.84
0.84
0.83
0.84
0.84
0.83
0.83
0.84
0.02
0.00
0.84
0.86
0.82
0.83
0.85
0.84
0.81
0.86
0.85
0.85
0.85
0.02
0.00
0.80
0.83
0.87
0.81
0.85
0.82
0.84
0.81
0.85
0.85
0.83
0.02
0.00
0.83
0.82
0.87
0.84
0.84
0.83
0.84
0.88
0.83
0.84
0.83
0.02
0.00
0.86
0.85
0.87
0.82
0.84
0.84
0.86
0.82
0.84
0.86
0.82
0.02
0.00
0.85
0.83
0.85
0.83
0.82
0.83
0.86
0.83
0.85
0.87
0.85
0.02
0.00
0.91
0.82
0.88
0.83
0.83
0.87
0.82
0.82
0.84
0.85
0.85
0.02
0.00
0.84
0.86
0.83
0.82
0.82
0.84
0.81
0.84
0.85
0.82
0.84
0.01
0.00
0.84
0.82
3.42
0.38
0.03
0.59
0.00
0.73
0.69
0.56
0.02
0.00
0.72
0.82
0.83
0.78
0.77
0.78
0.78
0.01
0.00
0.79
0.81
0.76
0.78
0.77
0.76
0.79
0.01
0.00
0.75
0.80
0.76
0.81
0.77
0.79
0.78
0.02
0.00
0.74
0.83
0.76
0.80
0.82
0.84
0.88
0.83
0.83
0.86
0.81
0.02
0.00
0.82
0.84
0.84
0.84
0.80
0.81
0.85
0.82
0.83
0.82
0.86
0.02
0.00
0.82
0.84
0.84
0.85
0.86
0.89
0.80
0.86
0.81
0.81
0.82
0.02
0.00
0.83
0.83
0.85
0.84
0.88
0.82
0.83
0.84
0.82
0.84
0.82
0.02
0.00
0.83
0.86
0.82
0.86
0.82
0.81
0.81
0.84
0.83
0.81
0.81
0.02
0.00
0.85
0.82
0.87
0.79
0.83
0.83
0.86
0.83
0.82
0.81
0.82
0.02
0.00
0.78
0.80
0.82
0.82
0.84
0.83
0.84
0.87
0.82
0.82
0.80
0.02
0.00
0.86
0.85
0.84
0.82
0.81
0.84
0.81
0.86
0.86
0.82
0.79
0.02
0.00
0.86
0.82
0.84
0.83
0.85
0.84
0.83
0.87
0.83
0.84
0.83
0.02
0.00
0.81
0.81
0.84
0.81
0.82
0.83
0.86
0.84
0.83
0.86
0.83
0.01
0.00
0.82
0.81
3.39
0.47
0.57
0.02
0.00
0.57
0.76
0.76
0.03
0.00
0.65
0.78
0.87
0.77
0.68
0.03
0.00
0.80
0.83
0.83
0.83
0.87
0.86
0.83
0.82
0.86
0.88
0.02
0.00
0.84
0.84
0.86
0.82
0.89
0.88
0.89
0.87
0.88
0.91
0.89
0.84
0.86
0.86
0.02
0.00
0.86
0.93
0.84
0.88
0.88
0.90
0.84
0.89
0.88
0.89
0.85
0.90
0.91
0.84
0.01
0.00
0.86
0.88
0.85
0.83
0.86
0.89
0.87
0.89
0.86
0.89
0.87
0.91
0.87
0.88
0.01
0.00
0.83
0.91
0.94
0.86
0.89
0.91
0.89
0.88
0.85
0.89
0.84
0.90
0.88
0.85
0.02
0.00
0.88
0.90
0.90
0.92
0.87
0.91
0.88
0.90
0.90
0.87
0.89
0.85
0.91
0.89
0.01
0.00
0.88
0.92
0.87
0.91
0.89
0.87
0.90
0.87
0.89
0.90
0.86
0.85
0.90
0.85
0.01
0.00
0.89
0.84
0.96
0.89
0.85
0.89
0.89
0.89
0.92
0.87
0.89
0.88
0.85
0.84
0.02
0.00
0.88
0.88
0.86
0.89
0.87
0.88
0.84
0.90
0.89
0.95
3.01
0.43
0.01
0.00
0.60
0.81
0.77
0.77
0.78
0.80
0.75
0.03
0.00
0.79
0.79
0.78
0.80
0.81
0.79
0.01
0.78
0.00
0.78
0.83
0.83
0.79
0.81
0.83
0.80
0.80
0.01
0.00
0.77
0.82
0.81
0.82
0.79
0.80
0.81
0.81
0.01
0.00
0.83
0.86
0.82
0.81
0.83
0.89
0.85
0.88
0.81
0.01
0.00
0.89
0.87
0.72
0.82
0.79
0.87
0.82
0.80
0.81
0.02
0.00
0.81
0.82
0.83
0.83
0.85
0.83
0.86
0.84
0.85
0.02
0.00
0.83
0.81
0.85
0.84
0.82
0.82
0.83
0.80
0.76
0.80
0.84
0.02
0.00
0.84
0.80
0.85
0.80
0.82
0.78
0.85
0.86
0.87
0.85
0.83
0.83
0.01
0.00
0.90
0.86
0.77
0.83
0.89
0.90
0.87
0.84
0.86
0.89
0.86
0.83
0.01
0.00
0.88
0.88
0.83
0.84
0.89
0.94
0.88
0.84
0.88
0.86
0.91
0.88
0.02
0.00
0.86
0.90
0.89
0.85
0.87
0.86
0.94
0.87
0.87
0.88
0.85
0.83
0.01
0.00
0.88
0.91
0.89
0.85
0.86
0.86
0.87
0.86
0.87
0.83
0.88
0.86
0.02
0.00
0.88
0.95
0.81
0.74
0.86
0.85
0.81
0.87
0.90
0.86
0.88
0.89
0.88
3.75
0.46
0.65
0.02
0.00
0.79
0.86
0.75
0.79
0.78
0.78
0.76
0.02
0.80
0.00
0.83
0.80
0.83
0.84
0.85
0.80
0.02
0.00
0.80
0.87
0.88
0.94
0.79
0.66
0.81
0.88
0.92
0.86
0.01
0.00
0.74
0.87
0.85
0.89
0.89
0.87
0.88
0.86
0.85
0.83
0.00
0.00
0.84
0.91
0.90
0.87
0.86
0.86
0.86
0.88
0.84
0.86
0.88
0.01
0.00
0.92
0.86
0.91
0.85
0.88
0.89
0.88
0.89
0.86
0.87
0.84
0.81
0.78
0.81
0.81
0.02
0.00
0.87
0.86
0.91
0.82
0.76
0.85
0.88
0.89
0.91
0.90
0.87
0.91
0.88
0.02
0.00
0.89
0.87
0.94
0.89
0.89
0.90
0.91
0.92
0.87
0.96
0.89
0.93
0.93
0.95
0.89
0.97
0.01
0.00
0.96
0.88
0.81
0.90
0.95
0.87
0.94
0.91
0.96
0.91
0.91
0.92
0.91
0.91
0.88
0.94
0.01
0.00
0.95
0.90
0.92
0.96
0.93
0.92
0.95
0.92
0.97
0.97
0.92
0.89
0.90
0.93
0.91
0.91
0.93
0.02
0.00
0.93
0.96
0.94
0.92
0.93
0.91
0.95
0.96
3.73
0.46
0.01
0.00
0.62
0.64
0.59
0.72
0.02
0.00
0.69
0.59
0.72
0.73
0.69
0.02
0.56
0.00
0.67
0.79
0.74
0.75
0.74
0.74
0.74
0.03
0.00
0.65
0.66
0.57
0.71
0.78
0.73
0.65
0.02
0.00
0.85
0.63
0.81
0.75
0.63
0.78
0.86
0.01
0.00
0.79
0.63
0.86
0.89
0.84
0.67
0.01
0.00
0.80
0.95
0.86
0.86
0.83
0.88
0.84
0.02
0.00
0.81
0.94
0.98
0.73
0.99
0.89
0.86
0.86
0.90
1.04
0.02
0.00
0.77
0.95
0.95
0.97
0.96
0.84
0.71
1.00
0.90
0.73
0.94
0.01
0.00
1.06
0.81
0.89
1.03
0.89
0.76
0.93
0.95
0.87
0.99
1.00
0.79
0.92
0.01
0.00
0.92
0.86
1.01
1.04
0.81
0.95
0.87
0.96
0.90
0.75
0.91
0.01
0.00
0.98
1.02
0.98
0.95
0.97
1.11
0.84
0.79
1.05
0.82
0.81
1.04
0.88
0.85
0.95
0.01
0.00
0.94
1.06
0.91
0.95
0.94
0.98
0.99
0.91
0.91
1.00
0.93
0.95
1.02
0.99
0.91
0.90
0.02
0.00
0.80
0.97
0.98
0.99
1.16
0.90
0.79
0.95
0.93
0.99
0.95
0.94
1.01
0.97
1.03
0.01
0.00
1.02
0.86
3.61
0.43
0.03
0.62
0.00
0.72
0.88
0.69
0.58
0.04
0.64
0.00
0.54
0.65
0.66
0.81
0.68
0.90
0.03
0.00
0.73
0.63
0.66
0.78
0.78
0.81
0.01
0.00
0.85
0.82
0.79
0.94
0.93
0.70
0.84
0.02
0.00
0.71
0.80
1.07
0.78
0.75
0.88
0.91
0.02
0.87
0.00
1.12
0.83
0.70
0.91
1.14
1.10
0.25
0.16
0.00
0.00
0.93
0.75
0.20
0.02
0.14
0.00
2.27
1.51
0.57
0.28
0.01
0.00
0.24
0.49
0.54
0.60
0.47
0.01
0.00
0.48
0.67
0.74
0.53
0.01
0.00
0.53
0.91
0.77
0.53
0.02
0.00
0.54
0.69
0.62
0.54
0.03
0.00
0.54
0.72
0.58
0.57
0.02
0.00
0.63
0.86
0.51
0.02
0.00
0.64
0.82
0.63
0.02
0.00
0.67
0.76
0.69
0.03
0.00
0.72
0.82
0.69
0.02
0.00
0.67
0.81
0.67
0.02
0.00
0.67
0.80
0.75
0.03
0.00
0.79
0.88
0.82
0.02
0.00
0.82
0.85
0.79
0.02
0.00
0.82
0.87
0.84
0.02
0.00
0.81
0.86
0.84
0.02
0.00
0.84
0.89
0.85
0.02
0.00
0.85
0.94
0.85
0.02
0.00
0.85
0.92
0.89
0.01
0.00
0.92
0.99
0.87
0.01
0.00
0.80
0.92
0.77
0.02
0.00
0.25
0.13
0.01
0.00
0.84
0.70
0.43
0.46
0.24
0.30
0.00
1.19
1.31
0.19
0.16
0.01
0.00
0.58
0.59
0.35
0.31
0.01
0.00
1.22
1.37
1.11
0.83
0.21
0.01
0.00
0.09
0.26
0.27
0.32
0.33
0.02
0.00
3.78
0.14
0.01
0.00
0.25
0.34
0.44
0.01
0.00
