5.313
3.472
0.825
0.012
62.791
63.735
66.346
67.762
80.386
74.856
70.994
79.624
49.375
51.732
60.603
55.589
55.901
72.414
84.859
79.484
54.475
36.498
30.197
68.535
36.492
233.052
182.462
165.039
117.380
45.103
43.229
55.595
67.658
65.978
75.371
78.651
82.320
86.750
5.388
0.236
81.998
102.242
108.347
118.015
96.678
84.282
129.800
112.572
99.563
100.588
99.004
99.385
99.850
5.774
95.793
0.360
73.948
80.817
100.054
135.746
103.187
89.515
103.352
123.675
82.282
6.144
91.926
0.280
75.310
87.894
106.251
126.919
109.851
4.409
87.387
0.226
78.450
99.305
146.676
113.876
2.367
85.090
0.225
98.764
142.485
108.521
102.277
3.384
116.163
0.252
131.608
101.246
109.518
119.834
120.498
7.392
96.032
0.230
44.710
11.211
1.967
0.142
515.219
167.557
55.436
6.868
0.114
69.286
98.734
97.894
7.160
0.158
76.130
121.877
133.546
109.947
6.998
0.190
115.504
130.742
89.456
9.599
0.184
112.847
140.042
114.133
8.190
0.175
149.280
127.798
114.850
7.857
114.828
0.158
87.355
152.231
108.380
6.904
0.227
108.816
138.027
120.071
114.221
6.823
87.679
0.183
88.240
123.287
86.158
6.990
89.998
0.206
85.177
108.617
99.382
91.893
9.370
145.153
0.209
96.361
125.964
99.891
109.881
8.798
0.249
118.060
110.059
99.282
107.207
8.237
0.197
89.537
135.075
167.709
126.053
2.064
0.163
39.291
17.758
1.813
0.076
457.848
428.823
106.394
1.956
0.092
208.117
78.921
52.270
71.957
78.569
72.440
7.782
0.297
60.895
90.527
113.594
136.639
122.753
101.576
5.240
0.229
83.125
93.808
89.938
104.222
7.032
0.216
115.598
124.935
117.884
110.126
6.489
0.196
97.099
155.978
94.035
5.520
110.693
0.190
84.163
114.640
90.661
4.765
108.417
0.778
88.703
112.299
87.820
4.020
86.112
0.201
87.740
111.324
94.388
106.484
2.522
84.412
0.266
86.085
143.842
112.447
83.888
88.422
2.209
0.216
103.641
95.818
117.086
103.153
2.630
92.029
0.230
100.990
102.142
116.107
109.750
3.384
144.740
0.205
93.110
95.200
94.909
105.451
2.305
124.648
0.219
90.284
104.429
106.886
82.647
2.650
0.225
87.622
100.640
100.785
107.538
2.411
113.790
0.200
85.082
145.553
100.772
111.745
2.411
84.014
0.212
80.328
95.873
96.862
107.522
83.869
2.799
0.235
86.132
94.874
97.342
105.317
2.679
0.205
125.617
105.069
107.305
114.468
2.878
0.196
84.484
118.145
97.700
87.018
2.919
82.793
0.189
82.752
126.402
112.734
110.240
2.557
87.904
0.210
125.190
104.296
109.230
84.409
2.559
76.982
0.215
82.632
118.957
106.120
146.143
89.968
2.313
0.206
92.037
96.555
101.895
107.960
85.657
2.856
0.212
93.759
98.641
109.559
139.710
88.577
3.490
0.214
141.652
103.552
108.085
87.649
3.918
93.197
0.228
94.613
103.458
99.161
85.028
89.328
2.724
0.227
82.407
100.725
144.276
106.885
84.766
2.292
0.216
87.118
97.042
116.019
102.626
91.524
3.712
0.217
97.308
97.190
119.519
119.991
3.501
80.371
0.215
83.667
152.867
101.326
113.726
80.286
511.309
269.844
2.075
0.108
111.147
207.896
76.941
59.531
76.796
79.284
75.083
3.682
0.253
61.662
119.440
117.912
116.039
105.869
3.563
145.149
0.209
78.491
91.415
82.340
107.825
2.716
0.261
102.117
107.509
127.888
113.276
2.221
0.186
108.978
115.590
82.883
91.473
3.412
0.181
110.042
113.953
92.198
3.162
111.221
0.207
86.130
153.253
88.941
130.781
2.170
0.863
88.041
111.350
113.777
88.790
87.282
2.258
126.304
0.188
80.487
99.411
111.001
79.149
129.303
2.509
0.236
98.379
97.657
117.644
130.478
45.577
510.178
1.959
170.381
0.830
247.179
38.676
187.275
174.596
139.928
69.019
150.981
1.843
0.162
203.487
236.991
73.956
49.710
52.913
2.512
0.220
45.080
85.518
92.643
104.884
123.477
111.329
93.086
2.418
0.253
94.425
105.409
110.352
99.428
2.367
0.162
104.141
145.774
108.687
2.481
0.156
110.396
128.075
106.984
2.318
0.169
109.599
132.312
105.203
2.328
0.174
106.128
129.021
106.093
2.556
0.160
105.702
127.414
107.132
2.516
0.145
105.561
129.573
107.046
2.841
0.174
107.203
124.109
107.748
2.952
0.161
107.135
126.633
108.736
2.902
0.161
109.312
128.017
105.928
2.853
0.148
105.995
128.296
106.153
2.896
0.904
106.707
127.772
107.278
2.894
0.150
107.363
126.762
106.683
2.913
0.156
105.615
124.254
105.824
2.813
0.165
108.932
129.090
106.365
2.749
0.162
105.734
126.053
107.848
2.674
0.151
109.597
128.672
106.806
2.996
0.169
106.090
133.583
106.965
3.227
0.177
107.525
128.806
105.963
3.107
0.174
105.696
126.206
106.140
2.964
0.154
109.629
136.359
106.964
2.820
0.159
107.411
124.812
99.493
3.186
0.146
104.348
125.457
109.038
3.070
0.151
106.713
134.172
107.400
2.985
0.159
106.623
131.951
106.417
3.120
0.161
105.982
129.470
107.110
2.677
0.180
106.267
136.336
107.634
2.893
0.157
106.040
128.144
109.852
2.990
0.159
105.441
128.828
106.109
3.035
0.150
104.800
131.735
106.315
3.026
0.174
105.418
126.938
107.423
3.056
0.157
104.923
127.613
107.264
2.900
0.148
106.708
129.228
107.520
2.949
0.161
105.287
127.864
108.235
2.836
0.163
106.429
133.041
105.403
2.713
0.163
105.321
129.536
105.018
3.083
0.161
106.662
126.453
104.019
3.317
0.159
104.452
129.524
105.627
3.116
0.161
107.499
124.651
107.113
2.988
0.173
106.351
129.970
106.571
3.301
0.150
108.630
131.551
106.137
3.217
0.157
104.410
127.655
107.796
2.904
0.160
107.699
130.624
105.711
2.888
0.174
106.804
128.945
105.695
3.183
0.175
110.930
128.759
84.774
3.786
0.171
104.839
147.148
105.500
3.733
0.154
111.836
119.243
85.241
4.850
0.186
106.307
140.376
108.314
3.187
0.158
104.729
120.525
107.741
3.504
0.150
106.266
125.170
106.623
4.675
0.158
106.143
122.472
105.070
3.333
0.164
105.480
125.930
106.886
4.718
0.149
106.051
128.696
109.259
2.880
0.166
105.748
123.615
105.237
3.991
0.147
113.239
123.513
84.413
3.999
0.169
110.763
140.188
87.006
3.535
0.156
104.945
125.818
104.946
3.457
0.151
110.661
124.332
88.222
3.460
0.170
104.911
120.093
104.968
3.178
0.161
111.723
125.930
105.361
3.549
0.152
106.190
129.355
106.776
4.800
0.160
105.315
121.097
105.946
3.684
0.151
106.034
126.113
102.822
3.930
0.160
108.231
125.226
111.701
3.104
0.170
104.706
103.824
106.262
3.682
0.169
108.938
135.063
107.221
3.654
0.158
112.484
119.446
88.105
3.935
0.163
106.514
121.568
106.361
4.232
0.174
106.327
127.408
105.857
3.043
0.150
109.201
119.373
106.951
3.541
0.167
105.239
124.519
106.720
3.680
0.157
112.486
123.615
83.126
3.943
0.171
107.229
132.538
105.153
3.718
0.165
106.881
122.313
106.260
3.899
0.170
107.811
123.763
107.752
4.008
0.158
108.315
123.510
107.675
3.159
0.150
105.211
124.926
110.122
4.512
0.154
107.706
125.335
107.492
3.724
0.154
107.905
125.142
107.558
2.824
0.156
106.151
123.020
109.220
4.191
0.156
106.016
128.098
106.236
3.954
0.178
105.656
130.265
107.013
3.570
0.164
106.625
126.533
107.352
3.842
0.161
112.380
125.212
85.101
4.375
0.173
108.012
133.003
108.114
3.626
0.155
107.658
121.595
112.948
4.026
0.150
106.932
106.206
106.256
3.029
0.181
106.609
130.362
106.411
3.995
0.152
110.881
120.577
104.279
3.433
0.160
110.051
128.183
104.811
4.164
0.162
106.414
129.896
104.846
3.964
0.161
106.893
125.081
111.762
4.503
0.168
104.504
109.806
105.369
3.980
0.180
106.358
138.948
105.775
3.282
0.160
107.327
122.425
105.739
4.421
0.172
105.162
125.062
106.657
4.125
0.147
109.498
128.100
87.657
3.596
0.170
105.656
141.903
106.458
3.766
0.156
110.529
127.655
85.427
5.517
0.170
106.155
139.945
105.867
3.879
0.158
104.906
121.553
110.306
4.347
0.161
108.688
125.408
107.145
4.100
0.183
105.417
122.622
105.098
2.548
0.170
111.706
128.997
83.877
5.026
0.169
105.741
136.351
112.835
3.544
0.155
105.511
99.583
108.719
3.436
0.159
105.399
139.682
107.604
4.091
0.158
102.842
123.820
105.185
3.720
0.167
112.950
124.445
87.307
3.135
0.173
109.488
143.089
105.241
3.380
0.154
106.686
125.411
105.587
4.322
0.163
109.077
132.843
105.911
2.810
0.156
104.068
127.631
105.459
3.891
0.161
106.193
133.141
105.143
4.762
0.164
107.419
125.295
110.041
4.150
0.177
105.396
110.814
106.022
3.762
0.187
114.523
134.413
92.469
4.937
0.185
103.537
113.642
107.059
4.399
0.165
105.737
135.811
106.098
4.781
0.161
105.725
123.033
105.916
4.013
0.168
109.409
133.648
107.159
3.561
0.172
106.593
129.440
106.351
2.844
0.169
105.452
133.582
108.203
3.474
0.160
108.393
127.219
105.236
3.605
0.146
106.747
129.563
106.327
3.987
0.163
108.471
127.878
105.909
5.006
0.169
107.115
127.807
106.315
4.327
0.154
108.464
127.267
104.340
3.768
0.147
110.963
122.647
90.190
3.656
0.173
103.100
115.356
109.614
3.499
0.183
108.618
132.386
105.547
4.109
0.153
105.764
125.942
106.462
4.824
0.175
103.908
135.721
103.820
3.676
0.164
106.861
124.866
104.530
3.827
0.179
107.941
126.606
111.440
3.312
0.157
104.474
106.327
107.104
5.372
0.181
107.959
140.401
109.026
4.664
0.150
105.663
101.867
109.436
4.735
0.165
109.087
140.324
105.899
3.787
0.151
105.998
125.775
109.958
3.400
0.150
105.968
106.290
105.632
4.602
0.171
105.774
135.117
108.536
3.980
0.158
107.289
124.231
107.753
4.397
0.152
107.046
126.459
108.578
4.809
0.149
106.403
125.529
104.432
4.640
0.156
107.225
123.432
106.812
4.741
0.161
115.170
130.112
85.166
3.937
0.157
112.632
138.841
86.565
5.082
0.165
106.544
127.679
106.797
5.350
0.161
106.471
119.435
106.325
5.558
0.159
106.931
130.927
107.527
4.575
0.168
109.941
130.282
113.808
5.242
0.159
103.359
105.299
108.031
5.333
0.186
107.808
139.598
110.991
4.584
0.148
110.972
101.624
89.151
4.925
0.174
107.177
118.587
89.321
3.285
0.171
105.512
126.470
111.106
4.146
0.162
104.604
105.636
107.727
4.847
0.153
109.099
126.595
84.611
5.258
0.180
108.581
128.600
88.008
5.657
0.169
102.786
111.784
105.703
5.321
0.167
112.950
125.607
87.460
3.531
0.134
109.183
130.920
82.576
5.763
0.180
104.658
125.924
107.821
5.106
0.142
108.563
123.414
86.001
6.240
0.146
106.450
114.942
105.529
4.616
0.135
104.891
124.642
104.288
4.997
0.129
109.204
123.978
86.045
4.211
0.145
106.028
111.326
105.552
4.099
0.158
106.520
124.110
108.839
4.401
0.127
105.043
104.135
105.245
3.208
0.135
110.200
126.944
85.091
6.395
0.143
107.626
131.719
103.328
4.657
0.123
104.587
122.565
107.811
4.531
0.129
103.202
130.355
105.797
3.535
0.126
104.365
123.850
105.401
5.250
0.131
109.134
124.545
112.412
4.341
0.123
102.194
104.816
110.181
4.007
0.146
104.339
113.116
107.496
4.670
0.135
109.029
128.132
87.259
2.957
0.139
105.859
110.881
109.726
3.581
0.135
104.207
128.103
108.414
4.421
0.123
108.313
102.081
107.721
4.391
0.142
105.712
133.595
104.767
5.668
0.131
106.668
120.164
106.300
4.121
0.132
106.777
130.523
104.298
3.395
0.134
106.436
125.521
108.206
2.956
0.122
106.508
123.768
108.778
6.057
0.128
103.328
128.515
105.747
3.807
0.121
108.370
129.123
111.310
3.881
0.137
104.144
107.831
110.256
4.067
0.162
102.468
115.451
104.730
3.186
0.129
104.438
130.219
105.746
4.705
0.113
109.215
120.248
84.855
3.370
0.143
108.351
131.825
84.492
4.413
0.144
108.021
129.829
104.203
5.601
0.120
109.941
120.285
90.805
5.776
0.142
109.410
115.101
84.138
5.784
0.150
108.028
128.454
106.918
3.736
0.116
104.456
123.429
106.690
3.190
0.134
112.807
129.844
91.257
4.730
0.138
105.745
109.850
108.562
5.282
0.139
106.482
130.401
109.632
5.294
0.123
109.310
99.295
85.902
5.556
0.159
103.565
122.920
108.012
4.690
0.138
106.144
124.694
103.260
3.879
0.162
105.312
120.653
107.826
2.949
0.125
106.082
129.825
111.823
4.717
0.127
111.141
105.325
85.873
5.392
0.153
105.381
140.017
105.609
3.378
0.138
106.763
119.141
111.763
5.477
0.132
108.938
103.840
89.684
5.414
0.140
108.807
119.104
84.285
4.937
0.145
111.524
130.169
87.833
3.249
0.135
107.423
126.553
107.963
5.103
0.128
106.548
119.775
107.820
4.572
0.144
108.951
129.169
109.810
4.425
0.124
110.296
102.713
88.351
4.630
0.163
105.218
122.010
108.628
4.350
0.136
105.318
122.758
104.532
6.078
0.129
106.784
129.782
105.131
3.311
0.144
106.904
122.366
86.615
5.387
0.140
104.574
111.597
107.694
4.848
0.133
104.313
127.379
109.244
5.228
0.154
112.303
100.166
89.772
4.500
0.175
103.023
116.059
104.059
4.936
0.122
108.639
125.108
106.463
3.057
0.132
106.342
120.869
107.299
3.575
0.123
104.749
125.107
106.298
4.798
0.137
113.412
127.332
85.500
4.737
0.153
113.179
128.904
87.051
5.507
0.129
102.738
104.988
111.791
4.937
0.138
108.352
108.975
112.631
5.856
0.153
102.654
110.092
105.276
2.517
0.129
111.769
126.233
89.527
7.191
0.154
104.817
107.249
106.896
6.124
0.131
107.649
128.168
107.772
4.824
0.141
103.827
106.213
106.228
4.466
0.150
104.637
134.656
105.084
5.933
0.120
104.390
125.987
103.791
3.924
0.131
105.263
126.894
109.896
3.917
0.126
103.491
105.139
105.910
5.507
0.170
111.954
129.561
90.755
7.198
0.148
106.412
112.540
106.556
4.362
0.132
106.161
122.657
106.273
3.134
0.123
117.330
118.548
85.939
4.240
0.160
103.840
123.469
108.594
4.455
0.147
106.524
105.128
106.826
3.676
0.136
111.089
131.830
87.520
5.987
0.133
102.827
112.505
105.853
4.633
0.144
110.066
131.498
87.832
5.987
0.128
103.881
108.739
107.456
4.229
0.131
104.459
124.664
105.279
4.082
0.118
110.394
121.429
89.073
4.790
0.132
106.481
112.650
110.154
3.516
0.130
111.040
107.494
90.992
8.104
0.143
103.900
118.541
106.628
3.697
0.131
111.768
124.832
86.334
4.596
0.128
120.465
128.141
88.356
4.308
0.161
102.423
107.263
110.919
5.410
0.145
102.729
108.572
112.001
4.156
0.142
101.019
109.228
105.522
3.926
0.150
107.348
128.920
106.428
4.936
0.146
104.296
125.880
103.698
5.266
0.131
105.888
131.434
106.701
5.720
0.136
105.074
103.442
106.813
4.296
0.140
108.320
134.507
89.524
4.719
0.147
104.721
107.679
103.947
2.213
0.136
104.908
126.374
106.883
5.496
0.147
109.565
99.818
85.881
2.395
0.162
106.825
138.334
105.663
6.519
0.146
106.804
121.816
107.471
6.304
0.151
103.452
129.999
108.251
3.291
0.152
107.696
126.815
105.555
5.100
0.151
108.866
133.260
81.726
5.116
0.132
91.565
134.156
84.954
4.485
0.133
107.813
103.056
88.153
5.021
0.150
106.657
124.871
105.761
3.655
0.133
103.337
125.015
108.541
2.732
0.140
107.939
128.089
86.398
5.653
0.131
103.172
117.167
109.251
4.738
0.137
84.917
108.119
104.681
4.762
0.149
107.142
130.335
106.003
3.937
0.124
111.417
125.966
89.047
6.772
0.140
107.184
111.570
86.807
5.126
0.169
106.089
112.515
112.657
5.318
0.143
104.079
109.126
103.074
4.923
0.138
103.572
126.899
105.147
3.207
0.132
109.838
126.986
107.485
3.733
0.115
108.457
128.923
110.289
4.200
0.132
106.839
113.230
90.095
5.291
0.825
105.280
126.598
103.369
6.342
0.132
92.252
127.254
84.144
5.902
0.148
101.693
107.543
106.024
3.606
0.130
103.958
135.029
109.412
7.051
0.142
111.370
100.030
84.199
7.435
0.174
107.554
139.984
106.710
5.104
0.131
104.864
124.427
104.949
6.459
0.138
106.886
133.153
86.056
4.999
0.148
109.164
112.147
87.646
2.758
0.137
109.831
111.204
89.869
7.457
0.151
102.303
122.455
108.954
2.919
0.141
106.475
127.756
104.822
5.305
0.140
106.858
120.953
107.176
5.357
0.134
105.913
104.836
106.813
5.275
0.131
106.288
132.658
104.206
3.829
0.116
110.712
123.295
90.237
4.505
0.137
106.916
115.804
92.082
3.411
0.145
107.159
112.350
91.500
6.266
0.145
106.931
112.765
90.415
5.511
0.162
105.018
107.231
109.348
5.773
0.128
105.429
106.999
103.404
5.543
0.146
108.481
125.587
87.155
6.021
0.142
109.683
107.698
89.794
5.695
0.147
107.044
112.152
92.062
4.482
0.134
108.577
114.288
108.102
3.219
0.136
103.377
127.139
103.845
5.784
0.144
104.515
123.528
107.636
4.237
0.120
109.086
125.287
85.900
5.999
0.138
105.859
130.819
105.865
4.323
0.136
107.457
126.432
89.356
7.042
0.167
104.265
110.907
105.341
5.226
0.132
103.926
126.913
107.692
4.768
0.133
109.942
124.269
83.259
5.098
0.148
105.092
137.048
108.176
4.274
0.127
108.227
99.105
94.764
7.775
0.159
108.110
121.679
90.029
4.436
0.158
108.814
116.504
89.020
7.763
0.125
108.462
106.524
85.284
6.162
0.158
106.717
138.071
104.703
5.184
0.138
102.937
122.514
103.788
5.734
0.133
104.954
126.781
106.859
5.054
0.144
108.801
124.699
103.195
3.402
0.121
106.762
128.269
112.676
5.156
0.153
108.461
103.074
88.222
5.137
0.150
104.855
116.415
110.510
4.921
0.134
104.533
113.187
111.620
4.739
0.136
103.764
110.391
107.618
2.528
0.159
110.238
127.271
90.138
6.783
0.145
103.741
109.081
104.221
3.506
0.131
105.009
140.865
110.557
5.716
0.144
87.194
102.285
86.062
4.296
0.164
110.671
117.588
85.864
6.751
0.144
105.193
133.503
104.176
5.431
0.130
110.383
121.617
85.810
6.181
0.143
105.787
130.154
108.334
5.079
0.125
105.964
98.918
107.022
5.365
0.126
112.229
137.606
86.772
2.830
0.129
105.245
106.534
113.445
7.732
0.147
106.157
112.797
106.575
4.974
0.161
107.616
128.522
89.151
6.000
0.158
108.723
103.552
85.331
8.460
0.141
105.935
141.116
104.303
5.698
0.137
107.087
123.817
106.791
3.865
0.152
112.641
132.378
84.481
5.818
0.145
110.657
138.773
82.586
7.708
0.189
105.063
131.672
107.187
6.453
0.152
105.323
100.895
87.243
6.687
0.164
112.330
119.868
89.854
4.572
0.168
109.032
110.392
92.337
4.863
0.150
109.053
112.007
86.432
7.887
0.165
111.020
110.659
86.826
4.868
0.142
108.843
132.203
108.525
4.845
0.133
107.449
128.123
110.154
3.359
0.149
105.263
111.344
107.631
4.873
0.148
93.892
110.976
85.399
6.910
0.165
109.430
112.481
85.623
5.357
0.159
108.915
138.671
105.877
3.240
0.141
108.148
122.410
110.626
5.547
0.136
150.765
106.540
84.286
47.867
0.148
105.179
140.458
105.286
4.480
0.156
103.500
119.974
107.116
3.706
0.136
103.039
128.276
109.884
4.708
0.136
110.987
109.572
94.214
4.724
0.157
85.776
119.608
86.165
6.033
104.469
0.126
85.254
128.645
86.159
3.456
0.164
101.232
108.768
109.871
3.189
0.142
109.130
109.656
87.433
8.124
149.172
0.162
86.275
116.470
86.039
4.204
101.261
0.180
82.905
133.675
109.929
100.417
4.744
0.175
104.084
128.692
111.529
103.266
2.516
0.147
87.452
130.177
86.529
4.536
0.148
104.695
106.779
105.229
4.402
0.144
109.012
133.148
107.766
6.232
0.122
106.462
99.561
93.812
5.068
0.174
109.536
124.269
83.876
7.385
0.135
134.239
136.234
111.508
4.877
0.137
104.598
95.663
111.998
5.246
0.138
111.279
113.816
85.789
6.211
0.145
104.287
141.271
110.860
3.482
0.137
100.687
100.702
109.869
3.245
0.175
109.344
113.712
85.059
6.554
0.145
112.852
138.573
81.261
9.351
0.121
144.571
130.376
85.304
3.876
0.143
109.720
128.118
87.351
4.521
0.160
102.753
109.589
110.649
5.385
112.032
0.132
83.950
103.706
107.291
4.162
0.156
105.177
130.040
110.175
3.739
0.165
103.931
110.966
107.870
5.163
0.149
107.304
138.913
106.701
5.296
0.161
110.755
123.090
90.040
6.504
104.980
0.153
91.653
123.842
84.562
7.078
99.686
0.169
82.125
118.993
86.103
6.346
105.644
0.166
80.709
102.096
104.792
5.640
99.833
0.175
84.053
129.586
83.893
7.529
0.147
111.831
113.370
82.386
6.535
0.140
110.091
137.912
89.124
7.517
104.839
0.150
84.656
127.343
85.411
5.133
0.172
85.963
113.751
87.182
105.424
4.901
0.173
148.439
128.191
93.000
110.537
6.693
109.526
0.173
86.442
109.567
85.397
5.604
106.046
0.172
85.671
101.326
86.631
101.433
5.215
0.207
83.386
125.822
102.240
106.585
7.467
89.757
0.160
79.901
112.304
106.404
5.159
0.163
107.364
102.314
90.713
106.893
4.966
0.182
87.026
109.307
93.191
105.221
5.423
0.176
86.634
108.409
95.246
108.295
5.688
0.180
85.807
112.741
91.229
104.908
5.265
0.177
106.803
127.635
91.957
110.452
3.353
140.301
0.179
84.344
113.733
85.098
3.157
0.153
104.306
110.662
88.035
109.913
4.739
0.155
80.333
117.926
110.126
102.629
2.735
107.386
0.161
103.724
104.341
83.087
6.469
0.151
105.918
141.040
104.027
108.809
5.278
0.180
145.709
126.066
83.676
6.770
0.146
111.800
140.606
93.698
5.326
85.089
0.171
94.801
122.763
87.980
4.347
0.165
108.557
104.148
92.229
104.222
3.803
0.167
91.814
137.902
92.471
103.814
4.838
0.169
84.684
138.887
83.992
6.020
0.152
106.493
103.355
87.146
5.389
106.341
0.164
88.258
127.019
82.238
5.180
0.172
112.086
130.984
83.492
5.924
0.153
105.094
138.462
108.148
3.798
0.141
113.427
96.693
90.160
6.636
0.179
112.739
121.977
84.398
4.422
0.132
107.818
131.206
108.573
8.363
104.826
0.128
94.664
120.671
82.961
5.130
0.178
107.861
131.578
92.172
101.483
6.188
0.141
86.726
130.585
85.007
46.258
104.876
0.171
91.382
123.856
82.494
4.575
101.820
0.182
102.455
127.152
103.130
5.322
0.137
143.745
113.132
89.540
5.537
0.150
90.748
115.063
91.345
5.453
0.175
110.124
108.668
87.075
3.863
145.599
0.161
86.769
133.951
85.090
4.375
0.140
103.795
107.400
110.503
5.870
0.146
114.259
109.803
86.858
6.467
0.149
116.875
134.100
87.239
5.832
112.773
0.141
89.275
102.015
91.004
6.584
0.174
106.833
105.189
97.805
107.269
5.209
82.797
0.167
85.574
106.834
83.149
101.939
4.251
0.196
105.744
115.903
100.073
103.508
4.645
86.604
0.170
110.566
118.066
82.893
5.684
107.761
0.172
107.259
102.588
91.877
105.475
5.364
0.185
86.114
123.005
97.766
105.708
6.315
124.534
0.169
86.295
115.426
86.720
6.033
0.173
105.603
112.243
98.961
88.578
5.665
83.471
0.201
82.442
111.695
101.303
102.886
5.583
83.068
0.183
86.892
94.037
97.306
98.623
4.692
0.200
78.523
120.605
114.992
108.500
3.031
107.847
0.171
80.916
105.781
107.626
3.823
0.167
100.867
111.108
107.485
104.092
5.208
0.148
110.810
128.644
83.362
7.271
0.150
109.928
134.287
87.419
4.688
105.688
0.753
88.481
124.862
82.944
6.482
147.206
0.154
102.756
109.481
106.613
4.974
103.744
0.170
86.753
123.699
85.810
105.829
6.029
0.166
80.101
105.546
89.374
3.335
0.184
106.475
114.785
98.444
105.681
5.592
80.967
0.178
83.676
125.377
81.439
7.429
102.995
0.182
85.130
103.473
82.651
7.977
0.170
108.147
129.532
97.505
106.118
4.078
0.169
130.606
114.762
81.497
6.236
0.155
108.554
136.294
86.463
7.862
147.511
0.164
108.635
106.923
84.243
7.054
108.064
0.178
105.885
106.594
90.415
106.323
5.904
0.356
82.788
106.120
95.652
109.450
2.494
83.907
0.184
83.193
111.113
96.239
101.249
4.537
0.192
129.024
118.066
95.347
100.153
2.800
0.146
88.084
138.267
87.397
106.013
4.870
81.633
0.187
103.652
129.565
104.262
100.682
4.008
126.383
0.192
104.219
97.075
89.547
105.592
6.783
80.854
0.197
81.099
98.728
99.393
104.541
2.382
79.678
0.181
81.926
94.503
95.392
106.465
6.227
0.194
80.699
100.133
99.856
104.439
46.723
0.169
83.306
110.829
98.452
106.980
4.661
89.602
0.182
79.646
111.549
108.555
105.871
4.582
0.166
104.766
105.508
102.678
101.139
4.044
88.880
0.190
100.826
106.383
114.038
99.321
5.752
89.590
0.201
101.866
104.382
110.925
104.034
4.825
104.701
0.180
87.875
100.170
97.673
104.860
4.072
83.011
0.194
84.605
97.773
100.276
98.962
3.445
0.197
94.699
123.965
100.793
107.795
5.131
85.079
0.163
82.788
111.018
87.785
4.731
0.204
102.247
106.180
108.805
108.119
4.848
0.157
153.588
129.504
88.095
5.376
0.147
109.130
116.637
92.461
3.732
0.137
109.192
117.311
86.101
5.140
0.139
93.687
126.420
91.516
6.302
0.179
111.284
111.958
87.597
7.461
111.688
0.161
92.261
117.398
89.063
5.648
90.581
0.179
87.112
102.920
86.104
104.679
4.592
0.195
101.679
102.278
115.142
107.177
5.901
107.445
0.163
81.836
128.313
103.183
148.990
3.907
0.184
101.979
107.618
102.856
4.782
0.168
100.836
138.895
106.167
3.495
0.133
103.022
107.616
107.134
4.848
130.590
0.147
86.815
108.064
87.055
5.776
103.917
0.165
84.074
124.647
93.024
103.889
5.064
0.195
84.745
107.634
105.033
101.090
4.722
82.876
0.165
103.715
101.509
89.185
105.773
4.336
0.207
85.454
111.380
97.316
108.435
5.120
87.890
0.160
81.895
106.733
92.823
108.943
5.310
84.668
0.203
125.760
94.160
98.798
99.502
5.051
79.156
0.193
105.402
119.823
99.549
101.085
5.409
82.949
0.187
106.629
101.510
95.641
107.851
3.666
0.193
120.225
105.635
115.262
82.653
7.230
0.178
90.700
133.227
94.243
104.139
5.159
0.171
88.663
140.526
96.004
102.258
5.036
0.175
88.173
133.099
82.339
3.884
106.902
0.155
108.789
135.530
110.328
5.537
0.167
89.237
108.461
83.833
7.193
0.175
157.142
131.460
91.539
6.752
105.464
0.158
96.996
133.348
85.296
6.232
0.161
103.536
113.863
84.703
108.005
5.291
151.351
0.186
103.453
111.987
115.067
103.900
81.916
5.574
0.188
126.494
102.136
92.103
100.850
6.471
83.030
0.178
84.227
104.608
98.466
85.583
5.498
107.739
0.188
89.523
98.641
95.991
101.447
4.300
140.258
0.200
102.530
123.036
94.900
113.461
4.337
0.422
80.551
117.634
114.285
116.030
5.097
105.024
0.154
91.986
121.201
83.788
6.257
103.460
0.160
86.203
108.672
87.734
3.402
0.162
110.344
118.255
96.036
87.147
6.643
95.227
0.171
89.006
102.128
95.350
104.923
3.505
0.198
84.779
101.870
101.504
109.719
89.235
4.800
0.185
82.855
101.695
88.222
107.986
4.743
0.207
105.063
101.213
99.681
102.660
4.361
0.176
84.158
144.047
85.398
87.609
6.077
127.171
0.192
86.449
104.030
108.155
105.445
4.188
81.631
0.172
83.576
96.375
95.694
103.027
5.677
85.393
0.226
85.065
103.384
100.477
107.779
4.631
87.235
0.198
122.084
102.376
96.357
98.833
5.824
0.160
86.061
127.934
93.166
104.360
2.952
114.228
0.177
98.882
114.591
99.609
6.807
113.354
0.155
106.754
107.626
107.175
6.116
0.272
107.955
119.008
92.511
3.394
0.173
86.501
120.785
89.115
5.674
106.994
0.155
85.589
102.532
84.882
4.453
111.126
0.168
114.611
106.114
87.142
105.362
103.560
5.615
0.179
85.979
124.072
93.264
102.099
5.316
0.169
89.590
152.789
99.387
91.449
6.399
88.895
0.184
128.894
98.311
103.009
99.063
4.474
0.172
81.466
163.941
92.214
103.332
5.567
0.159
113.187
149.629
93.909
83.355
6.505
0.177
90.530
135.407
103.730
107.507
4.633
0.198
81.452
123.942
90.058
5.948
0.157
108.423
156.278
84.162
6.946
89.006
0.157
111.720
116.318
83.094
91.718
4.922
0.189
101.453
105.201
106.981
104.061
3.092
102.587
0.181
107.708
118.379
88.417
108.749
4.191
101.064
0.193
85.514
128.732
104.391
108.934
4.456
84.271
0.151
88.203
101.759
98.092
109.701
4.959
0.196
86.664
102.325
95.855
109.778
4.143
103.882
0.175
129.334
105.293
91.242
106.908
3.089
81.657
0.185
78.548
101.117
97.120
100.706
4.502
148.468
0.198
101.438
99.576
117.014
103.169
7.559
0.187
88.845
129.713
88.536
105.917
4.627
0.185
89.799
116.651
103.963
101.333
3.344
0.194
90.750
124.283
88.746
103.978
5.759
103.783
0.155
107.021
132.073
90.058
100.222
4.017
84.240
0.180
108.991
99.444
97.797
103.571
4.444
81.781
0.174
82.687
95.219
100.940
103.747
5.685
80.885
0.200
86.316
98.728
96.508
100.455
2.722
84.799
0.193
82.568
103.736
102.089
98.977
6.045
125.719
0.177
99.579
94.725
113.518
100.311
3.733
0.178
130.460
123.825
89.564
107.417
4.486
0.182
144.709
141.146
113.122
109.947
4.736
0.144
92.080
108.988
90.905
6.049
104.315
0.183
83.777
108.581
90.269
104.165
7.555
0.173
84.705
163.510
98.271
105.712
5.479
0.169
84.189
110.138
101.223
103.728
4.267
0.174
85.144
104.398
88.123
107.811
6.639
112.185
0.164
93.515
146.935
98.913
110.535
89.175
5.473
0.190
92.908
145.422
90.533
83.404
5.568
0.181
101.122
107.112
109.994
110.620
5.887
0.152
80.069
115.973
108.144
5.326
0.152
104.624
110.994
118.988
106.765
5.385
0.150
85.020
106.821
89.380
5.125
0.188
105.914
108.223
100.853
109.222
3.553
0.164
85.011
117.672
101.028
105.891
5.938
0.181
86.491
133.502
94.330
106.742
4.405
83.826
0.189
82.585
112.189
86.492
105.882
4.500
0.194
83.812
109.766
102.761
85.357
7.269
133.651
0.179
84.491
106.133
102.959
103.343
4.894
0.197
83.434
107.747
98.252
101.278
4.307
0.193
83.157
134.264
93.627
109.883
6.708
81.444
0.173
95.631
136.934
82.966
5.596
98.542
0.156
88.337
121.631
94.096
104.926
5.185
84.470
0.210
88.590
103.834
103.063
104.376
3.626
79.803
0.176
78.245
99.227
99.440
87.635
6.076
84.179
0.178
79.096
102.201
96.740
100.082
3.596
103.710
0.173
97.026
108.382
114.745
88.458
7.015
0.204
80.982
153.121
92.907
86.410
5.670
109.065
0.164
105.525
111.354
102.909
85.777
5.182
84.467
0.171
91.532
103.445
93.137
104.492
98.142
4.895
0.198
80.485
120.509
96.381
109.415
5.332
83.346
0.183
88.513
104.118
95.771
103.307
4.913
86.897
0.179
91.549
101.676
94.827
85.939
6.470
92.478
0.664
95.377
98.757
105.366
97.257
4.383
129.472
0.208
101.934
94.247
98.600
102.724
5.589
127.884
0.186
106.600
101.844
100.562
103.643
4.655
88.100
0.192
132.142
113.829
96.890
89.051
5.509
0.204
83.063
103.463
145.691
107.488
5.815
81.835
0.168
94.616
124.372
96.989
106.272
7.261
87.521
0.183
90.349
96.878
103.946
103.783
4.291
84.852
0.181
130.992
139.861
91.460
85.509
7.275
102.291
0.192
83.756
98.517
101.767
103.175
5.738
80.522
0.469
100.712
109.207
118.776
83.626
6.016
124.859
0.190
82.560
97.652
95.421
108.303
4.658
0.274
102.026
111.435
124.062
87.660
92.252
7.182
0.151
89.785
110.541
139.294
108.446
86.553
4.352
0.197
77.891
100.833
116.275
106.462
4.996
0.208
104.449
104.417
99.387
104.952
6.216
82.650
0.201
105.942
112.356
100.909
87.541
5.830
0.202
79.628
109.042
123.655
102.429
4.408
87.037
0.123
112.284
100.623
90.283
6.602
0.171
110.533
123.981
94.041
90.515
4.423
0.163
85.608
113.244
86.445
86.010
5.911
0.185
105.287
112.431
98.355
103.478
146.182
5.113
0.167
109.979
123.362
89.760
108.630
6.593
0.190
128.422
117.040
89.548
5.715
90.534
0.869
83.243
100.831
90.726
114.916
5.912
85.815
0.187
123.931
148.760
104.032
86.455
5.528
88.404
0.226
83.835
97.045
98.896
106.936
5.918
84.981
0.184
94.230
100.258
90.770
106.406
104.111
6.436
0.757
84.422
113.591
105.846
106.714
2.566
0.194
86.444
101.641
95.779
110.695
4.340
82.808
0.155
86.985
144.707
96.329
106.606
3.395
0.192
86.140
109.251
146.117
84.061
6.675
83.044
0.137
86.569
104.271
100.965
100.699
5.410
0.208
89.373
162.388
93.233
104.550
4.396
111.221
0.160
89.229
111.610
92.064
104.986
5.663
0.180
94.895
110.211
88.179
104.063
5.465
102.542
0.186
91.779
105.321
140.080
83.358
123.658
7.250
0.176
107.599
94.788
97.275
105.023
4.481
102.349
0.187
91.165
166.053
97.599
106.555
4.604
81.810
0.182
80.333
125.773
100.459
105.695
7.217
82.422
0.175
86.270
97.327
100.974
100.504
3.755
86.722
0.177
98.544
97.954
115.647
100.926
5.678
84.150
0.138
149.115
95.777
87.725
106.535
4.303
110.781
0.207
80.279
108.575
99.458
80.909
6.659
0.211
82.359
128.068
110.459
98.026
5.005
127.799
0.646
101.982
106.959
104.075
107.112
4.350
0.186
81.510
144.755
90.340
93.498
5.465
94.188
0.164
86.093
92.986
86.969
101.353
83.418
4.611
0.203
82.751
105.438
147.249
88.279
5.230
0.187
82.660
107.206
101.856
109.796
103.493
4.545
0.165
129.119
110.567
88.344
91.710
83.381
4.874
0.171
84.312
101.231
106.892
102.538
5.265
85.054
0.197
132.739
102.800
96.064
103.524
5.326
89.055
0.213
90.996
98.959
104.923
145.500
4.460
0.182
84.951
143.612
97.538
105.828
80.391
2.907
0.164
81.746
108.939
93.811
85.643
84.016
5.862
0.222
84.632
101.527
103.337
106.226
5.790
85.083
0.201
82.393
108.287
99.252
79.851
4.684
88.993
0.202
155.706
97.802
102.065
106.512
101.524
3.864
0.189
87.037
117.245
110.537
101.956
84.047
4.146
113.503
0.186
81.193
94.236
101.666
115.619
78.975
6.837
0.210
77.661
101.592
102.958
83.436
6.137
0.202
86.507
102.604
105.494
107.751
86.811
6.902
0.171
89.602
154.668
91.587
90.330
4.666
85.662
0.204
84.064
102.066
105.231
105.625
5.323
76.705
0.186
81.308
125.307
97.062
96.673
5.506
0.198
92.835
126.398
101.729
108.509
3.224
106.828
0.147
85.303
108.060
88.704
103.019
3.948
82.288
0.203
89.660
118.562
95.934
103.589
86.278
5.410
0.170
85.644
107.096
144.898
83.228
91.769
5.035
0.204
93.448
97.532
98.862
86.696
5.580
88.660
0.191
87.332
102.829
105.399
88.286
5.685
0.179
84.804
114.220
147.918
86.000
3.699
126.506
0.176
92.625
97.250
97.722
106.361
91.697
2.668
0.214
82.285
96.605
139.762
106.826
80.045
5.513
85.529
0.211
80.643
93.586
96.970
101.638
5.379
84.438
0.213
81.833
91.028
107.043
102.292
89.333
2.317
0.205
83.096
143.954
90.041
89.041
147.756
6.682
0.218
80.902
96.925
114.037
103.790
3.845
81.512
0.209
83.690
103.983
107.292
83.057
4.333
0.197
85.596
102.765
108.189
104.032
94.409
6.551
0.165
89.350
144.434
89.150
5.674
0.170
97.743
115.542
126.288
87.765
85.560
6.985
0.169
78.667
122.083
105.564
90.372
5.139
90.524
0.181
95.602
97.064
93.618
99.034
86.686
4.845
0.190
83.237
109.441
107.274
87.101
92.457
9.304
80.789
0.196
114.231
101.999
121.492
85.459
88.128
7.122
0.203
88.396
135.729
96.806
111.523
4.448
0.194
94.589
108.996
105.387
90.675
95.232
6.184
0.210
82.468
103.633
96.833
149.122
98.749
5.657
0.190
123.532
103.638
106.947
91.572
6.724
0.184
78.652
100.913
115.352
113.815
4.713
87.492
0.202
84.067
109.898
133.689
109.917
85.557
4.168
0.172
82.066
102.485
105.358
107.411
81.051
3.751
84.166
0.193
79.786
94.499
102.484
94.649
90.276
2.858
108.362
0.208
80.381
90.538
102.383
143.904
99.903
9.299
0.219
80.067
164.255
101.762
93.845
84.932
5.975
0.179
123.802
117.476
101.842
85.036
105.230
9.107
90.093
0.218
74.167
87.845
109.248
99.778
3.719
91.654
0.202
87.260
96.590
107.547
117.373
81.932
3.063
0.188
85.536
119.804
136.328
105.645
5.099
83.466
0.191
90.213
109.947
110.490
84.439
86.897
5.075
0.200
93.758
101.602
103.370
93.758
92.635
5.435
0.176
82.988
96.007
161.840
104.589
86.593
5.129
85.253
0.199
72.479
105.705
119.399
83.440
93.294
7.420
89.651
0.216
83.180
92.113
97.524
103.176
87.330
2.296
0.217
76.984
109.739
107.219
123.817
87.988
2.469
0.196
83.921
100.074
102.595
103.830
81.829
2.514
89.940
0.198
80.212
93.199
94.985
98.794
96.988
6.287
0.194
72.622
98.760
132.874
126.687
84.771
6.360
0.803
86.169
109.189
115.145
111.136
4.711
77.977
0.193
83.015
106.176
105.403
86.955
127.899
6.453
81.628
0.210
80.716
100.451
105.894
91.555
3.720
78.600
0.208
93.689
95.275
109.810
110.137
83.779
4.098
0.197
73.371
94.073
107.644
106.158
105.569
4.382
0.171
86.375
103.138
137.978
123.363
95.924
7.213
0.190
87.762
107.326
102.021
81.166
4.145
0.189
79.033
124.554
128.505
108.689
89.848
5.937
0.144
94.740
119.964
127.987
6.140
87.132
0.174
88.522
145.127
101.012
117.950
99.843
4.144
0.163
124.593
145.947
111.074
91.965
79.316
3.906
0.197
80.513
98.015
110.594
107.804
4.643
82.904
0.178
77.706
110.471
123.447
77.187
88.444
3.308
0.218
101.761
103.496
98.130
97.610
2.326
91.812
0.202
86.482
102.203
103.995
102.312
104.296
3.475
96.852
0.183
83.346
98.571
99.845
87.528
81.966
2.365
70.892
0.222
83.785
109.134
107.736
137.151
4.656
82.386
0.171
87.681
102.420
138.875
116.961
87.410
4.594
0.186
131.295
105.895
102.356
105.711
92.446
4.920
0.182
88.245
103.081
106.153
96.636
3.474
84.230
0.203
90.808
102.955
113.564
88.326
84.345
79.325
5.196
0.214
112.810
87.542
99.600
103.716
123.986
5.050
0.186
93.961
93.755
96.979
103.857
110.322
5.894
0.178
91.053
103.452
96.229
145.644
120.127
6.587
94.465
0.194
84.504
94.723
95.716
108.493
96.149
4.930
0.208
87.679
97.394
94.280
104.668
106.166
7.764
0.208
94.000
42.766
521.948
261.355
133.188
204.741
3.982
0.095
53.657
53.396
73.070
79.051
74.904
5.247
0.204
63.997
111.233
109.092
133.904
139.940
98.918
5.075
0.177
96.835
89.257
94.170
101.274
5.486
0.149
110.467
124.472
96.676
104.884
7.862
0.141
82.512
145.373
105.792
8.475
0.122
106.102
120.458
116.048
6.203
0.140
104.999
102.840
106.937
7.866
0.145
106.453
135.385
115.074
9.128
0.135
112.416
103.481
89.356
11.199
110.127
0.143
93.456
116.776
84.449
8.744
147.107
0.183
83.452
101.217
88.385
104.167
8.170
94.662
0.194
84.396
104.852
92.301
87.655
7.128
0.178
103.477
112.109
110.645
85.552
8.721
0.173
92.708
133.409
92.549
115.051
6.957
0.191
81.931
118.757
121.504
114.275
10.475
85.098
0.173
85.941
108.459
83.382
5.574
86.914
0.231
98.189
103.265
129.415
93.790
2.114
0.164
43.104
12.894
1.966
0.070
438.736
406.767
108.186
1.948
207.891
0.072
38.397
13.068
1.775
0.056
151.598
203.083
61.205
21.576
0.063
161.622
240.184
78.199
214.099
1.954
0.086
74.773
43.728
24.185
35.483
41.955
52.267
53.899
49.571
2.730
0.178
50.082
88.951
84.725
