5.354
3.102
0.982
0.013
65.458
65.215
72.679
70.115
68.360
70.288
97.073
70.888
50.529
50.080
62.936
54.828
65.746
76.876
82.589
81.645
48.019
31.446
30.618
66.723
38.237
239.220
189.249
155.426
127.446
46.293
42.204
54.915
63.615
69.263
75.901
78.534
66.770
5.823
0.240
76.834
89.950
110.811
108.843
93.301
83.835
124.265
121.933
100.276
80.218
103.463
95.979
6.073
81.361
0.292
96.631
80.933
106.776
131.271
109.504
107.446
83.817
88.162
81.312
3.477
83.289
0.346
78.214
82.886
102.277
138.754
114.391
95.750
4.487
0.225
86.951
99.951
104.025
115.010
3.274
88.724
0.236
98.690
107.610
99.167
114.502
128.582
2.115
91.460
0.171
93.717
105.686
107.743
87.255
8.283
157.936
0.253
91.610
43.158
15.572
1.844
0.080
511.568
179.188
57.642
8.009
0.117
70.638
94.043
92.441
78.929
10.791
0.213
82.208
123.538
127.613
112.357
8.999
0.197
115.077
144.599
137.422
113.971
7.638
0.233
115.743
152.798
103.053
7.717
111.981
0.177
94.581
127.353
86.442
9.709
113.438
0.181
105.589
109.747
119.561
114.985
7.202
112.330
0.180
91.353
108.055
120.867
105.410
7.449
89.184
0.271
117.764
140.643
122.078
106.189
7.428
0.198
87.216
110.623
111.942
111.189
6.659
128.427
0.194
96.823
104.801
108.537
110.811
84.954
10.556
0.200
41.847
17.485
1.889
0.094
540.233
404.983
80.526
2.097
0.094
204.798
79.490
49.785
67.001
71.498
73.503
7.028
0.251
75.727
108.003
105.029
117.333
149.284
97.143
8.154
0.219
88.156
113.231
88.094
108.204
6.034
0.209
108.237
115.973
86.830
10.027
109.826
0.168
89.729
155.610
87.150
7.364
88.403
0.204
100.218
109.364
86.921
104.478
4.508
89.264
0.215
93.386
93.016
106.028
102.356
4.285
0.205
79.863
107.373
122.141
118.636
85.495
3.980
0.209
83.417
105.167
91.733
3.635
106.581
0.196
89.350
105.518
94.197
109.797
113.509
4.750
0.236
88.702
91.068
99.966
109.556
4.830
87.107
0.217
89.306
134.499
97.729
113.133
5.646
83.273
0.201
87.896
143.205
95.407
84.760
2.934
89.887
0.230
83.762
98.979
108.022
88.900
6.269
90.068
0.233
91.702
94.767
97.508
110.308
3.434
0.221
87.495
108.656
106.099
93.060
6.288
0.214
91.704
108.576
94.490
109.429
5.002
0.495
109.929
110.930
138.477
109.908
3.522
85.643
0.194
82.765
108.532
93.127
114.432
4.329
85.359
0.240
80.849
112.218
116.516
89.566
4.494
0.212
84.105
119.302
113.931
85.830
91.536
7.935
0.214
87.698
109.941
104.445
91.764
89.249
3.377
86.430
0.212
126.993
135.588
104.143
90.913
86.557
3.738
0.255
84.042
96.457
108.851
90.800
90.114
8.360
0.218
86.824
98.808
105.606
108.464
90.442
4.929
0.198
92.982
96.837
104.015
107.425
2.854
0.247
91.281
108.605
135.898
120.391
5.257
103.021
0.201
87.115
133.380
98.529
108.481
3.460
109.055
0.202
89.006
108.318
124.907
112.658
88.115
6.946
0.215
83.717
102.669
100.846
96.152
88.057
4.052
0.210
84.786
103.252
40.366
522.452
283.145
2.112
0.128
211.102
160.681
81.588
63.975
76.992
5.188
0.215
61.787
122.836
132.701
132.374
78.563
9.111
0.225
98.254
117.375
115.533
109.776
7.306
0.175
86.304
105.285
88.320
5.625
89.623
0.183
97.226
106.748
88.912
6.356
0.209
106.444
102.134
142.890
115.741
5.314
87.636
0.189
87.212
110.587
91.561
97.087
8.357
0.219
77.735
97.380
160.339
117.301
81.331
6.400
0.198
87.948
119.476
104.421
99.041
5.945
85.362
0.184
113.209
95.150
108.622
152.304
5.262
0.190
83.335
115.158
106.630
88.710
83.430
7.584
93.222
0.193
86.148
100.636
96.357
133.175
79.513
7.145
0.230
84.908
120.139
153.931
86.639
9.735
139.417
0.218
89.745
111.073
106.470
92.222
5.545
0.206
281.377
159.024
859.266
37.031
500.519
227.939
34.816
2.039
0.102
197.021
136.351
68.907
58.965
69.299
6.866
0.212
58.709
108.436
113.236
124.617
100.167
8.095
0.215
77.859
91.059
84.648
106.892
8.633
110.315
0.217
83.440
103.399
104.690
100.008
10.630
90.663
0.239
102.360
92.494
96.712
104.305
101.152
7.726
0.227
83.985
122.449
90.019
104.426
6.460
0.203
122.675
107.046
111.708
83.302
6.166
0.219
87.312
107.035
140.336
109.341
8.325
0.201
80.744
108.965
123.984
109.349
9.134
0.226
77.938
142.356
116.945
89.259
8.287
0.156
89.738
117.948
92.899
91.639
9.077
97.821
0.234
78.415
88.896
41.001
17.901
1.924
0.082
541.125
299.777
61.259
2.090
0.094
38.775
17.951
1.853
0.089
337.036
302.099
90.187
2.010
0.100
150.240
232.422
69.296
52.735
72.256
80.317
69.116
2.485
0.340
56.514
106.200
116.312
128.096
144.254
99.504
2.918
0.220
98.609
110.168
110.195
104.709
2.592
0.173
106.588
127.219
104.424
2.349
0.159
106.079
118.353
108.670
2.463
0.155
106.494
127.459
105.197
2.558
0.138
106.327
127.868
106.600
2.672
0.142
106.607
121.196
104.861
2.523
0.153
107.260
126.726
109.573
2.392
0.149
106.289
122.315
106.363
2.451
0.146
106.456
125.753
108.863
2.771
0.139
105.545
125.174
107.712
2.622
0.144
106.161
126.523
107.070
2.528
0.167
107.495
124.951
114.961
2.586
0.151
105.187
106.324
106.283
2.836
0.166
109.444
135.329
105.539
2.775
0.146
105.984
121.805
105.658
2.552
0.133
105.594
125.399
105.833
2.536
0.140
107.099
126.429
105.546
2.309
0.139
105.517
128.070
107.314
2.561
0.157
106.532
126.666
105.420
2.498
0.148
106.401
125.076
105.387
2.923
0.149
105.419
128.924
106.492
3.276
0.144
107.960
127.455
107.996
3.060
0.159
106.806
130.251
107.371
2.701
0.140
104.905
127.734
106.438
2.760
0.140
107.434
125.609
107.688
2.646
0.157
106.653
130.176
105.601
2.466
0.138
106.711
128.303
106.910
2.925
0.138
105.489
125.229
105.522
2.700
0.151
105.236
126.489
106.476
2.597
0.150
105.899
125.851
107.317
2.923
0.138
108.513
127.155
105.826
2.475
0.145
105.688
124.066
113.104
2.399
0.154
104.239
103.683
107.050
3.271
0.167
105.764
132.393
104.781
2.583
0.147
106.381
121.511
104.648
2.644
0.146
105.457
128.010
108.657
2.686
0.145
107.725
124.951
105.051
3.202
0.165
105.379
127.307
106.759
2.399
0.144
107.373
126.879
105.083
2.622
0.152
106.040
125.974
108.057
3.764
0.146
105.015
123.675
107.689
2.789
0.146
105.848
125.908
105.359
3.846
0.163
107.191
126.400
109.042
2.826
0.156
106.627
125.207
106.489
3.200
0.147
106.284
130.351
105.200
4.303
0.147
104.067
128.404
108.700
2.947
0.159
108.299
127.159
108.332
2.816
0.145
106.465
126.216
104.330
2.740
0.141
105.757
129.512
104.625
2.959
0.150
105.599
129.374
107.803
2.545
0.142
106.028
124.537
106.502
3.054
0.142
113.153
125.391
85.085
3.816
0.172
105.715
133.381
108.240
3.010
0.147
104.986
120.449
108.255
3.074
0.141
107.321
125.953
107.431
2.803
0.155
105.442
124.958
105.106
3.183
0.144
106.858
124.607
104.850
2.710
0.147
108.380
125.885
108.367
2.960
0.214
105.489
123.033
105.532
2.882
0.157
108.217
124.962
104.578
3.201
0.169
104.789
123.934
108.031
2.754
0.141
106.787
122.841
107.220
2.879
0.149
106.221
126.506
104.146
3.309
0.162
108.924
124.366
112.013
2.751
0.139
106.500
124.911
108.378
2.807
0.157
106.405
125.468
108.407
2.832
0.159
108.132
127.306
106.220
2.909
0.145
104.473
128.802
105.392
2.991
0.147
105.980
128.150
105.625
2.978
0.151
108.359
131.333
106.910
2.478
0.147
107.085
124.730
108.498
2.502
0.144
104.417
103.829
106.727
2.644
0.168
104.758
130.777
109.330
2.588
0.148
105.778
100.430
107.401
3.286
0.130
106.130
133.343
105.206
2.538
0.128
109.040
122.785
87.676
3.266
0.137
106.696
134.903
108.099
2.541
0.118
109.412
124.288
110.641
3.146
0.128
106.392
128.902
111.180
2.739
0.126
107.712
130.313
106.723
3.122
0.121
105.723
126.048
107.692
3.168
0.123
108.544
126.064
105.693
2.762
0.131
108.848
126.331
106.773
2.803
0.132
105.986
130.403
109.347
2.422
0.118
106.485
123.895
105.446
2.492
0.132
114.995
123.808
88.844
3.351
0.138
107.297
111.539
107.425
3.360
0.124
109.794
126.246
105.692
2.988
0.124
105.889
127.454
109.065
3.670
0.114
107.079
123.912
106.393
3.290
0.120
105.298
139.900
106.009
3.129
0.130
86.436
125.811
86.646
2.900
0.145
106.116
111.566
105.735
3.277
0.120
105.887
129.344
106.238
3.217
0.123
111.018
126.987
108.556
3.122
0.113
109.052
126.890
107.427
3.590
0.123
109.005
129.991
109.012
2.582
0.120
106.083
126.658
106.527
3.286
0.135
107.095
126.773
107.009
3.442
0.121
107.371
125.041
107.954
4.447
0.127
105.291
128.916
107.016
3.145
0.128
105.953
129.045
107.259
3.058
0.138
107.002
131.004
108.414
3.457
0.130
106.121
128.474
109.840
2.886
0.124
112.484
124.051
85.126
3.003
0.127
107.205
132.787
104.159
3.256
0.117
105.581
120.660
112.314
2.635
0.123
105.647
113.224
106.685
2.815
0.130
105.299
127.456
109.817
3.095
0.119
109.837
123.647
112.418
3.386
0.126
106.345
103.969
108.029
2.729
0.149
107.648
132.805
111.424
2.780
0.121
105.021
102.425
105.677
2.864
0.145
111.233
129.871
84.759
2.909
0.130
110.522
132.066
109.947
3.904
0.114
108.715
99.201
108.472
3.572
0.127
109.222
132.349
111.749
2.914
0.118
107.649
100.100
109.066
3.551
0.165
107.483
128.462
108.266
2.761
0.119
106.001
123.481
109.418
3.471
0.113
109.665
129.856
105.153
3.454
0.129
111.597
126.186
85.677
3.605
0.131
108.061
130.993
108.859
3.067
0.109
110.293
120.107
107.249
3.077
0.133
108.258
125.710
106.377
2.617
0.134
107.302
126.217
112.899
3.067
0.132
104.642
102.967
110.546
2.738
0.141
108.031
117.162
106.032
2.854
0.136
109.045
129.098
108.033
3.720
0.111
107.106
121.619
113.133
2.947
0.127
106.311
106.726
113.238
3.646
0.142
106.890
110.663
107.234
3.722
0.137
112.735
126.927
85.872
2.892
0.136
105.637
131.036
111.374
3.117
0.121
104.382
100.574
106.518
3.453
0.134
108.074
131.252
105.921
2.204
0.125
109.446
125.173
107.172
3.025
0.121
106.253
124.924
103.713
2.899
0.137
105.918
127.547
106.608
3.199
0.120
106.979
129.727
106.877
2.891
0.119
105.735
126.940
110.018
3.264
0.140
106.249
133.555
108.241
3.866
0.126
109.085
126.080
85.411
3.443
0.148
104.429
111.528
114.315
3.634
0.127
106.642
104.527
107.826
2.937
0.138
108.807
132.799
106.712
2.930
0.118
108.886
122.142
107.837
3.743
0.127
106.966
130.581
107.226
3.244
0.144
108.105
125.591
109.247
3.823
0.128
110.609
124.846
83.482
3.685
0.137
109.331
130.577
104.919
3.914
0.125
107.066
127.283
109.381
4.081
0.131
106.436
136.153
108.225
2.986
0.126
108.005
124.874
107.405
3.309
0.130
107.369
127.914
109.200
3.169
0.124
111.043
126.438
107.963
3.272
0.115
113.776
126.117
85.811
4.615
0.134
105.841
134.945
108.628
3.257
0.122
105.170
119.960
107.151
4.252
0.132
108.830
126.993
108.631
2.293
0.117
103.811
123.614
107.266
3.115
0.134
107.499
125.053
105.760
3.615
0.119
107.771
126.244
110.417
2.881
0.118
108.085
123.616
107.054
3.773
0.125
106.845
131.683
107.935
3.331
0.122
105.582
128.189
108.309
3.312
0.118
106.565
128.390
105.226
3.938
0.119
104.298
128.763
107.036
4.546
0.148
105.730
126.631
105.897
3.083
0.117
105.364
126.104
108.283
3.751
0.126
106.023
129.813
107.678
4.015
0.130
105.854
134.792
110.985
3.026
0.140
85.447
106.361
108.155
4.533
0.139
108.908
135.227
108.910
3.519
0.124
106.571
127.228
106.208
3.021
0.128
107.609
127.197
86.667
4.074
0.149
105.672
140.964
112.548
3.484
0.126
106.230
97.521
107.636
3.590
0.138
109.112
129.275
84.566
3.018
0.135
110.769
126.733
86.826
3.522
0.137
108.424
133.283
107.617
4.017
0.123
107.281
117.657
107.435
3.777
0.135
109.043
127.928
108.960
4.343
0.130
107.020
125.115
105.188
2.808
0.123
107.830
126.669
103.062
3.983
0.132
111.390
135.881
83.514
3.447
0.136
88.859
133.477
106.409
3.749
0.128
107.416
124.942
105.232
2.963
0.125
104.493
126.682
108.931
3.519
0.127
107.426
105.538
106.392
4.608
0.128
108.461
130.163
104.863
3.066
0.125
106.486
123.038
108.475
4.052
0.134
110.459
123.983
85.837
5.166
0.160
107.181
133.642
107.703
3.598
0.120
108.814
99.242
105.318
3.451
0.127
116.230
132.477
87.126
3.392
0.136
105.347
108.826
105.909
3.460
0.162
109.587
127.342
109.017
2.797
0.127
106.969
104.369
107.373
3.437
0.141
105.829
132.652
109.106
3.985
0.117
106.861
133.870
103.490
3.446
0.114
89.861
128.528
89.662
3.106
0.153
110.806
112.301
89.314
5.264
0.155
109.456
124.532
109.752
3.415
0.122
107.949
122.335
104.846
5.048
0.116
112.569
124.635
88.137
4.603
0.137
103.692
111.423
106.336
4.064
0.150
117.887
127.204
84.596
4.335
0.129
109.298
133.970
109.450
4.004
0.133
106.910
121.883
106.290
4.109
0.141
107.325
127.392
109.592
4.658
0.129
110.146
124.121
105.766
4.287
0.122
108.434
124.463
109.697
3.072
0.131
110.496
126.173
106.704
4.957
0.120
105.935
130.241
107.358
3.444
0.118
110.338
129.296
85.265
5.687
0.136
110.856
130.452
85.865
4.124
0.162
106.943
136.144
114.112
3.322
0.130
108.255
107.184
111.165
3.951
0.145
87.646
113.801
89.463
3.513
0.139
114.156
108.474
91.107
4.678
0.146
108.961
114.352
107.024
3.692
0.117
108.265
121.477
109.446
3.530
0.130
113.154
124.603
84.836
4.640
0.148
108.552
132.197
112.747
4.534
0.132
108.539
98.139
87.949
4.164
0.171
105.531
123.544
108.215
5.069
0.126
108.821
125.047
109.671
4.534
0.154
109.219
123.107
92.388
3.446
0.133
103.073
108.119
110.005
3.368
0.133
106.767
108.401
106.030
3.867
0.124
106.819
137.246
106.035
5.569
0.122
111.098
120.056
90.074
4.148
0.131
107.154
110.005
117.629
4.520
0.130
107.482
108.656
108.709
3.517
0.145
108.146
127.122
109.721
3.685
0.114
107.591
127.673
107.075
3.000
0.121
106.928
131.526
108.791
3.114
0.142
110.441
130.590
83.036
5.061
0.140
106.791
130.499
106.027
4.412
0.127
108.148
122.549
109.552
4.585
0.127
104.812
129.677
107.369
4.536
0.138
107.121
128.329
112.524
3.597
0.115
111.190
107.473
88.687
3.985
0.136
114.589
115.291
88.183
5.429
0.131
104.395
117.932
113.664
3.209
0.117
84.674
102.978
116.182
4.890
0.137
106.058
110.254
108.085
2.792
0.133
112.962
131.924
88.127
4.635
0.129
106.658
107.402
113.081
3.362
0.139
108.736
103.595
93.126
4.766
0.139
110.666
113.045
108.449
3.772
0.127
110.495
119.174
87.774
4.216
0.132
107.982
127.561
107.794
5.694
0.129
107.891
123.450
110.554
4.738
0.138
110.651
128.361
90.135
3.947
0.143
108.555
106.098
111.314
3.962
0.133
105.845
105.681
106.974
3.780
0.135
107.076
134.264
109.832
3.490
0.140
105.203
122.111
107.068
4.421
0.130
110.267
128.647
109.842
2.887
0.113
110.468
125.304
112.466
3.438
0.123
106.986
106.992
109.432
3.684
0.134
116.667
127.387
89.604
3.989
0.149
106.619
109.742
111.750
3.809
0.136
109.720
103.593
89.031
2.982
0.150
109.105
117.351
85.532
2.686
0.140
112.374
127.315
85.634
7.439
0.136
106.339
122.508
111.713
4.839
0.116
114.729
100.984
91.090
4.453
0.151
113.043
122.041
88.247
3.751
0.136
85.264
135.994
109.325
5.812
0.120
81.782
103.132
107.534
5.005
0.131
108.933
141.405
111.017
4.062
0.120
104.099
102.639
113.057
2.779
0.144
113.241
108.697
85.263
3.954
0.127
113.226
132.574
88.354
5.390
0.116
107.176
101.416
109.252
4.885
0.126
109.691
135.859
86.307
3.368
0.120
110.730
127.015
87.807
6.390
0.126
105.176
104.575
114.613
5.645
0.136
109.462
113.130
109.746
3.368
0.136
106.027
129.307
112.979
3.239
0.113
108.484
102.198
111.188
46.291
0.145
104.722
114.529
105.740
4.750
0.130
110.151
124.369
84.200
4.838
0.176
108.269
128.637
107.851
4.455
0.132
106.886
104.327
117.923
2.493
0.136
105.987
109.540
111.358
3.546
0.128
105.200
109.134
106.886
5.391
0.136
103.804
128.575
111.248
3.866
0.144
104.999
105.739
114.573
3.563
0.153
109.057
116.229
113.522
3.472
0.142
103.770
111.173
104.772
4.774
0.142
87.513
125.055
92.631
4.526
0.139
102.634
109.505
107.566
5.340
0.140
111.451
130.578
111.284
3.190
0.123
114.898
107.479
84.046
5.023
0.151
107.766
135.990
116.164
4.131
0.110
111.959
98.094
84.645
3.213
0.153
106.540
136.218
106.099
4.323
0.127
107.170
123.401
108.397
3.747
0.156
108.995
127.425
113.244
4.118
0.117
108.821
100.564
107.487
4.162
0.150
114.027
130.851
88.227
5.483
0.119
109.400
111.427
84.663
5.305
0.142
87.736
135.363
91.806
3.406
0.122
108.013
107.622
105.173
2.369
0.145
107.241
129.355
105.398
5.732
0.129
111.344
128.217
85.713
3.735
0.143
87.301
130.016
109.735
3.578
0.150
103.195
132.553
112.893
3.236
0.128
104.747
106.088
113.208
2.980
0.128
108.310
108.220
89.254
5.239
0.161
105.162
112.484
109.268
4.382
0.120
110.386
124.608
84.290
4.217
0.129
108.973
126.833
91.033
4.007
0.131
107.409
108.021
96.958
5.419
0.136
109.237
114.629
92.761
3.541
0.149
108.085
115.933
110.346
3.021
0.155
105.044
104.506
109.173
5.754
0.141
112.837
128.792
88.347
5.871
0.131
105.973
104.586
111.777
4.408
0.125
106.015
108.999
107.027
4.424
0.142
108.034
128.150
86.603
2.994
0.140
104.614
106.801
106.897
6.829
0.160
105.402
125.022
105.197
3.421
0.130
106.856
120.899
106.166
2.982
0.130
108.820
128.064
109.985
3.778
0.132
106.924
103.850
111.974
3.722
0.124
107.971
109.568
92.958
2.874
0.130
113.346
112.746
93.285
5.976
0.127
107.650
109.744
90.585
4.980
0.176
107.621
108.012
88.307
2.948
0.130
109.016
115.384
85.088
6.124
0.128
86.611
130.511
110.744
3.006
0.124
107.269
99.788
106.412
5.094
0.132
106.745
132.718
106.399
2.344
0.118
111.512
124.349
86.425
5.726
0.132
107.861
131.196
108.185
3.913
0.146
104.130
123.725
104.400
3.174
0.121
109.354
130.550
112.082
3.991
0.143
111.829
105.665
84.581
4.611
0.137
113.458
140.357
110.328
5.000
0.114
108.502
100.128
87.695
5.206
0.168
110.889
121.094
89.510
4.464
0.152
105.360
113.085
106.618
3.629
0.137
107.810
124.632
86.050
6.990
0.121
113.177
130.888
90.411
2.565
0.141
110.496
105.388
89.211
5.658
0.175
107.938
115.780
88.642
5.190
0.152
110.297
113.005
88.803
4.228
0.155
90.555
133.867
84.860
4.398
0.169
107.084
123.890
105.031
5.204
0.127
104.735
132.897
107.404
2.799
0.149
91.647
130.582
88.716
3.456
0.152
104.648
109.606
107.345
2.931
0.117
108.838
129.397
112.541
3.273
0.151
110.428
107.618
89.729
3.948
0.142
84.933
116.319
105.535
4.457
0.140
106.946
128.826
105.146
3.716
0.130
117.047
125.022
91.919
4.410
0.147
106.279
108.214
113.426
4.678
0.135
106.157
108.487
109.813
2.459
0.157
109.369
116.800
112.151
3.487
0.136
109.933
108.386
87.876
4.188
0.140
111.048
115.668
86.095
5.529
0.796
107.232
133.511
106.729
4.527
0.126
106.563
116.214
105.721
4.171
0.147
105.418
129.945
113.222
5.947
0.130
110.231
106.400
93.482
3.790
0.172
107.939
111.395
107.918
3.823
0.141
110.641
103.378
105.198
4.983
0.145
108.674
132.647
116.259
3.478
0.137
109.249
107.820
112.506
5.523
0.163
88.111
112.519
92.326
3.724
0.152
116.356
112.577
93.071
5.248
0.159
113.593
112.662
86.421
4.849
0.123
106.956
132.618
106.518
2.766
0.129
105.490
123.379
109.371
5.045
0.150
117.458
132.516
87.177
5.253
0.163
112.528
133.770
85.372
6.320
109.706
0.129
106.955
109.942
82.149
4.996
0.170
84.600
138.531
85.025
3.783
0.152
104.970
128.259
107.272
4.478
0.134
107.667
131.065
109.083
5.605
0.140
108.825
129.812
113.668
2.973
0.133
150.112
109.555
86.749
4.697
0.174
88.362
114.874
84.935
5.312
0.174
104.961
136.763
106.769
2.504
0.151
110.708
120.165
91.889
4.007
103.964
0.141
97.072
126.090
83.373
4.279
0.154
110.162
131.816
81.577
3.275
0.127
118.097
130.996
89.404
4.655
0.168
110.294
102.995
88.052
4.089
0.158
109.450
115.048
95.208
4.392
0.149
110.954
115.647
89.124
4.547
0.153
88.185
110.166
88.995
2.815
0.177
113.181
109.205
92.393
3.731
0.146
110.774
114.083
88.757
3.495
132.923
0.172
85.660
106.558
83.952
5.417
111.074
0.188
111.027
105.133
95.103
110.072
2.943
0.185
82.741
108.900
94.486
108.579
3.997
0.156
110.599
106.187
89.921
109.163
3.283
0.181
143.594
111.082
109.222
109.339
4.471
0.138
107.642
129.729
104.778
6.119
0.124
108.673
124.921
85.023
6.492
108.786
0.157
109.738
109.923
89.935
3.901
106.698
0.187
81.536
127.649
107.978
3.758
109.808
0.130
86.305
100.599
82.531
6.420
0.208
103.681
132.396
116.548
107.139
2.738
88.940
0.170
84.983
115.407
82.237
6.112
82.136
0.194
82.982
123.049
92.876
105.717
2.768
128.060
0.147
83.004
93.962
92.778
100.947
6.334
0.220
85.979
120.903
95.286
106.167
4.745
91.264
0.123
87.883
105.503
82.916
4.917
0.160
105.003
110.489
94.797
107.060
2.796
0.166
89.244
142.862
86.799
5.137
0.138
92.538
112.567
91.691
5.390
0.162
105.684
113.416
109.218
4.892
0.147
109.737
104.425
92.986
2.207
0.148
157.724
125.920
90.438
2.567
0.153
104.677
114.365
109.565
3.413
0.154
110.374
101.658
85.029
3.884
147.857
0.167
112.059
106.189
86.215
6.197
0.174
155.472
113.894
86.049
9.050
105.105
0.168
113.229
125.980
88.265
3.929
106.855
0.182
84.785
107.840
91.610
2.624
146.014
0.169
80.790
105.298
117.083
109.473
3.735
85.993
0.187
81.143
96.200
89.898
99.566
4.375
0.183
123.028
123.594
102.580
102.044
3.603
0.181
128.984
130.805
83.692
6.500
149.606
0.141
106.911
100.175
101.064
5.217
109.165
0.152
107.109
101.084
89.419
2.988
0.167
109.928
115.519
83.152
5.045
0.174
113.772
136.843
93.075
3.292
0.157
108.237
111.147
84.654
3.473
0.158
90.370
132.650
88.376
4.629
0.138
109.064
103.562
86.488
4.021
105.493
0.145
109.321
126.587
88.663
3.976
0.152
151.346
110.636
84.761
4.832
0.146
113.913
135.967
90.437
5.265
0.122
107.935
106.578
94.784
4.213
87.776
0.165
92.436
110.644
84.085
5.442
99.528
0.156
84.664
118.961
88.995
105.769
3.974
104.684
0.219
86.105
101.170
90.632
106.505
5.489
103.606
0.200
88.626
115.008
89.616
105.904
5.612
105.848
0.178
81.197
98.289
92.027
100.540
3.464
0.196
90.638
119.310
97.309
108.725
3.438
83.084
0.163
88.872
129.247
84.614
3.228
123.649
0.158
80.995
96.917
87.957
2.877
103.886
0.167
82.064
129.388
92.198
104.902
3.743
0.193
90.350
105.188
96.494
105.458
3.287
0.184
83.879
108.793
92.399
106.890
2.902
0.176
81.378
111.241
111.781
103.752
3.975
0.169
114.007
133.859
82.951
2.835
0.142
110.347
128.641
87.851
5.325
108.073
0.150
86.141
118.232
92.347
6.643
105.715
0.175
81.355
109.555
104.102
4.094
105.475
0.174
109.370
121.908
91.506
4.234
0.174
105.823
111.372
93.904
3.379
0.150
106.890
119.626
102.198
3.662
0.161
93.227
124.206
81.199
6.957
113.126
0.153
108.214
105.132
110.170
4.075
106.584
0.168
81.981
126.903
107.551
3.593
0.141
109.573
106.918
85.713
3.695
111.295
0.168
107.952
107.260
87.602
3.135
0.789
112.854
114.357
91.112
4.555
0.171
107.329
109.106
92.734
5.724
0.149
109.797
116.041
89.584
2.414
0.150
90.251
113.054
88.510
2.611
108.552
0.168
90.237
101.026
87.841
4.705
114.998
0.181
84.357
109.867
91.640
95.018
3.058
79.692
0.203
83.052
120.962
96.245
104.424
3.273
149.462
0.202
102.959
100.709
90.018
103.033
4.583
0.188
111.035
124.928
98.967
109.758
2.541
0.164
87.375
112.718
89.661
3.160
0.161
113.577
117.109
86.336
3.226
89.743
0.147
87.246
109.289
82.475
2.429
107.984
0.159
106.448
103.170
93.453
107.763
3.617
0.190
85.964
106.358
94.458
112.553
4.694
0.155
110.197
113.182
90.844
107.242
3.741
87.124
0.165
84.203
105.380
92.340
111.569
3.586
84.979
0.219
124.114
90.904
98.194
101.804
47.186
84.583
0.205
103.440
103.814
99.168
106.528
4.244
0.193
132.557
100.336
93.670
110.448
3.109
0.190
92.065
115.533
88.309
89.385
4.498
129.423
0.179
85.105
109.699
91.449
87.436
5.937
0.185
105.228
108.830
98.689
102.833
4.623
111.136
0.163
102.091
107.381
107.450
3.790
106.179
0.139
84.182
102.881
114.122
4.569
106.889
0.168
85.009
107.060
85.889
6.892
106.363
0.159
91.790
109.013
96.721
101.182
4.346
126.315
0.192
99.164
102.830
115.706
108.323
6.495
0.164
106.640
106.776
95.069
104.577
2.770
0.162
87.899
156.870
93.763
102.915
5.394
0.180
89.718
131.715
83.099
6.774
153.486
0.126
105.153
105.369
107.749
3.458
0.157
92.726
107.613
84.264
6.488
0.149
107.943
114.684
84.892
4.612
0.167
113.005
135.950
88.026
5.726
151.363
0.146
84.263
96.317
103.485
4.630
107.421
0.169
104.874
126.885
88.048
103.897
3.002
88.386
0.160
103.237
102.395
110.339
103.519
3.426
0.173
113.096
137.997
91.137
88.490
4.966
147.795
0.175
87.250
113.563
97.687
105.677
4.581
83.589
0.174
89.852
96.904
94.830
103.515
4.003
0.209
125.695
118.524
98.845
108.377
3.350
0.175
82.130
113.206
108.888
5.509
0.172
107.754
109.456
83.584
6.640
134.326
0.183
106.375
109.673
110.785
3.426
102.928
0.164
84.465
128.538
92.437
6.568
0.174
90.460
110.621
88.239
5.108
0.160
147.633
110.596
93.010
4.678
0.150
151.127
110.270
84.413
4.637
107.459
0.145
105.326
106.748
104.813
6.691
108.960
0.167
112.273
126.405
84.697
6.000
103.046
0.169
89.257
130.797
79.951
6.486
89.172
0.178
106.346
110.202
83.315
7.686
89.437
0.807
110.776
115.066
84.833
92.304
4.850
84.564
0.205
89.744
90.958
100.103
105.470
3.226
0.193
122.798
105.009
104.672
109.754
5.048
85.802
0.179
88.915
101.428
85.349
112.786
3.286
0.191
107.557
103.794
99.827
106.094
5.184
94.604
0.157
82.980
112.926
83.206
4.548
0.164
89.598
105.893
95.612
107.098
3.863
0.178
87.034
105.318
94.930
107.947
3.951
83.007
0.172
85.592
125.275
88.824
107.147
5.331
83.350
0.168
85.646
98.701
98.690
105.917
4.736
128.717
0.197
84.466
97.307
99.533
103.956
3.298
0.166
77.708
101.969
120.098
107.179
83.558
7.614
0.156
88.765
107.161
84.487
4.823
0.205
104.207
109.513
102.181
111.843
3.141
0.155
91.019
115.498
91.345
2.782
107.256
0.150
82.844
105.753
107.937
3.251
143.771
0.140
88.959
131.158
80.117
6.467
105.523
0.760
107.732
109.745
84.042
3.376
0.161
146.522
131.070
95.624
3.924
0.123
108.325
143.027
103.616
4.805
0.148
88.787
137.045
86.982
4.750
0.169
91.899
113.873
89.213
4.571
129.109
0.153
88.246
103.412
83.681
3.733
146.715
0.187
87.168
106.791
92.756
109.119
2.714
0.219
113.522
100.238
95.955
107.311
3.828
104.666
0.155
83.725
122.881
91.325
101.862
4.419
124.742
0.167
106.650
96.537
96.397
109.543
4.087
0.187
83.527
107.955
97.731
107.085
3.893
0.168
108.186
109.144
97.295
112.429
3.791
0.194
87.679
109.506
98.315
107.154
4.586
0.177
82.911
110.962
97.378
111.924
5.777
84.276
0.166
86.058
104.070
86.090
104.727
4.115
100.610
0.193
87.509
116.519
91.799
110.247
3.180
104.181
0.174
127.686
117.419
98.181
104.380
86.635
4.753
0.206
98.011
96.509
120.382
112.669
6.069
86.429
0.172
82.358
100.007
91.152
103.671
3.930
78.555
0.199
87.051
113.840
96.954
104.934
6.260
88.190
0.189
93.055
99.830
95.728
103.532
3.009
79.438
0.207
87.204
98.335
97.146
111.108
2.796
0.156
89.189
104.441
96.474
106.698
4.695
0.181
85.873
114.531
87.441
111.222
3.122
0.178
110.128
111.039
93.271
108.075
5.022
0.167
106.508
116.945
92.409
106.855
3.545
0.200
87.523
136.942
85.236
4.558
109.487
0.153
87.795
111.104
96.093
7.331
155.205
0.169
90.392
102.298
91.202
110.696
4.526
79.928
0.191
83.843
117.976
91.567
110.438
5.249
102.668
0.181
91.214
127.418
99.459
106.254
5.104
91.270
0.186
85.676
100.457
84.209
108.861
2.917
101.142
0.200
91.884
119.109
89.710
104.154
4.054
0.180
108.175
124.696
93.850
118.399
46.580
107.023
0.163
85.921
129.196
91.128
2.997
110.395
0.148
84.287
104.645
88.424
106.380
3.829
0.166
81.624
104.716
99.368
110.008
5.368
84.079
0.192
82.394
103.209
95.454
103.578
4.973
86.353
0.183
100.864
95.868
119.248
103.892
5.927
86.901
0.176
103.290
99.354
89.841
102.440
4.124
82.496
0.212
102.003
98.236
99.325
104.259
4.761
82.261
0.160
103.346
100.928
99.968
103.958
3.543
87.700
0.192
82.589
104.313
90.439
94.603
5.394
112.689
0.193
80.222
102.107
97.831
106.756
4.743
103.550
0.173
88.126
98.883
98.084
102.487
4.154
84.271
0.167
108.409
98.124
102.333
99.438
3.130
129.235
0.174
108.016
98.155
95.135
103.580
4.142
0.162
90.114
148.427
96.013
105.154
4.124
0.177
84.542
156.204
96.990
92.611
4.266
0.187
90.666
116.585
95.569
98.211
6.612
105.699
0.198
88.943
127.136
94.646
103.837
83.399
3.663
0.180
107.084
102.604
92.075
110.221
3.892
0.189
94.479
106.847
103.122
105.403
4.959
82.515
0.153
84.219
108.253
85.209
107.940
105.673
4.819
0.191
81.400
97.517
90.555
105.510
4.837
102.807
0.177
87.314
123.398
98.740
102.006
90.194
3.760
0.172
109.462
101.623
91.409
109.927
4.253
0.179
88.183
101.765
96.634
110.273
5.439
89.682
0.188
126.117
96.500
96.787
105.299
4.356
82.842
0.197
87.012
108.135
92.400
105.074
4.499
102.756
0.180
87.419
132.117
91.965
99.236
2.629
0.180
103.833
106.163
166.400
106.332
4.519
0.164
97.280
133.331
87.595
5.488
108.795
0.156
86.402
105.220
86.535
6.042
149.098
0.189
107.790
110.331
96.539
111.676
3.019
84.358
0.180
89.741
109.378
95.720
87.759
5.567
0.223
84.730
99.729
99.695
107.115
4.967
107.020
0.164
79.018
104.303
105.538
5.246
104.072
0.165
91.460
129.128
88.228
4.109
105.373
0.181
93.138
106.652
128.259
103.926
3.777
83.655
0.186
87.254
100.795
90.882
104.040
82.697
4.577
0.183
80.397
104.722
96.062
86.094
5.354
82.242
0.210
126.535
141.834
106.631
84.066
82.687
5.632
0.212
88.106
102.372
106.263
88.608
6.139
93.650
0.210
86.912
99.521
103.096
98.789
5.022
89.568
0.164
152.815
100.128
91.561
112.993
80.703
3.621
0.190
85.743
116.838
95.822
105.558
4.075
85.123
0.181
83.663
103.696
93.408
108.208
3.055
83.940
0.188
90.087
101.673
99.996
102.192
4.395
0.206
86.445
123.929
92.090
105.954
3.081
109.042
0.177
87.422
110.622
88.268
4.974
149.219
0.169
89.641
101.048
91.204
110.678
3.718
122.813
0.193
89.126
98.100
97.132
108.362
2.981
0.193
82.836
112.675
100.197
94.229
5.308
0.184
87.179
108.711
100.555
108.553
4.361
97.697
0.203
126.061
102.865
86.373
107.375
4.739
89.382
0.225
89.883
99.890
99.051
106.912
4.236
0.175
84.918
111.216
99.210
117.840
2.640
0.161
86.750
165.187
92.113
90.868
7.243
91.279
0.202
83.799
100.034
139.203
99.894
4.276
91.071
0.182
106.402
96.900
93.733
107.514
6.180
111.399
0.190
87.650
140.779
103.931
109.123
84.161
4.236
0.198
80.627
104.285
89.413
87.088
7.365
104.797
0.204
84.666
117.062
104.483
104.648
88.166
2.317
0.155
98.509
112.207
110.565
84.973
4.867
0.176
96.156
102.488
101.685
107.606
4.618
127.968
0.144
78.203
101.110
115.131
106.431
6.296
86.296
0.180
83.289
98.725
92.275
101.528
5.948
91.035
0.202
116.583
144.134
94.237
103.142
5.104
111.528
0.168
107.490
100.113
103.317
106.548
3.643
0.204
122.938
115.328
94.200
87.115
4.697
0.193
101.938
107.683
160.329
110.293
126.688
6.663
0.144
89.431
111.450
84.668
2.805
93.795
0.195
87.112
147.815
101.420
84.034
4.499
84.181
0.209
87.039
100.362
104.151
103.440
4.006
0.199
82.843
114.677
138.630
88.363
4.390
84.241
0.173
81.545
125.155
100.418
106.862
5.597
85.571
0.181
88.236
141.137
97.979
86.217
6.400
88.239
0.217
79.612
92.355
104.981
102.083
4.728
84.197
0.190
112.668
93.377
92.724
108.213
3.442
0.218
81.409
114.612
152.272
91.352
4.768
85.352
0.183
97.107
99.078
98.362
101.135
3.934
0.180
86.874
125.502
108.703
112.986
88.837
2.381
0.187
82.378
106.751
80.775
113.569
3.803
0.197
105.117
102.384
98.644
105.107
86.660
4.202
0.182
112.214
103.449
149.827
104.502
133.293
4.096
0.213
81.438
99.494
98.684
111.130
5.718
83.754
0.186
90.691
138.498
93.180
107.257
5.864
80.059
0.197
84.388
120.354
101.134
121.581
4.669
87.599
0.166
96.606
140.508
92.791
108.054
3.600
0.181
99.590
102.292
116.182
108.763
5.209
104.860
0.175
138.774
129.172
83.183
4.845
83.160
0.144
82.627
125.781
93.457
2.545
107.229
0.203
93.907
156.763
89.128
94.001
88.191
5.903
80.773
0.189
77.496
99.908
100.049
88.803
6.271
82.930
0.210
83.400
94.371
96.442
108.622
4.952
0.203
105.867
109.451
94.664
94.209
3.352
0.158
104.685
113.065
164.251
108.990
2.580
0.166
90.312
113.107
89.453
83.672
5.282
0.170
90.909
127.903
85.594
148.595
6.763
0.162
87.950
106.655
86.777
92.012
4.362
0.258
84.938
106.687
98.921
103.171
3.453
132.661
0.210
79.712
98.006
97.786
106.034
87.072
5.388
0.226
80.834
94.493
167.904
109.900
88.190
3.366
83.472
0.193
85.500
93.263
92.320
101.123
77.212
3.713
0.191
77.905
92.763
104.507
100.895
5.092
84.631
0.199
106.315
101.743
90.801
112.142
103.523
3.634
0.172
82.865
124.450
138.370
90.322
89.541
4.993
0.195
88.256
94.593
94.677
108.026
2.928
88.272
0.191
81.078
96.968
100.432
143.426
2.996
0.176
78.288
144.726
159.309
109.484
3.676
87.685
0.168
81.446
104.268
87.478
108.318
4.913
0.184
88.069
104.820
90.874
107.893
102.491
4.358
0.198
78.279
128.432
101.737
88.492
97.899
2.917
82.237
0.192
83.528
137.253
99.357
84.517
4.630
78.522
0.220
88.792
118.097
108.235
101.686
86.742
6.516
0.194
82.139
101.891
94.601
114.372
86.586
2.295
0.193
82.989
98.816
95.805
86.760
3.399
87.164
0.183
82.042
102.360
100.417
105.356
97.395
4.730
0.181
90.486
95.660
132.929
105.435
80.305
4.671
0.194
80.833
118.323
94.105
81.392
5.885
98.298
0.203
90.796
137.962
99.623
82.606
84.066
5.219
0.179
114.393
146.205
99.580
109.313
3.118
77.529
0.163
91.316
126.957
99.473
106.770
3.491
0.204
82.662
100.068
102.912
105.154
5.656
86.540
0.181
117.052
110.783
89.606
162.881
2.812
0.305
89.945
112.756
106.647
83.193
99.712
4.155
0.176
111.050
104.758
90.302
104.727
3.065
84.351
0.188
92.778
141.271
98.795
104.953
85.873
4.895
0.209
81.977
115.014
99.608
81.661
83.211
5.007
111.757
0.203
78.740
101.185
95.215
81.567
87.388
4.087
0.188
80.558
98.615
139.112
106.137
95.843
5.146
0.186
79.268
101.465
119.552
101.781
90.105
4.175
0.187
90.643
112.054
100.851
93.435
94.924
2.365
80.955
0.209
79.333
93.301
143.123
140.123
2.472
0.216
82.786
112.395
153.875
89.378
80.665
3.079
0.188
84.386
111.578
96.829
103.689
93.721
3.318
0.181
84.940
104.802
95.469
89.527
5.097
0.197
83.574
102.099
145.307
114.185
92.044
4.298
0.168
95.002
105.495
99.006
104.863
2.679
90.484
0.151
86.808
98.279
105.814
107.065
4.226
85.658
0.169
87.077
103.719
101.930
144.635
2.504
0.199
93.058
107.734
95.244
106.366
4.646
134.453
0.173
91.095
108.818
88.829
96.972
143.717
4.852
0.203
87.178
93.113
116.134
110.916
81.937
6.230
0.164
90.530
158.567
98.988
107.090
91.325
2.934
93.200
0.189
97.927
94.600
93.255
107.421
83.454
5.667
79.138
0.218
80.894
87.076
105.937
108.407
124.043
4.943
0.216
76.295
96.237
107.508
91.839
86.925
2.805
0.188
96.175
102.019
108.395
105.616
87.290
3.543
0.192
73.128
103.542
120.275
93.864
83.273
2.789
0.199
85.375
113.840
100.574
143.484
3.286
0.182
85.003
112.841
105.550
84.557
130.261
4.101
0.177
101.587
97.045
127.082
128.238
86.635
2.270
46.070
522.862
239.036
34.403
3.293
198.766
0.084
130.581
58.082
58.466
67.663
5.559
0.195
53.494
94.182
102.989
113.163
132.226
127.367
96.258
4.279
0.201
94.479
106.432
109.294
105.999
4.193
0.132
102.895
114.316
106.239
4.352
0.145
111.163
131.559
110.445
2.811
0.125
108.405
129.456
111.719
2.574
0.123
107.488
109.214
111.430
4.950
0.152
111.867
136.019
87.729
4.985
0.140
112.307
117.408
91.965
7.296
0.133
109.600
117.987
87.794
5.655
0.153
104.635
122.388
109.225
6.302
0.137
92.256
122.357
91.193
5.497
111.249
0.178
91.400
113.562
88.009
5.995
148.806
0.175
91.338
107.896
97.988
106.136
3.812
0.161
84.914
124.304
96.440
114.482
4.575
0.176
88.987
123.629
98.083
5.134
109.218
0.149
97.111
109.969
85.972
5.101
90.380
0.179
85.118
112.596
94.474
91.906
83.858
5.746
0.915
76.422
101.876
125.121
87.166
8.651
0.193
82.978
104.476
272.740
123.172
2.125
0.138
45.769
303.212
307.015
9.681
0.086
285.560
39.372
16.832
1.264
0.064
276.959
421.991
117.698
1.529
221.947
0.075
113.843
40.539
30.250
37.402
49.287
54.847
49.234
3.852
0.161
54.912
78.477
91.926
110.802
69.450
3.274
0.124
