5.222
3.323
0.887
0.013
64.477
65.236
65.826
69.587
70.048
78.384
78.047
69.072
52.107
50.418
62.620
55.712
67.356
70.485
91.492
98.680
39.118
25.948
38.167
66.661
37.962
226.220
198.903
158.047
118.838
44.886
42.319
55.900
66.235
67.380
77.806
79.788
85.059
85.958
5.680
0.285
84.099
102.943
106.277
117.525
99.091
80.440
110.463
104.550
104.526
104.369
80.847
10.082
78.828
0.321
85.758
87.626
124.390
143.938
109.425
105.412
85.961
80.249
7.876
83.138
0.264
89.092
91.667
113.587
123.695
150.554
9.975
86.118
0.245
124.453
98.353
110.222
106.751
7.814
0.221
81.944
119.782
165.629
92.407
143.905
6.127
103.644
0.211
88.603
123.863
100.200
114.404
89.501
8.717
0.246
98.833
95.516
110.169
109.996
9.209
91.597
0.215
96.352
110.111
77.379
9.594
1.856
0.068
518.697
179.488
57.345
7.408
0.107
75.710
88.151
97.687
80.730
9.716
0.170
89.022
130.968
111.434
8.371
0.167
112.801
130.498
117.765
9.500
155.555
0.166
113.721
110.254
112.063
8.069
0.213
112.464
138.347
87.234
8.385
0.170
116.121
143.540
90.808
10.898
0.162
109.993
130.501
113.783
9.507
0.139
113.780
134.005
115.084
7.046
0.189
139.059
117.778
97.175
4.884
0.231
149.943
126.405
113.632
8.603
0.169
110.779
160.164
118.162
4.405
114.800
0.196
89.280
124.010
100.983
8.234
0.201
116.680
124.474
99.643
92.673
13.621
0.207
89.345
154.195
108.191
119.542
6.098
0.209
90.505
122.148
99.300
90.898
7.470
0.258
97.496
355.578
42.521
13.874
1.928
0.096
501.196
320.624
233.670
2.908
0.120
57.551
52.330
71.361
76.004
91.324
89.542
7.955
0.302
65.447
101.105
110.269
129.936
97.763
7.947
82.259
0.208
104.297
96.390
99.940
106.643
6.430
104.845
0.227
89.465
106.390
115.702
105.687
5.394
0.221
95.771
145.056
103.957
106.820
7.168
0.205
95.376
110.249
113.722
106.001
6.978
0.167
86.448
137.934
96.879
91.363
8.426
89.010
0.187
95.044
109.383
117.394
100.195
7.806
87.927
0.220
106.807
96.846
90.601
92.495
8.087
108.360
0.223
133.311
105.855
105.720
112.841
7.338
91.807
0.206
90.961
104.687
93.411
105.882
6.844
91.404
0.228
85.857
102.732
96.331
101.886
7.232
88.083
0.221
104.935
92.501
100.445
107.779
7.407
87.761
0.237
95.397
102.342
103.928
106.284
6.276
0.241
88.259
111.026
98.218
88.441
7.267
0.214
105.834
112.235
106.284
113.004
8.225
88.401
0.179
84.056
104.342
93.824
4.084
108.963
0.194
91.062
108.443
99.470
90.347
90.592
10.197
0.224
84.346
94.324
101.681
108.003
84.915
6.898
0.202
87.578
108.182
98.904
89.360
2.674
81.748
0.198
90.735
99.038
104.330
105.381
83.331
6.766
0.205
133.564
105.347
97.471
83.385
5.963
85.651
0.252
84.944
93.747
107.806
115.509
5.623
0.222
78.561
144.496
124.767
103.579
8.213
93.958
0.203
113.480
108.160
89.186
7.619
111.309
0.180
134.420
120.560
89.427
6.007
112.725
0.209
84.787
104.083
108.654
145.103
88.900
6.073
0.207
89.257
103.261
104.656
98.459
5.777
86.290
0.172
101.010
40.450
690.116
225.663
84.405
155.098
1.892
222.738
0.114
69.221
50.286
47.140
7.165
0.165
46.627
72.663
85.058
105.324
117.004
114.759
74.061
3.344
73.174
0.283
71.086
90.714
110.849
98.413
4.597
0.228
105.644
125.715
127.654
104.752
5.354
0.203
85.438
172.790
98.833
4.816
0.179
89.380
107.444
90.335
7.406
109.416
0.209
86.833
124.803
94.537
5.129
0.235
88.534
162.675
127.518
4.528
93.350
0.209
86.755
114.125
81.372
87.132
5.094
0.240
110.849
111.338
108.704
108.460
81.800
3.663
129.795
0.227
82.169
95.790
115.982
41.652
18.111
1.900
0.095
509.620
369.827
38.824
17.834
1.795
0.075
238.228
350.539
107.401
1.954
174.800
0.095
119.082
171.243
58.145
50.560
67.430
75.074
67.900
3.165
0.269
52.605
102.454
109.802
125.337
130.465
100.636
3.308
0.221
99.630
109.399
111.105
108.017
3.066
0.171
104.423
137.183
105.124
3.870
0.158
109.371
122.347
106.481
2.559
0.151
105.626
134.430
105.701
2.445
0.163
105.961
125.923
106.526
2.703
0.144
108.615
125.443
105.843
2.774
0.176
107.589
123.712
107.224
2.883
0.157
105.622
126.466
108.528
3.103
0.170
105.140
135.506
107.758
2.900
0.165
105.977
128.942
109.098
3.167
0.168
107.128
131.756
110.640
3.090
0.160
105.169
126.945
107.198
3.117
0.160
105.397
133.465
104.389
3.027
0.150
107.744
126.366
108.315
3.069
0.158
106.864
122.508
106.726
3.333
0.157
108.641
131.324
106.736
3.368
0.143
105.644
126.301
107.683
3.464
0.176
107.902
125.934
108.549
3.480
0.171
105.666
125.833
106.900
3.517
0.159
105.578
128.155
106.855
3.500
0.152
107.340
128.554
105.988
3.524
0.143
106.836
131.355
85.604
3.968
0.142
93.521
112.457
108.463
3.510
0.190
108.567
135.168
105.074
3.573
0.183
106.154
128.048
104.992
4.657
0.167
108.426
125.149
106.769
4.569
0.163
109.214
127.012
107.203
4.031
0.371
105.036
127.257
106.949
3.571
0.169
106.269
125.869
105.781
4.066
0.155
104.740
123.928
105.480
4.084
0.157
106.521
129.355
106.826
4.122
0.169
106.287
125.091
109.791
3.768
0.155
105.109
132.684
108.104
4.030
0.155
107.698
126.254
106.069
4.203
0.143
105.219
129.232
112.648
4.858
0.166
104.000
111.257
106.752
4.197
0.149
108.979
135.128
104.857
4.141
0.160
108.443
122.281
107.635
3.842
0.151
106.803
126.680
106.145
3.606
0.151
104.400
122.999
107.597
3.911
0.171
110.019
126.026
84.468
4.659
0.171
110.434
136.929
106.338
3.870
0.154
107.783
122.895
106.465
4.764
0.137
104.971
121.922
109.491
4.633
0.161
105.527
123.452
111.140
4.480
0.158
106.474
123.817
104.297
4.154
0.143
106.497
123.083
106.615
5.438
0.153
105.811
126.319
111.219
5.751
0.159
108.632
127.294
104.758
4.252
0.163
104.863
125.990
102.175
6.831
0.149
105.158
124.608
103.867
6.601
0.153
106.813
127.516
106.667
4.738
0.146
107.177
128.170
104.701
4.532
0.152
104.689
126.157
104.859
4.452
0.171
106.887
127.471
108.126
4.410
0.156
108.502
125.577
108.122
5.057
0.140
105.568
128.611
105.878
4.735
0.168
104.029
123.097
106.011
4.118
0.143
106.185
130.948
109.467
4.106
0.138
105.699
126.236
106.245
6.683
0.154
104.005
123.877
109.866
4.895
0.140
107.821
125.393
104.601
5.017
0.148
108.539
128.222
105.504
5.654
0.166
107.403
125.235
109.959
5.656
0.146
106.149
125.482
107.963
5.805
0.151
105.152
127.194
105.250
4.760
0.170
106.184
122.755
107.245
6.234
0.140
104.512
126.316
104.606
4.526
0.149
107.972
124.790
104.529
4.702
0.152
107.471
126.677
104.080
4.587
0.147
108.863
130.471
105.318
4.599
0.158
106.162
133.524
109.529
6.834
0.147
105.587
123.797
107.679
5.614
0.159
107.115
131.345
107.836
6.280
0.156
108.606
124.473
86.126
6.033
0.165
105.930
139.789
105.785
5.134
0.129
111.506
121.885
85.035
5.491
0.120
107.494
131.526
104.649
4.517
0.132
104.045
118.968
103.116
4.753
0.138
105.192
128.539
105.075
6.455
0.136
103.399
131.033
106.875
6.332
0.119
104.493
122.587
104.190
4.982
0.135
105.131
120.539
104.934
5.220
0.134
103.364
133.751
105.562
5.020
0.130
84.801
125.171
108.919
4.568
0.127
104.688
127.184
109.839
4.855
0.133
111.988
102.536
86.479
5.644
0.143
107.612
145.660
103.750
7.091
0.132
104.229
114.714
105.813
5.996
0.118
104.787
127.039
104.584
6.289
0.144
108.058
123.696
103.935
6.304
0.126
103.254
121.031
103.193
5.469
0.119
104.946
125.821
104.125
6.868
0.135
104.647
121.299
103.981
6.717
0.133
106.185
124.626
111.763
5.139
0.132
105.119
104.169
106.535
7.202
0.146
106.933
127.434
106.338
6.398
0.130
105.554
119.563
104.293
7.604
0.145
108.926
120.903
85.042
7.788
0.146
107.537
127.283
107.771
7.485
0.140
104.893
119.310
108.901
6.512
0.133
107.044
123.295
104.331
4.982
0.125
104.349
128.793
108.368
4.925
0.128
107.180
123.707
106.241
5.696
0.143
106.843
122.984
107.880
5.125
0.124
116.555
122.591
84.123
6.733
0.137
104.328
129.168
104.318
4.733
0.133
109.566
120.389
84.335
5.973
0.122
104.595
128.891
106.120
5.066
0.120
110.203
117.140
86.798
8.196
0.145
106.497
129.369
104.737
5.635
0.126
107.509
119.614
108.473
5.835
0.129
106.089
127.207
106.640
5.631
0.119
107.308
124.936
104.846
6.083
0.129
107.208
123.941
106.657
5.662
0.130
106.543
124.070
105.809
6.304
0.140
103.827
124.155
104.200
5.386
0.124
106.069
125.310
106.547
7.648
0.141
104.083
122.036
106.668
5.439
0.132
103.613
122.346
104.184
5.735
0.130
111.790
126.147
82.630
7.250
0.136
104.118
137.557
107.984
5.602
0.120
109.773
121.660
105.894
7.820
0.136
105.879
124.269
103.379
5.650
0.147
105.462
121.709
114.112
5.549
0.122
101.396
106.691
105.222
7.759
0.138
103.882
129.990
106.399
5.504
0.118
107.402
123.930
106.833
5.677
0.137
111.101
121.152
83.762
6.652
0.131
110.575
128.557
109.677
6.561
0.133
106.963
97.516
106.785
6.026
0.143
104.637
129.035
111.571
5.853
0.133
104.212
101.953
106.539
8.240
0.147
110.420
136.318
103.742
7.214
0.119
104.225
118.283
105.725
6.424
0.146
105.866
129.779
107.424
7.434
0.133
105.389
125.198
107.451
5.006
0.127
110.796
122.295
83.504
6.903
0.159
104.516
126.922
106.743
7.461
0.137
108.876
119.075
106.419
7.444
0.128
104.925
124.889
103.889
6.429
0.141
106.296
124.688
104.615
5.877
0.143
106.297
122.980
111.777
6.261
0.128
105.886
105.564
111.859
7.024
0.141
106.660
129.492
106.804
7.793
0.146
109.129
120.486
104.201
8.118
0.152
104.558
125.347
109.867
5.821
0.130
106.593
104.845
114.053
7.046
0.120
103.527
106.506
104.832
6.694
0.148
106.283
124.442
104.747
5.736
0.117
107.761
121.176
107.601
8.653
0.122
103.349
102.526
107.425
7.263
0.140
103.313
124.261
106.017
7.532
0.124
104.945
120.537
106.279
7.015
0.143
105.420
123.462
104.216
5.832
0.143
107.168
131.939
109.307
6.262
0.139
103.488
103.883
107.039
6.221
0.143
107.960
128.904
109.308
7.242
0.131
104.770
119.658
104.450
7.740
0.135
106.096
127.251
108.023
8.151
0.135
104.693
109.509
105.998
5.504
0.145
108.677
131.457
104.150
6.690
0.138
106.211
124.029
108.791
7.627
0.136
104.979
121.926
107.796
6.704
0.141
107.470
103.356
104.044
6.059
0.147
107.777
135.570
104.783
5.664
0.133
113.583
120.720
82.804
8.103
0.147
107.026
128.322
109.779
7.575
0.136
102.684
101.056
104.627
6.957
0.139
106.598
132.327
105.682
6.633
0.138
106.062
124.546
107.731
6.784
0.143
104.807
122.982
106.942
7.399
0.150
104.685
129.430
111.449
7.121
0.152
104.453
100.611
107.153
7.510
0.144
106.011
129.793
109.690
8.920
0.140
103.874
100.472
105.106
5.811
0.149
105.101
133.102
106.564
6.913
0.136
104.366
127.520
106.277
7.279
0.130
106.831
125.291
107.701
7.510
0.140
105.778
126.237
107.029
8.050
0.145
105.128
125.533
111.974
8.660
0.118
105.855
103.597
103.862
7.254
0.125
106.182
124.185
104.271
8.655
0.127
104.523
121.920
106.639
8.617
0.132
107.215
130.153
106.351
6.442
0.142
103.619
123.209
108.055
6.835
0.142
103.849
108.632
113.062
7.875
0.134
107.221
110.415
108.514
6.691
0.122
104.178
132.368
105.797
6.426
0.128
108.770
126.091
105.433
7.329
0.138
105.944
123.526
109.499
7.291
0.143
106.639
109.304
108.347
8.245
0.148
102.793
131.984
107.759
6.791
0.134
111.247
119.128
82.127
7.349
0.141
106.436
133.149
108.271
7.386
0.139
108.214
126.946
83.596
9.036
0.152
110.934
127.576
87.679
9.257
0.141
105.161
109.747
109.742
9.119
0.143
104.284
125.151
112.151
7.296
0.118
107.705
105.873
87.064
9.980
0.130
108.218
118.007
106.158
5.732
0.137
107.523
121.794
105.254
7.666
0.127
103.346
125.244
108.074
5.415
0.125
105.608
123.722
107.258
8.076
0.127
117.918
122.298
89.844
7.691
0.141
115.376
107.728
92.033
9.062
0.136
109.400
124.131
106.126
7.789
0.140
108.243
121.032
107.638
7.790
0.132
103.817
121.818
108.771
9.315
0.126
106.682
127.916
111.798
6.097
0.839
103.075
107.999
105.919
5.224
0.150
84.706
130.815
110.746
7.447
0.136
106.120
121.446
105.680
7.591
0.130
103.662
128.502
108.919
8.313
0.132
106.122
127.229
108.430
9.519
0.152
106.893
122.166
107.087
8.704
0.132
104.016
135.471
105.900
6.047
0.129
107.824
122.421
109.017
6.211
0.139
103.188
103.591
104.922
7.013
0.149
106.222
128.552
106.994
7.746
0.127
104.000
121.584
109.460
5.969
0.139
104.271
108.183
106.745
8.744
0.150
107.619
129.968
105.028
9.421
0.136
106.341
119.793
102.737
7.514
0.148
104.813
127.589
108.090
5.822
0.128
108.584
124.659
104.875
8.230
0.144
102.945
128.989
110.379
8.034
0.127
105.960
107.333
107.931
8.322
0.150
108.583
130.345
103.014
10.154
0.137
115.127
117.105
86.200
8.925
0.158
111.129
106.835
86.303
11.846
0.150
109.253
136.363
88.566
9.277
0.135
108.422
96.986
85.697
9.233
0.148
110.694
129.762
84.210
8.277
0.146
102.828
107.033
114.632
6.087
0.154
103.398
107.162
103.936
10.290
0.130
107.065
127.172
103.442
7.445
0.141
105.533
121.098
107.033
8.493
0.148
107.248
123.783
108.687
10.029
0.143
106.021
129.615
112.420
10.684
0.133
111.947
105.013
84.392
7.918
0.131
109.778
132.096
84.414
9.811
0.135
115.146
128.042
88.554
8.505
0.141
103.427
123.459
110.820
6.714
0.123
104.930
99.829
107.221
8.883
0.143
104.133
111.858
113.164
6.563
0.134
106.713
101.786
105.673
8.450
0.127
104.557
122.811
105.814
9.726
0.129
102.669
123.788
108.064
6.623
0.133
106.840
121.624
87.710
8.098
0.141
107.341
128.318
112.131
6.779
0.138
104.759
100.772
104.849
6.831
0.127
107.386
131.661
86.061
9.376
0.136
106.705
103.410
106.279
5.909
0.134
109.846
125.318
92.272
9.829
0.126
105.210
108.168
107.073
7.207
0.128
107.080
120.095
85.499
6.200
0.118
108.108
129.210
110.617
9.075
0.140
105.794
99.019
109.109
7.094
0.132
105.727
113.193
110.304
7.923
0.137
108.153
122.258
104.332
5.837
0.137
108.379
126.226
87.527
10.447
0.154
108.021
129.413
86.564
10.428
0.144
104.977
109.314
107.170
8.035
0.157
102.184
124.445
109.019
8.833
0.126
108.722
126.350
107.357
8.812
0.121
105.984
127.211
105.137
10.498
0.138
108.439
127.308
105.552
8.530
0.135
103.256
126.457
107.960
8.640
0.143
107.651
129.747
104.324
7.524
0.136
106.094
128.556
105.661
6.917
0.136
105.742
122.562
106.091
9.748
0.138
110.063
123.171
84.880
8.640
0.173
107.159
134.639
106.252
10.873
0.108
110.186
117.863
85.317
8.776
0.142
108.959
131.284
92.281
7.300
0.128
109.734
106.002
90.979
8.069
0.165
108.569
112.495
89.551
9.164
0.139
108.609
106.830
91.770
7.954
0.168
107.022
111.906
105.634
9.540
0.135
113.768
121.057
89.506
8.768
0.140
114.197
105.845
88.319
10.674
0.129
109.669
110.278
87.812
10.653
0.130
107.580
111.413
88.947
9.392
0.133
111.543
104.345
91.235
8.648
0.141
103.794
110.352
105.362
6.593
0.142
102.308
118.602
105.487
8.881
0.145
104.629
123.245
108.423
8.131
0.147
110.968
100.735
87.473
9.336
0.158
110.009
114.716
111.082
11.431
0.139
102.787
98.442
108.626
10.610
0.134
106.919
127.109
109.059
9.891
0.125
112.862
96.355
85.744
8.154
0.156
107.906
133.706
90.090
8.805
0.127
105.443
104.335
103.377
10.036
0.139
104.759
121.884
108.881
8.093
0.125
107.889
103.582
88.266
9.876
0.155
104.697
114.283
105.537
7.730
0.121
106.860
122.667
115.516
5.029
0.126
104.650
108.974
106.802
9.938
0.121
87.207
125.028
85.945
10.998
0.143
107.529
107.805
93.461
8.447
0.137
106.037
110.826
106.004
10.549
0.141
107.931
119.128
106.311
7.524
0.142
113.786
124.420
90.371
11.230
0.164
105.952
102.776
87.956
7.345
0.158
105.305
113.670
113.723
7.462
0.135
113.196
98.856
85.755
6.364
0.167
107.447
134.182
88.986
8.698
0.144
105.502
99.218
104.492
8.424
0.139
104.282
133.867
108.825
10.520
0.133
104.733
121.502
109.957
9.299
0.137
104.549
109.381
104.024
11.044
0.149
82.687
125.854
110.454
50.807
0.137
104.033
108.042
108.795
8.928
0.151
107.844
126.221
112.246
6.481
0.149
104.170
108.950
105.437
3.380
0.137
90.265
127.206
85.265
5.569
0.175
106.106
109.008
84.021
7.995
0.155
103.309
133.345
107.383
8.139
0.139
103.195
96.233
109.261
10.939
0.145
109.453
130.146
87.546
8.336
0.156
110.997
102.781
92.411
7.902
0.146
105.822
114.391
109.620
7.772
0.134
105.509
102.227
107.363
7.486
0.136
111.728
126.508
83.388
12.369
0.140
103.608
127.182
107.517
8.682
0.125
103.843
123.348
113.463
8.936
0.160
102.403
107.767
108.926
8.291
0.156
104.533
128.675
104.189
8.135
0.135
106.621
119.832
108.652
7.907
0.132
104.398
126.785
106.083
9.956
0.150
104.836
126.068
112.928
8.303
0.138
103.993
105.855
112.871
6.813
0.147
106.945
106.172
105.283
6.396
0.144
105.241
127.867
106.966
8.256
0.142
107.087
125.562
112.596
10.966
0.141
106.420
107.055
89.658
7.874
0.136
105.590
117.006
108.575
6.872
0.135
108.111
118.031
85.067
10.107
0.138
106.787
130.919
103.657
9.265
0.147
107.869
122.068
115.628
7.542
0.149
139.707
104.034
109.849
10.335
0.787
107.364
109.931
109.345
8.660
0.143
105.595
121.444
109.522
9.814
0.137
106.329
118.695
104.366
5.856
0.139
107.451
127.965
104.004
8.512
0.134
110.861
133.679
89.671
6.789
0.124
103.600
111.107
112.289
7.736
0.128
106.887
108.123
110.338
8.889
0.141
103.988
106.394
109.125
7.169
0.142
105.076
107.700
112.571
8.635
0.143
150.277
106.716
90.125
11.389
0.151
107.199
108.060
110.364
8.770
0.154
109.437
98.796
87.473
2.600
0.157
109.610
116.461
93.264
9.389
0.149
106.470
106.218
114.206
7.605
0.129
107.490
98.622
105.531
8.748
0.150
111.711
131.003
89.128
10.058
0.157
106.349
107.044
106.696
8.404
0.155
106.848
125.911
109.234
8.462
0.160
108.359
106.297
111.459
9.944
0.148
110.525
106.767
90.522
8.838
0.149
107.793
110.561
89.754
8.397
0.174
107.015
107.803
86.954
6.670
0.154
111.196
108.963
86.051
8.150
0.144
107.479
111.237
88.295
7.705
106.887
0.141
89.765
125.603
81.995
8.377
0.157
103.391
134.495
106.700
7.888
0.143
109.734
100.886
89.978
10.256
0.159
110.745
113.182
92.483
9.993
0.162
106.238
109.302
91.173
10.292
0.163
102.199
110.300
106.624
6.673
0.136
109.920
125.734
88.467
8.675
0.124
114.306
111.799
87.227
9.926
0.148
107.053
134.543
108.162
11.493
0.129
103.575
97.165
110.226
7.349
104.103
0.134
88.236
122.732
88.806
47.685
0.147
106.277
108.787
85.191
6.814
0.167
108.978
107.148
86.877
6.832
0.130
109.780
111.691
84.363
7.093
0.160
111.885
128.943
89.906
8.463
105.736
0.178
82.894
102.604
80.911
8.127
0.197
89.747
128.986
93.335
102.060
8.751
0.168
85.082
127.677
88.159
10.230
0.166
103.141
105.904
105.443
6.625
0.158
108.364
122.329
82.543
7.550
0.157
106.441
132.707
89.839
11.546
0.160
109.580
98.897
89.400
10.810
0.188
110.233
117.489
91.204
3.960
108.853
0.144
84.427
112.343
79.907
10.147
0.186
83.044
125.783
87.785
105.864
8.864
0.168
124.745
131.979
83.743
6.706
111.988
0.158
86.066
98.478
83.337
6.704
0.166
106.130
108.788
100.206
102.650
10.528
0.153
123.202
138.289
88.295
11.902
106.288
0.164
80.717
99.837
109.137
8.900
102.867
0.188
89.818
128.897
82.845
9.046
104.647
0.172
83.354
98.510
88.711
8.018
104.717
0.187
87.361
102.584
88.677
106.491
5.510
101.144
0.183
79.690
116.529
118.366
98.569
8.189
0.164
82.252
126.840
85.902
109.686
7.131
0.194
104.004
115.648
86.362
5.218
0.159
108.530
111.054
89.990
8.812
0.169
104.010
113.005
109.120
6.584
0.149
108.241
105.637
96.461
8.419
0.176
86.818
112.645
86.210
9.517
0.172
112.514
106.927
91.707
7.818
0.153
107.488
116.842
85.828
6.300
0.151
87.016
105.397
87.777
7.621
102.127
0.156
89.228
128.042
81.599
8.337
101.719
0.143
112.068
117.665
84.871
12.091
109.885
0.145
85.153
102.448
79.430
9.704
0.190
116.954
128.452
89.339
102.528
6.765
80.514
0.159
113.377
123.689
79.288
9.732
0.167
108.366
126.773
93.230
7.892
147.082
0.154
92.933
100.005
85.550
10.831
0.180
114.623
114.188
97.496
92.358
8.670
85.344
0.169
82.447
100.921
89.256
103.713
8.990
114.376
0.191
98.367
93.124
118.515
107.691
6.502
0.161
80.228
109.971
113.926
101.831
7.658
0.152
79.896
125.215
107.835
7.760
0.166
104.324
105.286
107.746
8.099
0.147
109.098
121.994
89.192
8.133
0.151
113.866
111.874
87.954
2.614
0.228
110.754
129.497
92.603
8.960
0.147
106.912
102.471
109.788
6.730
0.150
106.890
109.537
89.286
8.245
109.240
0.173
87.234
115.666
88.071
7.733
83.671
0.173
88.560
100.478
85.219
109.577
10.928
99.884
0.190
79.898
119.264
94.313
109.334
11.951
86.254
0.191
86.019
97.344
90.638
100.642
7.327
86.343
0.198
97.811
100.192
115.668
107.734
7.716
0.171
80.987
103.620
109.527
99.896
7.015
106.855
0.166
104.759
99.799
109.916
7.820
0.200
104.462
112.656
110.204
6.867
0.151
110.747
102.092
86.775
7.240
0.159
115.933
118.334
86.751
7.127
0.144
124.873
110.666
90.989
8.222
103.496
0.163
83.752
129.205
85.251
9.288
0.150
101.514
109.778
109.137
6.457
0.136
104.464
103.289
106.723
10.210
107.647
0.126
102.928
104.912
109.013
6.348
0.159
139.433
112.756
84.855
8.156
0.158
107.662
131.517
90.143
5.161
0.131
110.207
103.478
90.518
6.452
0.148
107.915
111.993
84.050
4.336
121.847
0.156
104.821
103.539
107.145
10.123
0.211
102.954
103.065
108.063
6.769
0.162
109.943
106.574
83.218
6.971
0.168
109.131
141.390
87.587
7.556
0.181
97.018
99.637
86.994
7.542
0.179
104.103
119.471
111.668
8.713
107.176
0.146
90.629
122.941
87.000
7.925
0.178
100.610
108.887
108.505
101.641
7.065
0.159
105.490
126.659
87.443
6.396
108.282
0.144
86.084
111.444
80.989
5.120
0.194
88.152
125.543
89.049
104.727
7.953
0.167
89.114
111.915
81.064
12.702
0.180
106.555
128.653
88.746
9.230
0.148
110.617
105.934
95.550
9.121
102.677
0.143
90.236
123.624
84.197
6.565
102.071
0.163
83.928
105.869
82.819
8.761
84.790
0.191
86.694
99.127
91.973
103.768
9.451
85.332
0.202
89.554
92.971
100.420
101.498
10.767
80.044
0.191
102.214
94.919
99.416
102.899
9.049
120.462
0.190
86.427
114.476
94.073
104.153
9.208
0.187
118.904
107.081
116.009
113.929
8.078
0.175
107.017
103.651
89.945
4.112
0.153
109.545
116.442
89.149
10.138
105.510
0.147
89.758
99.124
86.290
8.135
103.407
0.155
83.621
101.999
91.251
110.193
6.118
0.698
82.600
100.950
96.121
107.137
7.192
0.180
80.848
108.003
112.850
111.562
6.335
0.151
88.438
108.189
84.810
9.273
105.942
0.153
104.021
131.658
107.155
8.256
104.702
0.145
85.775
120.678
83.399
6.793
101.380
0.173
86.317
111.819
90.749
102.431
6.217
0.181
82.474
101.104
97.336
105.816
7.850
0.184
88.397
123.563
89.439
108.660
9.529
82.792
0.163
88.880
107.561
86.773
108.844
6.880
83.556
0.183
81.042
95.013
95.291
101.191
7.792
0.222
83.793
118.912
98.980
108.610
6.728
0.150
85.874
115.254
84.823
8.671
88.849
0.114
88.948
101.276
82.879
5.648
110.571
0.151
124.510
110.091
92.639
90.228
9.493
85.720
0.196
76.802
95.390
109.932
101.254
7.832
112.584
0.180
80.735
94.393
96.037
100.013
8.364
85.715
0.201
106.297
99.594
93.328
103.103
9.985
85.178
0.203
82.596
98.209
97.226
108.593
10.656
0.188
83.869
99.879
96.413
102.081
4.290
0.170
84.031
128.482
86.613
106.169
6.193
105.826
0.168
92.664
109.278
81.261
10.165
110.987
0.162
103.113
100.175
109.839
108.514
4.863
0.175
96.754
102.420
97.993
107.204
8.255
85.574
0.183
117.978
102.407
94.781
103.635
8.207
0.194
82.042
105.521
99.220
82.120
9.087
0.191
87.754
134.895
97.249
106.339
7.910
0.192
81.943
109.560
85.089
5.167
0.157
105.873
112.827
110.497
6.428
85.446
0.142
86.430
104.746
84.599
9.928
0.175
109.057
108.469
95.742
107.473
8.272
0.173
86.613
114.324
88.465
9.284
144.148
0.161
91.780
121.113
84.182
7.620
105.884
0.171
89.787
102.414
79.801
9.264
0.147
110.038
127.991
92.842
106.783
8.931
125.980
0.154
86.346
108.085
89.789
5.950
108.266
0.179
90.100
97.440
90.798
99.958
6.764
86.055
0.191
99.259
100.603
107.229
104.012
7.019
0.163
105.679
120.850
91.212
106.172
6.465
0.158
112.571
114.314
90.948
5.200
0.158
148.904
110.840
90.690
7.322
0.144
149.979
112.929
92.078
7.185
103.620
0.149
85.176
120.084
91.109
6.391
100.942
0.166
89.911
121.869
85.931
9.809
107.841
0.187
92.841
112.388
88.902
9.245
109.703
0.183
84.317
105.350
112.438
109.184
4.122
0.169
82.607
106.365
92.165
85.763
8.755
87.659
0.173
88.048
104.086
96.383
111.317
9.421
82.039
0.159
80.401
97.298
88.492
105.536
9.855
143.459
0.222
90.255
96.060
96.265
107.681
8.427
82.294
0.210
83.206
96.440
93.378
111.322
8.172
0.740
80.270
142.223
121.691
112.211
85.342
8.062
0.181
80.263
104.569
84.185
7.102
0.174
108.044
108.374
93.187
107.605
8.821
106.535
0.159
86.314
110.070
92.580
9.230
99.466
0.150
90.167
124.161
90.283
104.643
6.840
0.175
88.792
142.732
98.987
89.161
7.523
87.852
0.197
86.714
97.744
99.089
103.841
8.289
0.248
82.273
109.080
91.299
88.889
8.399
102.910
0.164
88.666
121.551
92.930
98.358
7.076
0.188
89.183
135.589
91.773
88.665
7.949
106.781
0.185
80.992
104.730
87.533
108.355
8.537
104.269
0.190
83.814
100.985
87.686
101.829
7.465
104.149
0.183
108.049
97.488
93.262
102.255
9.694
111.250
0.180
102.837
97.432
93.880
104.647
8.666
86.943
0.181
102.369
97.247
104.168
110.815
7.942
109.127
0.186
87.531
91.757
87.452
106.242
8.370
104.843
0.187
84.163
102.078
97.243
101.270
5.384
122.450
0.174
103.651
100.732
95.004
84.224
12.667
89.091
0.215
88.737
97.782
93.040
103.575
7.492
0.211
106.642
105.673
100.835
115.508
7.604
0.185
84.687
120.457
84.052
8.276
0.161
96.468
113.554
84.253
11.386
110.828
0.175
85.433
109.822
79.865
5.767
0.151
116.786
140.023
90.022
85.706
8.565
86.990
0.177
85.161
115.140
87.737
81.663
79.228
5.797
0.199
83.756
111.797
92.347
104.252
8.038
80.082
0.185
85.285
101.268
91.874
101.754
7.292
0.184
81.228
97.522
94.411
107.361
4.790
105.963
0.130
90.973
118.680
88.044
101.642
8.806
0.177
85.652
118.869
93.456
110.496
7.221
107.182
0.163
85.835
106.789
89.229
8.379
0.184
143.776
107.448
90.132
111.141
8.184
84.898
0.198
85.273
108.090
89.780
9.985
107.532
0.204
84.959
107.198
90.134
106.058
6.227
85.576
0.180
84.404
96.193
95.509
107.936
9.006
87.264
0.204
86.000
101.714
89.715
89.564
6.778
99.448
0.214
87.169
116.294
94.222
106.313
8.861
81.987
0.165
82.257
110.261
88.746
92.519
5.535
83.445
0.202
84.431
94.105
100.867
99.735
9.619
85.808
0.195
100.191
102.343
96.286
82.476
94.265
4.542
0.215
78.479
126.450
118.978
104.963
7.988
0.230
84.517
100.677
94.784
105.405
5.348
91.027
0.190
100.393
100.809
112.957
100.152
9.009
0.233
86.725
129.108
93.477
90.774
90.897
9.407
0.192
85.805
100.523
90.779
98.193
9.789
91.690
0.164
101.218
98.765
92.832
103.399
8.748
86.230
0.162
89.757
99.199
89.215
105.034
8.218
109.228
0.198
80.245
100.043
91.893
105.425
8.078
0.174
99.862
103.733
120.950
100.623
6.817
88.401
0.168
144.090
101.287
87.492
6.555
107.129
0.169
83.017
118.218
89.029
104.094
5.672
0.198
87.469
101.425
95.445
105.621
10.189
0.180
85.443
112.998
89.949
106.722
8.738
88.048
0.164
88.156
97.056
95.545
103.230
7.086
80.514
0.199
100.425
96.811
93.381
103.284
6.398
0.160
108.029
124.176
95.526
108.931
4.254
90.191
0.150
87.305
144.653
88.880
9.218
0.179
104.448
111.957
95.122
103.684
5.022
0.188
80.384
137.622
113.800
6.757
0.117
109.496
107.670
85.342
8.751
0.160
87.091
117.781
92.240
7.584
130.591
0.154
87.592
113.673
93.808
10.955
0.172
88.987
107.549
97.130
101.814
7.296
0.202
82.209
127.520
103.373
116.751
9.194
92.890
0.164
84.419
104.861
91.866
8.575
142.561
0.165
84.762
123.263
91.490
107.006
7.341
0.175
85.329
105.089
95.478
105.026
8.540
80.424
0.160
83.550
101.909
85.186
105.439
10.412
0.216
145.442
99.110
108.158
101.019
7.279
87.337
0.158
103.315
110.301
110.391
8.333
81.342
0.158
88.376
101.037
86.272
8.692
103.165
0.159
89.384
104.998
90.444
102.933
6.794
0.197
102.531
165.250
97.906
105.320
7.063
0.179
88.937
133.104
94.127
101.681
7.664
0.162
96.191
126.711
82.469
7.889
0.168
84.745
127.298
88.643
3.863
0.160
107.520
119.609
90.568
9.568
0.170
95.294
124.642
98.811
10.465
0.159
87.461
165.846
84.890
10.762
107.026
0.172
86.045
104.779
90.594
7.663
87.078
0.182
87.737
114.970
88.443
82.471
7.876
87.762
0.198
86.146
96.970
98.541
102.931
6.125
83.709
0.166
87.878
100.790
88.808
90.835
86.591
7.264
0.222
82.364
96.314
107.370
105.577
8.146
86.669
0.198
78.175
91.686
89.757
101.916
7.197
106.877
0.181
98.140
101.680
117.550
105.010
8.583
84.967
0.196
125.308
101.390
94.999
100.414
8.472
81.540
0.210
103.631
102.411
99.765
88.039
7.518
0.197
92.365
105.542
109.341
105.607
5.849
0.194
92.408
106.662
86.268
112.282
83.082
9.428
0.184
87.971
100.293
94.664
104.336
7.596
0.201
81.958
108.280
99.139
94.526
7.977
83.950
0.198
118.943
108.428
111.133
80.004
7.757
107.769
0.211
116.880
97.972
98.446
105.452
8.080
89.340
0.183
88.810
109.018
87.843
93.144
98.075
7.391
0.221
85.114
112.150
99.856
101.700
9.623
87.935
0.157
149.742
106.935
90.778
100.471
10.492
86.224
0.186
96.515
97.685
115.766
107.643
10.474
108.382
0.174
84.373
95.227
96.901
104.320
85.878
8.989
0.185
85.067
96.035
90.578
108.784
9.665
99.773
0.204
123.684
121.472
96.767
102.032
6.555
82.049
0.190
83.978
100.984
97.692
108.192
10.148
90.146
0.213
82.341
92.529
95.782
103.821
7.588
91.202
0.200
81.831
98.129
99.128
101.144
10.172
78.344
0.210
77.979
97.298
94.620
107.205
6.713
0.185
82.323
100.750
89.571
113.375
7.241
107.064
0.151
128.588
104.949
97.581
98.310
82.435
8.720
0.181
105.491
96.837
94.274
105.651
7.720
83.906
0.176
92.975
100.205
85.457
89.653
101.393
9.871
0.198
84.200
115.404
96.326
105.265
7.730
0.176
92.059
107.340
91.353
112.389
7.100
0.185
125.406
106.556
94.796
110.464
7.804
0.176
79.475
146.737
112.734
105.231
8.019
0.179
91.201
133.261
84.607
9.804
0.163
104.578
111.837
111.614
147.466
7.884
0.162
87.556
120.826
120.737
6.264
0.186
101.019
111.081
114.677
110.578
4.490
0.173
89.060
114.930
80.473
8.145
91.064
0.192
147.397
116.362
89.807
8.817
91.992
0.174
84.697
111.961
80.433
7.059
90.583
0.190
141.196
103.400
91.400
106.935
92.233
9.580
0.201
88.053
94.805
98.520
109.007
7.649
119.377
0.211
85.479
116.566
99.849
105.292
8.831
90.645
0.190
81.866
98.405
89.877
101.426
80.550
6.751
0.188
78.971
92.142
96.688
107.855
8.738
79.935
0.194
77.673
96.659
93.923
112.807
53.045
83.594
0.172
88.919
97.890
96.291
96.642
83.167
11.314
0.189
121.975
137.951
97.978
107.239
9.874
84.586
0.209
89.608
101.125
92.569
85.667
10.414
0.200
81.240
100.582
97.256
115.468
10.325
106.587
0.168
90.871
108.851
129.243
83.274
120.567
6.370
0.192
81.849
100.652
109.647
78.834
5.486
87.962
0.200
103.568
99.226
96.495
103.219
7.504
0.165
88.956
106.732
98.904
104.216
8.147
87.224
0.169
89.157
96.059
92.276
100.527
8.815
80.314
0.199
99.558
100.688
119.272
84.122
5.417
0.185
87.604
109.383
133.598
88.441
148.249
9.177
0.186
80.477
105.099
99.123
87.748
8.589
86.855
0.197
89.205
93.438
131.116
101.726
8.145
105.123
0.173
80.296
104.780
100.421
90.694
82.978
6.264
0.192
82.087
103.992
97.611
84.615
7.737
0.164
80.842
142.515
101.417
107.176
10.002
0.178
92.513
123.976
85.353
95.685
8.279
91.343
0.185
125.176
98.594
98.252
101.162
5.606
83.972
0.201
105.002
106.648
97.147
85.433
8.263
79.336
0.206
85.813
122.582
97.923
87.748
10.057
0.200
91.331
101.746
99.554
103.939
7.292
0.173
91.385
139.246
131.887
88.009
7.994
84.145
0.184
86.617
103.589
96.585
109.747
6.714
82.870
0.197
86.189
100.403
90.489
82.450
11.304
106.802
0.193
85.551
129.696
95.172
114.506
141.024
7.892
0.197
78.819
121.259
96.021
83.199
87.314
6.032
0.199
125.976
110.935
98.874
87.224
7.409
0.195
79.510
104.829
108.049
85.954
86.568
7.588
0.172
82.878
103.208
93.129
86.171
8.162
80.569
0.179
123.165
135.403
100.844
101.871
5.877
119.875
0.187
94.065
121.673
102.657
108.792
85.583
6.602
0.175
77.480
100.344
100.639
87.656
8.221
0.189
81.375
103.240
100.225
107.097
6.156
0.191
84.271
150.396
92.985
111.495
84.836
11.468
0.178
86.396
98.637
86.472
142.584
113.845
8.041
0.228
86.021
94.265
101.264
103.425
85.557
7.088
0.186
87.613
101.650
92.251
109.579
86.562
6.709
0.196
80.289
90.334
96.082
102.231
9.148
81.114
0.172
85.157
96.790
95.772
104.737
5.991
0.200
86.526
111.438
109.193
88.896
82.470
6.711
0.180
89.407
104.657
89.641
105.990
9.005
0.172
131.417
96.469
95.260
108.182
109.194
4.793
0.178
87.230
106.467
86.904
86.332
9.483
0.222
123.103
151.655
100.904
81.719
134.335
7.418
0.176
101.575
99.850
117.999
110.458
8.977
0.187
79.882
108.702
121.475
84.820
5.471
0.179
84.913
154.139
102.864
87.001
91.831
7.108
0.200
76.555
102.971
118.890
110.837
86.751
6.019
0.175
78.341
104.617
98.625
79.667
100.233
5.285
0.193
100.873
139.056
101.186
83.208
88.472
6.829
87.324
0.172
85.758
91.963
92.625
97.283
133.624
6.864
0.224
79.126
100.739
105.572
89.274
89.422
6.850
0.170
79.645
106.474
93.807
131.400
103.113
11.374
0.226
81.568
149.376
98.295
95.824
88.577
8.896
0.217
79.710
104.991
98.105
88.164
80.116
9.727
0.232
76.721
110.065
100.269
124.397
8.074
88.888
0.214
110.417
97.522
96.494
130.110
7.074
87.098
0.192
82.509
100.548
100.306
104.128
100.609
10.859
88.773
0.205
95.436
96.695
97.986
102.334
7.221
81.175
0.195
83.098
93.306
102.144
103.712
87.460
6.094
0.186
75.829
144.354
108.129
77.000
153.853
8.652
90.904
0.196
79.321
110.420
125.352
88.235
77.250
4.858
0.192
86.505
107.812
100.761
90.996
87.780
9.638
84.942
0.180
83.282
98.025
96.864
90.784
82.755
6.276
0.232
80.454
95.158
110.031
103.304
7.326
89.326
0.179
81.153
94.332
105.825
146.972
83.937
45.980
0.183
93.960
106.957
127.887
128.638
84.652
5.172
0.198
81.857
98.781
119.042
100.159
4.697
93.810
0.198
95.422
102.684
94.000
107.380
102.501
7.182
0.164
81.355
98.363
107.062
94.398
88.365
7.554
0.208
80.792
114.911
94.178
86.805
4.669
108.266
0.173
88.452
123.231
102.362
126.306
8.140
77.243
0.217
101.862
103.884
100.069
87.134
86.443
81.657
6.598
0.225
82.107
87.347
89.962
105.775
86.471
7.263
89.596
0.204
76.987
86.127
101.279
103.308
128.816
7.092
0.202
83.504
100.620
93.516
106.975
106.654
9.508
0.209
85.640
111.264
92.297
87.466
88.029
7.225
0.206
76.635
144.258
109.273
99.862
81.465
10.632
84.844
0.196
103.710
102.687
92.816
100.027
108.060
6.020
0.199
130.421
90.114
105.741
106.398
81.983
7.817
0.187
94.877
109.012
91.171
95.986
122.156
8.575
0.221
80.505
89.976
108.419
115.264
88.196
7.368
84.298
0.193
83.640
91.195
93.832
100.512
6.079
90.336
0.221
82.581
94.764
102.139
109.870
78.508
8.493
0.201
82.741
112.373
89.982
114.764
107.959
8.939
0.204
124.314
100.991
100.329
108.881
92.398
8.456
99.571
0.208
86.168
93.181
108.998
102.168
81.927
7.686
0.197
86.484
139.230
106.120
81.397
116.077
7.074
0.197
82.050
112.739
107.486
86.964
86.530
7.853
0.206
86.905
102.603
102.354
89.933
87.147
7.277
0.202
91.553
103.112
103.988
76.878
121.913
7.201
0.200
97.485
100.004
104.899
76.203
87.869
7.699
103.369
0.214
84.989
100.341
113.884
86.162
7.937
76.070
0.176
84.971
88.703
102.297
119.259
86.529
8.950
0.198
81.530
98.006
101.288
127.948
79.734
8.420
0.194
83.423
108.973
98.074
115.023
98.720
7.212
82.798
0.191
85.284
97.335
86.663
83.023
72.860
5.028
0.218
85.957
94.475
109.562
107.724
6.591
0.204
85.872
107.881
107.943
93.274
92.075
5.331
0.203
92.677
103.043
97.606
107.652
82.030
6.805
85.008
0.205
80.956
102.412
98.531
90.283
88.089
10.235
0.280
81.049
91.288
107.314
104.050
114.077
9.364
0.211
83.082
102.972
111.509
89.789
86.218
8.936
84.595
0.211
89.637
99.585
97.232
82.251
7.369
0.210
74.553
94.450
150.195
104.124
105.184
9.736
94.443
0.145
86.946
97.243
86.980
5.923
105.056
0.209
91.067
113.826
99.664
108.998
79.755
7.946
0.195
79.617
115.309
98.535
116.642
5.112
81.517
0.158
83.837
153.171
144.881
150.641
5.011
0.195
79.336
114.662
101.841
147.880
82.196
6.520
0.178
76.783
119.984
91.913
105.121
85.596
7.895
0.181
73.349
100.077
110.217
80.729
79.903
8.023
0.206
108.862
95.503
100.526
110.345
6.516
89.967
0.193
104.659
111.920
118.634
105.698
84.933
81.453
7.294
0.250
69.782
93.339
104.871
77.938
74.584
7.955
107.628
0.203
112.132
98.372
109.832
101.995
5.847
83.402
0.209
75.896
91.476
126.772
104.549
81.403
9.346
0.201
100.408
41.251
540.000
265.463
136.778
209.573
2.814
0.096
58.053
58.621
71.922
58.374
4.741
0.199
80.852
100.629
106.221
130.821
132.073
113.113
97.294
6.662
0.210
97.801
112.033
117.718
106.345
6.163
0.163
113.636
111.502
85.126
7.849
0.158
106.246
143.402
113.033
5.848
0.125
113.268
99.274
84.735
7.592
0.147
106.957
153.511
111.729
7.712
0.136
107.008
103.341
111.146
6.747
0.151
109.455
116.139
90.078
7.220
96.596
0.154
89.473
110.455
85.186
8.691
102.449
0.212
85.403
115.913
92.022
104.389
7.035
0.191
89.686
123.851
92.173
112.503
7.254
108.411
0.171
92.932
127.978
85.807
6.829
105.422
0.173
88.045
138.219
84.133
8.620
0.144
113.685
106.481
94.938
5.383
0.166
112.757
165.304
103.617
5.944
104.694
0.161
90.044
132.826
92.738
6.305
0.175
106.295
106.978
119.996
117.251
9.375
0.157
101.108
113.926
84.367
8.049
0.178
106.432
118.849
108.063
132.671
6.417
0.184
174.665
149.133
69.230
138.099
74.791
43.913
421.415
205.473
175.806
224.191
52.089
2.126
0.075
39.223
17.680
1.790
0.061
203.298
323.960
155.928
1.930
151.045
0.078
104.722
213.539
52.858
32.773
38.072
3.890
0.111
46.963
66.438
67.607
66.361
5.720
0.155
74.023
127.529
