5.364
3.380
0.780
0.009
64.828
66.510
68.776
77.390
75.864
68.081
72.656
74.545
49.345
51.148
63.393
55.802
66.103
69.918
88.593
109.873
40.288
32.549
30.160
65.401
37.341
218.732
196.663
159.316
120.550
45.533
42.366
54.832
66.677
67.813
77.715
77.875
84.756
85.816
5.825
0.237
84.026
100.302
108.546
107.699
97.320
93.169
131.353
106.840
85.952
81.352
79.297
4.670
0.313
123.269
87.675
117.592
140.396
84.464
90.570
107.705
86.353
85.994
4.957
85.681
0.276
76.483
82.181
111.339
114.335
88.396
4.316
90.254
0.215
91.759
92.693
107.905
110.555
92.646
3.477
0.204
96.821
105.869
153.884
104.474
96.890
8.842
0.237
85.661
100.751
121.136
155.302
3.907
91.952
0.192
89.980
107.531
103.890
100.108
2.661
94.737
0.261
85.504
103.410
118.155
114.190
107.291
4.010
0.211
140.900
41.518
9.487
1.921
0.083
511.226
182.001
54.124
7.417
0.117
68.369
95.553
100.897
7.775
0.165
98.681
125.544
118.294
109.047
10.582
0.185
111.448
125.797
118.541
9.592
0.151
116.791
107.186
94.818
10.442
0.172
110.653
136.112
114.407
5.190
0.159
115.055
133.556
120.613
6.532
112.286
0.154
96.601
102.814
85.038
6.636
0.211
115.062
107.624
120.740
111.448
5.263
0.202
92.432
139.285
87.332
7.172
0.170
156.139
142.500
93.916
6.313
0.150
109.421
156.705
109.688
6.919
0.182
90.583
138.907
88.476
8.219
0.184
157.683
134.581
97.066
9.263
0.181
110.977
127.692
110.933
6.239
0.148
190.994
856.080
62.453
49.640
2.002
0.112
38.541
18.321
1.843
0.096
316.497
413.954
90.003
1.945
0.090
237.928
95.619
49.201
57.501
68.561
62.559
77.441
7.290
0.285
64.088
104.765
113.231
153.370
150.783
100.351
6.344
0.220
83.238
89.784
97.157
103.441
4.984
0.211
86.817
102.486
101.913
108.315
3.455
0.202
89.815
110.145
97.721
107.565
6.140
86.170
0.186
112.825
109.694
96.575
96.358
5.671
86.930
0.216
82.344
136.582
111.835
107.061
4.156
0.206
82.588
106.061
97.542
110.771
5.542
109.865
0.172
87.611
111.705
86.868
90.393
5.821
0.238
152.755
113.765
108.109
89.135
5.001
0.169
86.127
146.893
95.148
105.674
4.931
86.435
0.207
93.342
99.665
98.894
104.654
3.909
0.219
88.606
115.372
96.661
93.887
5.767
0.167
105.998
121.504
115.071
93.215
4.677
0.206
89.880
109.467
92.395
108.649
5.576
0.203
87.551
152.110
108.244
103.847
5.074
0.213
92.277
126.791
96.380
111.864
3.318
0.185
87.008
127.054
97.165
110.108
4.596
89.903
0.209
92.162
103.203
107.306
98.601
5.458
87.162
0.210
143.128
143.580
101.514
88.795
85.329
5.577
0.224
82.600
97.538
113.577
154.616
86.547
3.924
0.215
85.805
137.193
95.261
109.854
83.217
4.255
0.202
87.802
96.736
115.494
145.166
4.913
87.098
0.220
88.949
92.956
104.850
107.735
2.482
0.218
86.790
125.821
107.152
103.125
91.518
6.718
0.198
85.893
138.141
109.215
104.865
78.743
4.336
0.231
80.767
112.825
102.878
85.577
93.901
5.514
0.906
85.830
104.251
108.267
128.659
5.333
84.413
0.252
79.348
95.766
121.295
100.799
4.732
85.640
0.239
80.365
112.659
101.913
87.242
89.759
5.332
0.217
128.344
95.507
99.987
109.427
88.094
3.805
0.218
92.078
104.077
108.163
88.824
99.453
7.826
82.058
0.250
81.848
88.305
110.186
103.326
93.281
5.203
44.839
516.616
280.099
2.071
0.101
131.626
204.592
83.665
59.875
74.641
3.739
0.201
60.205
118.903
123.549
121.499
102.053
3.261
0.238
96.259
94.467
112.536
111.498
4.538
0.192
105.318
114.871
85.643
3.437
0.197
88.707
125.108
83.275
4.900
0.165
88.409
129.461
94.037
3.650
109.874
0.184
94.772
148.647
89.871
2.502
0.209
111.792
107.168
109.057
112.870
3.499
93.881
0.204
91.233
111.937
88.722
107.194
126.985
3.397
0.225
78.325
95.612
100.718
108.021
5.669
88.881
0.241
126.189
141.545
104.439
92.869
2.539
92.898
0.259
83.808
100.220
98.544
91.566
89.822
6.355
0.224
85.112
99.880
101.944
88.352
91.871
6.723
0.206
83.939
106.438
105.207
88.198
3.552
86.324
0.207
89.276
109.416
143.262
90.306
86.461
6.671
92.007
0.197
82.779
147.023
41.034
511.868
275.750
52.140
2.028
173.664
0.125
37.071
175.208
1.789
0.084
114.808
222.675
84.284
183.717
2.018
0.095
202.881
193.467
74.839
3.471
0.165
39.485
40.480
55.065
65.723
69.453
77.129
89.136
84.539
81.095
2.275
0.284
82.584
105.004
115.924
140.500
113.368
98.153
3.137
0.223
99.980
123.567
127.764
102.895
2.937
0.178
106.002
164.400
123.684
107.974
2.458
0.158
107.289
132.580
104.455
2.839
0.132
105.980
134.904
106.420
2.698
0.141
104.395
127.431
107.465
2.788
0.128
106.679
141.525
109.134
2.871
0.127
104.029
127.852
109.070
2.943
0.141
108.758
126.289
106.471
2.930
0.138
104.927
133.744
107.479
3.042
0.137
105.543
127.386
105.222
3.649
0.151
105.610
130.145
110.442
3.294
0.139
106.443
128.008
105.687
3.380
0.136
104.800
124.171
105.720
4.271
0.132
104.979
130.534
104.582
3.881
0.131
108.259
132.888
104.626
4.311
0.125
106.081
128.992
104.453
4.052
0.141
107.183
128.084
104.571
4.029
0.154
104.086
128.292
105.879
4.414
0.132
106.986
125.906
108.716
4.379
0.136
107.497
128.550
104.700
3.386
0.138
106.434
125.329
93.669
3.958
0.119
99.143
121.598
108.423
3.632
0.152
107.801
128.593
105.751
3.670
0.139
108.199
136.070
105.384
3.506
0.134
106.487
124.651
106.252
3.854
0.125
104.414
127.734
107.563
3.658
0.140
104.908
131.504
105.645
3.811
0.134
103.478
127.834
105.819
4.124
0.132
104.432
124.276
105.161
3.831
0.137
105.734
131.224
104.062
3.747
0.136
106.326
124.414
104.575
3.888
0.132
106.525
132.734
105.963
4.803
0.142
104.766
127.177
108.797
4.999
0.132
104.222
126.176
107.700
3.952
0.138
105.782
125.429
103.445
4.287
0.138
107.349
140.639
105.831
4.188
0.137
104.399
127.299
106.112
4.127
0.160
108.323
125.289
105.992
4.239
0.145
104.170
128.824
105.714
4.374
0.155
104.218
134.028
108.739
4.018
0.137
102.910
127.894
105.108
5.107
0.134
106.441
127.689
104.755
4.679
0.129
106.900
131.003
104.895
4.097
0.128
106.878
131.727
106.345
4.519
0.134
105.406
127.644
104.280
4.499
0.117
105.369
125.497
105.424
5.583
0.144
104.799
138.752
106.356
4.077
0.136
103.969
126.860
103.969
4.146
0.135
104.529
128.781
112.178
4.557
0.136
103.169
110.612
114.391
4.756
0.159
104.174
116.625
105.756
4.761
0.178
105.528
139.820
102.785
4.760
0.155
103.323
119.333
103.706
5.725
0.165
103.567
128.990
105.354
4.682
0.149
107.554
126.592
105.990
5.239
0.132
107.266
128.291
106.072
4.643
0.130
104.520
123.060
104.204
4.425
0.152
106.751
124.118
108.366
4.240
0.145
104.332
105.591
105.892
5.488
0.143
104.294
134.812
104.667
5.177
0.139
106.049
122.831
108.549
4.417
0.135
105.372
121.062
109.197
4.709
0.132
105.755
102.721
104.750
4.662
0.175
103.706
141.837
106.190
4.967
0.147
111.797
120.777
87.334
5.403
0.140
102.911
114.173
104.699
4.791
0.154
107.171
121.165
107.085
4.587
0.163
104.390
99.518
106.201
5.010
0.158
104.311
133.132
105.341
4.845
0.154
104.780
121.562
104.554
5.208
0.136
102.339
123.900
104.500
4.532
0.130
102.830
125.460
106.634
5.082
0.127
107.070
124.851
105.203
4.964
0.099
105.487
128.285
107.114
5.351
0.108
107.168
123.616
105.899
6.505
0.127
105.783
127.212
104.921
4.892
0.112
104.702
125.549
106.756
4.750
0.127
104.100
125.312
105.012
4.781
0.124
106.263
124.285
108.754
5.257
0.147
107.948
128.243
103.868
7.240
0.119
107.433
123.772
108.827
6.383
0.123
108.049
123.094
106.029
5.320
0.112
106.186
127.757
106.578
6.599
0.105
106.891
128.293
110.367
6.789
0.125
105.701
109.333
109.679
5.693
0.155
108.429
137.241
83.566
5.102
0.126
104.410
132.033
107.769
6.619
0.125
108.683
119.263
104.347
5.087
0.124
104.826
125.591
103.829
5.231
0.118
104.457
123.999
110.244
5.381
0.119
107.039
103.741
104.872
5.268
0.140
104.245
142.078
107.710
5.394
0.116
106.460
121.291
106.381
5.897
0.114
105.598
125.285
107.488
5.824
0.123
105.881
123.891
103.893
6.665
0.106
105.497
122.209
105.201
5.106
0.113
104.900
125.220
106.662
5.103
0.114
105.005
127.665
109.288
6.687
0.120
104.351
125.418
107.345
5.416
0.131
105.505
129.937
111.082
6.881
0.117
105.967
124.446
106.575
6.110
0.116
111.869
127.837
107.306
5.184
0.112
104.896
130.171
104.503
5.508
0.128
104.752
126.526
107.116
5.781
0.110
105.892
127.333
111.414
5.823
0.113
105.391
108.245
107.187
6.079
0.139
104.976
131.725
107.201
6.345
0.127
104.405
122.631
106.263
5.562
0.124
112.814
124.079
89.584
7.023
0.140
104.012
116.267
107.361
5.347
0.132
104.992
124.796
112.375
5.702
0.140
103.962
101.791
104.854
6.553
0.131
105.834
132.469
107.889
5.817
0.110
105.647
130.446
104.788
5.579
0.122
105.803
124.531
108.491
5.765
0.130
107.832
128.575
88.427
9.518
0.145
108.101
111.554
87.707
7.333
0.141
111.197
135.612
106.259
7.014
0.116
106.951
121.095
105.089
6.344
0.115
106.258
125.804
106.933
6.458
0.122
108.584
121.252
84.366
7.561
0.173
104.784
132.378
107.978
7.682
0.130
107.553
118.310
106.700
8.179
0.116
104.151
125.581
110.602
7.687
0.120
107.248
102.690
107.108
7.936
0.156
108.543
133.050
104.286
6.709
0.134
104.559
121.501
104.451
5.013
0.125
105.996
124.539
104.971
5.695
0.128
114.719
130.836
84.663
7.358
0.149
109.825
134.348
83.479
6.831
0.134
104.679
129.026
105.736
7.424
0.127
107.096
122.302
107.824
7.793
0.124
111.698
130.125
88.985
7.650
0.142
101.866
107.190
105.581
7.561
0.139
106.971
137.051
104.605
6.012
0.139
107.619
122.976
83.172
10.611
0.132
106.707
133.682
109.324
6.731
0.139
107.073
121.293
106.684
6.801
0.118
105.234
125.367
104.832
4.819
0.109
105.998
124.294
109.508
5.946
0.111
104.827
113.471
107.774
5.722
0.178
87.837
111.850
82.946
7.923
0.144
106.322
133.190
102.118
6.350
0.118
109.219
129.938
109.155
7.462
0.120
107.196
124.395
106.672
6.541
0.111
105.245
125.663
112.397
7.892
0.142
109.486
106.681
87.778
7.544
0.154
106.875
139.733
105.550
8.342
0.139
107.565
117.699
105.971
6.328
0.143
106.997
125.587
109.377
7.021
0.119
107.958
125.755
105.792
6.416
0.127
107.877
127.964
91.428
8.860
0.143
105.815
107.397
104.658
7.290
0.132
104.967
125.912
105.742
6.917
0.143
106.697
123.669
104.191
8.985
0.156
106.552
126.580
107.031
8.034
0.113
109.195
130.140
104.887
6.480
0.120
107.735
123.623
108.107
6.842
0.136
107.898
124.583
106.221
5.794
0.111
104.983
124.744
105.776
7.155
0.124
107.526
125.951
107.900
6.644
0.117
105.149
126.638
113.969
6.640
0.128
106.554
108.786
109.132
7.462
0.144
106.852
132.859
105.874
6.756
0.131
104.923
121.860
109.111
6.669
0.115
106.599
127.663
103.588
6.267
0.116
108.409
125.548
86.908
8.313
0.147
104.216
110.395
110.204
8.497
0.135
104.395
127.414
111.532
8.210
0.128
105.455
101.368
107.825
7.240
0.146
107.377
134.485
110.108
7.837
0.104
102.103
99.825
105.223
7.340
0.141
109.209
131.278
88.968
9.422
0.155
105.387
109.215
105.394
6.983
0.133
111.137
123.447
89.009
42.761
0.149
104.861
108.251
108.890
8.643
0.144
105.190
125.727
106.086
7.749
0.134
108.908
121.264
111.519
6.501
0.129
106.043
105.721
104.964
22.664
0.157
104.375
133.112
108.166
7.832
0.124
109.688
126.201
106.818
7.895
0.112
106.223
124.809
111.083
5.117
0.121
106.026
106.850
106.846
7.281
0.130
108.566
129.415
87.791
8.319
0.131
106.583
108.261
86.908
10.335
0.147
107.269
143.101
103.799
6.953
0.135
104.550
123.251
110.286
6.287
0.132
106.218
112.409
104.591
6.252
0.154
82.441
130.503
106.797
7.623
0.145
107.060
126.172
83.861
10.043
0.147
106.161
132.258
104.716
7.256
0.146
107.880
120.369
106.377
7.615
0.111
106.512
128.932
103.637
9.230
0.116
107.137
125.149
111.752
9.117
0.101
111.511
101.782
85.795
11.100
0.162
105.882
137.160
107.720
8.674
0.123
102.890
98.938
113.030
7.383
0.144
105.357
119.558
106.803
7.073
0.791
86.166
125.958
103.406
7.281
0.107
105.630
127.589
106.780
8.259
0.142
107.557
125.317
108.384
7.234
0.142
104.986
124.920
109.604
7.904
0.109
111.439
106.371
84.303
10.254
0.158
108.795
133.879
86.012
8.619
0.130
104.397
103.339
112.177
8.136
0.142
103.366
103.709
105.328
9.250
0.146
108.974
132.379
107.251
8.461
0.130
103.962
102.785
112.839
7.073
0.146
105.586
107.217
109.149
5.180
0.125
108.654
110.346
109.152
7.137
0.147
103.156
113.035
108.690
6.995
0.143
105.386
126.909
107.799
7.085
0.121
107.862
127.522
104.548
8.979
0.105
106.378
126.045
107.189
8.135
0.127
105.819
139.942
105.152
8.915
0.125
86.672
123.764
87.219
49.416
0.141
103.782
115.180
106.318
8.535
0.159
109.966
126.046
92.030
9.046
0.130
106.015
111.236
108.108
9.417
0.132
112.419
124.861
85.062
10.561
0.136
106.206
111.741
108.617
9.440
0.133
110.117
127.067
109.825
9.318
0.121
103.765
100.633
107.636
8.802
0.140
106.602
133.922
105.594
8.315
0.135
106.228
121.218
105.693
9.941
0.112
103.550
125.499
110.390
6.851
0.150
103.574
105.147
106.360
7.187
0.146
109.845
135.857
88.557
9.499
0.135
102.650
110.941
110.666
7.994
0.152
105.739
108.551
105.741
8.400
0.136
108.102
127.323
87.084
9.410
0.160
105.715
104.039
108.121
7.102
0.147
111.841
127.401
90.096
10.227
0.136
107.382
117.253
91.777
11.185
0.148
86.631
121.827
89.426
12.025
0.204
107.608
110.608
86.674
11.776
0.142
114.335
133.158
91.295
7.309
0.131
101.553
102.790
111.004
8.050
0.139
110.817
105.483
84.429
8.222
0.154
110.406
133.297
83.567
10.758
0.130
107.120
128.107
108.031
8.408
0.126
104.722
122.719
105.615
9.230
0.132
108.669
123.779
89.575
10.122
0.147
104.485
109.837
106.034
7.145
0.132
105.355
134.385
109.895
8.133
0.133
91.461
98.479
87.639
6.322
0.165
105.056
117.135
105.701
6.851
0.132
105.849
129.472
109.637
8.091
0.150
106.718
99.093
107.227
8.487
0.128
107.446
132.911
84.720
9.500
0.136
106.021
129.459
106.758
8.913
0.124
105.148
122.505
103.953
9.703
0.128
104.770
128.017
109.834
10.549
0.134
107.767
123.611
105.909
9.848
0.121
112.917
128.554
85.909
11.652
0.148
113.180
113.096
87.484
10.776
0.157
108.370
110.097
90.618
9.835
0.142
104.845
111.024
108.609
10.193
0.137
107.750
122.687
109.025
9.507
0.127
108.705
119.659
107.791
8.286
0.130
104.610
127.058
103.389
9.264
0.130
108.581
125.322
87.882
8.860
0.148
107.315
113.404
108.253
7.027
0.139
105.684
125.010
109.794
7.850
0.140
104.332
100.395
111.837
9.626
0.133
107.037
112.481
105.324
9.003
0.135
106.040
134.705
109.700
9.109
0.135
105.326
120.779
112.846
8.397
0.140
113.648
104.673
85.169
8.556
0.166
107.259
138.119
104.295
7.100
0.123
107.479
120.719
108.689
9.999
0.112
107.448
130.000
90.102
7.684
0.164
103.437
111.217
109.866
7.417
0.131
102.862
111.136
106.667
7.887
0.139
109.524
131.326
83.191
10.812
0.143
118.476
132.991
86.418
7.188
0.143
102.909
103.987
106.822
9.007
0.143
116.759
129.914
87.454
9.930
0.147
105.379
132.477
104.660
7.771
0.126
106.535
123.190
84.162
12.979
0.153
108.404
133.404
86.647
8.546
0.144
108.499
101.228
87.677
11.045
0.152
107.460
120.942
109.513
8.185
0.141
108.677
107.147
86.097
8.490
0.165
107.450
133.833
117.891
8.379
0.137
107.681
99.284
113.960
7.899
0.150
104.550
112.899
109.822
9.490
0.139
104.173
109.121
105.537
7.523
0.151
106.839
129.126
111.084
7.390
0.136
109.528
104.456
89.110
10.093
0.155
104.252
126.075
108.230
7.858
0.143
90.732
105.666
83.523
9.195
0.157
107.499
130.811
91.219
9.095
0.140
108.028
108.587
87.955
9.119
0.144
107.405
131.599
105.431
6.869
0.164
105.397
120.365
109.018
7.027
0.121
109.599
104.363
92.611
10.716
0.153
105.809
120.152
106.295
8.513
0.126
107.873
127.081
84.821
12.987
0.150
107.999
129.136
104.585
7.674
0.123
112.040
118.335
94.047
8.049
0.141
104.598
114.588
104.810
9.120
0.134
103.702
126.528
104.923
4.222
0.139
108.052
123.014
111.636
5.654
0.130
109.220
113.954
90.333
9.497
0.159
83.744
121.207
106.901
4.812
0.158
106.291
119.000
106.413
5.906
0.129
111.915
125.465
89.913
8.344
0.147
106.275
113.290
108.450
10.143
0.136
109.293
125.644
106.739
7.333
0.129
107.592
129.096
108.116
9.979
0.132
107.619
104.813
114.688
12.358
0.157
104.914
116.932
108.290
6.265
0.139
108.252
107.257
106.575
7.997
0.141
105.324
127.647
109.050
6.689
0.146
102.920
120.775
107.955
7.414
0.137
110.840
124.064
86.460
8.992
0.136
106.350
110.892
84.598
11.688
0.150
106.233
139.115
108.968
7.164
0.128
108.262
122.307
106.217
10.693
0.146
108.161
128.540
86.373
9.083
0.170
106.213
118.091
84.732
5.041
0.157
95.447
113.857
85.931
5.431
0.169
106.949
109.008
84.832
4.856
0.156
103.872
138.540
107.826
8.899
0.124
106.976
122.104
104.049
9.137
0.136
103.447
124.729
108.932
11.086
0.133
106.990
124.608
108.648
8.526
0.141
104.472
103.616
111.211
6.426
0.152
109.729
115.331
88.111
7.175
0.152
104.324
117.262
105.591
5.875
0.148
108.532
124.976
84.484
9.923
0.144
104.421
132.854
111.360
9.829
0.135
110.761
101.623
97.792
46.532
0.166
107.967
116.097
92.165
9.562
0.143
105.182
108.899
108.567
7.669
0.136
108.365
108.583
110.739
9.756
0.146
107.574
127.604
107.502
9.213
0.138
109.114
125.031
92.029
7.977
0.148
105.188
112.514
114.848
5.697
0.150
106.255
106.629
105.277
8.317
0.146
114.532
130.026
90.284
5.507
0.140
103.902
106.439
111.484
7.239
0.149
107.126
106.939
107.626
8.785
0.185
109.436
124.326
88.375
10.414
0.146
107.533
110.352
84.808
10.018
0.170
103.432
132.191
108.065
7.047
0.141
106.688
121.930
107.394
9.162
0.141
110.796
132.329
92.968
10.604
0.165
91.378
118.044
95.343
11.208
0.156
88.301
114.575
85.171
12.197
0.155
106.848
135.927
114.478
9.501
0.133
104.482
106.076
107.670
8.792
0.153
87.327
134.705
94.130
7.932
0.146
110.812
110.941
92.924
9.376
0.154
108.398
112.972
89.722
4.617
0.139
112.210
109.842
85.252
8.465
0.180
110.016
131.768
90.889
7.235
0.139
106.729
113.220
89.741
6.716
0.148
89.133
109.356
86.797
9.490
0.154
105.440
112.644
112.978
7.055
0.177
104.814
109.116
105.225
9.556
0.132
112.986
133.909
89.005
9.582
0.145
109.629
110.192
91.722
11.226
0.158
108.038
112.293
89.569
7.725
0.154
106.332
108.955
108.936
10.233
0.138
108.496
104.795
112.476
7.646
0.157
102.031
114.431
111.123
5.587
0.152
106.618
110.123
105.505
9.210
0.124
107.663
133.962
106.470
9.368
0.114
107.736
120.684
103.749
9.936
0.154
113.911
129.222
86.525
10.485
0.167
118.141
113.280
86.908
8.071
0.158
108.881
133.903
110.168
8.680
0.135
142.210
107.782
104.804
5.746
0.156
88.475
134.505
86.165
6.943
0.146
105.641
111.086
86.869
5.967
110.241
0.138
105.913
130.914
107.973
8.088
106.263
0.154
85.924
121.045
85.179
8.378
104.116
0.156
84.373
108.733
87.618
105.666
9.343
87.659
0.195
80.583
98.114
93.362
102.147
10.435
109.232
0.196
96.837
97.403
117.974
107.585
7.825
0.177
83.948
105.579
86.862
105.762
8.438
0.155
106.078
126.741
115.947
102.751
7.300
0.152
120.769
132.786
85.808
6.043
0.192
109.025
110.463
92.571
10.074
0.182
107.493
120.887
111.068
8.222
0.149
109.252
109.711
91.513
8.907
84.931
0.173
82.114
111.596
83.609
8.703
0.178
114.623
127.216
88.826
104.206
7.428
107.439
0.146
105.408
129.441
111.167
7.913
0.147
107.646
106.076
94.915
7.452
110.442
0.162
88.818
116.366
91.250
9.071
0.158
90.259
111.783
89.198
107.006
8.791
104.703
0.180
106.164
118.316
91.304
109.452
10.355
0.189
88.778
116.010
97.503
104.901
5.446
0.160
97.024
122.940
89.361
103.250
5.586
0.174
114.922
132.327
92.774
109.877
7.990
0.184
86.566
109.555
88.106
8.094
104.762
0.195
86.230
121.994
84.344
8.404
107.738
0.154
104.678
107.858
104.259
10.899
0.159
129.339
138.033
88.250
6.629
0.172
107.792
110.920
86.198
9.295
0.145
111.941
138.016
86.304
6.909
0.143
107.196
99.838
110.499
7.900
0.157
104.102
110.201
106.401
8.680
0.162
106.804
132.692
108.865
4.226
0.138
113.013
102.631
91.096
8.056
149.079
0.165
99.411
135.219
81.542
6.241
106.592
0.171
90.940
107.726
87.431
9.689
0.175
143.776
113.756
117.581
106.459
7.801
0.152
85.248
133.538
89.497
6.075
103.229
0.154
83.188
132.207
88.327
6.666
84.188
0.171
82.862
108.896
86.928
8.676
99.829
0.169
90.589
121.919
91.035
107.868
3.612
0.181
111.036
105.945
94.079
111.840
9.726
108.865
0.173
84.198
108.066
89.443
84.620
8.349
103.843
0.183
82.119
96.506
98.527
102.298
2.831
0.181
84.202
104.500
98.779
106.283
9.883
87.303
0.157
83.657
106.822
106.176
98.258
12.635
0.185
106.044
115.692
94.953
105.425
10.081
0.165
95.209
115.599
89.133
8.674
0.157
109.907
112.794
92.225
9.272
0.170
109.488
113.728
90.924
9.122
0.144
115.505
120.858
85.001
9.863
122.146
0.149
84.476
133.895
100.106
7.101
108.269
0.158
102.282
95.760
107.882
9.519
104.891
0.188
82.850
109.865
88.326
11.116
0.173
110.305
106.094
92.095
105.880
6.935
87.297
0.151
86.017
112.262
91.182
88.769
8.916
0.217
81.665
102.095
103.768
106.260
6.459
87.595
0.118
83.363
103.838
85.614
101.776
10.518
0.211
118.754
124.004
120.749
103.718
7.379
0.157
111.583
125.716
86.025
9.381
0.125
106.619
138.778
108.895
7.697
108.985
0.140
103.692
99.713
101.622
9.880
0.179
81.894
136.673
87.331
8.799
0.158
106.080
106.925
93.884
10.142
105.846
0.170
86.773
142.805
88.563
9.578
0.781
91.148
110.615
89.142
6.302
108.062
0.167
85.138
107.243
95.932
9.386
108.940
0.171
84.886
109.066
95.573
103.026
7.187
86.953
0.208
88.232
96.968
99.010
103.121
7.923
0.192
82.748
103.099
97.172
107.205
8.121
140.411
0.159
86.867
120.468
92.634
104.735
2.979
0.173
85.410
111.257
99.676
88.074
8.637
0.170
124.693
108.437
96.958
108.385
8.739
85.787
0.194
102.990
104.917
89.604
104.587
9.992
0.210
83.262
106.838
93.548
112.494
5.092
0.177
103.278
110.430
114.787
106.126
3.515
0.175
87.059
111.302
93.303
7.361
106.915
0.166
92.254
110.121
83.324
10.537
108.289
0.182
105.550
108.067
89.091
110.709
9.580
0.168
123.878
104.668
106.012
107.473
8.782
0.180
84.028
108.762
92.498
109.265
9.633
110.958
0.168
103.958
101.814
92.871
112.163
8.500
0.188
89.887
106.745
99.347
107.654
7.897
0.174
86.706
134.671
95.707
90.957
8.635
83.952
0.156
85.065
102.286
102.136
104.058
6.374
0.198
82.398
105.241
99.331
85.613
9.830
0.193
89.324
107.999
96.601
112.088
6.301
78.147
0.192
84.575
128.465
90.673
104.111
8.652
0.179
83.479
102.387
101.228
101.264
6.824
0.185
85.916
122.861
85.601
111.964
4.862
0.180
102.602
112.672
116.796
104.254
5.498
125.302
0.138
107.642
95.885
86.004
11.312
0.160
106.113
119.410
96.164
88.400
9.808
0.177
121.282
105.729
96.294
105.577
7.349
0.176
95.431
130.505
93.747
103.126
7.269
85.224
0.192
88.155
106.157
89.401
110.893
7.459
79.043
0.197
89.693
114.784
95.854
100.328
8.333
0.186
88.332
125.608
96.781
108.344
8.200
129.283
0.193
88.189
101.532
91.817
106.187
9.702
82.576
0.193
88.996
95.529
94.027
104.845
10.117
85.875
0.215
78.472
100.652
112.680
107.772
9.842
107.425
0.188
81.593
92.408
90.311
109.104
11.555
99.846
0.203
84.912
126.365
96.795
101.374
8.800
0.210
124.190
123.574
100.944
108.427
5.830
0.191
91.908
113.005
93.477
7.848
0.158
106.147
117.230
87.492
11.102
0.162
141.219
117.028
107.663
8.010
0.143
148.705
126.007
114.500
5.810
0.145
112.427
102.358
88.541
7.723
0.169
113.203
125.964
86.010
9.769
0.189
125.652
134.541
86.983
9.010
0.152
143.704
127.912
105.446
9.048
108.219
0.148
105.644
104.068
103.833
7.891
104.447
0.185
107.203
126.092
88.721
7.337
102.771
0.169
86.580
121.441
83.243
8.280
143.828
0.164
111.291
128.196
85.139
8.952
0.174
107.859
110.966
87.912
9.760
104.247
0.164
85.146
124.681
89.690
6.868
0.179
108.064
113.393
87.907
9.290
106.283
0.167
88.520
133.611
87.995
7.235
149.856
0.151
88.527
104.488
87.062
6.473
106.535
0.185
85.459
104.194
87.947
111.774
9.750
0.201
151.095
106.024
99.417
88.367
8.750
0.185
87.191
113.986
90.321
106.565
9.086
0.181
82.637
106.883
97.663
103.530
6.392
84.978
0.172
102.825
103.902
90.302
102.248
8.828
84.973
0.180
104.669
99.916
92.997
107.952
10.236
101.415
0.174
89.287
114.707
94.652
101.108
8.188
93.547
0.218
106.935
100.597
100.809
106.720
7.525
0.192
83.286
110.298
97.989
85.178
8.734
0.191
95.285
112.837
95.398
106.719
8.293
0.167
110.148
110.061
87.735
109.842
9.179
0.175
109.714
106.808
97.011
104.864
8.311
0.199
91.456
135.329
88.577
115.584
7.902
82.764
0.169
86.894
104.509
89.189
102.552
6.881
0.224
88.969
116.915
99.261
107.442
10.034
0.174
84.979
113.965
82.702
10.344
0.163
115.126
134.352
93.263
8.084
107.728
0.146
88.047
108.986
85.813
113.296
9.419
0.185
123.296
105.580
91.636
105.938
9.778
111.439
0.175
98.937
106.711
112.731
95.007
6.590
82.654
0.186
85.915
97.753
84.110
107.104
8.490
0.185
149.570
105.047
97.724
102.927
9.200
85.292
0.178
103.648
109.255
86.074
7.333
106.262
0.164
86.801
108.719
95.354
99.499
11.165
85.911
0.212
104.158
95.592
95.874
104.791
4.932
0.186
88.587
109.563
90.422
119.222
7.320
0.193
105.569
109.698
91.151
105.924
5.967
0.186
108.828
136.354
95.874
112.069
7.212
83.966
0.171
88.777
107.154
90.419
10.346
106.090
0.201
89.490
100.882
95.716
103.954
5.525
79.642
0.195
83.665
115.849
92.186
108.529
9.820
89.449
0.177
85.747
92.124
97.691
100.492
6.927
83.760
0.202
108.400
93.308
95.063
102.638
9.973
123.056
0.187
89.853
99.012
98.443
104.074
10.372
86.648
0.198
86.831
95.823
93.136
106.721
5.045
110.415
0.202
83.040
105.876
96.242
83.941
8.910
84.636
0.208
111.580
99.896
94.364
108.097
9.633
105.768
0.186
89.583
101.918
93.463
111.148
8.265
102.478
0.194
81.582
127.625
90.361
91.205
11.491
0.197
107.775
106.887
106.247
108.826
7.960
0.156
87.715
111.586
84.125
9.034
0.164
108.576
118.599
110.108
9.038
95.235
0.150
107.356
105.190
83.717
5.810
112.039
0.219
127.434
100.126
102.805
109.562
6.233
0.197
83.336
104.457
93.521
105.783
104.518
5.510
0.199
105.174
127.967
89.194
106.116
8.529
0.191
86.522
110.626
96.534
109.091
6.279
0.185
81.700
109.526
98.128
105.871
8.389
84.085
0.184
140.753
104.596
109.949
108.907
6.906
0.168
85.229
107.530
93.788
112.115
6.914
123.197
0.198
82.799
100.044
94.052
101.158
6.143
84.149
0.179
104.726
104.386
97.929
86.964
83.236
8.411
0.216
79.142
105.006
97.810
91.796
8.914
104.028
0.208
87.021
98.285
94.697
112.441
7.255
0.154
110.165
116.176
95.642
92.458
8.119
0.175
91.653
114.995
101.173
106.557
8.003
106.612
0.178
83.844
108.567
92.379
102.276
7.492
0.201
82.722
129.999
94.098
89.592
8.622
0.172
105.450
112.816
106.094
114.412
8.990
82.558
0.177
90.016
100.893
87.106
7.121
0.199
101.136
113.544
115.348
87.032
7.716
0.147
109.761
116.252
85.308
112.443
8.791
0.157
102.576
116.635
103.704
7.129
107.436
0.160
154.287
103.419
81.866
9.292
0.170
110.358
136.982
88.520
110.001
8.079
0.164
94.157
123.861
84.877
7.370
92.564
0.171
89.951
105.742
87.734
7.145
107.686
0.188
127.011
107.772
100.691
102.547
4.308
85.257
0.197
139.072
101.404
117.663
105.870
89.149
7.555
0.176
98.687
97.639
105.843
108.344
7.973
146.532
0.179
85.955
95.945
94.321
106.932
5.914
0.182
80.732
106.806
97.341
113.265
9.838
105.910
0.190
83.412
108.036
91.542
82.641
7.942
87.761
0.210
97.892
104.474
115.896
89.244
6.935
104.424
0.198
87.144
125.176
95.393
103.601
8.066
0.179
85.995
110.901
100.598
103.956
7.944
123.694
0.205
98.456
103.822
105.968
106.837
4.776
100.446
0.180
83.134
120.860
90.549
101.150
79.137
5.614
0.195
101.878
105.077
106.079
110.869
10.744
84.969
0.186
87.026
97.277
89.366
104.936
6.772
101.534
0.200
83.529
122.115
98.544
105.472
4.447
0.183
83.335
109.151
99.512
104.521
7.128
88.988
0.199
80.908
97.545
88.825
103.355
8.807
87.323
0.165
111.646
101.881
90.679
105.282
6.997
0.195
107.199
104.638
95.301
106.184
8.973
104.574
0.170
145.466
105.259
89.010
9.165
0.200
100.738
125.585
107.610
130.586
7.724
0.151
100.432
103.688
105.903
6.811
108.753
0.160
109.393
123.425
86.896
7.807
110.072
0.179
85.310
111.063
94.740
101.676
8.963
0.200
88.938
102.039
99.379
111.519
9.176
86.496
0.187
86.328
106.436
88.144
106.899
8.256
147.945
0.203
83.896
95.687
102.753
103.626
7.441
82.292
0.191
102.287
100.310
88.688
107.624
106.397
7.120
0.208
84.497
105.128
98.986
86.498
8.137
85.400
0.172
119.972
95.783
99.914
104.651
7.084
84.189
0.193
86.291
97.638
99.022
109.499
10.998
89.182
0.191
80.312
138.901
100.099
108.308
7.057
88.130
0.188
87.709
106.684
132.727
86.182
7.300
0.226
104.604
113.015
117.116
88.777
8.678
91.971
0.189
87.059
108.233
97.622
102.666
7.227
0.196
92.084
124.678
143.135
105.240
8.967
84.349
0.181
113.607
121.049
87.688
109.467
9.713
0.161
124.393
108.920
88.242
107.689
8.297
79.523
0.180
81.996
104.455
97.412
87.102
8.745
82.537
0.210
91.866
98.950
104.286
103.378
8.719
0.211
85.576
111.550
110.496
101.727
7.794
0.198
89.928
170.194
95.626
114.063
10.765
84.975
0.166
91.758
118.248
83.134
10.004
123.081
0.179
85.512
109.432
95.990
85.205
6.427
129.563
0.194
83.931
99.803
111.990
107.846
8.232
84.011
0.183
83.898
101.571
95.924
84.742
7.070
0.202
79.193
105.599
127.305
106.383
7.195
84.975
0.149
87.851
147.795
83.264
6.207
0.200
93.858
112.326
106.578
102.523
9.269
0.186
97.136
136.067
90.223
107.129
6.741
85.345
0.201
82.770
113.930
96.676
89.439
9.651
82.401
0.198
80.429
101.041
93.884
83.414
7.759
107.949
0.215
96.140
106.474
122.671
87.942
7.340
0.192
92.134
142.907
94.941
109.787
8.632
0.167
86.519
117.367
93.905
88.837
148.836
9.895
0.204
80.622
103.132
94.261
101.491
8.824
0.208
82.377
162.581
104.356
113.438
9.043
86.930
0.175
88.162
113.397
82.066
6.232
101.309
0.181
84.162
126.967
122.939
84.858
9.335
84.582
0.175
89.687
102.763
109.273
100.283
9.442
91.365
0.193
147.448
92.308
98.437
103.370
8.981
84.335
0.193
80.258
100.703
130.285
92.480
8.823
101.649
0.205
86.889
117.750
100.116
122.758
9.355
86.421
0.186
90.727
99.643
94.593
108.908
7.863
80.131
0.189
84.254
99.629
94.936
89.040
119.600
8.512
0.184
80.785
105.564
101.984
104.321
8.102
90.703
0.184
91.498
137.397
96.587
107.156
9.083
84.914
0.207
89.572
104.196
97.531
103.527
6.595
0.194
89.265
106.040
102.497
94.976
8.493
86.536
0.198
89.694
100.924
94.346
103.271
8.605
82.640
0.193
125.974
96.630
96.584
105.872
12.103
90.726
0.211
83.693
108.150
143.883
81.051
7.599
85.245
0.182
147.484
103.830
103.699
105.055
83.375
11.430
0.185
86.771
103.409
96.107
144.796
88.181
8.491
0.223
85.161
93.856
95.589
106.290
107.299
8.902
0.213
82.384
100.446
105.011
146.557
6.681
0.200
120.981
154.133
114.931
97.358
84.752
7.031
0.185
81.732
107.687
95.899
81.940
83.421
10.078
0.208
97.936
97.113
125.450
103.674
4.963
0.187
83.449
133.003
90.811
102.836
6.860
87.898
0.181
114.590
115.156
96.871
101.809
10.845
79.863
0.169
94.071
109.579
91.266
84.781
10.481
0.203
101.341
102.033
119.732
109.998
5.840
0.155
110.641
107.508
85.462
6.941
114.674
0.165
110.362
123.161
93.894
87.800
5.671
0.163
88.545
112.600
93.100
90.525
6.241
0.190
89.642
97.171
97.430
116.677
93.502
5.973
0.195
79.071
96.528
107.922
104.300
7.344
83.835
0.199
80.068
95.294
101.805
106.481
6.004
87.688
0.176
83.348
92.839
96.386
106.388
8.459
83.913
0.208
82.558
138.152
94.766
106.494
87.317
7.902
0.193
84.913
94.327
103.612
103.263
88.308
7.548
0.204
88.645
96.880
90.660
105.969
8.154
0.209
100.439
103.224
118.347
147.449
6.595
86.293
0.166
127.334
104.499
88.184
7.934
0.181
117.341
107.596
98.095
112.732
8.409
84.399
0.176
96.292
149.264
90.075
104.457
7.152
0.186
88.266
128.777
98.684
96.884
8.587
82.923
0.182
88.743
128.608
95.459
106.120
83.809
7.455
0.204
81.782
103.878
107.546
84.537
8.123
81.747
0.202
86.726
99.510
96.554
101.998
84.964
8.674
0.213
78.620
93.807
111.237
111.181
101.268
7.418
0.224
90.652
120.858
136.244
99.216
81.394
6.403
0.175
81.681
99.598
101.161
111.406
7.068
0.230
77.871
101.550
106.433
146.659
7.999
83.255
0.169
97.263
105.723
82.333
108.287
158.496
6.948
0.203
77.983
89.195
104.677
111.037
6.751
79.007
0.165
90.954
146.151
92.346
86.592
9.242
105.048
0.191
89.073
106.740
96.676
88.577
101.036
6.444
0.198
81.752
106.514
100.781
114.845
82.108
8.464
84.311
0.190
78.220
95.447
94.595
101.900
78.333
7.503
81.662
0.220
78.318
87.458
95.336
148.301
104.623
8.516
0.186
83.270
103.732
146.761
84.026
6.427
123.748
0.186
84.256
111.850
100.037
86.365
83.226
5.657
93.408
0.196
82.843
84.746
105.205
103.627
83.566
8.403
0.225
89.908
101.491
140.990
85.552
8.585
104.227
0.214
85.281
106.355
106.157
108.760
5.497
82.009
0.188
89.368
103.778
97.994
143.780
6.178
114.932
0.187
134.883
113.284
93.014
101.963
87.058
6.448
0.197
85.758
97.053
96.724
124.180
9.148
80.793
0.214
81.317
141.684
102.110
87.500
9.518
129.106
0.213
88.339
101.038
100.491
104.250
87.285
4.701
0.488
88.946
99.862
102.440
147.230
6.271
87.391
0.198
79.050
101.273
94.444
87.161
7.312
154.104
0.170
122.200
104.783
108.359
103.089
80.079
11.037
0.194
89.674
96.178
96.555
145.495
7.763
0.184
83.032
109.571
144.674
85.121
123.153
8.413
0.202
93.277
104.875
99.125
109.254
9.350
0.206
86.001
110.025
107.628
132.168
87.145
10.210
128.801
0.207
86.256
107.809
95.966
94.163
86.369
7.082
0.233
83.730
88.471
123.094
109.046
86.045
7.387
0.186
93.070
106.361
88.568
136.634
104.698
8.576
0.207
85.200
115.481
99.472
85.251
111.042
7.540
0.199
78.281
104.663
102.902
83.241
7.547
82.815
0.193
88.607
106.214
93.916
94.236
94.404
8.023
126.913
0.200
88.019
135.315
99.939
88.502
87.082
8.873
0.227
80.160
97.899
115.290
107.542
99.868
6.679
0.192
77.974
111.299
122.076
90.679
79.109
8.147
0.213
87.526
125.921
141.229
96.951
75.762
8.448
0.201
82.166
126.125
116.258
90.546
84.955
80.388
9.102
0.191
78.882
97.771
99.801
85.339
77.145
8.385
0.227
84.746
126.181
98.283
95.280
120.316
9.085
75.634
0.187
84.797
128.695
138.815
101.431
88.727
9.419
81.565
0.213
88.596
118.475
138.582
108.688
76.627
7.400
86.016
0.213
113.972
99.005
88.833
87.250
106.175
8.962
0.219
94.070
99.457
115.815
84.491
89.566
6.343
108.082
0.188
81.332
89.804
102.474
117.392
91.636
5.895
0.234
84.067
101.205
101.404
87.911
91.065
9.587
0.213
131.230
106.392
95.808
104.396
152.602
7.110
81.573
0.206
86.482
101.352
104.664
92.895
78.557
8.589
84.077
0.235
106.125
130.661
142.998
81.014
90.670
8.700
0.217
111.145
96.995
98.893
89.135
106.315
8.022
0.220
78.353
101.584
123.120
89.987
80.115
10.514
0.193
86.127
109.936
93.790
104.836
5.999
89.443
0.187
88.687
102.485
140.184
144.169
7.586
86.199
0.194
93.109
102.895
102.401
88.794
8.635
75.251
0.184
89.955
134.360
104.560
81.654
86.593
10.065
121.376
0.194
72.987
103.136
116.363
84.124
108.734
6.962
0.216
82.214
97.510
112.903
88.956
88.541
8.194
0.224
75.792
106.249
116.306
139.363
5.919
81.879
0.200
119.112
163.700
150.067
93.660
95.565
9.858
132.899
0.206
117.443
135.799
100.707
118.480
91.113
7.585
0.224
84.341
92.896
103.682
107.083
91.131
8.963
0.204
129.791
104.824
41.785
521.978
225.825
48.154
45.170
53.388
0.079
258.553
107.143
54.927
4.326
0.089
53.233
82.419
87.526
4.513
0.189
92.846
115.948
125.840
154.358
117.258
104.439
6.039
0.166
102.160
109.763
107.593
110.826
8.557
0.142
108.180
128.018
108.134
7.629
0.135
107.007
133.962
109.578
7.420
0.130
110.231
130.026
109.446
6.749
0.123
90.527
132.184
93.286
9.201
0.168
112.036
110.010
92.292
7.481
0.171
109.078
118.751
116.281
6.574
0.154
89.296
99.528
92.023
8.349
110.204
0.160
90.489
106.336
91.511
7.840
0.169
109.872
109.645
95.705
112.888
7.998
0.165
82.712
117.885
91.195
9.426
0.178
86.790
116.621
95.626
7.947
110.737
0.192
89.966
115.455
85.575
4.688
94.352
0.177
102.990
107.740
110.319
111.542
8.267
0.161
88.284
107.558
101.482
109.516
6.241
0.167
129.398
122.680
100.624
97.038
6.752
0.168
312.849
146.384
98.968
114.393
47.915
18.413
1.953
0.067
256.762
323.556
78.988
3.992
0.082
219.443
225.996
36.744
17.974
1.217
0.061
143.703
227.113
92.967
135.525
1.253
0.070
185.206
122.466
240.683
44.957
6.087
0.121
25.005
37.670
48.025
62.056
71.485
83.978
62.983
3.106
0.210
66.049
