5.268
3.378
0.841
0.010
63.637
67.627
67.740
71.326
73.894
78.775
72.432
62.991
51.855
50.428
63.192
58.439
67.483
70.785
87.526
84.005
44.165
31.981
31.076
66.528
40.543
255.616
180.341
146.292
149.232
46.018
41.902
52.375
62.002
64.889
71.941
79.110
4.918
0.217
73.730
90.186
101.720
110.592
90.487
86.372
132.965
121.817
122.641
102.328
104.054
100.348
76.824
9.014
95.161
0.298
72.178
95.553
103.751
133.033
104.145
110.446
112.550
95.274
84.428
6.780
81.973
0.293
85.091
133.924
112.401
99.249
92.492
2.646
86.917
0.252
80.142
96.672
155.699
109.796
148.937
8.159
90.484
0.166
88.929
102.674
117.686
137.012
85.038
8.024
0.266
104.575
112.364
114.010
102.003
7.171
89.937
0.210
100.844
156.135
42.140
9.757
2.091
0.082
508.354
176.810
52.391
7.183
0.113
68.531
83.271
93.745
103.991
104.553
9.436
0.205
105.693
132.250
128.486
114.583
7.094
0.193
113.542
143.759
120.506
4.797
0.150
153.876
112.165
89.634
7.166
0.194
117.841
156.553
118.068
118.147
7.589
0.219
85.998
113.821
119.036
5.879
0.175
117.738
119.782
94.039
7.804
0.201
121.618
141.090
96.771
7.573
92.676
0.174
101.160
113.474
87.604
6.821
95.366
0.219
86.782
104.103
104.663
114.913
6.610
97.402
0.205
91.122
106.805
97.592
90.360
7.104
0.247
106.424
108.275
126.310
110.382
1.996
0.184
40.304
18.122
2.047
0.091
518.817
384.426
154.295
2.267
0.134
46.580
46.202
64.886
66.585
72.311
80.221
92.080
61.658
9.954
0.303
64.734
84.492
103.258
112.452
93.893
7.868
0.207
78.173
113.572
116.910
86.282
6.237
0.212
85.728
116.121
127.357
90.475
5.302
103.561
0.230
102.754
127.398
160.866
107.372
4.140
89.060
0.238
86.516
99.492
104.761
102.614
2.899
120.217
0.230
83.787
120.715
102.341
109.524
4.346
130.780
0.199
84.719
105.375
109.541
85.530
4.571
0.250
94.230
97.065
100.307
109.201
4.155
0.207
94.550
114.657
92.376
4.974
88.168
0.166
88.830
115.146
85.919
7.763
90.270
0.189
124.826
108.829
91.925
89.284
5.779
88.276
0.237
126.909
141.159
105.292
105.036
5.511
0.244
83.201
109.873
90.110
111.906
7.371
105.911
0.202
85.731
139.715
96.119
88.180
5.150
0.218
87.936
107.401
153.589
109.571
5.589
0.192
111.583
103.726
103.316
111.031
7.269
0.200
81.581
129.197
108.407
5.622
0.160
104.722
137.722
94.785
7.139
93.337
0.184
126.112
111.740
88.489
6.557
85.453
0.228
83.034
105.856
99.436
102.409
83.024
7.038
0.208
103.149
94.809
103.159
107.734
88.385
7.518
0.198
123.978
102.746
96.032
113.226
4.721
80.205
0.247
84.066
121.707
93.444
101.931
8.150
87.027
0.220
127.566
98.540
97.888
102.575
4.942
92.935
0.202
84.699
95.095
138.820
107.989
7.777
87.849
0.241
85.144
105.729
106.763
90.330
92.951
9.201
0.224
77.562
109.211
149.074
89.182
128.541
8.388
84.649
0.196
96.823
94.867
95.119
116.843
7.093
83.021
0.188
83.547
102.192
107.134
125.873
8.509
84.754
0.214
87.769
106.744
111.271
84.688
5.606
0.212
79.943
106.279
135.609
114.064
8.076
99.371
0.206
98.663
158.065
96.966
46.055
179.827
322.012
87.250
1.917
0.101
238.159
221.584
162.448
61.302
55.393
61.602
5.329
0.194
49.140
92.745
108.497
120.476
117.926
98.234
8.761
0.243
77.074
92.845
99.776
113.002
5.181
0.196
107.348
121.210
111.703
89.783
7.078
85.653
0.230
101.035
103.444
106.566
115.645
133.312
2.970
0.215
87.680
105.582
100.101
86.649
4.854
88.951
0.249
82.993
105.858
108.869
93.978
2.572
88.971
0.167
87.413
103.123
105.805
116.518
2.336
82.545
0.224
94.938
126.106
100.328
110.265
88.671
6.071
0.226
88.668
103.040
106.896
107.405
2.529
0.250
87.852
147.024
110.140
89.092
3.861
89.941
0.206
94.694
104.814
97.297
107.104
2.488
0.208
87.762
144.132
109.788
114.270
2.620
88.818
0.193
90.429
114.919
90.508
126.629
95.887
4.387
0.226
91.618
142.846
108.953
91.405
2.268
0.228
41.326
18.553
1.899
0.093
527.954
319.089
64.950
1.988
0.095
229.875
72.605
44.675
61.924
69.052
72.562
6.182
0.233
77.534
107.776
111.672
130.947
143.464
75.374
7.266
0.239
84.435
111.111
95.802
110.551
3.432
0.629
86.903
114.205
88.269
6.109
0.177
114.259
122.676
85.892
7.440
0.186
89.695
142.941
92.120
5.560
112.085
0.175
96.325
111.381
129.432
106.308
6.479
0.239
89.104
118.376
97.191
98.956
87.865
8.163
95.351
0.195
87.161
104.077
108.968
84.082
83.415
6.370
0.248
85.102
100.311
102.591
101.212
112.465
4.607
0.215
85.735
111.190
43.517
169.682
113.127
1.909
0.082
590.278
233.344
38.978
18.358
1.826
0.079
385.899
447.077
122.994
1.936
167.378
0.096
109.719
41.751
42.491
60.114
60.790
64.014
3.757
0.244
66.658
79.668
93.424
103.955
113.488
131.428
146.011
96.004
88.565
2.955
0.251
71.323
100.356
121.330
101.977
3.122
0.163
102.806
104.534
103.382
3.104
0.145
105.101
139.228
106.741
2.621
0.161
106.042
121.801
108.479
2.682
0.164
108.956
126.144
108.155
3.162
0.160
107.591
130.933
107.298
2.912
0.172
106.322
128.987
105.630
2.986
0.171
107.167
129.031
106.348
3.099
0.172
106.614
128.795
110.294
2.883
0.164
106.712
130.391
107.311
2.933
0.150
105.927
131.855
112.950
2.885
0.165
104.825
107.120
108.017
4.077
0.171
106.360
149.479
107.664
3.119
0.157
107.535
123.524
107.876
3.349
0.160
106.946
127.667
106.691
3.360
0.867
108.242
125.161
107.368
3.418
0.162
108.021
128.418
113.530
3.442
0.175
107.884
127.099
107.076
3.593
0.170
106.285
131.315
107.765
4.400
0.158
110.614
127.406
107.370
3.366
0.160
109.289
127.832
111.863
3.365
0.163
107.491
111.717
110.601
4.176
0.203
109.110
135.685
107.393
3.720
0.163
106.107
121.618
104.191
3.569
0.158
106.715
126.794
110.491
3.766
0.159
106.927
125.092
107.679
3.607
0.149
106.644
129.042
105.518
3.698
0.149
108.319
129.063
109.166
3.586
0.157
105.266
129.642
107.068
3.701
0.172
106.354
128.648
107.260
3.607
0.168
105.857
130.770
106.654
3.932
0.155
106.063
128.276
111.978
3.206
0.182
106.166
129.516
108.409
3.541
0.170
111.471
127.388
89.291
3.967
0.170
107.513
138.660
105.961
3.412
0.162
105.014
121.132
106.672
3.964
0.177
106.196
130.318
106.348
3.435
0.160
105.007
126.407
110.526
3.321
0.166
106.368
128.483
106.513
4.981
0.198
110.057
125.824
106.329
4.343
0.164
106.365
129.664
107.618
4.269
0.194
104.635
127.546
106.121
4.840
0.156
105.649
124.625
109.702
4.378
0.188
105.786
127.840
106.987
6.049
0.157
105.164
128.982
104.287
4.184
0.161
107.168
132.676
106.726
3.492
0.161
108.000
125.132
107.048
3.247
0.169
105.578
125.617
107.575
3.803
0.147
106.260
131.706
106.306
3.591
0.152
107.112
130.067
106.819
3.686
0.179
107.612
128.889
109.594
5.075
0.150
106.968
125.543
109.001
3.633
0.147
106.114
130.532
105.561
4.685
0.170
106.406
126.759
104.197
4.788
0.167
106.574
132.396
107.382
4.354
0.163
107.919
129.592
109.353
3.804
0.169
105.666
129.566
106.842
3.722
0.148
105.948
129.960
109.640
3.969
0.211
109.460
127.556
107.403
3.677
0.170
105.080
128.179
104.796
3.763
0.178
107.370
125.796
104.747
3.646
0.141
107.205
128.214
105.992
3.648
0.154
105.626
127.448
107.149
3.908
0.150
107.622
127.338
103.853
4.106
0.168
108.404
130.584
106.975
4.440
0.176
105.982
127.818
104.530
4.132
0.157
108.646
130.412
107.509
4.840
0.162
107.960
128.574
105.354
3.364
0.127
105.527
125.740
108.479
4.285
0.118
104.539
126.480
105.203
4.563
0.132
104.995
127.598
106.815
4.560
0.133
106.740
132.033
105.381
3.842
0.157
104.941
126.533
105.145
3.741
0.120
103.367
128.630
111.749
3.376
0.120
101.737
106.201
109.744
4.218
0.134
112.103
133.240
105.922
3.611
0.115
116.049
126.625
84.903
4.073
0.133
105.780
139.275
109.166
3.882
0.125
109.454
119.238
86.245
4.290
0.130
106.810
109.618
106.339
3.898
0.138
106.094
126.724
106.093
4.942
0.118
103.916
124.876
109.703
4.255
0.129
104.822
126.279
105.660
4.862
0.119
103.606
128.143
105.264
3.749
0.128
103.375
123.373
104.493
4.074
0.125
105.245
125.145
105.721
3.656
0.143
107.407
126.107
105.835
3.830
0.131
109.448
124.511
83.580
5.132
0.152
106.884
132.810
107.074
4.746
0.124
105.706
117.779
106.428
4.855
0.119
106.023
127.761
107.495
4.446
0.139
104.810
123.476
104.716
3.760
0.122
111.909
121.481
84.743
5.050
0.127
105.072
127.264
107.888
3.515
0.114
105.765
120.267
104.791
5.273
0.148
105.822
123.253
107.649
3.497
0.137
107.837
122.557
107.575
3.955
0.139
106.887
124.054
103.552
4.599
0.118
106.463
126.082
104.416
4.292
0.149
110.072
121.598
88.208
5.495
0.129
109.023
110.362
108.093
4.055
0.131
108.411
122.179
105.123
4.174
0.128
105.319
124.649
105.431
3.800
0.129
103.475
127.385
108.217
4.089
0.142
105.519
122.775
103.810
5.853
0.124
107.804
132.507
107.721
4.906
0.143
105.788
123.408
104.971
5.089
0.147
105.123
126.640
111.150
4.115
0.137
110.444
122.588
104.551
4.239
0.119
109.941
123.403
87.540
5.322
0.139
104.136
128.481
108.047
4.969
0.140
103.572
120.487
105.327
4.784
0.137
105.472
131.611
109.674
3.514
0.131
102.712
101.670
105.046
44.529
0.139
104.587
127.172
105.123
4.289
0.135
108.120
124.857
84.659
5.641
0.146
107.653
133.111
110.814
5.411
0.131
105.406
99.730
106.881
4.991
0.144
108.578
130.705
103.262
6.572
0.134
104.566
123.263
105.128
4.380
0.124
108.411
125.931
105.645
5.121
0.145
109.009
123.655
104.520
5.500
0.124
106.176
125.280
104.576
5.541
0.143
109.093
126.643
104.915
6.686
0.120
105.843
128.202
110.280
4.683
0.133
102.611
107.792
106.505
5.236
0.126
104.540
131.261
106.525
4.506
0.136
106.035
120.109
106.182
7.108
0.125
105.171
128.296
107.724
5.151
0.133
106.560
128.885
111.141
7.114
0.132
110.618
101.644
83.404
8.975
0.154
107.873
145.678
107.501
5.266
0.115
107.528
117.314
109.861
4.943
0.122
106.363
126.160
105.327
5.768
0.120
106.364
122.765
110.109
5.211
0.139
107.348
103.708
106.320
5.658
0.149
107.891
132.121
107.679
5.603
0.125
115.246
99.636
85.456
6.768
0.138
106.157
139.659
105.488
5.512
0.113
105.846
123.680
107.471
6.831
0.125
105.117
130.118
103.488
4.869
0.128
105.043
121.758
105.451
5.293
0.140
118.617
121.358
84.891
8.474
0.133
106.148
139.899
110.331
4.992
0.137
114.343
122.348
84.835
8.030
0.139
108.002
131.663
106.458
5.058
0.125
107.750
119.699
83.422
6.476
0.167
104.500
132.251
104.602
6.375
0.123
105.887
120.311
108.619
4.994
0.122
105.271
123.592
107.740
5.322
0.117
104.808
124.545
104.513
6.136
0.119
103.363
126.627
108.838
5.920
0.120
105.252
129.743
111.076
5.473
0.140
104.743
107.809
106.267
5.644
0.151
106.780
128.985
105.838
6.452
0.129
104.647
120.706
108.279
7.155
0.127
106.713
109.259
110.772
5.779
0.143
105.148
110.842
108.082
7.332
0.146
104.302
127.743
106.176
6.216
0.143
107.427
122.940
105.651
6.165
0.128
107.523
132.885
105.026
6.711
0.123
110.552
124.332
106.872
6.604
0.135
112.389
126.530
90.315
8.340
0.147
103.212
112.825
105.720
6.097
0.125
107.271
130.907
109.905
6.439
0.112
111.420
126.362
83.963
6.782
0.131
105.059
124.682
104.935
6.495
0.124
109.053
124.404
84.513
8.203
0.162
105.434
137.395
111.109
6.160
0.114
113.217
99.973
86.330
7.842
0.157
104.720
140.698
104.694
7.259
0.123
105.748
115.789
110.525
6.355
0.129
108.458
102.525
87.339
6.840
0.134
111.809
138.540
87.003
9.992
0.134
104.421
125.105
105.018
5.223
0.115
104.154
122.796
108.359
5.205
0.133
109.357
125.406
106.934
6.431
0.132
107.107
130.815
104.355
6.367
0.123
107.827
126.955
105.326
6.586
0.133
111.173
128.602
89.547
6.332
0.137
104.043
110.185
104.236
7.380
0.154
110.768
123.372
83.317
7.462
0.133
109.667
128.909
87.245
7.926
0.132
110.196
107.606
83.179
11.083
0.130
104.195
142.277
105.224
6.765
0.110
105.199
121.433
113.916
5.889
0.135
105.115
105.376
107.895
6.611
0.124
108.968
126.565
103.923
5.533
0.125
103.595
130.723
106.452
6.057
0.150
104.707
121.744
104.925
4.304
0.128
104.554
126.166
108.551
6.716
0.152
108.188
122.212
110.278
7.528
0.119
105.015
107.387
110.405
8.601
0.134
107.416
134.400
104.101
8.380
0.137
115.386
121.514
82.254
7.880
0.150
109.712
129.482
84.970
8.420
0.160
113.176
124.741
88.062
5.877
0.145
108.559
113.811
84.339
10.626
0.135
104.793
140.655
104.659
7.647
0.143
102.930
122.645
105.720
5.271
0.141
109.307
124.813
84.623
8.607
0.126
103.771
128.456
105.292
7.223
0.115
107.502
117.145
108.405
7.328
0.118
102.719
109.643
106.802
6.551
0.154
106.622
127.187
103.978
6.227
0.137
108.309
126.991
112.503
7.322
0.126
103.448
106.289
108.062
5.751
0.155
104.501
131.410
109.704
6.715
0.122
111.736
98.326
90.343
8.224
0.148
105.294
116.513
109.502
7.872
0.128
110.147
117.053
88.052
9.526
0.133
107.782
107.440
106.549
6.929
0.160
110.862
123.638
87.407
7.998
0.140
107.517
132.020
106.923
7.225
0.129
106.244
124.742
104.615
6.350
0.122
110.695
124.492
93.071
7.705
0.137
106.254
107.604
110.062
6.545
0.131
105.799
100.626
104.832
6.718
0.145
105.353
126.557
105.570
7.829
0.129
109.352
121.438
85.131
8.970
0.153
107.668
126.969
111.050
7.020
0.145
105.647
102.193
106.120
8.514
0.158
106.770
133.132
104.201
7.534
0.112
103.658
119.635
109.587
6.775
0.121
104.223
105.677
104.267
6.709
0.145
108.918
134.416
91.194
8.545
0.127
106.410
106.018
109.399
8.668
0.133
108.036
131.230
107.741
6.662
0.116
109.110
128.551
110.052
7.403
0.129
105.142
103.495
113.375
5.972
0.150
103.772
107.968
108.516
7.464
0.128
104.307
108.641
108.915
6.995
0.144
109.348
134.040
87.942
9.032
0.151
106.328
104.546
113.649
6.371
0.135
108.256
109.145
86.597
7.158
0.125
106.411
132.756
104.761
7.180
0.124
103.698
118.176
106.513
9.541
0.153
109.921
124.005
82.555
10.029
0.151
105.760
133.555
104.768
7.582
0.129
102.580
122.752
106.925
6.729
0.140
106.402
127.427
111.538
6.866
0.130
109.044
125.517
110.952
7.503
0.134
106.477
127.511
108.213
8.150
0.164
107.602
125.761
108.329
6.629
0.134
109.927
127.857
84.252
11.023
0.133
108.588
132.486
86.201
8.740
0.126
117.009
121.439
84.280
10.845
0.149
108.273
131.060
85.605
4.769
0.155
110.121
106.762
89.484
8.402
0.139
102.817
114.427
112.885
6.683
0.129
105.185
103.186
106.987
9.073
0.125
106.800
129.529
108.467
7.309
0.130
113.511
123.344
86.972
7.702
0.122
109.457
104.144
89.260
8.239
0.131
110.861
112.234
84.989
6.453
0.143
109.507
132.765
86.038
7.824
0.116
105.735
123.068
105.279
6.799
0.126
108.790
127.427
109.357
7.340
0.123
108.982
130.705
110.664
7.196
0.129
111.238
109.832
84.918
9.698
0.139
87.583
131.395
93.183
9.219
0.143
109.969
104.498
86.804
9.433
0.168
104.572
118.456
106.595
6.770
0.145
106.386
124.191
109.958
5.145
0.127
106.656
121.250
111.057
7.222
0.125
108.694
106.549
88.031
7.672
0.143
110.863
120.487
95.022
6.936
0.144
103.274
106.204
110.565
5.661
0.122
109.594
100.278
85.965
7.003
0.132
107.573
139.921
109.817
6.807
0.106
105.052
105.082
110.197
7.144
0.144
85.130
108.897
108.404
8.168
0.145
106.817
126.807
104.366
5.666
0.116
104.307
120.440
106.962
6.452
0.152
110.185
123.380
106.448
8.107
0.131
107.558
130.837
111.361
9.743
0.116
103.748
109.260
109.389
6.915
0.132
108.911
109.157
83.592
8.679
0.129
109.197
130.822
89.575
9.470
0.152
112.899
101.759
86.030
8.694
0.191
107.645
142.169
82.519
7.403
0.129
107.081
123.141
105.284
4.955
0.144
109.456
128.897
88.717
6.657
0.136
111.235
120.582
86.424
6.436
0.131
110.439
136.383
82.984
6.666
0.139
105.063
123.366
109.927
4.893
0.133
104.026
107.175
105.045
5.056
0.144
114.151
131.267
87.015
5.807
0.145
105.436
110.821
109.391
7.612
0.126
104.072
125.847
116.811
6.686
0.120
104.871
105.489
106.208
6.566
0.149
107.033
132.120
105.610
6.736
0.131
107.288
121.293
107.175
5.103
0.149
104.491
126.031
108.308
4.131
0.140
106.350
133.243
113.631
5.725
0.127
105.088
104.435
114.989
6.124
0.145
103.077
108.836
106.859
5.516
0.130
106.623
133.118
114.324
6.241
0.123
108.910
105.057
91.807
8.008
0.152
107.691
115.093
112.302
5.194
0.121
109.641
112.652
90.135
7.301
0.150
87.950
116.801
91.687
7.984
0.130
107.471
109.796
109.312
5.657
0.143
108.000
129.319
114.675
8.322
0.138
104.791
107.201
106.396
5.998
0.135
108.089
135.206
108.782
7.160
0.124
105.886
121.038
110.105
7.623
0.142
112.010
106.257
90.621
7.155
0.125
106.931
117.069
107.010
6.447
0.130
109.562
128.770
106.399
6.295
0.117
105.776
123.164
106.108
4.731
0.130
113.762
123.904
90.494
7.515
0.135
106.945
118.610
108.177
7.812
0.121
105.745
124.290
104.758
7.272
0.130
106.927
124.585
113.115
5.980
0.148
105.259
105.474
108.802
6.656
0.164
108.487
114.923
87.588
7.937
0.139
111.032
131.622
84.582
8.905
0.141
105.932
126.820
106.462
5.258
0.144
114.586
125.548
84.268
8.484
0.141
106.611
135.784
108.387
6.366
0.127
108.525
123.877
88.065
9.865
0.140
111.934
111.922
83.986
10.204
0.126
103.430
137.181
109.581
9.152
0.121
111.372
99.074
92.944
8.154
0.154
107.657
116.811
106.375
6.815
0.135
107.269
121.355
106.929
6.216
0.135
110.323
122.235
89.832
7.817
0.137
109.914
109.489
90.516
10.142
0.133
109.789
119.048
90.727
7.049
0.149
86.758
108.749
86.566
10.033
0.168
106.070
131.465
107.010
9.499
0.131
107.752
121.373
103.416
9.689
0.121
107.090
131.414
87.162
5.119
0.154
107.603
104.984
87.734
8.908
0.143
105.076
141.656
106.668
8.229
0.118
111.561
122.212
89.467
9.015
0.145
104.264
112.769
108.630
6.712
0.131
108.608
126.909
108.529
7.435
0.151
110.705
103.089
92.912
5.844
0.148
104.406
119.720
104.258
3.887
0.147
104.540
119.971
109.318
6.427
0.117
107.524
122.684
103.110
5.487
0.119
107.323
122.015
108.235
4.986
0.135
111.474
125.824
110.370
7.297
0.122
110.602
109.363
90.320
7.732
0.168
88.878
116.578
84.939
5.496
0.168
105.356
126.419
102.383
7.227
0.152
105.203
118.922
106.128
7.020
0.140
111.171
125.132
85.593
6.777
0.141
104.165
134.350
108.996
6.805
0.127
108.314
119.963
88.561
6.805
0.131
107.058
116.457
111.549
5.899
0.139
105.193
108.288
109.897
9.686
0.164
110.306
113.089
85.225
6.535
0.134
112.697
138.094
88.393
5.525
0.789
105.952
122.691
105.788
7.695
0.134
103.619
126.526
107.805
7.266
0.165
108.860
137.254
93.924
5.655
0.145
110.500
110.106
91.550
6.683
0.168
106.995
121.981
107.821
8.053
0.122
111.183
125.461
84.400
8.487
0.134
113.044
135.859
104.192
8.828
0.125
105.868
126.685
108.069
8.169
0.149
105.556
132.452
107.103
7.671
0.129
107.866
128.641
110.347
5.455
0.128
102.175
108.973
106.455
7.161
0.124
110.629
129.872
85.434
7.397
0.144
109.798
112.011
91.341
8.801
0.197
110.479
112.225
87.193
6.828
0.776
104.947
137.423
103.641
6.154
0.120
110.293
120.820
113.841
7.510
0.121
113.177
107.990
85.872
5.477
0.145
110.013
138.846
92.664
6.220
0.131
107.742
100.043
114.061
6.252
0.131
104.436
108.635
91.025
7.290
0.171
111.021
112.157
88.923
7.708
0.163
102.901
116.535
103.924
8.204
0.141
104.330
131.943
113.067
9.413
0.134
113.595
102.534
93.761
7.774
102.880
0.145
85.323
140.148
86.111
6.221
104.763
0.144
84.243
104.283
82.011
7.605
0.161
102.080
132.443
114.388
108.041
6.338
0.139
102.723
103.876
104.501
6.939
0.129
105.629
137.310
105.787
8.164
0.162
107.522
120.711
106.998
5.885
0.140
103.487
130.335
107.953
6.654
0.148
109.063
127.035
89.464
6.329
0.145
105.356
109.992
110.208
4.717
0.142
112.502
122.101
85.565
7.680
0.164
105.540
114.174
105.529
7.945
0.132
146.604
126.974
93.634
5.803
0.141
111.055
111.710
90.468
5.556
0.150
111.076
115.758
82.939
6.580
0.151
103.125
136.398
113.180
5.671
0.142
109.128
100.845
115.394
7.545
0.133
108.399
116.333
89.138
9.983
0.164
88.265
114.997
92.704
6.487
143.497
0.158
84.854
129.027
84.125
8.850
0.181
105.138
133.813
115.160
5.411
0.146
106.092
101.954
107.842
8.131
0.139
146.575
132.991
107.168
4.315
0.126
107.880
125.302
84.915
9.305
0.142
106.613
134.200
108.064
5.220
0.144
109.100
121.619
88.703
7.183
0.141
104.004
116.970
106.184
6.624
0.122
112.424
123.021
84.450
6.606
0.152
146.815
140.188
106.365
6.308
0.143
113.247
119.166
90.143
4.867
147.977
0.173
86.483
133.392
85.885
6.873
0.161
127.010
129.378
85.951
9.154
0.132
107.291
110.162
92.956
6.051
0.174
106.579
119.789
114.416
7.180
0.129
106.375
98.870
112.388
5.485
0.151
106.647
109.046
94.491
3.970
0.180
109.292
124.020
110.980
5.374
85.076
0.137
83.811
128.226
110.920
6.875
0.153
84.456
115.144
86.183
6.161
90.258
0.150
84.391
105.595
80.861
5.671
109.746
0.176
99.682
96.877
112.708
104.707
6.768
0.170
86.448
121.338
92.484
103.773
3.408
0.169
84.886
134.721
89.398
5.100
0.141
105.808
103.993
113.405
6.169
0.152
142.043
115.952
104.737
6.225
0.154
88.216
128.783
88.716
5.726
0.215
112.837
108.838
89.354
7.740
0.155
108.283
121.757
85.565
6.838
82.165
0.141
87.629
133.888
86.427
5.833
0.177
83.282
116.254
91.241
82.030
8.322
0.160
84.289
131.145
97.639
102.748
7.903
0.154
106.523
129.365
85.713
8.715
104.872
0.133
88.346
127.555
81.748
7.045
0.148
106.331
129.526
87.733
6.356
0.141
104.661
106.740
110.358
6.084
0.135
113.825
124.818
83.562
4.804
0.139
105.142
136.578
107.879
4.865
0.126
106.707
127.848
109.503
6.877
0.162
105.071
106.956
92.479
6.609
110.948
0.176
91.347
106.855
97.210
5.801
105.283
0.165
84.109
121.025
89.571
100.905
6.673
0.212
88.935
121.543
99.452
104.854
6.970
0.171
86.066
103.801
84.449
108.782
6.523
0.196
82.257
103.934
92.116
106.679
8.667
84.603
0.211
105.908
103.063
94.182
106.560
7.217
0.206
84.684
103.043
97.455
103.623
4.180
0.220
83.290
127.829
89.072
107.483
7.380
140.490
0.173
104.807
109.998
89.424
5.198
0.181
107.561
113.851
90.356
4.379
106.650
0.142
86.057
104.304
81.760
9.345
103.859
0.156
100.842
123.444
112.665
101.485
5.826
0.167
86.318
124.183
81.636
3.655
104.698
0.168
108.834
124.220
105.833
7.817
103.470
0.131
89.061
123.925
84.600
6.386
0.174
102.369
123.024
107.962
6.171
0.151
94.092
112.741
84.316
5.044
0.194
88.140
136.178
81.606
4.271
0.145
109.832
130.845
87.859
4.743
143.638
0.151
87.364
125.767
89.772
5.926
111.083
0.153
90.800
111.396
84.088
7.652
100.871
0.171
108.836
121.499
92.629
106.895
7.640
0.188
81.777
107.551
99.598
106.919
6.636
88.272
0.181
103.054
97.295
89.272
101.159
9.147
124.826
0.164
98.970
95.199
126.980
103.342
8.541
0.181
121.772
121.680
90.210
106.921
9.391
0.159
86.549
134.430
84.630
8.028
110.540
0.151
104.901
100.419
106.850
8.143
0.145
107.976
108.939
88.447
3.903
105.503
0.162
92.682
132.385
87.637
6.869
106.210
0.177
87.073
107.119
84.579
8.635
101.652
0.208
90.559
128.838
95.444
106.374
6.688
0.237
87.053
108.210
96.568
105.294
5.386
0.160
113.955
124.140
92.334
106.679
7.930
0.156
104.817
138.011
103.856
6.637
0.127
107.313
121.316
106.833
6.229
107.876
0.138
110.008
120.695
90.155
8.174
0.157
104.939
116.109
109.887
7.121
0.145
112.230
114.989
90.399
5.896
0.144
93.693
123.162
84.039
49.096
0.157
117.869
124.822
86.188
7.575
106.787
0.134
89.780
117.851
84.452
8.540
87.785
0.183
84.698
106.302
89.333
103.013
7.826
0.185
104.529
124.071
99.465
112.099
7.852
0.171
106.788
114.337
92.709
8.227
104.976
0.163
90.106
121.620
81.728
7.889
0.162
108.419
129.983
82.708
8.954
0.125
109.853
136.763
83.983
7.226
111.530
0.134
107.549
104.087
103.563
9.136
145.913
0.139
105.390
111.256
84.973
6.310
0.166
113.735
116.686
88.527
6.907
0.132
110.464
117.386
93.094
7.306
110.876
0.137
89.854
110.368
80.195
6.844
0.156
103.373
132.414
113.372
107.269
9.126
107.772
0.133
107.376
129.341
84.724
7.288
104.998
0.146
89.397
125.367
85.549
8.849
115.230
0.181
80.655
110.517
103.933
6.705
105.011
0.162
105.067
114.017
104.571
6.255
109.723
0.161
110.271
107.667
88.998
7.771
108.069
0.141
84.215
106.644
90.391
101.996
7.990
0.177
83.815
122.964
94.634
108.927
6.015
111.098
0.152
86.934
117.312
83.478
5.618
0.167
89.946
111.866
85.993
105.674
10.211
112.119
0.199
86.391
105.383
101.436
99.485
4.760
0.170
80.542
123.799
105.122
106.001
3.159
0.156
128.091
114.486
85.325
6.906
0.160
103.734
109.576
103.539
7.797
0.118
113.872
133.982
86.509
8.485
0.149
96.504
111.694
87.498
7.845
103.459
0.166
86.983
127.795
80.893
6.417
106.513
0.150
104.811
119.460
100.196
6.585
0.159
88.632
133.627
84.277
8.574
0.170
107.199
127.116
89.877
8.628
0.155
102.816
109.913
109.511
6.952
0.143
112.944
107.342
89.465
5.544
0.164
104.151
114.468
105.540
5.227
0.159
143.849
124.448
108.453
8.726
0.139
102.981
132.302
103.982
6.622
0.143
91.237
128.353
88.624
9.300
102.218
0.133
90.269
124.478
83.777
7.550
0.191
107.699
108.795
98.191
7.849
0.155
110.495
114.713
91.134
7.139
0.148
109.563
115.662
90.632
6.075
0.688
117.398
118.577
83.469
7.243
0.145
115.642
133.147
86.664
8.753
0.132
109.993
111.459
88.478
8.911
95.203
0.148
89.997
108.878
83.330
7.779
102.658
0.157
87.241
121.930
91.237
107.455
4.576
86.178
0.203
85.252
96.948
95.123
103.594
6.683
102.661
0.168
82.787
115.231
91.067
105.886
6.412
0.199
114.905
100.820
91.661
111.020
4.436
0.175
109.702
120.434
88.887
89.580
102.999
5.721
0.176
86.675
128.572
90.170
82.827
5.509
106.710
0.156
109.180
97.256
106.260
104.818
4.822
88.471
0.166
100.129
98.225
109.363
107.435
4.960
0.176
149.869
103.142
88.407
106.154
4.352
0.176
103.899
112.213
109.337
114.386
111.804
5.209
0.177
86.080
103.084
88.361
5.998
0.169
100.182
113.957
118.879
101.959
5.514
0.150
84.601
122.948
91.417
7.272
106.118
0.150
93.925
128.794
87.232
6.877
101.148
0.154
86.729
126.511
84.500
7.439
103.419
0.156
87.958
127.769
84.598
9.809
108.314
0.155
92.160
110.863
89.600
8.151
141.241
0.153
87.913
126.648
94.757
105.495
8.924
0.178
85.049
109.278
98.296
104.473
9.801
92.116
0.148
107.396
96.768
91.620
102.966
5.879
0.189
88.478
121.800
106.583
102.041
6.125
0.196
81.624
134.373
109.709
4.951
0.135
107.870
105.378
91.067
8.506
147.080
0.162
88.088
119.187
84.418
6.768
89.285
0.192
82.083
110.983
87.368
85.589
8.297
88.689
0.212
82.470
92.616
118.323
99.899
6.546
87.717
0.187
113.151
96.920
98.562
105.103
5.405
82.699
0.158
125.161
93.936
93.452
103.306
7.221
105.998
0.195
81.194
102.622
94.324
105.911
6.446
0.217
112.928
101.273
95.438
108.977
6.255
0.160
146.209
120.211
90.472
4.801
104.332
0.146
82.645
131.609
114.003
6.648
102.724
0.182
89.906
122.345
88.941
5.804
0.158
103.808
120.245
90.333
86.746
8.454
84.544
0.193
91.525
102.709
95.985
98.517
5.356
91.055
0.182
106.451
94.377
95.686
109.254
7.053
107.611
0.175
79.952
103.379
105.897
105.051
9.996
127.857
0.188
82.147
102.239
93.008
110.698
6.500
101.103
0.188
86.784
119.206
93.772
105.452
4.968
0.167
110.164
110.241
97.674
104.734
6.030
105.261
0.188
107.113
129.565
89.934
108.371
6.350
0.168
81.607
112.946
97.827
84.263
8.107
85.471
0.161
86.556
109.972
92.005
84.542
5.602
0.174
89.477
100.940
105.015
104.176
5.753
88.820
0.195
88.242
105.676
87.231
104.977
6.048
84.013
0.204
83.424
98.038
93.590
107.138
8.102
108.525
0.184
81.943
102.371
102.418
102.044
3.156
83.677
0.172
84.373
104.735
92.886
84.159
5.902
0.204
85.951
111.836
105.090
93.762
7.948
120.572
0.214
86.771
132.420
88.526
102.263
144.688
5.643
0.180
98.267
117.700
112.882
105.080
7.474
111.559
0.156
103.278
108.886
83.059
5.062
0.178
129.914
140.285
81.371
4.336
106.446
0.156
115.535
156.130
90.594
5.269
0.136
103.999
114.945
103.662
6.671
0.121
92.846
166.401
85.574
6.951
0.152
106.021
111.720
87.185
5.930
0.146
104.563
149.588
113.879
5.695
0.125
89.164
106.407
85.091
6.363
0.170
86.452
126.988
92.516
5.034
106.303
0.148
89.805
127.020
90.679
4.947
0.160
106.727
120.756
94.567
7.458
0.153
84.690
124.287
104.743
7.072
90.806
0.159
102.964
103.737
105.265
7.420
0.152
106.882
115.928
89.098
7.945
143.072
0.165
86.419
136.165
83.253
6.094
107.039
0.184
104.092
105.875
112.077
6.246
104.558
0.168
92.117
129.901
83.555
101.422
5.366
0.172
86.186
128.810
92.315
7.709
100.303
0.170
87.000
130.847
81.736
6.300
0.171
105.094
174.481
92.581
5.462
104.904
0.140
90.738
129.612
87.648
6.507
108.811
0.148
84.915
109.692
81.199
5.332
103.886
0.193
109.784
110.322
93.894
111.217
3.618
81.801
0.194
90.015
96.059
103.864
99.988
7.406
82.926
0.191
106.777
95.321
96.746
110.261
3.234
83.185
0.197
86.599
104.463
94.576
93.156
8.611
0.191
107.609
100.481
102.939
110.000
4.635
0.159
87.539
123.779
86.148
6.454
105.236
0.149
86.437
111.333
92.406
4.474
102.680
0.167
83.086
125.813
97.410
108.475
4.613
121.041
0.164
85.013
96.881
93.694
107.950
4.195
0.194
102.809
100.270
117.885
101.659
3.866
106.649
0.175
108.589
103.311
85.863
5.797
106.073
0.179
92.405
115.133
85.669
9.878
103.924
0.181
86.603
134.325
92.639
105.270
7.154
0.215
85.967
106.544
102.565
109.249
7.094
0.188
90.910
102.710
98.866
107.804
7.686
86.632
0.812
88.009
103.689
94.486
108.588
6.401
88.322
0.158
81.732
107.519
94.497
84.180
5.916
91.589
0.195
89.148
103.957
111.011
102.482
5.841
85.201
0.184
120.936
105.497
98.193
81.937
7.289
0.177
85.855
126.088
103.347
101.123
6.835
87.491
0.113
106.534
118.317
82.355
5.044
93.162
0.169
127.973
106.986
84.183
101.543
6.940
0.193
83.072
122.975
100.064
110.499
46.663
101.641
0.182
93.156
132.171
84.634
4.858
0.170
136.850
115.770
111.232
6.990
87.011
0.149
90.745
110.679
85.387
7.375
104.203
0.209
83.772
125.755
101.259
104.591
5.624
122.597
0.155
89.091
97.379
94.659
102.659
8.976
117.751
0.174
88.015
117.413
97.301
103.562
8.216
85.160
0.179
91.441
94.908
87.613
105.051
9.069
99.010
0.191
85.251
116.706
95.764
100.273
6.513
0.188
104.469
161.903
97.878
104.185
7.274
0.175
88.659
144.749
87.255
9.898
0.142
88.096
105.556
94.988
6.318
110.869
0.160
86.151
121.801
88.545
7.515
87.702
0.150
89.314
109.895
88.999
99.365
83.632
7.880
0.678
102.498
136.367
95.885
103.117
9.567
81.634
0.176
86.867
101.385
101.979
105.802
4.651
0.199
92.919
99.969
100.954
108.660
6.605
0.182
94.936
149.839
89.916
116.359
4.721
0.184
110.348
111.288
97.400
106.438
5.493
0.181
150.135
138.090
95.084
102.730
6.051
0.169
91.611
135.072
92.303
8.104
113.492
0.172
83.488
108.644
90.394
8.271
89.019
0.167
86.392
109.077
115.577
109.639
6.953
85.241
0.197
80.419
101.251
103.010
105.752
3.553
93.250
0.201
128.057
133.436
96.902
108.844
6.638
80.605
0.192
85.817
108.278
89.669
83.206
101.842
7.507
0.205
77.214
99.701
103.337
102.758
3.029
88.311
0.183
107.662
95.809
92.788
120.979
79.493
3.204
0.224
83.765
98.872
141.669
99.436
131.500
4.076
0.171
98.113
99.778
115.090
111.014
8.327
101.782
0.172
90.951
102.416
91.071
108.041
5.296
0.169
85.788
105.130
106.277
107.236
5.202
0.197
95.831
107.049
98.347
116.539
6.326
82.057
0.197
90.014
109.264
96.297
102.483
6.362
0.197
80.433
103.396
101.789
104.514
5.306
92.859
0.173
91.097
112.659
90.307
89.410
85.268
7.777
0.185
84.430
97.356
99.856
111.739
7.014
101.551
0.218
83.060
104.808
95.470
79.784
7.014
85.337
0.199
100.454
97.583
102.137
105.397
5.518
0.183
77.047
107.055
119.611
100.149
7.511
86.311
0.146
115.606
102.319
86.308
8.870
0.195
147.866
118.119
93.375
108.687
5.109
81.394
0.169
88.671
131.576
82.565
102.888
6.427
145.954
0.189
79.887
94.865
103.558
102.983
6.841
84.195
0.177
105.404
92.202
98.665
109.927
7.095
85.588
0.186
84.644
105.392
92.829
87.756
5.940
89.024
0.199
77.602
144.136
96.851
89.055
5.666
82.105
0.218
91.679
97.645
101.888
102.418
3.361
83.290
0.198
89.389
135.715
90.333
105.408
6.448
0.201
101.165
101.063
103.145
103.258
8.032
0.170
92.030
141.403
95.696
6.459
0.155
140.751
111.571
104.849
4.594
0.157
109.199
135.817
87.760
4.591
126.014
0.137
85.319
127.395
89.000
103.308
5.442
0.175
83.606
105.577
82.909
108.331
3.337
0.186
106.874
110.766
102.679
88.427
6.825
84.469
0.178
86.413
110.482
94.827
103.638
4.480
0.169
79.344
105.401
115.952
114.589
8.880
144.063
0.179
83.610
125.451
90.228
4.974
106.939
0.168
86.011
109.659
82.267
3.764
0.171
112.446
139.234
131.854
90.864
7.793
88.608
0.156
86.090
105.232
103.197
104.295
4.781
83.933
0.179
88.545
133.560
96.738
101.851
6.933
84.513
0.213
86.841
94.202
95.477
108.377
8.722
87.946
0.164
90.801
97.504
97.384
85.305
130.194
3.022
0.205
80.810
99.325
98.377
86.210
5.301
82.537
0.189
83.380
103.854
101.246
85.712
6.083
83.652
0.193
93.905
90.571
99.505
103.029
128.021
6.930
0.167
81.275
99.935
99.796
106.029
4.324
86.577
0.184
87.919
98.037
104.144
101.145
5.976
86.006
0.172
130.541
96.739
100.409
107.232
5.469
84.036
0.196
80.173
97.425
100.925
102.009
5.695
0.167
86.085
124.194
101.264
108.456
4.715
86.288
0.168
88.641
116.187
125.872
8.768
109.395
0.171
80.113
143.364
110.176
106.450
5.692
108.072
0.190
78.918
108.742
103.982
84.774
5.387
83.412
0.240
118.159
145.614
98.225
86.427
7.041
0.192
109.852
104.549
115.597
104.780
81.038
7.765
0.163
110.685
122.665
96.341
108.936
5.783
0.173
81.387
113.239
91.766
82.300
5.865
0.194
118.462
153.483
109.804
88.219
5.060
87.435
0.219
78.768
99.637
98.827
103.418
2.631
0.201
81.743
106.364
99.256
146.471
92.779
3.502
0.178
133.167
102.497
99.358
103.519
4.538
79.841
0.200
86.389
97.068
100.747
106.433
6.026
83.938
0.159
88.000
97.907
93.812
139.860
3.604
93.778
0.204
92.614
135.809
97.805
101.573
81.079
6.415
0.219
78.924
101.497
108.491
101.722
8.653
85.467
0.188
111.536
102.345
142.078
139.348
92.562
3.920
0.184
126.539
140.728
112.423
107.577
3.086
0.189
77.223
109.864
112.572
89.617
120.279
7.388
0.188
84.204
101.333
84.549
109.803
110.515
8.191
0.211
80.722
103.863
92.084
104.526
3.932
0.191
104.089
112.585
103.391
94.754
88.511
6.862
0.168
82.634
108.902
102.285
125.601
80.719
6.520
0.181
79.262
149.912
99.742
91.430
6.653
0.167
125.993
104.784
100.119
110.673
5.839
0.178
99.506
107.972
112.497
152.084
86.008
6.068
0.193
89.836
116.487
85.450
6.848
80.779
0.165
96.891
123.801
99.140
107.539
2.929
89.639
0.216
91.988
102.370
98.754
143.128
80.832
6.304
0.182
103.907
97.327
88.848
108.139
5.861
0.194
141.758
109.025
115.202
111.536
5.002
79.948
0.142
90.708
124.424
88.058
7.179
103.574
0.171
88.120
174.695
88.121
103.272
7.413
93.143
0.183
98.275
118.538
101.812
90.899
88.097
10.851
84.053
0.195
98.428
107.054
96.206
93.720
5.421
128.499
0.225
82.161
88.898
109.792
108.797
4.988
83.562
0.159
80.306
134.895
102.684
86.881
7.156
88.880
0.184
80.124
106.402
102.102
92.544
4.666
94.469
0.196
78.823
100.299
119.267
95.787
84.047
5.639
0.192
84.023
97.909
94.107
113.142
4.255
102.067
0.189
88.439
104.039
101.495
92.656
4.783
81.622
0.187
89.652
95.407
99.277
99.381
84.493
9.761
0.191
107.788
104.067
102.519
110.043
7.127
87.942
0.206
92.926
108.391
98.820
128.338
85.252
7.557
0.193
85.302
100.864
93.059
84.900
6.745
145.943
0.200
81.781
97.048
108.188
106.467
5.657
85.433
0.187
80.724
103.906
99.889
91.002
7.411
92.150
0.176
89.566
99.096
104.977
103.425
82.227
8.038
0.164
87.622
92.738
95.026
111.180
93.020
7.370
0.188
78.522
101.851
96.528
107.618
103.456
4.534
0.193
88.694
118.212
103.613
102.342
3.086
0.183
127.815
106.400
111.594
107.256
125.364
4.460
0.173
89.815
115.428
94.911
124.657
81.154
7.040
0.212
89.008
106.832
112.882
90.889
85.463
3.371
0.207
84.833
95.941
108.629
103.037
134.519
7.765
0.162
89.091
106.316
84.944
91.951
106.994
6.050
0.207
86.576
103.884
106.944
127.393
84.360
5.304
0.195
89.512
108.350
140.201
87.114
93.286
128.095
8.472
0.205
88.829
90.693
100.372
107.742
150.637
3.628
0.217
88.235
103.255
103.324
101.177
4.835
102.323
0.172
98.586
100.700
100.296
100.901
91.726
5.993
0.185
101.736
99.899
119.901
146.902
5.263
90.197
0.170
86.469
145.843
141.083
107.577
2.815
87.992
0.193
80.240
98.758
153.679
101.597
84.965
6.874
86.800
0.196
83.368
138.390
101.285
87.812
83.283
7.672
0.216
78.331
92.765
104.139
110.004
79.507
7.994
0.184
93.277
116.236
106.260
105.614
88.727
48.405
81.582
0.143
73.044
99.978
125.167
125.935
5.034
0.222
82.818
95.370
96.074
114.283
2.578
115.366
0.159
86.450
117.856
101.798
88.079
87.645
5.253
0.215
82.185
105.518
108.813
87.318
125.188
6.591
88.993
0.193
84.964
90.138
93.107
100.777
102.088
4.035
0.199
86.216
101.793
111.427
85.126
8.295
0.191
86.502
144.755
106.828
112.366
3.647
74.389
0.179
90.291
129.806
90.643
87.037
82.068
7.406
0.205
90.128
98.539
97.254
146.918
5.672
0.173
108.345
101.881
139.785
107.515
89.684
4.739
0.158
86.768
102.516
92.055
107.609
6.437
94.554
0.170
87.118
97.835
92.862
109.679
6.245
114.258
0.191
89.864
102.017
107.862
147.941
85.980
5.747
128.281
0.202
78.810
136.783
102.933
75.576
88.319
7.418
0.229
98.883
102.088
107.287
82.556
145.362
5.638
0.199
90.532
108.931
96.952
88.052
81.468
6.328
0.215
84.394
109.943
140.699
85.211
5.548
107.469
0.195
124.747
102.583
95.776
102.534
6.873
79.568
0.208
114.515
124.653
101.042
109.552
89.491
3.379
0.188
96.987
106.336
107.174
87.018
84.436
5.419
0.211
89.063
41.900
540.467
231.224
43.611
3.306
177.275
0.084
159.603
57.147
54.075
70.578
75.642
72.234
3.169
0.238
55.916
100.234
100.991
109.682
126.635
84.412
76.892
9.373
0.232
73.155
84.259
99.984
97.584
7.130
0.135
102.240
147.307
109.532
6.720
0.108
112.922
127.261
87.531
9.124
0.157
108.623
122.040
88.741
5.892
0.137
106.794
119.322
108.527
7.638
0.121
107.310
122.572
108.269
6.461
0.143
107.817
126.500
108.748
7.454
0.143
110.259
135.318
114.380
8.150
0.141
112.094
112.628
86.201
8.382
95.140
0.157
105.236
131.245
106.966
7.799
0.155
86.827
103.931
94.106
9.873
114.898
0.166
85.089
116.334
83.581
7.042
107.981
0.163
104.340
105.701
114.655
107.760
5.763
86.113
0.173
86.944
103.642
96.448
113.420
7.729
89.232
0.213
132.225
101.039
106.024
100.698
7.447
0.190
94.772
126.835
102.637
68.083
2.012
0.156
41.398
18.623
4.004
0.064
363.398
397.802
113.490
1.381
0.071
208.536
37.026
18.935
1.279
0.060
201.723
223.897
55.612
16.980
188.282
0.757
191.468
226.035
78.545
40.442
30.926
38.280
5.570
0.155
46.970
76.213
81.222
71.156
3.167
0.180
78.226
