5
5
6
6
165
301
450
608
769
922
1059
1183
100
248
405
560
740
922
1097
1273
1319
1343
1378
1600
207
695
900
1345
1561
1601
1641
1684
1740
1796
1855
1918
1996
2060
2129
2236
1884
1870
1875
1855
1835
1782
1751
1831
1906
1969
2054
2926
3344
2131
1824
1575
1628
1701
1771
1845
1922
1988
2076
3224
2164
2388
2260
1948
1705
1773
1845
3119
3607
1908
1671
1624
1730
2908
1832
1834
1901
1675
1723
1865
1947
2083
2831
2047
1769
1727
1857
1948
1950
2610
2022
1735
1728
1868
3426
1985
2301
2094
208
228
362
395
1520
1583
1642
2089
2228
1453
1479
1556
2358
2645
1636
1505
1545
1629
2259
2461
1711
1489
1565
2399
2741
1645
1496
1571
2477
2817
1649
1504
1590
2525
2803
1679
1517
1600
2558
3044
1708
1555
1655
3047
1725
1823
1835
1569
1672
3082
3556
1741
1519
1613
1701
3085
3477
1776
1554
1620
1734
3234
1822
1862
1912
1651
1726
1792
2962
3718
1897
1615
1638
1711
2835
3143
1783
1520
1606
1676
3338
1776
1821
1853
1624
1654
2352
2440
322
351
421
453
1392
2020
2368
1808
1808
1840
1870
1906
1938
1980
2032
2073
2138
2807
3172
2156
1899
1741
1769
1862
3095
1918
2038
1997
1761
1811
1880
3448
1957
2863
2053
1774
1811
1883
3031
3439
1993
1730
1743
1849
3290
1910
2260
2011
1753
1801
1896
2906
3278
1994
1740
1757
1826
2762
3146
1909
1679
1783
2643
2979
1853
1665
1757
3119
1841
1898
1948
1734
1823
3505
1897
2117
1998
1681
1798
2998
3358
1876
1668
1757
2765
3365
1873
1699
1790
2906
3402
1876
1678
1759
3235
1869
2281
1907
1715
1801
2991
1865
1897
1963
1738
1839
3295
1911
2132
2005
1758
1821
1911
3733
1996
2514
2095
1830
1840
1895
3613
2005
2321
2055
1791
1802
1857
3035
1959
2171
2040
1758
1836
1913
3432
1995
2050
2089
1826
1837
1931
2995
2000
2014
2078
1818
1780
1853
2727
3013
1930
1698
1750
1840
3542
1946
2300
2034
1774
1863
1941
2805
3296
2011
1778
1791
1882
2707
3380
1968
1716
1795
1868
3294
1974
2330
2047
1814
1882
1972
2061
2801
2150
2306
2237
1948
1899
1991
2076
2518
2947
2147
1882
1833
1882
2013
2645
2059
2204
2152
1857
1912
2000
3510
2084
2501
2156
1887
1874
1979
2073
2493
2887
2156
322
1373
1486
1337
1487
1484
2045
2086
2149
2211
2262
2456
2682
1985
1853
1871
1858
1924
1994
2879
3187
2079
1800
1759
1850
2776
3180
1926
1660
1756
1826
3251
1921
1987
2015
1763
1860
1944
3355
2030
2136
2119
1841
1855
1888
1984
2650
3525
2062
1764
1822
1916
3458
1996
2494
2085
1825
1842
1929
3313
3674
2022
1771
1784
1881
3605
1947
2197
2047
1774
1844
1977
3581
2076
2390
322
1374
1619
1435
1581
1594
322
709
881
1052
1319
1119
1730
1798
2298
2158
2158
2148
2178
2215
2255
2301
2359
2408
2359
2453
2200
1948
1939
1934
1909
1907
1949
2020
2266
2300
2087
1779
1688
1755
1871
1902
1830
1620
1699
1722
1725
1771
1619
1695
1728
1738
1766
1617
1693
1765
1779
1766
1616
1698
1776
1800
1766
1615
1691
1791
1810
1768
1610
1692
1815
1848
1761
1617
1693
1814
1838
1764
1615
1691
1795
1831
1765
1618
1697
1828
1857
1767
1619
1696
1828
1868
1770
1618
1693
1842
1880
1769
1619
1696
1856
1894
1771
1624
1693
1827
1893
1767
1622
1695
1877
1932
1771
1620
1695
1948
2029
1772
1618
1693
1887
1927
1777
1619
1696
1975
2014
1771
1625
1694
1915
1990
1769
1620
1694
1849
1944
1766
1624
1697
1875
1944
1770
1628
1705
1898
1966
1780
1626
1702
1927
1986
1775
1631
1707
1995
2131
1776
1625
1701
2018
2094
1776
1628
1703
2115
2231
1775
1622
1696
1990
2058
1782
1624
1726
1953
2035
1797
1625
1695
1931
1997
1775
1634
1713
1943
2000
1778
1648
1723
1984
2044
1795
1623
1704
1942
2022
1783
1631
1705
1975
2056
1777
1627
1703
1939
1998
1784
1627
1707
1999
2072
1776
1630
1703
1983
2063
1778
1626
1703
2141
2267
1778
1631
1705
1996
2065
1779
1629
1706
2056
2189
1787
1633
1708
2038
2108
1787
1642
1706
2017
2096
1777
1626
1707
1987
2070
1778
1630
1701
1972
2109
1776
1630
1703
2052
2155
1783
1630
1710
2047
2139
1779
1630
1708
2144
2232
1779
1631
1706
2011
2080
1777
1631
1711
2059
2174
1779
1633
1708
2048
2119
1780
1630
1706
2024
2113
1774
1633
1707
2015
2110
1781
1631
1708
2038
2124
1785
1641
1708
2071
2189
1785
1631
1711
2079
2212
1778
1629
1712
2107
2228
1786
1631
1706
2204
2381
1781
1633
1707
2040
2163
1779
1629
1709
2062
2204
1775
1636
1713
2253
2365
1783
1636
1714
2277
2374
1779
1630
1706
2095
2197
1779
1639
1712
2136
2259
1784
1640
1704
2081
2199
1783
1636
1710
2077
2209
1782
1637
1709
2166
2266
1786
1647
1715
2083
2214
1787
1633
1732
2105
2252
1800
1623
1702
2099
2226
1775
1639
1722
2187
2303
1786
1633
1706
2148
2250
1786
1642
1711
2123
2243
1784
1637
1710
2092
2224
1784
1628
1706
2140
2231
1777
1636
1713
2129
2227
1785
1635
1714
2085
2200
1787
1648
1710
2385
2490
1791
1641
1709
2138
2269
1783
1643
1720
2314
2493
1789
1632
1718
2198
2323
1779
1659
1729
2186
2325
1795
1631
1703
2153
2263
1779
1639
1714
2227
2348
1791
1636
1711
2199
2315
1783
1649
1709
2374
2568
1783
1635
1719
2387
2549
1790
1630
1718
2228
2432
1778
1657
1732
2153
2283
1803
1646
1706
2367
2534
1784
1648
1745
2199
2389
1812
1652
1727
2142
2269
1806
1642
1713
2136
2286
1794
1641
1739
2185
2343
1810
1634
1708
2261
2392
1779
1645
1720
2271
2414
1794
1637
1711
2168
2306
1782
1642
1721
2146
2335
1788
1634
1717
2409
2635
1788
1645
1710
2262
2438
1793
1652
1745
2501
2619
1818
1659
1748
2295
2406
1827
1628
1725
2171
2328
1788
1659
1735
2204
2334
1807
1638
1725
2173
2319
1789
1679
1758
2454
2576
1808
1663
1739
2345
2501
1805
1637
1717
2217
2474
1787
1647
1717
2423
2577
1788
1644
1714
2271
2409
1791
1641
1713
2269
2463
1799
1650
1735
2321
2500
1814
1630
1735
2331
2477
1802
1653
1735
2368
2521
1803
1634
1713
2344
2523
1782
1642
1716
2304
2493
1791
1639
1717
2280
2494
1786
1638
1712
2353
2530
1789
1640
1709
2343
2543
1788
1637
1721
2318
2554
1787
1644
1724
2329
2556
1787
1665
1735
2371
2517
1805
1633
1708
2252
2412
1790
1643
1715
2275
2423
1790
1641
1707
2497
2808
1785
1644
1718
2284
2455
1786
1640
1715
2215
2389
1784
1637
1719
2315
2454
1785
1641
1720
2248
2414
1794
1639
1742
2310
2482
1812
1655
1735
2241
2470
1810
1642
1715
2407
2504
1789
1650
1718
2363
2565
1794
1641
1710
2507
2676
1786
1647
1724
2290
2462
1788
1671
1737
2483
2686
1809
1639
1716
2334
2506
1781
1644
1727
2423
2651
1792
1648
1724
2309
2471
1791
1660
1734
2333
2514
1806
1642
1715
2335
2494
1793
1646
1725
2263
2443
1795
1647
1721
2360
2587
1791
1635
1720
2286
2546
1788
1638
1721
2326
2480
1798
1671
1757
2375
2593
1827
1620
1699
2303
2506
1774
1648
1722
2284
2474
1800
1642
1718
2359
2528
1796
1643
1719
2562
2768
1793
1646
1722
2331
2526
1806
1644
1741
2307
2499
1811
1633
1718
2550
2814
1788
1670
1748
2594
2818
1824
1639
1730
2416
2592
1803
1662
1741
2314
2505
1810
1634
1715
2353
2540
1795
1642
1749
2642
2789
1812
1649
1728
2468
2774
1808
1644
1719
2609
2793
1804
1648
1745
2605
2763
1815
1637
1706
2244
2415
1780
1652
1719
2453
2697
1797
1643
1724
2568
2823
1795
1642
1728
2349
2506
1791
1666
1739
2627
2815
1817
1643
1715
2543
2731
1782
1646
1721
2572
2810
1794
1646
1717
2402
2614
1788
1643
1713
2370
2543
1786
1648
1728
2504
2724
1794
1667
1748
2621
2964
1808
1633
1718
2482
2692
1786
1648
1730
2700
2921
1795
1675
1751
2625
2797
1814
1663
1737
2524
2809
1813
1636
1731
2477
2691
1802
1637
1714
2376
2552
1792
1639
1738
2679
2891
1819
1628
1726
2588
2755
1800
1647
1716
2468
2698
1784
1638
1726
2686
2877
1793
1662
1739
2419
2642
1811
1640
1718
2765
2942
1792
1646
1720
2474
2640
1791
1645
1719
2429
2685
1794
1639
1722
2568
2782
1795
1637
1716
2342
2643
1790
1639
1715
2739
3011
1797
1651
1748
2821
3138
1813
1660
1731
2629
2879
1802
1648
1727
2585
2899
1798
1679
1766
2828
3132
1839
1623
1701
2700
2902
1779
1653
1726
2664
2844
1805
1644
1729
2803
3061
1794
1668
1736
2575
2785
1822
1639
1736
2488
2784
1811
1641
1714
2430
2650
1802
1646
1746
2716
2932
1820
1663
1735
2744
3053
1802
1651
1726
2402
2638
1789
1644
1717
2500
2736
1792
1642
1721
2488
2805
1799
1644
1748
2543
2762
1811
1671
1731
2383
2570
1816
1654
1741
2715
3008
1813
1648
1717
2751
3085
1787
1666
1720
2575
2877
1812
1665
1739
2707
2977
1812
1634
1720
2550
2819
1788
1647
1720
2410
2652
1796
1645
1719
2506
2673
1792
1659
1727
2645
2913
1790
1651
1717
2601
2923
1800
1656
1757
2641
2934
1823
1675
1742
2746
3028
1814
1643
1721
2716
2925
1787
1647
1723
2501
2718
1795
1640
1725
2773
3121
1798
1669
1742
2471
2790
1823
1639
1742
2543
2758
1808
1668
1737
2539
2829
1821
1645
1762
2858
3106
1814
1665
1740
2784
3088
1812
1644
1722
2833
3102
1799
1643
1751
2555
2811
1822
1660
1741
2762
2997
1817
1645
1747
2641
2874
1815
1656
1736
2584
2782
1804
1643
1723
2805
3159
1790
1658
1727
2857
3097
1795
1647
1726
2779
3020
1788
1677
1747
2809
3053
1817
1639
1715
2906
3128
1788
1648
1721
2878
3130
1794
1655
1716
2846
3177
1796
1652
1754
2578
2866
1815
1669
1739
2777
3116
1812
1648
1723
2785
3149
1798
1646
1744
2902
3268
1819
1644
1714
2855
3184
1784
1643
1728
2544
2837
1797
1666
1747
2610
2856
1824
1660
1765
2832
3152
1840
1661
1749
2879
3082
1816
1635
1723
2363
2690
1786
1674
1762
2578
2883
1813
1668
1742
2587
2828
1811
1642
1725
2817
3139
1794
1655
1729
2807
3185
1804
1649
1744
2565
2774
1811
1669
1733
2824
3127
1808
1640
1721
2740
3079
1795
1652
1725
2766
3038
1792
1643
1724
2888
3159
1794
1643
1750
2666
2970
1824
1670
1733
2823
3151
1814
1646
1753
2625
2936
1817
1655
1742
2400
2656
1805
1677
1746
2562
2868
1812
1660
1726
2649
3001
1827
1696
1789
2629
2939
1855
1650
1724
2563
2920
1798
1654
1726
2577
2880
1810
1662
1752
2880
3228
1815
1666
1732
2856
3161
1822
1646
1754
2891
3271
1811
1672
1746
2560
2812
1820
1643
1736
2610
2844
1822
1647
1736
2918
3188
1813
1649
1718
3018
3372
1797
1679
1767
2679
2927
1837
1630
1724
2598
2932
1779
1681
1747
2843
3147
1827
1643
1740
2402
2770
1813
1644
1722
2873
3303
1802
1653
1738
2871
3130
1811
1635
1716
2554
2835
1793
1654
1746
2664
2961
1819
1647
1712
2556
2792
1783
1650
1726
2597
2879
1801
1659
1718
2533
2848
1804
1652
1761
2951
3409
1816
1656
1751
3015
3302
1815
1667
1761
2675
3051
1835
1643
1703
2886
3169
1778
1673
1732
2598
2870
1825
1673
1772
2692
2912
1834
1657
1726
2818
3226
1809
1654
1750
2946
3160
1824
1667
1758
2912
3340
1828
1629
1716
2614
2839
1783
1679
1774
3028
3430
1851
1648
1747
2856
3135
1822
1658
1758
3090
3540
1835
1627
1711
2834
3139
1783
1655
1746
2998
3360
1818
1635
1721
2957
3323
1788
1688
1749
2943
3327
1835
1658
1741
2705
2979
1814
1646
1727
2947
3411
1806
1665
1744
2596
2944
1828
1636
1732
2990
3322
1807
1649
1727
2980
3393
1804
1654
1742
3082
3344
1821
1639
1715
2975
3342
1801
1662
1766
3002
3438
1820
1670
1756
2448
2704
1833
1633
1732
2622
3082
1806
1643
1728
2946
3238
1796
1676
1754
2566
2932
1815
1660
1744
2652
3004
1813
1675
1748
2652
2976
1820
1676
1758
2564
2894
1811
1659
1742
3091
3508
1816
1646
1723
2977
3426
1793
1680
1746
2660
2984
1825
1660
1740
3139
3468
1853
1695
1775
2723
3082
1847
1632
1710
2829
3185
1770
1687
1757
2619
2969
1826
1642
1736
2910
3226
1808
1645
1721
2679
3002
1804
1653
1762
2789
3157
1821
1679
1736
2642
2951
1830
1664
1766
2850
3211
1847
1662
1750
3048
3354
1824
1641
1711
3033
3459
1795
1677
1761
2664
3049
1860
1696
1797
3053
3533
1879
1682
1772
3052
3532
1846
1636
1735
3069
3465
1816
1671
1760
2909
3308
1829
1633
1704
2578
2924
1779
1658
1727
2953
3368
1803
1655
1723
3046
3353
1805
1647
1748
3032
3426
1816
1666
1740
2670
3030
1815
1649
1753
3031
3508
1834
1679
1762
3226
3551
1834
1636
1707
2715
3011
1783
1650
1736
2598
3098
1801
1668
1747
3033
3473
1819
1645
1740
2928
3472
1793
1673
1754
2606
2982
1825
1636
1717
2648
3017
1789
1645
1723
2621
3097
1795
1652
1721
2561
2855
1788
1661
1730
2562
2920
1814
1669
1769
2715
3122
1834
1655
1733
3009
3463
1817
1650
1755
3020
3477
1827
1668
1773
3159
3591
1835
1668
1764
3098
3588
1833
1653
1749
2829
3139
1822
1634
1711
2987
3327
1783
1653
1731
2683
2933
1797
1653
1729
3045
3409
1801
1656
1731
2757
3055
1814
1688
1793
3025
3475
1869
1678
1775
2759
3109
1840
1655
1738
3022
3454
1808
1667
1751
2983
3449
1817
1662
1747
3049
3517
1823
1649
1744
3112
3618
1815
1665
1745
3019
3369
1812
1647
1731
2725
3099
1806
1679
1767
3107
3420
1838
1626
1702
3086
3436
1796
1669
1757
2700
3116
1826
1669
1765
3105
3595
1842
1661
1746
2720
3068
1824
1638
1738
3132
3582
1813
1649
1747
2717
3037
1818
1668
1768
3408
1829
1929
1915
1715
1795
3117
3577
1861
1671
1779
3068
3406
1842
1660
1759
3177
3623
1831
1667
1752
2723
3053
1842
1635
1730
3074
3540
1816
1656
1748
3065
3650
1817
1665
1728
2926
3380
1828
1696
1797
2833
3195
1869
1656
1744
3186
3595
1819
1654
1711
3147
3533
1784
1669
1736
3094
3594
1829
1678
1772
2801
3161
1850
1664
1752
2768
3380
1837
1647
1743
3145
1810
1815
1905
1746
1837
2789
3157
1924
1671
1754
1812
3204
3704
1904
1666
1775
1828
2752
3109
1922
1658
1762
1833
3145
3510
1909
1644
1736
1814
3138
3508
1878
1661
1739
3077
3593
1819
1657
1748
3100
1813
1827
1900
1722
1792
2738
3106
1875
1643
1740
3066
1820
1906
1905
1754
1842
3218
1906
1988
2004
1723
1794
1871
3514
1947
2307
2022
1767
1803
1877
2745
3141
1944
1682
1761
1833
2706
3263
1931
1669
1752
1826
3310
1892
2015
1981
1709
1816
1888
3184
3698
1987
1718
1770
1855
3279
1927
1969
2002
1765
1818
1906
2934
3367
1984
1728
1747
1822
2794
3061
1909
1675
1783
3225
1853
1915
1953
1727
1838
2920
3348
1903
1667
1749
1813
3133
3751
1902
1657
1735
1800
2804
3178
1901
1671
1766
2744
3036
1848
1653
1734
2882
3360
1815
1652
1739
2697
3165
1823
1660
1745
3216
1814
1934
1890
1699
1804
3190
1883
2017
1960
1735
1825
2803
3289
1903
1665
1747
2816
1835
1891
1903
1728
1816
2866
3256
1932
1685
1781
2899
3225
1849
1679
1740
2964
3390
1834
1678
1764
2784
3184
1865
1644
1745
2521
2939
1815
1678
1771
2697
3255
1836
1670
1746
2766
3106
1818
1676
1767
3235
3569
1847
1653
1742
2862
3370
1815
1670
1760
2807
3173
1859
1639
1735
3073
1811
1831
1889
1756
1841
2911
3337
1892
1673
1749
3231
1824
1854
1908
1754
1839
2941
3285
1921
1669
1743
1796
3102
1887
1911
1968
1711
1806
3379
1880
2118
1942
1722
1806
2804
3240
1869
1674
1742
3000
3522
1825
1656
1748
3066
3602
1834
1646
1746
3370
1817
1968
1900
1750
1818
3112
3478
1898
1645
1738
2784
3330
1817
1661
1748
2854
3066
1825
1662
1760
2916
3382
1855
1639
1738
3606
1804
2162
1908
1731
1828
3134
3520
1894
1656
1753
3191
3567
1826
1648
1723
2763
3183
1795
1691
1786
3336
1874
2062
1961
1750
1823
3339
1904
2066
1971
1714
1827
3251
1892
2168
1978
1737
1812
1875
3174
1974
1977
2025
1773
1819
1880
3218
3740
1977
1697
1756
1840
3322
1897
2070
1999
1716
1805
1885
2755
3308
1961
1695
1750
1825
3183
1898
1915
1989
1718
1815
3327
1875
2105
1978
1705
1804
3424
1905
2099
1941
1726
1779
2737
3105
1881
1680
1769
3255
1834
1944
1939
1716
1808
3402
1896
2206
1952
1723
1793
3165
3610
1865
1670
1772
2796
3232
1854
1662
1756
3138
3538
1835
1640
1738
2954
3336
1812
1644
1720
3194
3632
1804
1653
1755
3239
1816
2020
1923
1717
1834
3286
1896
2026
1977
1757
1845
2873
3212
1931
1699
1785
1847
3215
1948
1990
2009
1760
1807
1888
2810
3166
1965
1699
1768
1831
3172
3684
1928
1671
1768
1816
2698
3256
1929
1653
1760
2746
3266
1839
1678
1754
3468
1843
2101
1902
1714
1800
3090
3500
1862
1684
1749
3053
3355
1822
1665
1731
3153
3456
1801
1688
1757
3133
3615
1827
1664
1732
2719
3046
1804
1678
1795
3331
1854
2180
1936
1743
1838
3331
1915
2065
2019
1740
1834
1896
2896
3438
1989
1712
1767
1829
3231
1914
1917
2011
1766
1860
1927
1958
2377
2019
1754
1820
1896
2858
3243
1994
1723
1772
1843
2885
3244
1933
1686
1771
1835
3113
1936
1966
2015
1767
1855
1931
3475
2028
2252
2129
1825
1837
1901
2987
1991
2131
2055
1795
1818
1883
3393
1987
2370
2041
1780
1799
1885
3281
1941
2125
2052
1755
1819
1898
2877
3280
1965
1720
1734
1789
3153
1887
1933
1960
1740
1833
3553
1896
2256
2009
1710
1813
1872
3082
3546
1991
1685
1758
1835
2695
3057
1924
1704
1781
1864
3279
1966
2040
2035
1769
1821
1899
2797
3475
1985
1732
1784
1849
3203
3578
1944
1695
1779
1842
2858
3290
1932
1650
1734
1809
3147
1881
2063
1969
1724
1821
3393
1876
2004
1988
1704
1811
2781
3122
1884
1660
1777
2709
3353
1838
1673
1763
3299
1861
2018
1937
1771
1849
3163
1919
1929
2022
1744
1832
1907
3385
2000
2210
2086
1826
1830
1912
3282
3656
1971
1724
1732
1814
2930
3397
1879
1678
1752
3322
3644
1816
1687
1753
2743
3057
1841
1646
1759
3287
1826
1892
1910
1766
1856
3292
3708
1929
1696
1750
1815
2951
3613
1912
1672
1757
2787
3135
1841
1641
1731
3142
1818
2058
1887
1741
1821
2880
3365
1894
1650
1716
1791
3193
1852
1880
1958
1720
1833
2913
3425
1911
1658
1758
3156
1833
2042
1937
1758
1843
2923
3378
1933
1688
1783
1849
2813
3171
1971
1703
1788
1842
3012
3610
1945
1679
1780
1832
2946
3454
1924
1674
1759
1835
3256
1900
2006
1986
1702
1797
1858
3234
1947
2029
2022
1740
1801
1886
3043
3588
1949
1699
1762
1837
3155
1936
2228
2006
1768
1851
1942
2964
3454
2031
1781
1753
1829
3238
1904
2012
1974
1712
1828
3134
3512
1880
1673
1732
1817
2773
3311
1894
1668
1773
3429
1828
2086
1939
1726
1817
1879
1899
2607
1977
1758
1835
3108
3471
1908
1664
1705
1784
3168
1856
1909
1956
1737
1824
3336
1903
2143
2003
1737
1839
1910
3176
3584
1992
1749
1773
1843
3081
3607
1943
1671
1767
1847
3247
1937
2135
2027
1771
1855
1936
3134
3561
2022
1761
1769
1848
3278
1937
2001
2019
1777
1854
1929
3585
2025
2417
2089
1814
1807
1875
3592
1960
2341
2040
1756
1798
1877
3287
1935
2065
2032
1764
1824
1897
3517
1997
2361
2066
1794
1811
1890
3642
1985
2427
2071
1793
1835
1912
2810
3123
1971
1725
1725
1808
3186
1873
1930
1974
1735
1818
2990
3616
1891
1665
1757
3327
1837
2165
1935
1750
1842
3552
1916
2386
2006
1743
1820
1897
1965
2207
2803
2035
1766
1780
1881
3216
3627
1963
1725
1766
1843
2883
3417
1912
1678
1762
1850
2924
3642
1926
1715
1784
1863
3635
1959
2391
2030
1781
1830
1901
3365
3633
1987
1718
1728
1785
3353
1903
1961
1958
1749
1843
3385
1934
2148
2002
1758
1836
1898
3526
1995
2253
2054
1794
1825
1889
3273
1975
2043
2044
1776
1816
1884
3280
1954
2270
2053
1761
1832
1908
3640
1975
2518
2069
1795
1819
1893
1952
2033
3398
2056
1778
1806
1910
2992
3428
1980
1731
1771
1839
3503
1934
2246
2009
1758
1841
1894
2788
3252
2021
1714
1760
1833
2707
3267
1930
1700
1776
1866
3308
1919
1968
2029
1741
1827
1909
3439
1966
2094
2056
1782
1805
1868
2984
3736
1967
1704
1789
1848
3526
1946
2310
2004
1748
1806
1880
3436
1964
2202
2051
1798
1850
1927
3587
1996
2455
2075
1829
1808
1909
3455
1971
2143
2066
1779
1780
1859
1934
2155
2476
1997
1754
1795
1880
1934
1986
2307
2022
1735
1792
1862
3256
1952
1976
2045
1792
1848
1945
3355
3618
2009
1769
1730
1812
3246
1915
2070
2012
1775
1862
1962
2082
2404
2032
1782
1840
1923
3306
1992
2314
2071
1799
1816
1896
3342
1954
2032
2055
1771
1804
1879
3401
1963
2332
2068
1804
1854
1928
3156
2012
2068
2111
1808
1802
1879
3001
3405
1953
1679
1761
1829
3459
1910
2053
2002
1764
1856
1935
1995
2425
2014
1755
1849
1896
3404
1980
2172
2062
1784
1806
1857
3461
1968
2250
2026
1751
1848
1905
2861
3321
2011
1731
1745
1835
3353
1885
2170
1978
1718
1826
3430
1895
2103
1988
1739
1832
3210
1902
1927
2024
1731
1798
1875
3389
1950
2014
2031
1778
1844
1902
3198
1994
2312
2084
1819
1838
1916
3062
1982
2053
2081
1809
1813
1902
3298
1963
2075
2069
1771
1792
1877
3273
1942
2172
2026
1777
1834
1899
3209
1988
2300
2054
1786
1845
1892
2710
3176
1993
1735
1755
1852
1916
1961
2478
2035
1732
1807
1895
3307
1977
2307
2071
1797
1853
1935
3673
2013
2381
2120
1839
1834
1930
2020
2066
2472
2121
1837
1825
1899
2867
3493
1964
1704
1717
1784
3098
1887
2041
1948
1754
1852
3419
1927
2011
2024
1779
1837
1922
3460
2008
2198
2099
1850
1825
1916
3228
1998
2050
2097
1808
1821
1875
2837
3103
1984
1716
1778
1863
3083
3513
1958
1702
1783
1845
3327
1940
2107
2007
1756
1843
1889
3335
2003
2149
2050
1781
1833
1893
3351
1985
2169
2047
1781
1814
1886
3494
1982
2304
2061
1787
1855
1929
3229
3510
1995
1784
1756
1848
3444
1939
2072
2025
1783
1851
1954
2022
2242
2674
2092
1846
1787
1872
3030
3701
1967
1708
1754
1845
1897
2011
2847
2004
1762
1850
1943
3387
2016
2054
2106
1830
1840
1890
2932
3658
1988
1718
1748
1818
1904
2224
2716
1991
1765
1849
3159
3595
1926
1704
1763
1849
1928
2186
2554
2026
1763
1852
1930
2880
3470
2021
1780
1832
1920
3022
2015
2102
2103
1822
1825
1906
3386
1979
2307
2080
1802
1818
1913
3301
3587
1970
1743
1725
1799
3102
1865
1871
1971
1749
1843
3041
3461
1918
1685
1755
1821
1923
2215
2601
2007
1774
1864
3426
1953
2275
2038
1777
1851
1926
3442
2014
2251
2110
1841
1841
1932
3114
2000
2036
2090
1805
1803
1869
2987
3469
1962
1716
1793
1864
3214
1950
2200
2045
1796
1855
1940
3312
2038
2366
2107
1846
1816
1890
3542
1964
2234
2080
1804
1843
1941
2765
3483
2009
1759
1748
1829
3161
3559
1925
1695
1781
1870
2626
3196
1924
1741
1805
2924
3533
1919
1716
1820
1879
1933
2745
1984
1743
1842
1935
2181
2709
2012
1764
1853
1929
2941
3575
1992
1753
1787
1882
3190
1962
2846
2060
1804
1864
1931
2021
2177
2743
2115
1831
1852
1938
2976
3446
2007
1748
1775
1866
1944
2310
2739
2023
1777
1836
1911
3391
1995
2325
2111
1830
1850
1949
2049
2293
2737
2108
1851
1831
1921
3097
3457
1998
1736
1802
1851
3138
3531
1946
1682
1767
1845
3571
1924
2316
2029
1775
1876
1927
3129
3631
2030
1741
1766
1821
3325
1919
2132
1990
1736
1837
1917
3451
2001
2287
2080
1830
1842
1934
2954
3524
2026
1782
1769
1873
3079
3449
1950
1719
1778
1843
3213
1952
2197
2001
1748
1833
1892
3630
1985
2501
2076
1792
1848
1927
3109
3635
1986
1752
1735
1829
3176
1927
2051
2005
1756
1867
1918
2028
2032
2414
2086
1816
1815
1893
3455
1947
2105
2044
1769
1806
1872
2796
3644
1960
1692
1764
1846
2780
3141
1945
1707
1802
1876
3296
1965
2212
2060
1779
1857
1951
2024
2590
2116
2191
2200
1900
1916
1994
2073
2263
3047
2158
1895
1821
1926
3460
2002
2262
2091
1827
1845
1950
2013
2019
2661
2113
1849
1835
1914
2001
2007
2794
2111
1826
1868
1944
3240
2005
2341
2093
1849
1854
1945
2037
2745
3583
2124
1845
1830
1915
2985
3369
1988
1753
1799
1882
2893
3540
1969
1738
1786
1877
1962
2900
3564
2081
1812
1871
1933
2020
2682
3316
2104
1853
1836
1943
2005
2967
2105
2188
2187
1883
1892
1952
3184
3675
2046
1759
1765
1830
1938
2494
2996
2010
1798
1888
1972
2044
2950
2143
2268
2228
1949
1902
2000
2896
3166
2077
1852
1775
1856
1927
2036
2101
2458
2118
1836
1914
2003
3723
2096
2145
2293
2243
1939
1888
1963
2046
2196
3086
2155
1868
1886
1935
3361
2020
2170
2098
1842
1864
1954
3606
2040
2344
2115
1836
1866
1940
2019
2477
3419
2087
1818
1833
1916
2008
2744
2985
2070
1816
1884
1953
2038
2202
3023
2137
1867
1832
1919
2008
2604
3196
2099
1842
1865
1934
2009
2314
3351
2101
1838
1841
1935
3157
3513
1998
1752
1781
1848
1940
2648
3262
2028
1768
1870
1950
2039
2309
3104
2114
1852
1847
1946
2001
2438
3369
2098
1828
1818
1894
3152
1996
2144
2090
1822
1852
1950
2003
2087
3365
2093
1810
1810
1874
3596
1959
2831
2049
1820
1888
1982
2042
2542
3131
2137
1854
1827
1877
3401
1960
2022
2055
1769
1846
1969
2021
2459
2989
2116
1853
1879
1933
1989
2219
3043
2113
1816
1841
1944
3614
1993
3245
2083
1799
1841
1944
1998
2372
3150
2097
1817
1857
1939
2029
2657
3390
2090
1844
1828
1939
1988
2282
3120
2077
1854
1833
1955
3341
1995
2281
2095
1805
1810
1894
1975
2128
2947
2073
1831
1867
1966
2102
2966
3418
2169
1884
1897
1933
3525
2022
2434
2082
1835
1834
1963
2030
2052
2514
2133
1866
1871
1973
2047
2453
3071
2150
1861
1847
1935
1998
2605
2087
2147
2207
1894
1942
1991
3648
2071
2359
2181
1902
1871
1959
3225
2041
2471
2122
1870
1863
1958
3438
2036
2564
2132
1841
1861
1922
2022
2751
3290
2091
1840
1908
1995
2074
2752
3658
2144
1884
1839
1907
2006
2606
3198
2098
1822
1863
1935
2936
3298
2014
1771
1832
1893
1988
2086
2885
2093
1845
1861
1961
2074
2832
3164
2142
1871
1888
1922
3110
3506
1988
1768
1763
1869
1994
2524
2071
2165
2140
1896
1932
2046
3540
2080
2448
2161
1916
1830
1944
2051
2875
2136
2264
2188
1957
1930
2018
2083
2214
3092
2212
1879
1829
1966
2010
2148
2618
2090
1809
1859
1905
2022
3060
2100
2118
2181
1914
1974
2079
2157
2951
3419
2241
1957
1852
1994
2034
2582
3206
2122
1844
1812
1933
2020
2906
3574
2085
1834
1858
2003
2043
3241
3588
2121
1862
1818
1910
2000
2272
3538
2123
1849
1948
2032
3564
2093
2393
2181
1911
1882
1956
3606
2068
2612
2112
1886
1812
1953
2043
2309
2813
2124
1873
1890
1988
3153
3607
2058
1787
1822
1942
3678
2006
2730
2112
1862
1906
2020
2090
3696
2198
2737
2259
1986
1940
2038
2151
3027
2212
2478
2288
2004
1953
2062
2143
2803
2204
2490
2288
2018
1977
2048
3482
2171
2601
2262
1999
1911
1982
2814
3128
2049
1765
1743
1807
2991
1919
2073
1988
1805
1892
3692
2029
2513
2135
1888
1947
2079
2149
2557
3053
2210
1921
1831
1932
1995
2624
2066
2132
2148
1861
1934
2028
2117
2601
3141
2194
1913
1857
1956
2080
2292
2904
2152
1910
1915
1998
3164
2091
2154
2179
1913
1876
1937
3429
2056
2306
2134
1880
1891
1993
2092
2067
2165
3107
2254
1966
1951
2054
2167
2337
2681
2229
1964
1862
1946
2922
3499
2005
1791
1801
1912
1980
2244
2981
2078
1831
1848
1960
3293
2010
2272
2091
1833
1818
1892
3668
1926
2334
2017
1795
1854
1968
2054
3676
2164
3508
2234
1961
1968
2078
2158
2864
3620
2247
1966
1917
2015
2088
2202
2821
2146
1895
1828
1916
2045
2120
322
1409
1549
1562
1685
1776
1785
2070
2109
2165
2217
2172
2292
1973
1828
1842
1877
1948
2293
2408
2016
1742
1697
1775
2450
2671
1849
1638
1719
2615
2852
1796
1632
1713
2696
3031
1780
1665
1748
2809
3145
1813
1654
1732
2498
2838
1801
1641
1724
3007
3319
1798
1668
1759
2998
3449
1828
1635
1712
2992
3518
1777
1678
1756
3138
3462
1817
1659
1746
3132
3455
1823
1671
1763
3191
1845
1922
1930
1742
1830
3250
1912
2000
1971
1711
1808
1884
3450
1973
2197
2074
1790
1852
1915
2665
3461
2025
1748
1775
1851
3437
1942
2274
2026
1785
1861
1951
3354
3682
2087
330
361
436
459
1394
2049
2321
1783
1783
330
358
480
532
648
1006
1023
1281
1497
1252
1614
1871
2333
2198
2305
1838
1842
1857
1865
1876
1899
1917
1945
1984
2221
2299
2046
