0.02
0.02
0.01
0.00
0.27
0.38
0.40
0.41
0.35
0.35
0.40
0.52
0.27
0.30
0.35
0.33
0.39
0.42
0.53
0.50
0.23
0.16
0.17
0.39
0.21
1.45
1.01
1.01
0.64
0.27
0.25
0.33
0.36
0.39
0.41
0.43
0.48
0.49
0.02
0.00
0.48
0.57
0.61
0.62
0.56
0.55
0.70
0.62
0.61
0.58
0.45
0.05
0.00
0.59
0.67
0.69
0.82
0.65
0.63
0.64
0.64
0.62
0.48
0.04
0.48
0.00
0.49
0.50
0.68
0.74
0.65
0.03
0.00
0.48
0.60
0.72
0.58
0.04
0.57
0.00
0.48
0.70
0.57
0.62
0.59
0.03
0.00
0.57
0.63
0.71
0.61
0.58
0.03
0.00
0.50
0.57
0.63
0.78
0.03
0.69
0.00
0.60
0.21
0.05
0.00
0.00
3.05
1.03
0.35
0.05
0.00
0.43
0.54
0.55
0.05
0.00
0.59
0.76
0.69
0.66
0.04
0.00
0.68
0.87
0.68
0.04
0.00
0.67
0.83
0.69
0.02
0.00
0.68
0.86
0.53
0.04
0.00
0.69
1.00
0.58
0.04
0.00
0.57
0.74
0.56
0.05
0.66
0.00
0.59
0.87
0.57
0.03
0.00
0.65
0.71
0.55
0.68
0.03
0.00
0.70
0.76
0.67
0.59
0.04
0.55
0.00
0.53
0.63
0.63
0.66
0.04
0.00
0.56
0.59
0.63
0.65
0.05
0.00
0.65
0.78
0.58
0.65
0.03
0.53
0.00
0.68
0.75
0.36
0.01
0.00
0.21
0.07
0.01
0.00
2.95
2.23
0.98
0.01
0.00
0.29
0.29
0.39
0.40
0.42
0.46
0.48
0.47
0.05
0.00
0.38
0.52
0.62
0.65
0.60
0.05
0.58
0.00
0.46
0.65
0.77
0.62
0.02
0.48
0.00
0.50
0.57
0.63
0.62
0.01
0.00
0.57
0.66
0.65
0.55
0.01
0.64
0.00
0.54
0.65
0.55
0.52
0.01
0.00
0.52
0.64
0.63
0.64
0.02
0.00
0.50
0.64
0.56
0.01
0.00
0.65
0.71
0.52
0.01
0.50
0.00
0.55
0.81
0.48
0.02
0.61
0.00
0.70
0.70
0.54
0.02
0.00
0.67
0.67
0.52
0.01
0.00
0.58
0.74
0.55
0.01
0.00
0.54
0.66
0.49
0.02
0.72
0.00
0.62
0.66
0.66
0.01
0.64
0.00
0.53
0.62
0.51
0.01
0.63
0.00
0.51
0.66
0.57
0.50
0.02
0.48
0.00
0.50
0.62
0.62
0.59
0.01
0.53
0.00
0.59
0.59
0.71
0.60
0.01
0.52
0.00
0.66
0.60
0.57
0.64
0.02
0.50
0.00
0.52
0.63
0.56
0.51
0.02
0.62
0.00
0.47
0.60
0.68
0.63
0.02
0.00
0.64
0.67
0.69
0.53
0.02
0.54
0.00
0.54
0.63
0.56
0.67
0.01
0.00
0.48
0.68
0.67
0.59
0.02
0.00
0.55
0.65
0.60
0.64
0.01
0.54
0.00
0.49
0.66
0.57
0.52
0.51
0.01
0.51
0.00
0.51
0.58
0.54
0.49
0.66
0.02
0.00
0.46
0.58
0.73
0.49
0.57
0.01
0.62
0.00
0.49
0.53
0.54
0.65
0.01
0.53
0.00
0.48
0.58
0.70
0.59
0.60
0.02
0.00
0.53
0.21
2.98
1.23
0.30
0.00
0.81
1.28
0.39
0.33
0.46
0.42
0.05
0.00
0.36
0.61
0.63
0.77
0.92
0.61
0.04
0.00
0.48
0.54
0.51
0.66
0.05
0.00
0.66
0.64
0.62
0.66
0.01
0.52
0.00
0.54
0.68
0.65
0.52
0.02
0.52
0.00
0.49
0.57
0.69
0.59
0.51
0.03
0.00
0.63
0.53
0.59
0.66
0.03
0.52
0.00
0.51
0.66
0.62
0.50
0.02
0.00
0.52
0.63
0.72
0.59
0.02
0.49
0.01
0.53
0.77
0.59
0.66
0.02
0.62
0.00
0.22
3.04
1.65
0.01
0.00
0.95
0.20
1.27
0.93
0.01
0.00
0.95
2.09
0.71
1.04
0.02
0.00
0.49
0.26
0.24
0.32
0.35
0.39
0.38
0.02
0.00
0.32
0.58
0.57
0.61
0.64
0.83
0.77
0.54
0.01
0.00
0.53
0.60
0.71
0.59
0.02
0.00
0.60
0.76
0.63
0.01
0.01
0.61
0.72
0.62
0.01
0.00
0.62
0.77
0.61
0.02
0.01
0.61
0.75
0.63
0.01
0.00
0.62
0.76
0.62
0.01
0.00
0.64
0.74
0.63
0.01
0.00
0.61
0.74
0.62
0.02
0.00
0.62
0.75
0.61
0.01
0.00
0.62
0.75
0.62
0.02
0.00
0.63
0.75
0.62
0.01
0.00
0.62
0.76
0.63
0.01
0.00
0.62
0.72
0.61
0.01
0.00
0.63
0.77
0.63
0.01
0.00
0.61
0.75
0.61
0.01
0.00
0.62
0.75
0.61
0.01
0.00
0.62
0.75
0.63
0.01
0.00
0.64
0.75
0.62
0.02
0.00
0.63
0.77
0.62
0.01
0.00
0.63
0.75
0.62
0.01
0.00
0.61
0.75
0.63
0.01
0.00
0.62
0.76
0.64
0.01
0.00
0.64
0.74
0.63
0.01
0.00
0.63
0.77
0.64
0.01
0.00
0.61
0.79
0.61
0.02
0.00
0.62
0.73
0.62
0.01
0.00
0.61
0.76
0.62
0.01
0.01
0.65
0.72
0.51
0.01
0.00
0.61
0.83
0.62
0.01
0.00
0.65
0.71
0.64
0.01
0.00
0.62
0.65
0.63
0.01
0.00
0.62
0.79
0.62
0.01
0.00
0.63
0.71
0.61
0.01
0.00
0.61
0.72
0.62
0.01
0.00
0.63
0.75
0.63
0.01
0.00
0.62
0.73
0.61
0.01
0.00
0.62
0.72
0.62
0.02
0.00
0.63
0.75
0.61
0.01
0.00
0.62
0.73
0.62
0.01
0.00
0.64
0.76
0.61
0.02
0.00
0.64
0.76
0.62
0.01
0.00
0.61
0.73
0.64
0.01
0.00
0.61
0.72
0.61
0.02
0.00
0.62
0.77
0.61
0.01
0.00
0.65
0.73
0.64
0.01
0.00
0.64
0.74
0.62
0.02
0.00
0.61
0.75
0.62
0.01
0.00
0.61
0.74
0.64
0.02
0.00
0.61
0.77
0.63
0.02
0.00
0.62
0.73
0.62
0.01
0.00
0.61
0.74
0.63
0.01
0.00
0.61
0.75
0.62
0.01
0.00
0.64
0.78
0.62
0.02
0.00
0.65
0.77
0.65
0.01
0.00
0.63
0.73
0.63
0.01
0.00
0.64
0.75
0.61
0.01
0.00
0.62
0.75
0.62
0.01
0.00
0.62
0.75
0.62
0.01
0.00
0.62
0.74
0.63
0.02
0.00
0.62
0.76
0.64
0.02
0.00
0.62
0.75
0.62
0.02
0.00
0.62
0.75
0.62
0.02
0.00
0.62
0.77
0.62
0.02
0.00
0.61
0.76
0.62
0.01
0.00
0.61
0.72
0.61
0.01
0.00
0.61
0.81
0.64
0.02
0.00
0.64
0.73
0.49
0.02
0.00
0.61
0.85
0.62
0.02
0.00
0.62
0.71
0.64
0.02
0.00
0.62
0.74
0.61
0.02
0.00
0.63
0.75
0.61
0.01
0.00
0.62
0.74
0.63
0.01
0.00
0.63
0.75
0.63
0.01
0.00
0.61
0.73
0.62
0.02
0.00
0.63
0.73
0.64
0.01
0.00
0.62
0.81
0.62
0.02
0.00
0.64
0.77
0.61
0.01
0.00
0.60
0.75
0.63
0.01
0.00
0.63
0.71
0.66
0.01
0.00
0.60
0.64
0.63
0.02
0.00
0.61
0.81
0.60
0.01
0.00
0.61
0.70
0.61
0.01
0.00
0.63
0.76
0.62
0.01
0.00
0.61
0.76
0.60
0.02
0.00
0.61
0.72
0.63
0.01
0.00
0.62
0.73
0.66
0.01
0.01
0.60
0.58
0.61
0.02
0.00
0.61
0.84
0.61
0.02
0.00
0.64
0.72
0.51
0.02
0.00
0.62
0.65
0.63
0.02
0.00
0.62
0.74
0.60
0.01
0.00
0.63
0.70
0.50
0.02
0.00
0.63
0.76
0.62
0.02
0.00
0.61
0.71
0.63
0.02
0.00
0.63
0.73
0.61
0.02
0.00
0.61
0.73
0.63
0.02
0.00
0.62
0.73
0.62
0.02
0.00
0.62
0.76
0.61
0.02
0.00
0.63
0.75
0.53
0.03
0.00
0.63
0.67
0.51
0.02
0.00
0.64
0.80
0.52
0.02
0.00
0.62
0.60
0.63
0.02
0.00
0.62
0.77
0.67
0.02
0.00
0.62
0.62
0.68
0.02
0.00
0.61
0.66
0.64
0.02
0.00
0.61
0.75
0.62
0.02
0.00
0.61
0.72
0.62
0.02
0.00
0.60
0.73
0.61
0.03
0.00
0.63
0.73
0.61
0.02
0.00
0.65
0.76
0.49
0.02
0.00
0.64
0.77
0.51
0.02
0.00
0.61
0.61
0.64
0.02
0.00
0.61
0.75
0.62
0.02
0.00
0.61
0.72
0.61
0.02
0.00
0.63
0.74
0.64
0.02
0.00
0.61
0.73
0.61
0.03
0.00
0.62
0.75
0.62
0.02
0.00
0.64
0.73
0.62
0.03
0.00
0.62
0.76
0.65
0.02
0.00
0.61
0.63
0.61
0.02
0.00
0.61
0.76
0.62
0.03
0.00
0.65
0.73
0.62
0.03
0.00
0.61
0.74
0.61
0.03
0.00
0.61
0.74
0.63
0.03
0.00
0.62
0.74
0.62
0.02
0.00
0.61
0.74
0.64
0.02
0.00
0.62
0.75
0.63
0.01
0.00
0.63
0.75
0.51
0.02
0.00
0.61
0.68
0.61
0.02
0.00
0.64
0.73
0.62
0.03
0.00
0.61
0.72
0.61
0.02
0.00
0.62
0.76
0.61
0.02
0.00
0.61
0.75
0.64
0.02
0.00
0.61
0.62
0.65
0.02
0.00
0.61
0.78
0.63
0.03
0.00
0.61
0.71
0.64
0.03
0.00
0.62
0.76
0.66
0.03
0.00
0.63
0.60
0.62
0.02
0.00
0.62
0.78
0.62
0.03
0.00
0.64
0.71
0.63
0.03
0.00
0.61
0.72
0.61
0.01
0.00
0.61
0.75
0.64
0.03
0.00
0.62
0.72
0.63
0.02
0.00
0.64
0.63
0.49
0.03
0.00
0.60
0.79
0.62
0.02
0.00
0.61
0.69
0.60
0.02
0.00
0.62
0.74
0.61
0.02
0.00
0.62
0.72
0.62
0.02
0.00
0.61
0.76
0.64
0.03
0.00
0.68
0.74
0.50
0.02
0.00
0.62
0.77
0.64
0.03
0.00
0.63
0.57
0.62
0.03
0.00
0.64
0.79
0.49
0.02
0.00
0.61
0.63
0.64
0.03
0.00
0.64
0.73
0.63
0.02
0.00
0.65
0.72
0.52
0.02
0.00
0.62
0.64
0.62
0.02
0.00
0.63
0.75
0.61
0.03
0.00
0.66
0.72
0.50
0.03
0.00
0.62
0.79
0.61
0.02
0.00
0.61
0.71
0.61
0.03
0.00
0.64
0.74
0.64
0.03
0.00
0.63
0.72
0.63
0.03
0.00
0.61
0.61
0.63
0.02
0.00
0.64
0.78
0.62
0.02
0.00
0.61
0.70
0.62
0.02
0.00
0.62
0.75
0.61
0.02
0.00
0.62
0.74
0.60
0.02
0.00
0.61
0.75
0.64
0.03
0.00
0.61
0.62
0.65
0.03
0.00
0.62
0.76
0.62
0.02
0.00
0.61
0.69
0.65
0.04
0.00
0.61
0.65
0.66
0.02
0.00
0.64
0.68
0.64
0.02
0.00
0.63
0.75
0.50
0.03
0.00
0.62
0.75
0.62
0.03
0.00
0.63
0.70
0.50
0.04
0.00
0.64
0.79
0.50
0.04
0.00
0.60
0.77
0.62
0.03
0.00
0.61
0.69
0.65
0.03
0.00
0.62
0.63
0.62
0.03
0.01
0.62
0.77
0.62
0.03
0.00
0.63
0.72
0.61
0.03
0.00
0.62
0.74
0.61
0.03
0.00
0.64
0.73
0.64
0.03
0.00
0.63
0.74
0.63
0.02
0.00
0.62
0.72
0.62
0.02
0.00
0.63
0.77
0.54
0.04
0.00
0.61
0.67
0.61
0.02
0.00
0.60
0.77
0.65
0.03
0.00
0.63
0.61
0.51
0.04
0.00
0.62
0.83
0.60
0.04
0.00
0.63
0.69
0.62
0.04
0.00
0.62
0.73
0.65
0.03
0.00
0.61
0.60
0.60
0.03
0.00
0.65
0.75
0.50
0.03
0.00
0.62
0.76
0.62
0.03
0.00
0.67
0.70
0.51
0.04
0.00
0.62
0.68
0.63
0.03
0.00
0.61
0.76
0.64
0.04
0.00
0.61
0.73
0.60
0.03
0.00
0.62
0.72
0.63
0.03
0.00
0.65
0.73
0.53
0.04
0.00
0.61
0.68
0.62
0.02
0.00
0.67
0.77
0.50
0.04
0.00
0.62
0.80
0.63
0.03
0.00
0.62
0.76
0.62
0.02
0.00
0.50
0.75
0.63
0.03
0.00
0.62
0.72
0.64
0.03
0.00
0.62
0.73
0.62
0.04
0.00
0.62
0.74
0.64
0.03
0.00
0.62
0.77
0.63
0.03
0.00
0.62
0.76
0.61
0.03
0.00
0.63
0.77
0.52
0.03
0.00
0.62
0.69
0.62
0.03
0.00
0.61
0.75
0.62
0.03
0.00
0.61
0.73
0.63
0.03
0.00
0.61
0.72
0.63
0.03
0.00
0.63
0.61
0.62
0.02
0.01
0.63
0.77
0.51
0.03
0.00
0.61
0.65
0.60
0.03
0.00
0.64
0.75
0.55
0.05
0.00
0.61
0.64
0.63
0.03
0.00
0.62
0.74
0.64
0.03
0.00
0.65
0.69
0.52
0.03
0.00
0.63
0.69
0.63
0.04
0.00
0.65
0.74
0.51
0.03
0.00
0.61
0.62
0.62
0.02
0.00
0.61
0.75
0.62
0.03
0.00
0.62
0.75
0.61
0.04
0.00
0.62
0.74
0.62
0.02
0.00
0.60
0.63
0.64
0.04
0.00
0.63
0.76
0.60
0.03
0.00
0.61
0.71
0.63
0.04
0.00
0.62
0.76
0.61
0.04
0.00
0.63
0.74
0.53
0.02
0.00
0.60
0.68
0.61
0.03
0.00
0.63
0.74
0.63
0.03
0.00
0.63
0.73
0.49
0.04
0.00
0.63
0.82
0.62
0.04
0.00
0.62
0.67
0.63
0.03
0.00
0.62
0.63
0.65
0.02
0.00
0.66
0.64
0.53
0.03
0.00
0.66
0.68
0.49
0.05
0.00
0.62
0.78
0.64
0.02
0.00
0.62
0.58
0.66
0.03
0.00
0.59
0.68
0.63
0.03
0.00
0.63
0.75
0.63
0.04
0.00
0.61
0.72
0.63
0.03
0.00
0.63
0.74
0.50
0.02
0.00
0.60
0.68
0.62
0.03
0.00
0.63
0.74
0.61
0.03
0.00
0.64
0.73
0.63
0.03
0.00
0.61
0.75
0.65
0.03
0.00
0.64
0.73
0.52
0.02
0.00
0.64
0.68
0.60
0.03
0.00
0.64
0.74
0.53
0.03
0.00
0.63
0.62
0.65
0.03
0.00
0.61
0.67
0.63
0.02
0.00
0.62
0.80
0.63
0.03
0.00
0.54
0.62
0.49
0.03
0.00
0.60
0.71
0.62
0.02
0.00
0.64
0.77
0.62
0.02
0.00
0.64
0.75
0.51
0.03
0.00
0.60
0.69
0.61
0.04
0.00
0.66
0.73
0.52
0.04
0.00
0.61
0.64
0.63
0.02
0.00
0.64
0.73
0.49
0.04
0.01
0.65
0.78
0.50
0.04
0.00
0.63
0.79
0.62
0.03
0.00
0.65
0.62
0.51
0.02
0.00
0.62
0.82
0.68
0.02
0.00
0.62
0.57
0.60
0.04
0.00
0.64
0.76
0.50
0.02
0.00
0.61
0.75
0.62
0.04
0.00
0.65
0.73
0.49
0.04
0.00
0.62
0.81
0.63
0.02
0.00
0.64
0.70
0.50
0.04
0.00
0.63
0.83
0.63
0.03
0.00
0.62
0.70
0.62
0.01
0.00
0.62
0.79
0.61
0.03
0.00
0.64
0.73
0.53
0.04
0.00
0.60
0.64
0.68
0.03
0.00
0.64
0.61
0.50
0.04
0.00
0.62
0.83
0.62
0.03
0.00
0.62
0.78
0.62
0.03
0.00
0.52
0.75
0.54
0.02
0.00
0.60
0.64
0.61
0.03
0.00
0.64
0.78
0.51
0.04
0.00
0.64
0.64
0.51
0.04
0.00
0.63
0.80
0.66
0.02
0.00
0.63
0.58
0.52
0.02
0.00
0.64
0.68
0.51
0.03
0.00
0.63
0.64
0.51
0.04
0.00
0.65
0.77
0.62
0.03
0.00
0.63
0.73
0.48
0.03
0.00
0.62
0.77
0.64
0.04
0.00
0.61
0.63
0.62
0.04
0.00
0.49
0.77
0.63
0.01
0.00
0.62
0.73
0.62
0.03
0.00
0.64
0.78
0.50
0.03
0.00
0.65
0.78
0.49
0.03
0.00
0.62
0.74
0.63
0.03
0.00
0.65
0.75
0.49
0.04
0.00
0.63
0.81
0.63
0.03
0.00
0.67
0.74
0.56
0.05
0.00
0.61
0.69
0.50
0.03
0.00
0.64
0.75
0.50
0.04
0.00
0.62
0.76
0.63
0.03
0.00
0.62
0.59
0.65
0.03
0.00
0.61
0.66
0.65
0.02
0.00
0.62
0.64
0.64
0.03
0.00
0.61
0.65
0.66
0.03
0.00
0.61
0.60
0.62
0.03
0.00
0.63
0.76
0.63
0.04
0.00
0.63
0.62
0.61
0.02
0.00
0.64
0.83
0.49
0.03
0.00
0.57
0.64
0.49
0.03
0.00
0.60
0.80
0.64
0.03
0.00
0.59
0.64
0.63
0.02
0.00
0.63
0.76
0.49
0.04
0.00
0.62
0.76
0.62
0.03
0.00
0.66
0.70
0.54
0.02
0.00
0.62
0.72
0.62
0.03
0.00
0.51
0.74
0.50
0.02
0.00
0.64
0.65
0.51
0.03
0.00
0.63
0.81
0.63
0.04
0.00
0.65
0.75
0.52
0.04
0.00
0.54
0.69
0.53
0.03
0.00
0.50
0.67
0.50
0.04
0.00
0.62
0.76
0.50
0.04
0.00
0.66
0.67
0.50
0.05
0.01
0.62
0.78
0.62
0.03
0.00
0.63
0.73
0.62
0.02
0.00
0.62
0.75
0.63
0.04
0.00
0.67
0.74
0.52
0.04
0.00
0.60
0.65
0.63
0.03
0.00
0.63
0.77
0.52
0.03
0.00
0.64
0.66
0.50
0.05
0.00
0.62
0.79
0.61
0.03
0.00
0.61
0.69
0.64
0.04
0.00
0.60
0.62
0.63
0.03
0.00
0.63
0.76
0.68
0.03
0.00
0.61
0.57
0.64
0.03
0.00
0.63
0.78
0.62
0.02
0.00
0.62
0.69
0.61
0.03
0.00
0.61
0.75
0.62
0.02
0.00
0.61
0.76
0.64
0.02
0.00
0.67
0.61
0.52
0.04
0.00
0.62
0.72
0.64
0.03
0.00
0.67
0.71
0.52
0.03
0.00
0.65
0.65
0.56
0.03
0.00
0.64
0.68
0.53
0.02
0.00
0.65
0.63
0.49
0.04
0.00
0.61
0.77
0.62
0.03
0.00
0.60
0.69
0.62
0.01
0.00
0.62
0.75
0.64
0.04
0.00
0.62
0.75
0.63
0.02
0.00
0.65
0.66
0.56
0.03
0.00
0.52
0.70
0.51
0.03
0.00
0.62
0.64
0.63
0.03
0.01
0.62
0.62
0.65
0.04
0.00
0.62
0.61
0.64
0.03
0.00
0.64
0.75
0.52
0.04
0.00
0.62
0.65
0.64
0.04
0.00
0.62
0.75
0.64
0.02
0.00
0.63
0.61
0.50
0.04
0.00
0.64
0.82
0.61
0.05
0.00
0.66
0.74
0.52
0.04
0.00
0.61
0.66
0.52
0.02
0.00
0.64
0.67
0.49
0.03
0.01
0.63
0.75
0.51
0.04
0.00
0.63
0.76
0.50
0.03
0.00
0.64
0.66
0.53
0.04
0.61
0.00
0.48
0.75
0.62
0.03
0.00
0.60
0.61
0.54
0.03
0.00
0.63
0.70
0.52
0.04
0.00
0.64
0.67
0.49
0.04
0.00
0.65
0.78
0.49
0.04
0.00
0.65
0.76
0.52
0.02
0.00
0.61
0.83
0.62
0.04
0.00
0.54
0.58
0.51
0.03
0.00
0.63
0.71
0.49
0.05
0.00
0.62
0.83
0.61
0.03
0.00
0.61
0.73
0.63
0.04
0.00
0.53
0.78
0.52
0.01
0.00
0.66
0.64
0.48
0.02
0.00
0.64
0.83
0.52
0.03
0.63
0.00
0.51
0.60
0.49
0.03
0.00
0.63
0.62
0.57
0.60
0.03
0.00
0.49
0.81
0.55
0.60
0.03
0.00
0.49
0.75
0.49
0.62
0.04
0.00
0.62
0.74
0.52
0.63
0.02
0.00
0.61
0.67
0.62
0.03
0.00
0.65
0.77
0.52
0.03
0.60
0.00
0.48
0.73
0.61
0.03
0.00
0.64
0.74
0.50
0.03
0.63
0.00
0.50
0.66
0.50
0.04
0.58
0.00
0.49
0.70
0.50
0.60
0.03
0.63
0.00
0.47
0.62
0.65
0.62
0.02
0.00
0.59
0.59
0.54
0.62
0.03
0.00
0.53
0.78
0.53
0.64
0.03
0.61
0.00
0.49
0.76
0.52
0.62
0.04
0.00
0.52
0.60
0.53
0.64
0.03
0.65
0.00
0.46
0.65
0.53
0.49
0.02
0.00
0.64
0.63
0.59
0.64
0.02
0.00
0.49
0.64
0.52
0.05
0.63
0.01
0.54
0.62
0.52
0.03
0.00
0.63
0.64
0.54
0.60
0.03
0.00
0.46
0.77
0.66
0.62
0.03
0.00
0.50
0.75
0.49
0.02
0.01
0.65
0.79
0.50
0.02
0.00
0.66
0.80
0.50
0.02
0.00
0.65
0.77
0.50
0.04
0.61
0.00
0.63
0.72
0.50
0.04
0.64
0.00
0.48
0.59
0.63
0.04
0.00
0.63
0.65
0.48
0.03
0.65
0.00
0.65
0.68
0.51
0.03
0.00
0.56
0.66
0.50
0.03
0.00
0.59
0.70
0.61
0.04
0.00
0.51
0.76
0.50
0.03
0.00
0.70
0.75
0.52
0.03
0.00
0.62
0.69
0.52
0.03
0.00
0.60
0.69
0.66
0.02
0.00
0.64
0.62
0.50
0.03
0.01
0.64
0.83
0.52
0.02
0.00
0.64
0.61
0.50
0.02
0.00
0.67
0.84
0.51
0.02
0.63
0.00
0.48
0.61
0.64
0.02
0.00
0.59
0.65
0.65
0.03
0.65
0.00
0.51
0.64
0.49
0.03
0.00
0.64
0.79
0.57
0.60
0.03
0.48
0.00
0.62
0.77
0.48
0.03
0.60
0.00
0.60
0.58
0.63
0.03
0.00
0.58
0.67
0.62
0.04
0.00
0.65
0.76
0.50
0.03
0.00
0.66
0.75
0.51
0.05
0.63
0.00
0.48
0.62
0.62
0.03
0.00
0.63
0.79
0.50
0.02
0.00
0.65
0.79
0.50
0.03
0.00
0.63
0.61
0.51
0.05
0.00
0.68
0.79
0.51
0.02
0.62
0.00
0.54
0.75
0.51
0.03
0.00
0.59
0.62
0.50
0.03
0.00
0.64
0.82
0.65
0.03
0.00
0.62
0.60
0.52
0.02
0.50
0.00
0.49
0.65
0.61
0.02
0.62
0.00
0.60
0.58
0.53
0.03
0.62
0.00
0.48
0.65
0.64
0.59
0.03
0.50
0.00
0.58
0.58
0.66
0.60
0.04
0.00
0.49
0.72
0.52
0.64
0.04
0.59
0.00
0.52
0.72
0.49
0.61
0.02
0.00
0.62
0.57
0.57
0.63
0.04
0.63
0.01
0.52
0.75
0.50
0.03
0.58
0.00
0.51
0.70
0.47
0.03
0.67
0.00
0.60
0.68
0.59
0.03
0.00
0.51
0.79
0.51
0.05
0.60
0.00
0.53
0.70
0.47
0.03
0.63
0.00
0.60
0.66
0.63
0.03
0.00
0.62
0.65
0.50
0.03
0.00
0.64
0.65
0.50
0.03
0.00
0.63
0.79
0.51
0.02
0.00
0.63
0.77
0.62
0.02
0.00
0.65
0.70
0.52
0.04
0.61
0.00
0.53
0.75
0.56
0.02
0.63
0.00
0.50
0.65
0.52
0.02
0.00
0.49
0.66
0.57
0.60
0.04
0.50
0.00
0.60
0.61
0.63
0.62
0.03
0.01
0.64
0.60
0.57
0.62
0.02
0.00
0.53
0.79
0.57
0.59
0.03
0.00
0.54
0.78
0.51
0.04
0.00
0.63
0.65
0.49
0.04
0.64
0.00
0.63
0.63
0.65
0.03
0.00
0.61
0.65
0.61
0.03
0.00
0.59
0.79
0.64
0.03
0.00
0.61
0.63
0.62
0.03
0.00
0.62
0.80
0.65
0.01
0.01
0.64
0.58
0.56
0.06
0.66
0.00
0.50
0.71
0.54
0.04
0.48
0.00
0.52
0.75
0.53
0.60
0.02
0.00
0.50
0.73
0.63
0.62
0.04
0.48
0.00
0.50
0.62
0.50
0.60
0.04
0.00
0.49
0.59
0.53
0.62
0.02
0.00
0.52
0.60
0.56
0.61
0.02
0.00
0.50
0.80
0.56
0.62
0.04
0.51
0.00
0.49
0.63
0.50
0.61
0.01
0.50
0.00
0.53
0.53
0.54
0.59
0.04
0.49
0.00
0.60
0.58
0.57
0.60
0.02
0.52
0.00
0.59
0.59
0.64
0.64
0.03
0.60
0.00
0.56
0.56
0.53
0.61
0.02
0.00
0.60
0.61
0.72
0.59
0.02
0.50
0.00
0.63
0.61
0.50
0.03
0.59
0.00
0.55
0.71
0.56
0.58
0.02
0.00
0.57
0.70
0.55
0.61
0.01
0.00
0.50
0.68
0.52
0.47
0.04
0.51
0.00
0.63
0.58
0.56
0.64
0.02
0.00
0.49
0.62
0.59
0.62
0.04
0.00
0.51
0.63
0.54
0.61
0.01
0.00
0.66
0.73
0.53
0.63
0.04
0.64
0.00
0.68
0.66
0.52
0.04
0.60
0.00
0.55
0.75
0.50
0.03
0.00
0.62
0.62
0.55
0.03
0.00
0.65
0.70
0.52
0.04
0.53
0.00
0.49
0.61
0.62
0.03
0.61
0.00
0.53
0.58
0.49
0.62
0.03
0.49
0.00
0.49
0.58
0.56
0.63
0.04
0.00
0.58
0.60
0.66
0.64
0.03
0.00
0.62
0.67
0.64
0.04
0.00
0.61
0.67
0.63
0.02
0.00
0.66
0.74
0.52
0.03
0.65
0.00
0.50
0.68
0.52
0.04
0.00
0.46
0.63
0.68
0.61
0.03
0.00
0.50
0.77
0.49
0.03
0.01
0.66
0.76
0.49
0.05
0.62
0.00
0.64
0.66
0.49
0.03
0.00
0.61
0.81
0.64
0.64
0.03
0.59
0.00
0.52
0.73
0.54
0.03
0.00
0.68
0.65
0.51
0.02
0.63
0.00
0.55
0.69
0.50
0.04
0.00
0.50
0.64
0.55
0.63
0.03
0.00
0.59
0.64
0.58
0.61
0.03
0.00
0.52
0.75
0.58
0.62
0.03
0.00
0.49
0.80
0.49
0.61
0.03
0.60
0.00
0.65
0.73
0.53
0.59
0.04
0.48
0.00
0.61
0.72
0.52
0.63
0.03
0.00
0.61
0.64
0.58
0.63
0.05
0.55
0.00
0.48
0.63
0.51
0.49
0.03
0.00
0.48
0.61
0.58
0.61
0.01
0.64
0.00
0.63
0.59
0.55
0.04
0.00
0.59
0.71
0.62
0.66
0.03
0.00
0.66
0.66
0.54
0.05
0.61
0.00
0.56
0.82
0.51
0.61
0.05
0.01
0.49
0.63
0.48
0.04
0.00
0.60
0.81
0.65
0.62
0.03
0.61
0.00
0.52
0.77
0.50
0.04
0.61
0.00
0.53
0.63
0.51
0.62
0.03
0.00
0.47
0.62
0.58
0.62
0.02
0.00
0.52
0.75
0.53
0.67
0.03
0.52
0.00
0.53
0.65
0.52
0.63
0.04
0.00
0.51
0.60
0.58
0.65
0.02
0.51
0.00
0.50
0.66
0.55
0.48
0.03
0.50
0.00
0.60
0.55
0.59
0.58
0.03
0.47
0.00
0.62
0.73
0.54
0.62
0.03
0.59
0.00
0.49
0.75
0.59
0.48
0.04
0.50
0.00
0.63
0.58
0.55
0.63
0.03
0.53
0.00
0.52
0.58
0.53
0.62
0.03
0.00
0.59
0.60
0.66
0.64
0.02
0.62
0.00
0.52
0.77
0.50
0.02
0.00
0.63
0.68
0.49
0.03
0.63
0.00
0.53
0.67
0.51
0.03
0.62
0.00
0.50
0.61
0.50
0.60
0.60
0.02
0.00
0.58
0.73
0.54
0.51
0.05
0.00
0.50
0.65
0.55
0.62
0.03
0.00
0.62
0.66
0.51
0.67
0.03
0.00
0.49
0.73
0.56
0.48
0.03
0.50
0.00
0.63
0.64
0.60
0.50
0.04
0.00
0.47
0.71
0.72
0.60
0.02
0.55
0.00
0.63
0.59
0.49
0.03
0.65
0.00
0.48
0.63
0.56
0.62
0.02
0.50
0.00
0.60
0.58
0.54
0.58
0.02
0.48
0.00
0.59
0.74
0.61
0.64
0.03
0.46
0.00
0.51
0.72
0.53
0.60
0.03
0.62
0.00
0.51
0.57
0.58
0.62
0.58
0.04
0.00
0.50
0.74
0.52
0.53
0.03
0.00
0.47
0.60
0.60
0.62
0.03
0.51
0.00
0.46
0.60
0.65
0.58
0.02
0.00
0.57
0.70
0.55
0.61
0.04
0.00
0.52
0.69
0.51
0.66
0.04
0.60
0.00
0.54
0.56
0.50
0.65
0.04
0.59
0.00
0.49
0.73
0.59
0.60
0.03
0.00
0.53
0.63
0.59
0.60
0.03
0.50
0.00
0.61
0.58
0.65
0.63
0.04
0.48
0.00
0.47
0.60
0.52
0.62
0.02
0.62
0.00
0.45
0.64
0.53
0.52
0.04
0.59
0.00
0.51
0.72
0.55
0.59
0.63
0.03
0.00
0.57
0.63
0.65
0.65
0.60
0.03
0.00
0.47
0.69
0.65
0.61
0.04
0.48
0.00
0.49
0.62
0.50
0.49
0.03
0.00
0.59
0.63
0.75
0.53
0.04
0.55
0.00
0.55
0.67
0.51
0.54
0.05
0.00
0.47
0.60
0.55
0.64
0.03
0.64
0.00
0.48
0.57
0.54
0.61
0.01
0.57
0.00
0.48
0.69
0.57
0.61
0.03
0.47
0.00
0.51
0.62
0.54
0.59
0.03
0.47
0.00
0.49
0.67
0.52
0.60
0.02
0.00
0.63
0.72
0.60
0.63
0.04
0.50
0.00
0.49
0.62
0.50
0.64
0.03
0.00
0.47
0.58
0.61
0.63
0.03
0.47
0.00
0.46
0.70
0.69
0.57
0.03
0.53
0.00
0.61
0.56
0.55
0.60
0.03
0.00
0.52
0.74
0.57
0.67
0.06
0.61
0.00
0.50
0.75
0.54
0.02
0.64
0.00
0.53
0.61
0.50
0.04
0.60
0.00
0.59
0.75
0.52
0.61
0.03
0.63
0.00
0.48
0.61
0.60
0.60
0.03
0.48
0.00
0.48
0.58
0.53
0.63
0.02
0.59
0.00
0.50
0.59
0.52
0.64
0.02
0.60
0.00
0.54
0.71
0.51
0.62
0.03
0.60
0.00
0.47
0.63
0.59
0.60
0.03
0.48
0.00
0.59
0.57
0.61
0.60
0.02
0.00
0.51
0.80
0.54
0.51
0.62
0.05
0.00
0.56
0.72
0.56
0.65
0.03
0.51
0.00
0.52
0.59
0.53
0.63
0.04
0.49
0.00
0.55
0.60
0.55
0.51
0.50
0.04
0.00
0.51
0.58
0.55
0.59
0.03
0.00
0.58
0.74
0.68
0.61
0.04
0.53
0.00
0.64
0.60
0.52
0.01
0.66
0.00
0.55
0.69
0.55
0.49
0.03
0.47
0.00
0.49
0.64
0.57
0.49
0.04
0.46
0.00
0.48
0.70
0.60
0.58
0.03
0.00
0.53
0.79
0.61
0.54
0.03
0.00
0.55
0.64
0.56
0.60
0.03
0.50
0.00
0.62
0.62
0.59
0.60
0.03
0.56
0.00
0.59
0.57
0.58
0.60
0.03
0.49
0.00
0.59
0.57
0.68
0.63
0.03
0.52
0.00
0.49
0.58
0.54
0.61
0.03
0.00
0.45
0.67
0.70
0.52
0.03
0.51
0.00
0.49
0.67
0.51
0.55
0.63
0.03
0.00
0.45
0.63
0.72
0.49
0.04
0.00
0.49
0.76
0.53
0.65
0.62
0.03
0.00
0.52
0.70
0.51
0.54
0.04
0.46
0.00
0.48
0.54
0.60
0.58
0.02
0.00
0.49
0.74
0.57
0.61
0.67
0.02
0.00
0.50
0.69
0.51
0.04
0.00
0.47
0.65
0.65
0.66
0.49
0.04
0.00
0.50
0.62
0.49
0.63
0.04
0.00
0.49
0.66
0.57
0.50
0.04
0.51
0.00
0.50
0.59
0.57
0.61
0.04
0.65
0.00
0.54
0.60
0.51
0.50
0.04
0.01
0.58
0.65
0.71
0.66
0.04
0.62
0.00
0.54
0.60
0.51
0.04
0.00
0.63
0.65
0.60
0.64
0.53
0.03
0.00
0.49
0.68
0.50
0.01
0.52
0.00
0.51
0.61
0.54
0.62
0.03
0.50
0.00
0.50
0.61
0.56
0.49
0.03
0.60
0.00
0.48
0.69
0.62
0.61
0.03
0.00
0.51
0.63
0.55
0.63
0.03
0.48
0.00
0.50
0.63
0.53
0.51
0.03
0.51
0.00
0.46
0.56
0.71
0.63
0.04
0.48
0.00
0.54
0.61
0.50
0.50
0.02
0.00
0.60
0.62
0.61
0.65
0.03
0.01
0.53
0.66
0.50
0.66
0.04
0.00
0.62
0.67
0.62
0.03
0.00
0.57
0.70
0.53
0.63
0.02
0.00
0.54
0.63
0.50
0.66
0.02
0.00
0.49
0.62
0.59
0.67
0.02
0.00
0.48
0.63
0.63
0.54
0.03
0.51
0.00
0.50
0.63
0.56
0.61
0.49
0.03
0.00
0.50
0.57
0.57
0.64
0.02
0.00
0.47
0.58
0.57
0.67
0.51
0.04
0.00
0.47
0.62
0.67
0.62
0.02
0.50
0.00
0.55
0.60
0.52
0.52
0.55
0.04
0.00
0.45
0.59
0.61
0.66
0.04
0.00
0.50
0.59
0.61
0.61
0.02
0.00
0.50
0.72
0.54
0.65
0.04
0.49
0.00
0.52
0.66
0.55
0.59
0.02
0.00
0.51
0.72
0.58
0.61
0.03
0.49
0.00
0.62
0.62
0.54
0.65
0.03
0.52
0.00
0.47
0.62
0.54
0.49
0.04
0.00
0.48
0.65
0.62
0.54
0.04
0.00
0.50
0.65
0.56
0.61
0.03
0.53
0.00
0.59
0.58
0.65
0.62
0.03
0.50
0.00
0.51
0.54
0.51
0.62
0.02
0.00
0.59
0.64
0.68
0.52
0.02
0.51
0.00
0.48
0.61
0.53
0.59
0.52
0.01
0.00
0.61
0.60
0.58
0.63
0.04
0.60
0.00
0.49
0.72
0.55
0.59
0.03
0.00
0.47
0.73
0.56
0.64
0.02
0.00
0.53
0.69
0.53
0.66
0.02
0.50
0.00
0.51
0.57
0.53
0.68
0.50
0.01
0.49
0.00
0.49
0.51
0.55
0.60
0.47
0.03
0.00
0.46
0.58
0.67
0.54
0.05
0.49
0.00
0.49
0.60
0.58
0.56
0.48
0.05
0.00
0.49
0.61
0.58
0.63
0.49
0.03
0.00
0.53
0.60
0.59
0.65
0.04
0.47
0.00
0.47
0.63
0.57
0.51
0.51
0.04
0.00
0.49
0.56
0.56
0.64
0.03
0.00
0.47
0.65
0.63
0.53
0.03
0.00
0.52
0.67
0.58
0.52
0.51
0.03
0.00
0.58
0.64
0.63
0.51
0.48
0.03
0.00
0.46
0.61
0.57
0.53
0.61
0.03
0.51
0.00
0.52
0.52
0.59
0.56
0.02
0.00
0.49
0.68
0.63
0.62
0.57
0.06
0.00
0.49
0.70
0.53
0.52
0.48
0.02
0.49
0.00
0.49
0.56
0.56
0.51
0.01
0.00
0.49
0.67
0.65
0.49
0.60
0.52
0.01
0.00
0.51
0.56
0.54
0.64
0.03
0.56
0.45
0.00
0.47
0.66
0.56
0.59
0.47
0.03
0.00
0.52
0.56
0.67
0.61
0.02
0.48
0.00
0.47
0.60
0.56
0.67
0.04
0.52
0.00
0.49
0.55
0.59
0.64
0.51
0.03
0.00
0.45
0.55
0.69
0.66
0.56
0.03
0.00
0.47
0.61
0.61
0.51
0.48
0.04
0.00
0.50
0.61
0.59
0.48
0.48
0.02
0.00
0.48
0.59
0.62
0.66
0.47
0.04
0.00
0.49
0.60
0.53
0.63
0.04
0.00
0.61
0.62
0.62
0.62
0.52
0.03
0.00
0.51
0.62
0.55
0.66
0.51
0.03
0.00
0.48
0.63
0.56
0.51
0.59
0.02
0.00
0.48
0.58
0.58
0.60
0.03
0.51
0.00
0.53
0.60
0.54
0.51
0.60
0.05
0.00
0.47
0.70
0.62
0.62
0.02
0.48
0.00
0.47
0.68
0.57
0.54
0.47
0.03
0.00
0.46
0.70
0.64
0.59
0.02
0.48
0.00
0.65
0.75
0.59
0.61
0.49
0.05
0.00
0.48
0.59
0.63
0.60
0.42
0.03
0.00
0.50
0.70
0.56
0.67
0.04
0.46
0.00
0.46
0.69
0.56
0.67
0.63
0.03
0.00
0.50
0.59
0.57
0.50
0.49
0.04
0.00
0.58
0.62
0.55
0.55
0.61
0.03
0.00
0.46
0.65
0.58
0.57
0.05
0.62
0.00
0.52
0.70
0.56
0.63
0.49
0.04
0.00
0.49
0.64
0.53
0.50
0.59
0.02
0.00
0.52
0.52
0.64
0.57
0.05
0.48
0.00
0.56
0.64
0.62
0.61
0.52
0.01
0.00
0.50
0.60
0.57
0.52
0.48
0.03
0.00
0.53
0.56
0.59
0.62
0.62
0.05
0.49
0.00
0.57
0.55
0.58
0.58
0.04
0.46
0.00
0.53
0.73
0.65
0.53
0.03
0.49
0.00
0.47
0.60
0.59
0.52
0.05
0.46
0.00
0.48
0.67
0.62
0.63
0.54
0.03
0.00
0.49
0.63
0.64
0.56
0.50
0.04
0.00
0.43
0.56
0.60
0.60
0.52
0.04
0.00
0.52
0.59
0.57
0.63
0.03
0.00
0.50
0.64
0.71
0.52
0.52
0.02
0.00
0.53
0.66
0.58
0.52
0.60
0.05
0.00
0.50
0.59
0.67
0.60
0.02
0.00
0.43
0.64
0.70
0.57
0.62
0.01
0.54
0.00
0.47
0.60
0.57
0.53
0.03
0.62
0.00
0.46
0.61
0.62
0.54
0.56
0.03
0.52
0.00
0.41
0.60
0.66
0.49
0.43
0.03
0.00
0.56
0.62
0.54
0.73
0.65
0.05
0.00
0.49
0.57
0.62
0.60
0.53
0.03
0.53
0.00
0.50
0.61
0.60
0.58
0.49
0.05
0.00
0.49
0.56
0.56
0.58
0.60
0.02
0.00
0.49
0.60
0.58
0.73
0.74
0.03
0.00
0.49
0.62
0.49
0.57
0.60
0.04
0.00
0.47
0.59
0.77
0.67
0.51
0.03
0.00
0.57
0.64
0.55
0.51
0.03
0.48
0.00
0.49
0.57
0.70
0.52
0.02
0.54
0.00
0.40
0.62
0.65
0.57
0.71
0.02
0.00
0.47
0.61
0.60
0.53
0.04
0.01
0.52
0.55
0.70
0.78
0.02
0.49
0.00
0.51
0.80
0.49
0.55
0.49
0.05
0.56
0.00
0.46
0.54
0.61
0.50
0.68
0.04
0.50
0.00
0.45
0.50
0.74
0.72
0.51
0.03
0.43
0.00
0.43
0.68
0.58
0.44
0.03
0.55
0.00
0.65
0.62
0.61
0.44
0.03
0.00
0.46
0.68
0.75
0.63
0.02
0.55
0.00
0.49
0.64
0.49
0.01
0.61
0.00
0.59
0.64
0.54
0.59
0.52
0.04
0.00
0.48
0.54
0.58
0.63
0.63
0.03
0.47
0.00
0.45
0.53
0.55
0.66
0.54
0.04
0.00
0.51
0.55
0.55
0.64
0.56
0.04
0.00
0.50
0.66
0.58
0.48
0.04
0.52
0.00
0.52
0.62
0.65
0.46
0.04
0.54
0.00
0.66
0.60
0.64
0.56
0.53
0.04
0.52
0.00
0.51
0.59
0.54
0.64
0.57
0.04
0.00
0.48
0.54
0.68
0.62
0.03
0.00
0.60
0.70
0.61
0.54
0.65
0.04
0.00
0.52
0.64
0.57
0.52
0.03
0.64
0.00
0.50
0.60
0.55
0.59
0.03
0.51
0.00
0.56
0.79
0.66
0.59
0.52
0.03
0.56
0.00
0.49
0.58
0.52
0.62
0.50
0.02
0.00
0.53
0.59
0.63
0.56
0.49
0.03
0.00
0.43
0.62
0.65
0.52
0.75
0.54
0.25
3.17
1.22
0.20
0.50
0.00
1.08
0.86
0.34
0.31
0.40
0.02
0.00
0.32
0.57
0.63
0.80
0.58
0.02
0.00
0.55
0.66
0.65
0.60
0.04
0.00
0.62
0.79
0.63
0.04
0.00
0.63
0.70
0.63
0.05
0.00
0.61
0.61
0.66
0.04
0.00
0.63
0.60
0.63
0.02
0.00
0.62
0.73
0.65
0.05
0.00
0.66
0.58
0.51
0.05
0.00
0.62
0.84
0.65
0.04
0.00
0.63
0.59
0.66
0.03
0.00
0.62
0.59
0.64
0.04
0.00
0.65
0.61
0.51
0.02
0.65
0.00
0.51
0.63
0.49
0.03
0.65
0.00
0.62
0.60
0.53
0.64
0.03
0.52
0.00
0.53
0.58
0.55
0.63
0.03
0.00
0.52
0.60
0.57
0.63
0.03
0.52
0.00
0.49
0.65
0.51
0.51
0.03
0.00
0.53
0.22
0.07
0.01
0.00
2.89
2.24
0.87
0.00
0.00
0.20
0.08
0.01
0.00
0.94
1.34
0.42
0.17
0.00
0.86
1.34
0.79
1.05
0.02
0.00
0.22
0.15
0.21
0.26
0.32
0.32
0.40
0.38
0.35
0.02
0.01
0.39
