5
5
6
6
167
296
450
608
758
920
1064
1175
99
245
400
553
736
917
1107
1285
1315
1341
1373
1599
207
647
893
1302
1577
1616
1657
1702
1759
1817
1880
1943
2016
2078
2133
2254
1905
1888
1888
1873
1844
1770
1748
1829
1902
1975
2059
3309
2140
2308
2240
1915
1686
1728
1815
1879
1975
2055
3561
2150
2350
2259
1945
1704
1774
1841
3563
1927
2223
2024
1737
1727
1773
3057
3687
1861
1643
1707
1782
1922
2576
1947
1983
2051
1750
1801
1906
2001
2129
3181
2114
1809
1805
1867
3329
1954
2206
2076
1826
208
228
361
403
1524
1578
1635
1840
1980
1450
1489
1548
1578
2350
2601
1668
1486
1563
2527
2799
1640
1497
1579
2975
1656
1673
1735
1591
1657
3125
3619
1734
1480
1582
2582
2919
1673
1498
1594
2643
3054
1662
1498
1574
2996
3520
1648
1520
1588
2920
3234
1691
1563
1664
2636
3164
1725
1519
1600
2948
3442
1665
1540
1628
3342
1695
2041
1786
1591
1716
3206
3574
1775
1553
1637
1723
3227
3591
1817
1577
1643
1730
2638
2891
1819
1592
1656
1744
2914
3266
1858
3391
328
358
484
541
1388
1832
2402
1978
2004
1875
1925
1973
2013
2038
2111
2782
3027
2135
1901
1749
1816
1876
3068
1974
1981
2044
1771
1806
1884
3360
1948
2182
2046
1787
1815
1886
3030
3402
1996
1731
1766
1831
2743
3156
1940
1685
1775
1832
2840
3133
1927
1682
1738
1836
3336
1925
2141
2034
1770
1866
1920
3374
2023
2444
2095
1818
1806
1924
3422
1983
2372
2099
1810
1806
1898
3520
1990
2202
2081
1804
1851
1917
3321
2021
2175
2098
1827
1833
1899
3142
2000
2272
2068
1785
1822
1891
3555
1986
2304
2096
1800
1855
1924
2806
3064
2020
1766
1762
1859
2847
3607
1924
1685
1756
1826
3392
1918
2161
2006
1757
1866
3436
1929
2238
2034
1772
1836
1934
2028
2190
2774
2115
1831
1838
1913
1998
2095
3174
2102
1835
1869
1948
3012
2031
2142
2136
1849
1848
1918
2001
2096
2470
2118
1838
1867
1945
3713
2038
2456
2133
1845
1837
1921
3117
3593
1981
1744
1779
1828
3640
1939
2401
2013
1742
1846
3507
1908
2188
2027
1769
1872
3534
1943
2401
2026
1771
1883
1923
2022
2610
3126
2112
1836
1858
1922
2966
2021
2025
2153
328
1485
1539
1648
1868
1712
2275
2326
2341
2386
2435
2208
2412
1869
1906
1946
1968
1983
2040
2125
3349
2206
2366
2281
2005
1791
1869
2871
3577
1953
1673
1747
1807
2903
3293
1899
1672
1771
2709
3155
1863
1692
1786
3484
1860
2384
1945
1744
1852
3144
3704
1925
1843
1812
3640
1917
2427
1997
1772
1855
1950
2478
3634
2027
1781
1834
1926
2001
2849
2109
2317
2183
1900
1951
328
366
493
539
1393
1990
328
366
444
475
784
1380
1416
1693
1512
1517
1752
2199
2231
2284
2335
2391
2440
2235
2280
2149
1888
1846
1826
1878
1950
2081
2123
2021
1725
1713
1797
1918
1950
1859
1632
1711
1900
1930
1790
1634
1712
1739
1750
1784
1629
1705
1741
1761
1780
1632
1710
1786
1811
1784
1628
1706
1787
1807
1779
1628
1711
1792
1820
1779
1632
1711
1824
1868
1780
1630
1705
1815
1842
1777
1632
1709
1825
1868
1783
1634
1715
1848
1878
1783
1634
1712
1890
1925
1783
1635
1707
1825
1883
1782
1636
1716
1859
1924
1785
1629
1706
1868
1926
1777
1633
1710
1863
1908
1782
1637
1710
1924
1969
1782
1633
1709
1890
1931
1780
1635
1708
1927
1984
1781
1633
1708
1879
1926
1779
1633
1709
1909
1964
1782
1644
1673
1900
1945
1764
1686
1761
1978
2032
1838
1632
1707
1906
2040
1781
1644
1721
2031
2172
1798
1641
1718
2061
2140
1797
1640
1718
1963
2020
1791
1640
1715
1939
2018
1790
1645
1721
1969
2070
1790
1636
1714
1981
2094
1784
1644
1720
1976
2051
1794
1637
1721
1957
2021
1788
1641
1715
1991
2073
1790
1642
1718
2018
2074
1789
1641
1728
2154
2250
1788
1671
1740
2055
2116
1815
1638
1717
1979
2085
1796
1647
1723
1983
2072
1796
1651
1720
1986
2063
1794
1644
1720
2018
2079
1806
1646
1740
2011
2093
1820
1643
1717
1990
2067
1786
1653
1723
2009
2068
1796
1646
1727
2054
2147
1795
1646
1731
2069
2232
1796
1642
1718
2039
2145
1793
1647
1723
2045
2159
1797
1646
1724
2223
2330
1798
1648
1721
2063
2147
1795
1648
1719
2134
2219
1796
1651
1724
2228
2310
1798
1640
1717
2015
2117
1789
1646
1718
2082
2202
1791
1645
1719
2057
2172
1797
1653
1728
2077
2175
1801
1642
1724
2178
2296
1788
1648
1723
2062
2168
1795
1649
1724
2078
2176
1796
1647
1726
2007
2119
1797
1650
1726
2244
2359
1795
1643
1725
2150
2273
1797
1646
1723
2113
2289
1800
1643
1720
2228
2351
1794
1648
1730
2303
2448
1800
1645
1727
2224
2435
1794
1647
1723
2115
2271
1799
1641
1727
2317
2424
1793
1647
1722
2099
2228
1802
1644
1724
2057
2161
1798
1648
1724
2160
2271
1803
1646
1722
2081
2263
1798
1662
1727
2307
2457
1798
1647
1726
2334
2503
1802
1648
1722
2323
2436
1803
1650
1748
2200
2331
1818
1647
1716
2143
2298
1796
1648
1740
2139
2277
1816
1640
1716
2133
2243
1790
1653
1727
2130
2261
1803
1655
1728
2296
2530
1798
1656
1728
2375
2604
1794
1649
1725
2175
2300
1800
1648
1725
2169
2291
1797
1669
1722
2206
2327
1815
1665
1745
2153
2329
1810
1646
1731
2137
2272
1809
1677
1776
2206
2343
1849
1653
1712
2361
2461
1785
1655
1731
2394
2512
1803
1659
1727
2400
2628
1807
1659
1729
2371
2528
1800
1652
1726
2210
2384
1798
1664
1732
2350
2563
1804
1650
1726
2378
2605
1802
1652
1739
2233
2379
1803
1677
1750
2415
2677
1824
1650
1730
2404
2633
1803
1657
1732
2409
2531
1815
1648
1748
2277
2448
1820
1641
1721
2378
2555
1790
1652
1733
2419
2588
1806
1650
1727
2193
2322
1799
1666
1735
2197
2340
1807
1661
1733
2497
2653
1808
1649
1736
2188
2372
1822
1654
1752
2193
2383
1824
1646
1718
2236
2394
1805
1664
1752
2231
2403
1824
1638
1720
2121
2275
1801
1654
1755
2527
2737
1825
1639
1721
2233
2478
1798
1649
1728
2319
2549
1798
1656
1728
2299
2420
1801
1651
1726
2297
2484
1801
1653
1729
2351
2490
1805
1648
1727
2370
2557
1797
1651
1728
2234
2382
1801
1658
1728
2455
2642
1799
1655
1733
2238
2375
1801
1653
1729
2242
2379
1818
1656
1748
2288
2431
1821
1660
1726
2248
2386
1799
1662
1734
2532
2693
1802
1653
1725
2245
2395
1802
1653
1750
2398
2548
1799
1682
1750
2457
2720
1818
1653
1725
2176
2368
1801
1661
1732
2386
2616
1811
1652
1746
2419
2627
1826
1642
1733
2406
2613
1799
1676
1755
2323
2520
1826
1647
1735
2217
2408
1793
1682
1756
2541
2683
1834
1656
1725
2440
2653
1798
1658
1734
2342
2543
1809
1667
1730
2473
2615
1802
1659
1733
2263
2457
1812
1651
1750
2328
2486
1821
1640
1726
2631
2835
1799
1652
1730
2561
2831
1803
1653
1725
2609
2760
1799
1646
1722
2256
2465
1795
1655
1739
2412
2602
1806
1682
1757
2480
2654
1825
1650
1729
2490
2702
1806
1655
1727
2590
2759
1801
1654
1739
2370
2568
1805
1678
1768
2438
2699
1823
1671
1745
2469
2679
1820
1660
1730
2271
2463
1806
1652
1736
2610
2857
1804
1677
1757
2511
2719
1823
1645
1725
2320
2593
1795
1649
1728
2352
2576
1797
1655
1724
2356
2514
1802
1670
1738
2302
2474
1806
1682
1756
2428
2651
1826
1644
1728
2383
2557
1793
1658
1732
2579
2816
1807
1657
1737
2606
2901
1803
1683
1754
2670
2939
1832
1651
1723
2409
2610
1801
1669
1742
2522
2793
1810
1653
1734
2392
2544
1808
1681
1751
2423
2605
1829
1666
1728
2309
2542
1818
1659
1755
2449
2590
1828
1649
1729
2567
2748
1792
1680
1746
2538
2703
1825
1653
1731
2421
2609
1802
1667
1738
2491
2702
1805
1651
1734
2458
2740
1800
1659
1740
2590
2894
1804
1674
1752
2596
2782
1828
1651
1733
2733
3003
1801
1687
1758
2488
2655
1825
1657
1728
2393
2681
1798
1665
1736
2479
2764
1805
1660
1736
2700
2993
1799
1655
1733
2665
2975
1800
1654
1738
2587
2823
1801
1682
1753
2460
2715
1828
1649
1726
2706
3004
1801
1658
1735
2692
2962
1808
1663
1730
2411
2635
1799
1655
1738
2772
3063
1805
1690
1767
2631
2870
1828
1676
1757
2449
2661
1817
1659
1729
2641
2874
1804
1671
1734
2692
2879
1805
1657
1737
2404
2696
1806
1686
1756
2566
2852
1821
1665
1730
2363
2568
1817
1659
1750
2405
2640
1829
1643
1724
2474
2768
1799
1672
1751
2585
2837
1833
1641
1750
2625
2823
1815
1680
1753
2771
3006
1816
1655
1746
2750
2934
1808
1690
1777
2747
2971
1852
1664
1740
2478
2685
1817
1666
1737
2511
2662
1804
1664
1740
2386
2611
1808
1660
1729
2737
2941
1810
1660
1766
2440
2721
1835
1672
1776
2551
2771
1831
1671
1742
2534
2732
1817
1654
1730
2778
3139
1795
1661
1736
2731
2995
1809
1663
1742
2693
2979
1802
1695
1755
2703
2911
1845
1676
1752
2506
2769
1822
1664
1735
2564
2807
1804
1667
1736
2626
2877
1810
1666
1733
2693
3064
1811
1656
1738
2644
2930
1806
1669
1731
2321
2549
1807
1655
1743
2384
2788
1806
1689
1755
2460
2685
1830
1655
1732
2454
2688
1797
1662
1741
2485
2736
1807
1687
1758
2790
3043
1830
1648
1727
2768
3040
1799
1664
1733
2505
2743
1813
1665
1738
2568
2764
1809
1655
1733
2755
3036
1801
1670
1748
2686
2976
1811
1690
1760
2842
3158
1833
1656
1728
2832
3056
1817
1657
1765
2767
3076
1842
1673
1768
2764
3123
1843
1646
1746
2774
3000
1821
1679
1771
2593
2788
1853
1640
1746
2501
2784
1810
1688
1766
2619
2892
1820
1679
1745
2897
3067
1823
1659
1729
2581
2852
1807
1666
1741
2696
3063
1812
1662
1741
2811
3023
1810
1668
1751
2912
3133
1821
1686
1776
2506
2785
1856
1637
1741
2529
2768
1829
1673
1756
2606
2865
1818
1648
1736
2570
2845
1796
1680
1762
2572
2810
1820
1680
1767
2541
2912
1827
1679
1757
2823
3029
1827
1654
1732
2800
3210
1800
1663
1741
2605
2813
1812
1657
1757
2834
3179
1826
1652
1739
2795
3096
1803
1684
1752
2752
3012
1831
1659
1757
2805
3047
1825
1677
1755
2587
2835
1835
1657
1760
2671
2892
1828
1678
1754
2430
2706
1826
1657
1753
2353
2576
1828
1658
1741
2851
3197
1806
1683
1767
2571
2935
1829
1683
1757
2895
3325
1826
1653
1733
2509
2743
1813
1669
1757
2547
2859
1830
1654
1751
2608
2914
1818
1685
1752
2578
2886
1813
1649
1731
2744
3001
1804
1662
1737
2730
3034
1813
1667
1735
2913
3207
1812
1664
1733
2573
2875
1798
1664
1736
2842
3129
1814
1670
1734
2546
2857
1810
1669
1738
2786
3164
1805
1658
1736
2892
3182
1816
1660
1753
2925
3247
1829
1660
1734
2842
3008
1811
1661
1756
2942
3243
1837
1655
1756
2650
3010
1832
1685
1781
2977
3327
1848
1669
1776
2923
3231
1843
1676
1779
3043
3293
1840
1680
1749
2867
3183
1832
1663
1761
2779
3029
1842
1674
1772
2640
2921
1850
1670
1770
2682
2988
1843
1676
1777
2915
3290
1851
1670
1780
2976
3358
1838
1683
1753
2655
2940
1815
1653
1732
2791
3204
1806
1660
1743
2789
3130
1817
1680
1780
3022
3389
1852
1676
1756
2938
3326
1815
1683
1764
2943
3272
1832
1659
1739
2925
3337
1825
1681
1781
2758
3109
1855
1642
1754
2850
3317
1816
1679
1744
2948
3272
1818
1650
1735
2871
3202
1807
1688
1783
2877
3260
1847
1675
1745
2619
2944
1819
1657
1751
2882
3254
1808
1700
1763
2829
3271
1855
1673
1773
2833
3259
1852
1679
1779
2903
3226
1842
1672
1752
2842
3078
1820
1655
1735
2613
2943
1821
1663
1763
2639
2991
1832
1672
1776
3074
3442
1840
1673
1758
2600
3016
1835
1687
1779
2955
3266
1852
1659
1755
2639
2915
1819
1680
1756
3003
3256
1827
1673
1738
2876
3337
1806
1662
1749
3054
3405
1813
1704
1754
2937
3412
1846
1667
1759
2701
3137
1820
1690
1762
2636
2946
1828
1658
1748
2468
2780
1806
1697
1761
2465
2722
1861
1679
1775
2683
3021
1847
1684
1767
2671
2990
1833
1645
1728
2632
2936
1794
1689
1769
2984
3366
1842
1661
1759
2709
3139
1835
1680
1783
3094
3587
1848
1677
1759
2939
3320
1825
1694
1763
2805
3332
1847
1659
1748
3040
3402
1820
1659
1735
2991
3321
1802
1668
1750
2690
3012
1808
1692
1762
3077
3522
1826
1652
1731
2607
2905
1804
1662
1744
2674
3002
1808
1665
1736
2956
3358
1809
1666
1750
2910
3298
1811
1694
1775
2397
2785
1834
1676
1751
2587
2941
1821
1664
1738
2592
2909
1807
1675
1751
2988
3406
1815
1686
1782
3074
3400
1848
1679
1748
2752
3040
1823
1661
1760
3094
3432
1835
1656
1721
2963
3278
1801
1662
1750
3021
3526
1811
1682
1768
3026
3526
1833
1681
1757
2781
3100
1827
1656
1738
2960
3170
1807
1662
1737
2597
3050
1813
1675
1736
3084
3544
1821
1676
1769
2945
3465
1833
1687
1766
3082
3576
1831
1691
1765
2999
3349
1829
1681
1761
2693
3175
1828
1687
1769
3061
3601
1842
1682
1781
2777
3074
1850
1666
1757
3049
3597
1834
1689
1782
2744
3082
1861
1676
1775
2685
3004
1837
1680
1771
2605
2919
1832
1682
1759
3095
3637
1839
1665
1757
3029
3359
1825
1684
1754
2690
3057
1828
1660
1739
2653
3149
1812
1693
1770
2992
3462
1844
1680
1784
3162
3658
1854
1675
1782
2792
3296
1850
1675
1769
3173
3538
1853
1677
1773
3109
3421
1846
1680
1772
3254
1842
1896
1937
1730
1822
3115
3619
1897
1659
1730
2706
3234
1807
1693
1787
3126
3657
1862
1667
1772
2746
3122
1839
1684
1787
2739
3072
1844
1679
1754
2698
3055
1830
1665
1764
3132
3610
1846
1689
1778
3066
3576
1847
1658
1735
2989
3367
1804
1693
1770
3142
1833
1854
1929
1735
1839
3174
3651
1909
1674
1767
3079
3433
1848
1671
1775
2731
3097
1852
1682
1765
3235
3585
1855
1648
1754
3176
1826
1869
1913
1773
1857
3235
3605
1963
1691
1765
1831
3121
3669
1924
1669
1778
3122
3530
1844
1684
1751
2647
3031
1826
1652
1752
2716
3234
1835
1667
1763
3067
3485
1834
1678
1780
3128
3624
1856
1682
1779
3232
1845
1901
1933
1775
1842
3246
3652
1934
1671
1768
1839
2963
3368
1930
1676
1776
3158
1863
1905
1941
1758
1853
2825
3351
1929
1685
1774
1823
3084
3569
1930
1685
1773
3173
1845
1899
1928
1757
1840
3220
1901
2055
2000
1734
1815
3213
1893
1936
1981
1741
1850
3305
1920
2046
2014
1747
1824
1910
3210
1970
2196
2052
1766
1801
1855
2733
3113
1948
1682
1778
1857
3235
3695
1950
1709
1793
2653
2887
1868
1674
1771
2781
3381
1831
1687
1764
2674
3056
1832
1697
1801
3331
3707
1878
1694
1797
2733
3058
1881
1670
1772
2696
3225
1839
1698
1779
2843
3301
1877
1698
1797
3341
1859
2061
1964
1732
1813
3194
1882
1893
1968
1697
1805
3113
1888
1918
1968
1755
1843
3075
3459
1947
1653
1749
1817
3231
1903
1935
1994
1723
1816
3178
3674
1904
1660
1764
3166
1830
1840
1934
1759
1851
3167
3611
1918
1697
1774
1865
3271
1946
2004
2031
1775
1848
1919
3301
2014
2150
2053
1779
1802
1871
2761
3066
1948
1709
1780
1835
2859
3233
1926
1675
1752
2616
2964
1821
1682
1760
2644
3012
1835
1660
1766
2468
2858
1852
1687
1777
2773
3128
1852
1644
1763
2731
3147
1824
1693
1766
3113
3604
1833
1684
1787
3231
1855
1953
1951
1774
1859
3213
1945
2061
2046
1772
1852
1942
3434
1991
2263
2080
1798
1812
1898
3209
1981
2001
2068
1795
1862
1926
3250
2026
2128
2075
1821
1807
1885
2751
3235
1963
1715
1768
1836
3248
1918
1982
1982
1738
1820
2890
3236
1881
1689
1764
2680
3124
1841
1678
1780
2756
3148
1875
1690
1777
3247
3625
1864
1707
1809
3217
1866
1923
1955
1742
1823
2755
3157
1891
1677
1757
2699
3145
1819
1677
1761
3131
1836
1850
1895
1749
1825
2743
3187
1893
1691
1776
2662
3025
1852
1662
1761
2843
3069
1834
1685
1788
2510
2743
1858
1673
1768
3608
1872
2308
1912
1737
1817
3063
3639
1879
1675
1763
2653
3179
1842
1687
1773
2813
3332
1859
1671
1759
3203
3557
1868
1706
1804
2732
3192
1870
1677
1750
3046
1814
1846
1912
1752
1846
2776
3114
1908
1678
1749
1813
2877
3337
1894
1656
1757
3205
1829
1874
1920
1780
1852
2756
3708
1958
1679
1761
1841
2775
3173
1938
1699
1789
3153
3623
1872
1652
1753
3149
3638
1832
1691
1790
3356
1840
2114
1945
1724
1825
3316
1894
2044
1988
1764
1846
3611
1940
2356
2037
1766
1852
1926
3270
2020
2089
2121
1829
1861
1919
3285
2002
2122
2075
1801
1842
1897
3563
1976
2272
2077
1780
1844
1908
3284
3640
1989
1747
1771
1855
2837
3373
1916
1672
1779
2755
3246
1853
1677
1774
3216
1843
1983
1945
1746
1851
3361
1919
1959
2007
1746
1842
1921
2603
3064
2003
1739
1790
1859
2927
3269
1943
1704
1775
1855
3197
3673
1947
1700
1792
3176
1860
1877
1926
1720
1789
3313
1851
2007
1941
1752
1839
3353
1908
1993
2006
1757
1847
1916
2902
3228
2008
1749
1791
1858
3078
3420
1959
1677
1775
1853
3258
1937
1958
2040
1776
1873
1956
3396
2039
2129
2121
1843
1853
1920
2942
3294
2013
1726
1768
1845
2751
3095
1933
1714
1799
3299
1898
1900
1994
1767
1860
3478
1946
2055
2031
1778
1834
1933
3677
2018
2466
2091
1826
1815
1891
3435
1980
2152
2048
1779
1855
1911
3407
2005
2177
2079
1808
1837
1902
3408
2000
2212
2084
1812
1859
1935
2961
3482
2021
1755
1787
1852
3296
3742
1942
1677
1768
1848
3204
1916
1998
2022
1760
1838
3260
1934
2010
1986
1728
1800
1870
2696
3340
1990
1700
1814
1871
3327
1969
2133
2055
1787
1875
1938
2956
3520
2032
1780
1785
1866
2928
3512
1968
1698
1768
1840
2714
3030
1929
1703
1797
2921
3453
1867
1687
1759
3339
1847
1885
1941
1800
1887
2871
3148
1967
1717
1764
1842
2810
3214
1935
1702
1799
3287
1862
1882
1971
1721
1822
3269
1896
2024
1995
1753
1840
3340
3657
1931
1653
1751
1821
3307
1913
2056
2007
1773
1881
3525
1949
2323
2049
1761
1835
1904
3436
2003
2419
2059
1803
1807
1886
3072
3434
1958
1679
1753
1828
2904
3256
1910
1689
1783
2471
2818
1855
1686
1784
2862
3218
1857
1688
1784
3214
1841
2008
1941
1730
1844
3362
1896
2106
2001
1728
1830
3566
1906
2396
2009
1759
1849
3253
1927
2132
2002
1751
1824
1900
3340
3715
1982
1737
1797
1885
3317
1986
2165
2073
1803
1855
1940
3442
2012
2054
2097
1829
1844
1930
3476
1991
2275
2097
1804
1836
1914
3388
1996
2530
2089
1813
1858
1951
2987
3685
2014
1758
1776
1851
1928
1996
2646
2013
1783
1871
2807
3281
1945
1695
1759
1838
3366
1910
2086
2006
1757
1861
3193
1911
1952
2020
1726
1828
1900
2788
3364
1998
1742
1797
1886
3309
1980
2102
2067
1796
1863
1929
3325
3723
2013
1770
1778
1883
3329
1943
2094
2050
1756
1817
1877
2923
3535
1990
1721
1768
1862
3474
1934
2362
2016
1765
1836
1925
3557
1983
2375
2079
1812
1831
1909
3342
1978
2182
2064
1776
1823
1894
3352
1983
2051
2041
1764
1827
1892
3268
1987
2149
2046
1783
1815
1909
3365
1976
2004
2070
1771
1841
1912
3390
1988
2256
2072
1810
1839
1903
3497
1988
2299
2063
1800
1837
1920
3510
2023
2298
2110
1824
1846
1920
3216
3642
1995
1737
1778
1863
3125
3715
1938
1714
1791
2803
3171
1911
1705
1793
3293
1877
2105
1961
1754
1834
2952
3308
1938
1673
1755
1841
3423
1939
2065
2027
1786
1865
1952
2037
2094
2479
2132
1826
1818
1893
3429
1976
2076
2079
1810
1862
1939
3053
3617
2028
1763
1784
1869
2871
1930
1933
2030
1730
1824
1890
2814
3310
1987
1698
1769
1847
3481
1915
2501
2011
1759
1855
2769
3165
1920
1679
1768
1854
3640
1934
2448
2031
1769
1874
3370
1940
2302
2023
1774
1838
1917
3177
2011
2117
2100
1823
1856
1938
3312
2024
2240
2110
1839
1848
1953
3225
2009
2061
2115
1808
1802
1887
3468
1968
2140
2061
1820
1867
1981
3505
2054
2250
2143
1856
1842
1898
3284
1999
2209
2063
1804
1844
1924
2035
2057
2631
2097
1833
1832
1902
2794
3203
1993
1726
1792
1860
3690
1965
2567
2012
1757
1833
1884
3304
3620
1990
1722
1777
1872
1978
2314
2784
2057
1783
1870
1927
3349
2045
2299
2094
1825
1838
1910
3394
2005
2026
2100
1818
1853
1935
3640
2009
2275
2085
1822
1838
1916
3256
3612
1972
1726
1759
1809
3401
1913
2621
1984
1763
1859
3497
1931
2241
2010
1757
1847
1919
2818
3169
2021
1750
1790
1858
3346
3742
1953
1713
1794
1869
3299
1970
2120
2059
1778
1879
1938
3386
2025
2127
2093
1822
1827
1900
2868
3430
1978
1694
1754
1825
3211
1928
2106
2013
1788
1886
3122
3520
1949
1711
1773
1838
3164
3642
1919
1678
1768
3032
3441
1832
1704
1788
2796
3276
1886
1713
1810
3170
1897
2035
1990
1789
1887
2915
3310
1970
1710
1804
1853
2749
3327
1950
1684
1789
1865
3571
1952
2428
2027
1780
1886
3088
1934
2008
2032
1751
1815
1893
2913
3643
1983
1730
1800
1867
3259
1957
2163
2051
1791
1866
1947
3319
3633
2010
1749
1785
1830
3398
1939
2333
2001
1764
1848
3314
1918
2112
2022
1780
1874
3422
1942
2012
2048
1780
1828
1902
2804
3061
1969
1705
1756
1822
2928
3202
1924
1687
1792
1847
1870
2979
1971
1755
1833
2963
3298
1922
1674
1775
3141
3585
1843
1701
1789
2897
3375
1892
1732
1796
2832
3438
1898
1674
1772
3398
1849
2163
1939
1775
1866
3392
1951
2375
2046
1807
1860
1945
3483
2050
2242
2136
1859
1845
1916
3222
2010
2091
2107
1834
1853
1959
2043
2047
2495
2126
1852
1865
1925
3151
2021
2025
2088
1814
1854
1925
3523
2001
2285
2055
1804
1806
1871
3421
1962
2156
2055
1787
1889
1939
3302
2031
2339
2107
1842
1836
1921
2873
3310
2027
1760
1802
1857
2959
3619
1963
1701
1802
1890
1965
2145
2873
2068
1785
1866
1937
2912
3313
2022
1776
1796
1892
3556
1968
2206
2052
1815
1833
1913
3541
1997
2417
2094
1789
1822
1891
3423
1990
2300
2075
1819
1855
1966
2003
2121
2888
2114
1805
1808
1870
3414
1968
2166
2050
1779
1852
1914
3416
2013
2233
2061
1800
1814
1896
3414
1961
2245
2045
1765
1864
1927
2019
2097
2475
2111
1833
1848
1929
3421
1986
2321
2081
1798
1821
1890
3274
1976
2320
2072
1803
1879
1945
3401
2040
2291
2118
1836
1858
1930
3302
2032
2230
2103
1826
1870
1929
3283
2012
2258
2098
1831
1861
1937
3120
3523
2019
1757
1774
1869
2730
1934
2012
2027
1768
1865
1909
2004
2013
2610
2078
1804
1838
1910
3698
2001
2471
2107
1822
1844
1954
2008
2030
2618
2108
1808
1805
1882
3348
3717
1978
1720
1802
1883
2799
3157
1967
1719
1797
1873
3123
3445
1948
1709
1777
1844
3006
3416
1949
1690
1775
3233
3611
1848
1686
1769
1828
2596
3038
1930
1752
1842
2926
3440
1910
1679
1765
1836
2974
3520
1927
1721
1794
3540
1898
2270
1961
1765
1857
3715
1949
2480
2031
1796
1867
3453
1977
2045
2024
1777
1837
1908
2016
2017
2474
2102
1806
1868
1940
3334
2011
2205
2112
1814
1845
1916
3493
2012
2634
2086
1820
1869
1940
2029
2131
2505
2114
1843
1859
1932
3350
2011
2158
2095
1827
1865
1960
3492
2027
2377
2133
1844
1863
1964
2033
2036
2947
2125
1855
1847
1925
3230
2013
2139
2111
1830
1864
1958
2964
3352
2040
1780
1779
1877
3543
1924
2300
2037
1772
1858
1938
2022
2074
2804
2113
1853
1867
1925
3543
2028
2656
2097
1820
1836
1911
3339
3703
2014
1753
1805
1870
3438
1970
2144
2062
1780
1884
1943
3725
2029
2823
2098
1843
1833
1910
2968
3408
2012
1761
1794
1892
1960
2110
2870
2045
1793
1853
1935
3565
2022
3586
2123
1823
1844
1920
3470
1991
2385
2079
1827
1863
1950
2028
2146
3260
2122
1859
1854
1938
2782
3431
2025
1769
1791
1860
3310
3728
1966
1732
1798
1888
3678
1999
2797
2074
1803
1861
1923
3593
2016
2504
2088
1840
1844
1939
3627
2014
2505
2112
1824
1832
1926
2822
3260
2017
1749
1795
1858
2786
3116
1967
1711
1787
1872
3290
1962
2774
2065
1798
1882
1958
3602
2027
2507
2128
1851
1859
1946
3644
2021
2545
2111
1839
1826
1922
1964
2298
3218
2054
1781
1828
1909
2008
2505
2910
2104
1855
1869
1963
2849
3425
2040
1789
1805
1882
1978
2480
2836
2062
1810
1883
1973
3385
2052
2166
2154
1878
1858
1926
3696
2009
2869
2124
1821
1868
1937
2015
2551
3180
2093
1836
1884
1962
3208
3508
2045
1799
1782
1855
3141
3575
1943
1706
1803
1881
1962
2080
2374
2066
1794
1864
1948
2034
2120
2978
2120
1828
1848
1913
2017
2313
3017
2103
1834
1876
1966
2045
2219
2977
2125
1841
1871
1940
3680
2023
2345
2125
1845
1866
1939
3283
3679
2029
1785
1817
1888
1971
2343
2803
2074
1813
1867
1952
3200
3653
2051
1759
1786
1878
1942
2165
2602
2033
1776
1855
1946
3202
3570
2034
1800
1779
1867
1984
2634
3578
2031
1772
1859
1932
2904
3602
2003
1763
1814
1883
2959
3661
1979
1752
1836
1908
2010
3134
3696
2073
1831
1856
1937
2019
2023
3067
2085
1845
1896
1958
2099
2387
2842
2142
1881
1862
1948
2041
2215
2135
2528
2215
1919
1928
1997
2108
2978
3640
2162
1914
1868
1960
2052
2318
2847
2129
1874
1860
1969
2020
2694
3196
2112
1869
1844
1965
2049
2289
3275
2123
1880
1890
1984
2055
2199
2585
2143
1917
1873
1962
3420
2068
2556
2142
1861
1866
1958
3408
2046
2222
2123
1859
1860
1935
2035
3061
2110
2336
2211
1904
1959
2014
3455
2101
2645
2188
1904
1860
1928
2029
2991
3722
2093
1861
1840
1923
2027
2785
2124
2460
2190
1950
1962
2039
2108
2252
2910
2204
1951
1893
1989
2077
2961
2169
2214
2255
1986
1951
2064
2130
2172
2848
2213
1934
1870
1931
3677
2030
2734
2108
1839
1921
1987
2086
2522
2920
2137
1905
1922
2006
2089
3027
3490
2149
1881
1914
1937
3274
2057
2204
2162
1883
1892
1984
2037
2509
2868
2118
1858
1891
1982
2057
2447
2855
2142
1917
1861
1971
3270
2043
2053
2146
1915
1891
1966
3018
2043
2291
2178
1887
1873
1966
2064
2148
2155
2564
2231
1935
1940
2039
2124
2656
2210
2218
2271
1981
1929
2001
2094
2995
3536
2179
1907
1856
1946
2017
2525
3557
2111
1853
1859
1956
2041
2106
2593
2120
1873
1884
1991
2048
3356
2144
2230
2215
1951
1923
2053
2111
2874
3467
2211
1902
1864
1928
2007
2007
2745
2129
1860
1888
2013
2075
2294
2973
2161
1876
1890
1967
2040
2826
2130
2648
2224
1933
1975
2037
3397
2141
2235
2221
1942
1883
1967
2032
3000
3654
2127
1824
1835
1948
1996
2146
2640
2084
1828
1899
1965
2065
3287
2182
3044
2249
1959
1986
2039
2121
2119
2665
2216
1934
1884
1972
2053
2863
3511
2146
1927
1937
2026
2117
2381
2871
2211
1943
1847
1946
2032
2640
3121
2139
1864
1891
1956
2054
2578
3556
2117
1850
1877
1931
2051
3011
2110
2930
2202
1933
1968
2043
3259
2120
2210
2219
1920
1905
2008
2082
2118
2724
2164
1902
1922
2050
2088
2086
3166
2191
1878
1907
2001
2112
2692
2178
2188
2276
1996
1987
2083
2149
2575
3009
2252
1958
1865
1941
3029
3399
2022
1782
1845
1938
2030
2932
3576
2134
1847
1862
1962
2046
2826
2133
2216
2218
1965
2012
2104
2204
2982
3406
2283
1999
1888
2033
2103
2685
3113
2188
1928
1946
2052
2132
3108
2217
2925
2321
2051
2018
2099
3149
3643
2157
1889
1783
1849
1992
3652
2077
2677
2169
1896
2010
3491
2069
2915
2195
1884
1862
1948
2018
2246
3409
2107
1825
1873
1976
3468
2037
2285
2142
1853
1947
2003
2996
3519
2069
1847
1806
1940
1984
2476
2884
2069
1799
1839
1921
2005
2221
2633
2072
1836
1860
1937
2027
2695
3557
2110
1821
1860
1946
2928
2034
2237
2165
1898
1984
2079
2153
2238
2427
3581
2291
2025
1950
2007
2098
2764
2189
2360
2286
1993
1974
2089
3563
2131
2703
2203
1923
1870
1943
2026
2258
2780
2164
328
1402
1652
1891
2443
1917
1951
1785
1802
1853
1922
2161
2272
1985
1894
1882
1867
1881
1947
2018
2594
2727
2091
1790
1710
1789
2438
2677
1871
1667
1752
2454
2630
1826
1639
1722
2487
2756
1798
1673
1761
2708
3011
1835
1648
1715
2967
3369
1780
1674
1747
2945
3422
1821
1676
1770
3170
1879
1887
1961
1770
1861
3187
1926
2046
2025
1730
1821
1880
3208
3525
1979
1690
1748
1835
3571
1897
2354
2003
1725
1816
3250
1887
2259
1982
1728
1815
2693
3023
1903
1664
1775
2792
3243
1846
1678
1795
3263
1831
2002
1940
1726
1829
2673
2991
1885
1672
1770
1840
2068
2608
1947
1771
1855
2667
2921
1932
1712
1775
1873
3538
3538
3871
3785
1969
2507
2513
329
1046
1241
1508
1915
1930
2290
2290
329
368
505
557
728
1297
1439
1718
1463
1746
1640
2229
2251
2274
2297
2163
2251
1891
1774
1805
1844
2106
2206
1885
1779
