204
101
6
6
231
349
474
630
788
948
1120
1248
1381
307
419
570
739
942
1175
1327
1561
1653
1890
2289
1706
1157
1122
1425
1789
2065
2320
2452
2775
2869
3084
3241
3364
3454
2407
2218
3232
3367
3422
3496
2911
3522
3543
3534
3597
3655
3669
3736
3332
3686
2259
3785
3705
3736
3594
3610
3659
3669
3670
3671
3752
3778
3268
3690
2667
3769
3755
3750
3683
3692
3658
2445
3584
3734
3741
3685
3655
3101
3699
2804
3720
3727
3674
3691
2863
3447
3709
3724
3670
3662
2760
302
397
468
2858
2177
2749
1905
1774
2612
3272
3411
2045
2366
2696
3556
3615
3612
3620
3662
2928
3453
3652
3656
3663
3656
2779
3169
3643
3652
3678
2941
3385
3659
3656
3650
2937
3605
3649
3656
3629
3005
3447
3693
3711
3700
3218
3648
2224
3720
3733
3698
3360
3718
2016
3646
3742
3662
3645
2859
3299
3719
3729
3690
3700
3577
3705
2213
3724
3643
3691
3703
3503
3713
2165
3723
3727
3696
3708
3645
2319
3425
3733
4020
423
557
607
3118
2281
1983
2752
2585
2137
2526
2757
2943
3049
3238
3333
3421
3167
3094
3165
3420
3358
3384
3313
3471
2999
3341
3549
3613
3538
3561
2654
3188
3612
3656
3623
2903
3333
3657
3692
3656
2945
3199
3687
3717
3691
3133
3411
3661
3732
3661
2866
3252
3706
3729
3643
3696
3720
2206
3652
3741
3712
3724
2267
3530
3736
3745
3707
3718
3730
2159
2995
3747
3751
3730
3673
2730
3675
3740
3759
3732
3658
3311
3661
3747
3675
3734
3649
3421
3729
2117
3739
3759
3733
3664
3226
3754
2145
3655
3759
3731
3657
3465
3735
2270
3753
3658
3726
3676
3407
3735
2268
3730
3748
3706
3722
3672
2114
2552
3755
3772
3677
3720
2952
3264
3727
3744
3713
3665
3240
3724
3197
3732
3740
3712
1966
3662
3748
3202
3754
3755
3742
3643
3737
2960
3746
2377
3761
3757
3731
3687
3457
3667
2267
3763
3684
3737
3653
3238
3577
3724
3736
3709
3661
2942
3676
3736
3667
3716
3663
3737
1974
3156
3664
3748
3720
3668
2149
2630
3739
3748
3702
3719
2046
2850
3734
3743
3713
3654
3732
2696
3318
3748
3749
3719
3674
3430
3726
2391
3731
3743
3703
3709
2987
3717
2042
3740
3761
3668
3690
3102
3467
3716
3745
3660
3693
3718
2675
3380
3634
3736
3679
3700
3726
2999
3741
2223
3749
3764
3717
3710
3726
2499
3283
3749
3735
3715
3704
3712
2069
2929
3587
3118
1884
1941
1610
2004
2462
2754
3092
3225
3093
2738
2691
3158
3432
3448
3329
3545
3170
3466
3607
3656
3607
3641
3083
3593
3663
3700
3666
3189
3633
3667
3710
3685
3344
3671
1998
3646
3727
3701
3000
3344
3710
3726
3703
3208
3670
1895
3641
3731
3708
3075
3651
1886
3734
3643
3705
3657
2002
2632
3726
3742
3705
3712
2411
3475
3717
3730
3702
3665
3249
3716
2222
3744
3761
3724
3651
2008
3126
1842
2088
1887
2064
2045
1438
911
957
1208
2459
1539
1794
1633
2085
2281
2580
2863
3007
3271
3376
3375
2489
2258
3250
3516
3492
3517
3546
3604
2043
2079
3655
3681
3630
3651
1895
1941
3671
3673
3675
1831
1880
3664
3667
3675
1777
1786
3670
3671
3667
1777
1803
3670
3667
3673
1805
1857
3665
3666
3670
1777
1820
3670
3665
3674
1799
1820
3665
3662
3673
1803
1832
3668
3663
3676
1818
1840
3672
3665
3672
1840
1897
3670
3670
3674
1851
1886
3670
3661
3676
1856
1888
3673
3666
3673
1847
1876
3671
3666
3673
1854
1915
3667
3666
3671
1858
1913
3664
3665
3675
1961
2057
3668
3668
3677
1995
2075
3668
3666
3674
1997
2065
3667
3668
3673
1916
1955
3663
3668
3674
1874
1917
3670
3667
3674
2014
2131
3673
3666
1949
1869
1922
3755
3658
3665
1920
1981
3666
3670
3671
1957
2009
3667
3665
3679
2038
2127
3671
3667
3673
2048
2130
3672
3659
3676
1967
2062
3667
3670
3676
1956
2015
3669
3672
3669
1940
1994
3671
3669
3674
2071
2145
3673
3670
3675
1953
2016
3669
3668
3666
1946
2039
3669
3666
3667
1957
2025
3670
3670
3673
1966
2041
3664
3665
3675
2006
2083
3660
3752
3671
2036
2117
3673
3666
3678
2091
2211
3661
3669
3673
1992
2092
3672
3665
3674
1985
2113
3673
3670
3674
1994
2097
3670
3667
3674
2010
2087
3674
3671
3671
2002
2078
3662
3668
3675
1977
2065
3675
3667
3670
2195
2315
3670
3665
3673
2208
2352
3668
3668
3675
2187
2274
3672
3666
3667
2022
2098
3659
3748
3673
2004
2119
3672
3665
3678
2022
2145
3670
3663
3675
2117
2217
3663
3672
3670
2216
2300
3662
3667
3675
2045
2143
3665
3671
3676
2044
2149
3673
3660
3679
2043
2128
3673
3666
3669
2224
2362
3668
3670
3674
2132
2235
3669
3659
3668
2039
2251
3670
3668
3679
2047
2167
3661
3669
3671
2235
2399
3669
3666
3675
2296
2446
3669
3669
3675
2048
2158
3669
3671
3675
2151
2266
3665
3668
3677
2115
2219
3672
3667
3676
2115
2262
3666
3661
3673
2112
2211
3672
3665
3675
2052
2190
3672
3663
3660
2098
2211
3673
3669
3669
2324
2446
3657
3751
3676
2232
2349
3667
3674
3678
2132
2259
3673
3670
3671
2224
2339
3667
3670
3676
2123
2306
3670
3663
3673
2152
2312
3668
3668
3669
2211
2370
3673
3662
3677
2138
2267
3675
3670
3673
2339
2489
3657
3754
3663
2228
2364
3668
3669
3675
2298
2504
3672
3669
3661
2329
2436
3666
3667
3675
2200
2378
3666
3670
3677
2171
2288
3670
3668
3674
2117
2265
3673
3667
3672
2118
2232
3670
3663
3673
2095
2220
3664
3752
3666
2218
2333
3664
3660
3733
2382
2601
3670
3666
3676
2162
2290
3672
3668
3675
2174
2330
3670
3671
3677
2206
2364
3662
3667
3674
2378
2599
3669
3668
3671
2150
2279
3671
3662
3674
2276
2408
3670
3664
3665
2192
2346
3667
3670
3672
2204
2328
3662
3669
3674
2191
2308
3671
3659
3733
2203
2429
3667
3667
3673
2228
2412
3674
3659
3673
2319
2492
3667
3667
3678
2177
2409
3677
3665
3662
2393
2631
3670
3659
3734
2323
2457
3674
3667
3674
2239
2395
3669
3663
3675
2250
2422
3671
3669
3673
2318
2532
3670
3670
3672
2229
2371
3666
3671
3674
2222
2408
3661
3663
3672
2258
2426
3668
3666
3672
2474
2712
3672
3673
3674
2353
2510
3668
3661
3678
2337
2475
3659
3755
3661
2377
2531
3671
3670
3676
2267
2405
3667
3668
3674
2317
2477
3673
3666
3672
2277
2486
3673
3667
3676
2328
2509
3671
3666
3672
2365
2525
3667
3668
3673
2295
2440
3674
3668
3676
2488
2742
3672
3664
3668
2534
2736
3671
3663
3662
2251
2377
3671
3667
3676
2280
2458
3672
3670
3676
2354
2519
3655
3750
3672
2456
2638
3663
3746
3730
2377
2572
3653
3746
3675
2535
2740
3675
3661
3675
2475
2658
3673
3670
3673
2289
2453
3661
3751
3671
2535
2818
3671
3661
3671
2445
2602
3674
3666
3669
2388
2556
3672
3666
3679
2388
2576
3659
3747
3733
2418
2643
3668
3660
3687
2526
2697
3666
3664
3670
2336
2546
3670
3669
3675
2300
2468
3672
3664
3668
2472
2614
3675
3671
3676
2312
2512
3668
3663
3674
2377
2537
3664
3664
3672
2457
2660
3667
3672
3676
2265
2434
3671
3662
3665
2289
2478
3673
3669
3671
2324
2484
3670
3669
3670
2507
2753
3658
3746
3674
2550
2752
3672
3672
3674
2482
2657
3672
3670
3674
2393
2599
3669
3667
3675
2501
2663
3665
3757
3671
2480
2770
3666
3674
3675
2278
2496
3661
3670
3667
2443
2599
3665
3661
3731
2360
2503
3665
3666
3668
2600
2876
3672
3668
3675
2460
2668
3674
3668
3668
2475
2695
3665
3649
3725
2441
2629
3667
3749
3670
2420
2600
3670
3662
3731
2481
2695
3667
3664
3673
2417
2585
3675
3667
3669
2349
2569
3667
3668
3662
2665
2904
3671
3672
3675
2639
2794
3673
3663
3668
2629
2936
3672
3659
3733
2438
2644
3668
3661
3680
2517
2719
3669
3660
3672
2658
2923
3658
3753
3672
2577
2856
3672
3670
3675
2693
2899
3669
3663
3669
2589
2773
3670
3663
3677
2416
2653
3664
3672
3670
2675
2895
3659
3747
3668
2546
2740
3664
3660
3725
2420
2594
3671
3658
3681
2510
2715
3664
3665
3675
2481
2694
3669
3663
3674
2382
2613
3677
3665
3665
2718
2891
3659
3749
3677
2469
2765
3661
3669
3676
2565
2780
3672
3662
3676
2712
2935
3672
3668
3668
2493
2779
3675
3659
3677
2637
2827
3669
3667
3676
2791
3122
3665
3655
3735
2354
2595
3668
3661
3681
2703
2901
3673
3655
3738
2528
2742
3671
3664
3671
2518
2700
3666
3658
3678
2639
2857
3671
3640
3720
2753
3057
3671
3662
3675
2449
2645
3669
3663
3665
2746
2942
3674
3658
3731
2615
2857
3667
3652
3728
2681
2917
3673
3658
3732
2516
2794
3672
3662
3673
2386
2764
3663
3667
3673
2634
2887
3666
3670
3667
2711
3034
3667
3671
3675
2390
2563
3668
3666
3671
2533
2815
3665
3659
3676
2573
2775
3659
3752
3676
2652
2928
3668
3663
3672
2493
2706
3669
3662
3673
2472
2730
3669
3671
3678
2676
2956
3654
3747
3668
2811
3134
3658
3753
3667
2542
2776
3669
3668
3677
2411
2797
3661
3748
3737
2839
3118
3659
3753
3672
2670
2964
3675
3662
3667
2787
3064
3668
3669
3669
2677
3054
3673
3667
3671
2433
2666
3665
3674
3672
2758
3099
3673
3667
3676
2531
2739
3664
3669
3672
2614
2888
3669
3665
3673
2568
2771
3663
3657
3731
2652
2885
3666
3663
3672
2662
2893
3671
3653
3724
2591
2907
3667
3749
3667
2567
2792
3665
3668
3663
2744
2996
3670
3670
3658
2776
3042
3666
3668
3649
2829
3079
3729
3660
3664
2892
3100
3662
3748
3661
2612
2982
3672
3672
3669
2684
3054
3670
3665
3672
2513
2885
3670
3668
3672
2500
2816
3668
3661
3673
2538
2868
3676
3662
3672
2771
2998
3675
3663
3667
2741
3049
3668
3667
3675
2845
3035
3659
3754
3675
2490
2802
3666
3667
3672
2710
3067
3674
3666
3663
2744
2886
3666
3663
3674
2409
2689
3673
3661
3666
2840
3086
3667
3663
3676
2601
2914
3670
3663
3729
2542
2866
3662
3745
3729
3062
3344
3652
3751
3671
2907
3141
3657
3751
3673
2481
2826
3673
3671
3658
2506
2861
3676
3669
3673
2895
3319
3665
3655
3674
2927
3223
3665
3668
3667
2585
2916
3664
3659
3730
2975
3309
3667
3664
3674
2910
3221
3666
3655
3724
2963
3353
3665
3746
3667
2979
3235
3661
3668
3671
2872
3140
3656
3746
3665
2950
3185
3662
3672
3670
2923
3247
3669
3660
3671
2624
2861
3666
3666
3669
2653
2907
3670
3668
3667
2833
3088
3669
3655
3728
2983
3333
3667
3657
3679
2849
3146
3666
3658
3670
2799
3168
3669
3667
3676
2561
2904
3666
3665
3659
2889
3152
3666
3741
3727
2989
3316
3668
3668
3676
2912
3208
3660
3750
3655
2885
3224
3661
3659
3724
2644
2908
3668
3662
3677
2929
3259
3655
3743
3665
2946
3276
3660
3744
3731
2501
2715
3657
3753
3669
2602
2845
3671
3650
3728
2822
3088
3666
3754
3674
2614
2829
3665
3654
3727
2979
3292
3672
3658
3670
2937
3213
3672
3669
3670
2937
3200
3670
3666
3668
2941
3241
3661
3671
3661
2631
2959
3665
3671
3672
2902
3218
3664
3748
3669
2906
3149
3674
3667
3668
2974
3376
3660
3732
3721
2957
3310
3666
3662
3666
2904
3309
3664
3739
3670
2885
3383
3669
3661
3731
2967
3276
3656
3749
3657
2853
3294
3646
3741
3670
2861
3096
3666
3662
3674
2660
2973
3664
3744
3727
3024
3382
3668
3668
3677
2936
3365
3668
3657
3725
2969
3355
3665
3673
3679
2714
2967
3668
3664
3665
2779
3055
3667
3667
3667
2935
3323
3669
3665
3676
2966
3313
3666
3672
3673
3016
3290
3672
3658
3735
2997
3512
3667
3750
3731
2976
3407
3652
3745
3724
3039
3332
3664
3745
3725
2658
2948
3668
3666
3675
2599
2818
3669
3662
3660
2933
3212
3667
3657
3729
2622
3088
3664
3754
3666
2933
3382
3669
3671
3662
2997
3284
3655
3739
3730
3002
3441
3660
3753
3661
2620
2914
3668
3668
3665
3019
3368
3666
3668
3677
2600
2986
3670
3658
3670
2989
3397
3663
3662
3674
2696
3102
3662
3664
3661
3127
3427
3657
3740
3731
2651
3062
3667
3755
3676
2657
2982
3668
3669
3679
2774
3091
3666
3666
3669
2594
2970
3662
3746
3667
3004
3460
3662
3671
3680
2981
3257
3667
3665
3669
2577
3105
3668
3669
3671
2569
2874
3669
3661
3734
2728
3077
3661
3746
3728
3131
3517
3659
3745
3668
2625
2990
3664
3659
3730
3187
3534
3649
3743
3676
2619
3122
3671
3650
3730
3035
3355
3669
3662
3663
3038
3412
3666
3666
3666
2993
3476
3659
3744
3657
2984
3290
3666
3660
3731
2656
3072
3670
3675
3667
2598
2928
3670
3661
3676
2588
2998
3660
3752
3670
2660
3124
3670
3663
3679
3032
3348
3666
3754
3663
2637
2933
3667
3667
3678
3013
3452
3669
3661
3668
2676
3032
3672
3664
3666
2700
3034
3664
3658
3738
2700
3039
3669
3662
3675
2547
2835
3669
3663
3664
3026
3289
3670
3663
3671
2633
2959
3664
3665
3665
3049
3555
3663
3745
3736
3093
3516
3667
3664
3669
3064
3537
3667
3661
3675
2698
3134
3668
3667
3677
3082
3490
3670
3654
3742
3048
3462
3666
3760
3672
3104
3543
3661
3657
3727
3092
3555
3670
3668
3668
2981
3461
3675
3670
3657
3048
3509
3664
3673
3669
2414
2621
3667
3656
3725
2691
3037
3665
3655
3720
3052
3528
3658
3746
3673
3107
3403
3667
3661
3673
3065
3532
3667
3668
3669
2996
3498
3658
3747
3667
3123
3537
3654
3744
3730
3221
3663
1857
3659
3758
3672
3112
3465
3666
3748
3731
2642
3326
3668
3670
3684
3020
3319
3668
3661
3677
3118
3426
3666
3657
3727
2720
3070
3668
3663
3674
2503
2817
3659
3739
3722
2725
3108
3657
3736
3716
2723
3165
3665
3670
3670
2607
2960
3675
3662
3670
2625
2971
3669
3651
3728
2812
3182
3650
3745
3661
2673
3002
3672
3660
3733
3136
3510
3672
3661
3671
3031
3526
3667
3665
3674
3074
3610
3668
3664
3677
2647
3048
3665
3669
3674
2697
3027
3677
3674
3671
3071
3591
3663
3742
3732
3166
3658
1910
3750
3761
3669
2754
3119
3670
3677
3678
2778
3308
3664
3659
3725
3161
3672
1839
3654
3750
3735
3189
3669
1892
3667
3749
3728
3296
3610
3658
3745
3731
3207
3659
3671
3671
3664
3142
3476
3662
3655
3727
3200
3530
3658
3745
3676
2688
3018
3668
3660
3735
3203
3512
3657
3745
3733
3179
3481
3667
3660
3726
3122
3638
3664
3744
3729
3146
3652
1945
3745
3676
3675
2812
3218
3668
3750
3670
2837
3362
3665
3663
3727
3224
3664
1939
3743
3754
3744
3319
3669
1927
3764
3669
3730
3674
3210
3574
3750
3653
3721
3669
3169
3679
1917
3664
3757
3723
3282
3736
2023
3747
3745
3725
3212
3670
2025
3753
3672
3734
3672
3330
3752
1975
3661
3772
3692
3675
2805
3334
3675
3661
3723
3667
3176
3737
1981
3753
3670
3732
2776
3166
3672
3757
3672
2631
2922
3677
3658
3729
2741
3165
3663
3641
3721
3125
3585
3673
3641
3715
2615
2979
3667
3661
3727
2774
3234
3664
3750
3731
2813
3336
3664
3748
3725
3190
3670
1880
3656
3760
3680
3136
3622
3672
3660
3723
3139
3667
1882
3740
3758
3666
3212
3554
3676
3670
3727
3240
3668
1936
3744
3758
3678
3217
3663
1947
3757
3764
3744
2554
2838
3664
3759
3673
3666
3240
3660
1913
3749
3760
3739
3437
3665
2279
3765
3675
3732
3663
3210
3589
3750
3767
3668
3668
3536
3748
2095
3671
3672
3734
3271
3627
3675
3754
3726
3223
3657
1916
3750
3661
3732
3393
3669
2148
3752
3759
3731
3311
3682
1968
3660
3760
3736
3658
3457
3751
2248
3760
3765
3740
3674
3295
3671
2196
3682
3691
3689
3678
2805
3181
3671
3653
3729
3493
3658
2146
3741
3754
3738
3289
3651
3667
3758
3721
3665
3220
3708
3748
3668
3732
3667
3184
3746
1940
3747
3764
3740
3674
3235
3673
2091
3667
3771
3687
3679
3294
3645
3662
3758
3732
3663
3201
3745
2009
3759
3677
3736
3677
3226
3672
1966
3676
3672
3727
3671
3271
3741
2002
3758
3660
3730
3668
3588
3748
2328
3754
3754
3739
3686
2914
3215
3660
3745
3720
3668
3374
3680
3736
3747
3727
2772
3166
3672
3750
3728
3161
3655
1837
3746
3670
3737
3400
3674
1994
3762
3665
3735
3563
3669
2088
3744
3761
3731
3304
3666
2061
3753
3761
3728
3743
3425
3677
2094
3674
3690
3687
3680
2764
3092
3670
3672
3671
2695
3051
3663
3739
3723
2860
3215
3664
3747
3655
3174
3728
1873
3659
3747
3737
2939
3673
2160
3664
3771
3681
3670
2989
3577
3751
3755
3735
3660
3361
3749
2252
3658
3765
3671
3676
3191
3567
3667
3686
3683
3669
2722
3262
3656
3745
3725
3246
3644
1990
3736
3752
3664
3667
1981
2756
3746
3752
3726
3333
3658
2261
3749
3678
3727
3678
3427
3673
2296
3671
3678
3690
3670
3200
3750
1965
3673
3777
3673
3473
3665
2262
3746
3757
3736
3283
3671
2114
3760
3653
3722
3677
3380
3668
2150
3664
3760
3731
3676
3263
3663
2047
3757
3760
3739
3680
3298
3602
3666
3773
3675
3656
2807
3297
3745
3663
3726
2690
3202
3678
3645
3721
3235
3647
1952
3724
3742
3662
3059
3387
3675
3670
3677
3148
3674
1807
3663
3657
3734
3355
3673
2235
3665
3770
3678
2823
3491
3667
3673
3671
3082
3612
3666
3749
3660
2843
3413
3659
3665
3722
3416
3658
2076
3744
3665
3734
3434
3672
2233
3741
3765
3677
3380
3676
1920
3674
3671
3733
2787
3241
3667
3747
3721
2819
3196
3657
3742
3726
3627
3655
2141
3743
3665
3729
3355
3671
2058
3748
3757
3737
3309
3659
2125
3747
3670
3725
3662
3115
3525
3745
3674
3728
3670
3417
3749
2191
3666
3769
3683
3663
3751
1982
2526
3672
3776
3682
3675
2647
3073
3747
3754
3720
3663
2830
3301
3744
3662
3724
3649
2868
3384
3738
3662
3722
3673
3444
3648
2045
3753
3683
3685
3678
2890
3246
3652
3757
3670
3664
2997
3313
3666
3649
3719
3373
3669
2080
3652
3752
3674
3125
3447
3669
3756
3668
2537
2883
3657
3657
3731
3364
3664
2030
3744
3756
3732
3249
3651
3743
3761
3667
3672
3325
3657
2002
3755
3759
3735
3350
3654
2020
3744
3745
3725
3668
3350
3740
2258
3752
3759
3733
3664
2889
3568
3750
3684
3681
3679
2963
3541
3655
3754
3663
2986
3434
3666
3662
3720
3169
3630
3673
3663
3667
2822
3381
3667
3661
3666
2617
3037
3671
3653
3734
3537
3673
2109
3646
3745
3726
3405
3673
2270
3644
3758
3673
3679
3352
3658
2037
3756
3760
3739
3667
3583
3741
3146
3756
3753
3739
3682
3379
3663
2214
3764
3665
3729
3674
2819
3191
3741
3753
3723
3658
3172
3736
1970
3754
3675
3737
3671
3444
3748
2296
3752
3755
3735
3670
3645
3751
2493
3763
3755
3737
3670
3358
3734
3746
3762
3734
3670
2851
3239
3665
3669
3727
3664
3069
3573
3747
3659
3723
3063
3417
3649
3734
3660
2705
3025
3664
3736
3720
3390
3668
2010
3658
3757
3660
2758
3130
3734
3752
3665
2680
3470
3676
3657
3726
2810
3134
3662
3744
3726
2969
3663
1853
3752
3655
3724
3322
3670
2235
3743
3761
3732
3336
3678
2161
3653
3764
3681
3671
3235
3659
2015
3751
3747
3727
3668
3338
3753
2044
3663
3765
3745
3665
3295
3759
1987
3671
3777
3689
3678
3467
3661
2147
3763
3656
3720
3665
3290
3736
2008
3750
3750
3735
3666
3372
3756
2386
3662
3771
3689
3668
2843
3230
3746
3741
3724
3666
3182
3482
3666
3680
3674
3655
3082
3448
3740
3669
3722
2849
3365
3677
3649
3712
3239
3665
1908
3664
3662
3730
3561
3661
2125
3749
3749
3733
3005
3439
3667
3754
3662
3660
3530
3740
2266
3658
3758
3685
3267
3663
2118
3748
3745
3726
2946
3458
3666
3740
3711
3671
3354
3652
3654
3746
3707
3723
3468
3738
2194
3752
3752
3734
3666
3403
3753
2083
3671
3758
3738
3679
3370
3666
2198
3747
3766
3735
3673
3294
3743
2074
3748
3762
3731
3678
3643
3747
2273
3765
3732
3718
3679
3575
3735
2269
3754
3740
3718
3723
3466
3735
2118
3754
3750
3735
3662
3011
3413
3749
3662
3724
3664
2858
3358
3742
3734
3712
3657
3374
3734
2135
3670
3760
3686
3659
3262
3742
2079
3669
3762
3739
3668
3001
3397
3747
3761
3734
3660
2558
3076
3746
3663
3724
3669
2919
3431
3745
3753
3723
3651
3532
3742
2382
3664
3764
3678
3677
2882
3170
3662
3751
3725
3646
3401
3731
2168
3746
3759
3733
3662
3750
2015
2670
3674
3761
3734
3682
3573
3659
2320
3752
3764
3726
3741
3668
1980
2527
3767
3659
3736
3677
3590
3744
2242
3753
3749
3724
3739
2928
3474
3658
3753
3716
3672
2876
3342
3662
3740
3720
2667
3207
3663
3731
3721
3602
3660
2316
3740
3747
3726
3669
2023
2661
3749
3752
3713
3727
3018
3740
2035
3757
3746
3725
3674
3301
3675
3733
3752
3729
3650
3376
3728
2144
3742
3759
3736
3667
3374
3752
2213
3767
3767
3746
3684
3664
2150
2758
3754
3756
3737
3683
3008
3626
3660
3754
3724
3662
2889
3493
3737
3739
3717
3652
3484
3740
2170
3672
3751
3724
3683
3673
2149
2753
3753
3753
3729
3678
3603
3669
2304
3756
3670
3734
3672
3482
3742
2130
3751
3752
3721
3728
3532
3738
2161
3754
3756
3732
3681
3319
3675
2176
3666
3761
3730
3665
3741
2117
2699
3741
3755
3727
3673
3208
3744
2148
3749
3763
3736
3665
3424
3754
2249
3677
3773
3685
3677
3101
3583
3661
3741
3711
3674
2924
3309
3656
3738
3706
3721
3455
3737
2182
3754
3665
3727
3675
3370
3748
1993
3678
3770
3734
3667
2926
3345
3756
3682
3732
3651
2932
3396
3740
3663
3704
2586
3006
3718
3729
3713
3031
3349
3653
3737
3666
2598
3080
3708
3720
3709
3666
1874
2200
3739
3753
3729
2861
3265
3669
3749
3722
3659
2768
3088
3742
3660
3713
3670
3373
3731
2159
3745
3752
3720
3739
3600
3666
2408
3758
3761
3744
3664
3332
3742
2073
3755
3759
3735
3674
2938
3731
3751
3752
3729
3669
3734
2053
2611
3749
3743
3725
3670
2919
3547
3743
3751
3720
3644
3730
1948
2585
3667
3757
3732
3659
3168
3746
2146
3758
3764
3726
3730
3741
2629
3627
3751
3742
3721
3733
3677
2024
2418
3660
3755
3730
3668
3434
3732
2186
3744
3744
3718
3673
3746
2195
3401
3759
3761
3726
3730
3660
2548
3418
3748
3751
3721
3663
2964
3598
3742
3654
3707
3714
3723
2230
2656
3730
3747
3723
3668
3527
3741
2385
3659
3760
3735
3669
3347
3743
2039
3737
3752
3731
3673
2834
3272
3738
3750
3725
3675
3349
3737
2212
3746
3748
3724
3732
2950
3718
3744
3749
3734
3668
3360
3730
2241
3743
3745
3714
3725
2980
3257
3736
3751
3719
3659
3631
3725
2341
3731
3743
3720
3666
1940
2804
3742
3750
3715
3659
3738
2131
2808
3655
3754
3727
3677
2944
3472
3664
3759
3668
3660
3475
3735
2436
3650
3752
3668
2865
3221
3669
3743
3715
2778
3122
3668
3662
3656
3729
2047
2597
3647
3747
3665
3167
3647
3727
3745
3666
3720
3725
2156
2874
3734
3740
3708
3717
3730
2051
2608
3740
3751
3727
3677
3456
3672
2082
3674
3770
3670
3668
3725
2343
3133
3739
3748
3718
3677
3658
2011
2477
3747
3753
3727
3668
3729
2022
2996
3740
3748
3719
3655
3322
3730
2487
3738
3753
3724
3669
2947
3269
3735
3741
3712
3649
3517
3723
2343
3739
3725
3717
3681
3736
2228
2707
3753
3747
3723
3688
3661
2067
2705
3749
3751
3725
3665
3611
3737
2341
3753
3752
3724
3682
3032
3374
3664
3758
3686
3655
2626
2997
3734
3743
3730
2939
3279
3657
3742
3707
3706
2361
3129
3717
3730
3714
2738
3152
3656
3743
3665
3716
3716
2068
2619
3732
3742
3717
3631
3722
2026
2526
3678
3751
3733
3665
3727
1989
2971
3749
3668
3737
3670
2926
3439
3742
3753
3710
3728
3655
2172
2722
3738
3748
3720
3672
3666
2538
3579
3747
3753
3724
3675
3737
2511
3487
3751
3753
3731
3653
3722
3162
3613
3740
3759
3729
3665
2856
3748
2102
3680
3760
3723
3716
3500
3724
2247
3737
3744
3709
3724
3178
3658
2213
3747
3669
3724
3672
2895
3733
2839
3749
3745
3717
3724
3745
2173
2877
3673
3731
3715
3683
3670
1968
2946
3674
3682
3733
3675
3740
2087
2797
3747
3750
3724
3732
3671
2989
3751
2331
3735
3756
3730
3670
3481
3723
2528
3734
3743
3710
3711
3344
3726
2144
3748
3677
3732
3687
2897
3207
3659
3756
3690
3666
3674
3726
2234
3740
3645
3707
3665
2264
3090
3732
3745
3727
3668
3066
3562
3750
3660
3710
3713
3725
2173
2779
3741
3745
3717
3664
3707
3741
3346
3682
3674
3729
3684
3566
3742
2480
3686
3651
3726
3665
3726
2675
3256
3740
3752
3716
3723
3301
3731
2271
3755
3672
3730
3664
3233
3730
2678
3738
3759
3679
3681
3287
3661
2596
3740
3756
3693
3668
3264
3730
1990
3739
3753
3721
3717
3732
3008
3746
2466
3764
3751
3733
3677
3188
3736
2149
3751
3775
3671
3720
3402
3736
2167
3761
3672
3735
3671
3363
3745
2158
3666
3745
3722
3662
3728
2420
3606
3748
3754
3724
3689
3662
2051
2873
3737
3736
3710
3676
3719
3413
3725
2726
3744
3743
3720
3669
3732
2124
3128
3748
3758
3731
3677
3738
2875
3743
2189
3753
3762
3734
3648
3726
2215
2763
3739
3756
3731
3679
3507
3669
2277
3741
3742
3715
3674
3666
2507
3365
3735
3752
3726
3679
3654
1979
3145
3751
3681
3712
3711
3728
2787
3335
3744
3761
3686
3648
3727
2306
2749
3738
3750
3723
3672
3524
3726
2198
3742
3754
3721
3724
3733
2435
3445
3737
3752
3713
3700
3703
3713
2586
3724
3750
3670
3712
3731
2111
3171
3749
3724
3718
3672
3728
2990
3732
2167
3743
3762
3710
3708
3723
2613
3459
3737
3758
3733
3663
3716
3432
3726
2591
3744
3766
3725
3725
3321
3741
2221
3753
3773
3730
3723
3656
2276
2682
3744
3692
3683
3674
3730
2039
3303
3743
3734
3701
3707
3726
2073
2579
3731
3742
3701
3703
3722
2920
3734
2389
3749
3765
3724
3728
3664
3317
3729
3753
3762
3725
3719
3732
2471
3739
2484
3756
3733
3715
3670
3355
3731
2202
3749
3759
3725
3673
3729
3509
3753
2451
3656
3773
3697
3684
3743
3027
3751
2472
3754
3745
3737
3694
3651
2892
3512
3748
3756
3739
3678
3729
3109
3677
3747
3746
3727
3690
3635
2999
3539
3726
3742
3712
3715
3367
3721
2198
3733
3747
3701
3714
3666
3108
3740
2411
3747
3742
3728
3651
3721
2394
2816
3740
3751
3719
3413
3117
1766
1588
1915
1719
2391
2628
2937
3189
3157
2507
2255
3055
3383
3396
3347
3525
2261
2350
3591
3646
3593
3614
2347
2457
3661
3672
3659
2613
2926
3663
3664
3665
2799
3174
3670
3650
3701
2598
2857
3670
3658
3661
2510
2687
3662
3649
3715
2691
3017
3665
3658
3725
2599
2969
3661
3747
3651
3059
3526
3735
3659
3723
3090
3652
1851
3726
3740
3715
3200
3726
1977
3744
3750
3725
3671
3363
3751
2269
3656
3750
3715
3662
2984
3604
3736
3676
3717
3657
3120
3650
3734
3646
3705
3657
1948
2782
3718
3724
3712
3659
2268
2796
3740
3662
3713
3657
3725
2193
2798
3739
3755
3721
3718
3708
3738
2669
3659
3754
3731
2316
2347
2509
3641
409
492
545
3127
2229
1876
2903
2576
2144
2146
434
505
549
1141
1346
904
1642
1888
1310
1845
2312
2519
2853
2941
2390
1984
2598
2638
2753
2935
3057
3231
3338
3395
2235
2306
3472
