204
101
6
6
233
345
474
631
787
944
1116
1262
1375
307
421
579
748
956
1194
1334
1537
1657
1881
2197
1641
1223
1162
1497
1777
2063
2313
2467
2796
2911
3090
3263
2726
2403
2234
3182
3269
3318
3411
2827
3483
3508
3527
3595
3652
3680
3679
3337
3763
2273
3681
3770
3726
3663
3601
3659
3704
3740
3750
3703
3761
2762
3760
3772
3750
3685
3649
3709
2341
3135
3723
3735
3697
3654
3516
3710
2462
3716
3718
3688
3684
3647
2477
3683
1977
3701
3722
3688
3704
3552
3666
2326
3724
2808
315
388
476
2858
2314
2714
2080
2042
2578
3304
3394
1960
2521
2801
3557
3616
3572
3625
2872
3232
3659
3650
3641
3650
2710
3014
3650
3647
3677
3585
3638
2178
3710
3726
3706
3309
3661
1901
3651
3750
3658
3657
3172
3643
1804
3725
3741
3706
3636
3083
3725
2027
3653
3734
3705
3658
2777
3130
3721
3737
3702
3652
3338
3716
2199
3731
3734
3711
3654
3724
1894
2193
3929
415
496
554
3112
2407
1974
2688
2224
2556
2765
3066
3179
3320
3421
3131
3010
3165
3464
3439
3495
3467
3574
3123
3565
3629
3661
3605
3630
2901
3215
3655
3700
3656
3244
3666
1947
3711
3732
3698
3634
3718
2209
3737
3730
3695
3670
3289
3733
2143
3743
3744
3708
3651
3307
3699
3729
3752
3665
3663
3718
2004
2558
3734
3750
3718
3655
3657
2294
3742
3746
3717
3674
3657
2071
2695
3747
3747
3735
3665
3524
3736
2391
3749
3751
3723
3669
3604
3734
2246
3749
3752
3718
3723
3538
3742
2318
3750
3763
3727
3720
3703
3733
2658
3744
3742
3723
3671
3050
3426
3732
3746
3708
3709
2876
3234
3722
3733
3704
3673
3123
3495
3653
3744
3722
3652
3664
3730
2202
3745
3759
3732
3658
3518
3740
2682
3754
3774
3662
3717
3144
3494
3730
3748
3696
3694
3709
2520
3481
3723
3739
3713
3713
3721
2876
3731
2237
3745
3757
3720
3716
3728
2478
3046
3740
3750
3718
3711
3719
2686
3232
3728
3740
3703
3667
3713
2170
2819
3726
3739
3707
3665
3208
3592
3714
3729
3709
3677
3359
3629
2212
3732
3663
3704
3721
3574
3634
2358
3727
3748
3712
3654
3718
3010
3476
3730
3754
3713
3707
3719
2973
3404
3735
3752
2570
3120
1806
2041
2184
2243
2847
3030
3231
3078
2690
2680
3224
3486
3505
3323
3602
3057
3358
3655
3681
3661
3654
2990
3591
3690
3715
3688
3257
3711
2036
3728
3734
3711
2794
3436
3660
3738
3713
3640
2787
3713
2091
3727
3744
3710
3719
2122
3132
3728
3751
3683
3651
3719
2071
2761
3739
3661
3709
3646
3500
3722
2200
3672
3747
3722
3653
2765
3367
3723
3740
3698
3699
3718
3170
3738
2556
3738
3755
3715
3732
3733
2174
2784
3754
3667
3708
3688
3663
3705
2747
3707
3724
3688
3693
2751
2751
4070
3907
3330
1685
3130
1740
1518
2009
1857
2391
2553
2872
3208
3044
2649
2528
3163
3444
3455
3513
3569
2894
3244
3620
3667
3633
3660
3146
3662
2172
3709
3736
3700
3649
3134
3734
2075
3658
3760
3729
3677
3667
1969
2575
3765
3669
3727
3675
3072
3508
3746
3752
3717
3708
3173
3699
3725
3740
3710
3665
3161
3643
3727
3745
3667
3638
2965
3461
3721
3689
3640
3698
2137
2710
3712
3725
3695
3703
3092
3718
2342
3723
3747
2490
428
575
626
3122
2527
1855
2562
1840
1841
432
503
565
1891
2169
1526
1991
1940
2197
2503
2811
3104
3256
3390
3269
2559
2316
3274
3550
3525
3559
3469
3628
2098
2126
3674
3685
3659
3678
1911
1957
3669
3673
3678
1833
1862
3672
3666
3672
1772
1785
3666
3666
3674
1776
1796
3671
3667
3672
1842
1884
3671
3668
3674
1802
1827
3670
3666
3669
1823
1841
3671
3665
3674
1801
1823
3672
3667
3674
1820
1843
3664
3669
3671
1825
1852
3668
3666
3672
1823
1867
3671
3664
3672
1879
1937
3655
3746
3672
1982
2060
3666
3663
3676
1960
2004
3674
3663
3672
1883
1946
3672
3667
3676
1859
1901
3673
3666
3673
1880
1935
3673
3666
3674
1865
1960
3671
3667
3674
1879
1927
3671
3666
3668
1957
2034
3673
3668
3672
2049
2108
3679
3668
3673
2051
2114
3668
3664
3672
1908
1971
3666
3670
3666
1931
1992
3671
3671
3675
1958
2013
3670
3667
3668
1909
1987
3671
3663
3672
1932
1988
3665
3668
3674
1922
1971
3669
3667
3674
1962
2013
3670
3667
3676
1963
2007
3672
3665
3667
1951
2018
3667
3667
3675
1972
2025
3656
3748
3671
2181
2262
3666
3670
3676
1993
2092
3669
3666
3667
1989
2058
3671
3668
3672
2021
2157
3663
3661
3673
2118
2277
3675
3665
3665
1951
2023
3672
3663
3675
1966
2068
3669
3666
3673
2006
2167
3666
3667
3677
2169
2294
3665
3665
3673
2152
2282
3672
3665
3675
2201
2358
3667
3663
3678
2246
2323
3666
3666
3665
2053
2123
3671
3672
3673
2074
2155
3661
3664
3670
2067
2165
3664
3669
3674
2023
2115
3675
3671
3665
2081
2174
3669
3664
3674
2039
2111
3666
3670
3674
2056
2142
3668
3655
3728
2093
2171
3670
3663
3672
2037
2129
3668
3665
3673
2089
2204
3664
3668
3673
2130
2222
3665
3665
3671
2091
2170
3669
3665
3673
1979
2102
3670
3661
3671
2054
2157
3666
3666
3672
2048
2157
3669
3660
3677
2109
2198
3672
3668
3669
2138
2264
3668
3665
3674
2078
2193
3669
3665
3674
2104
2251
3671
3661
3674
2125
2255
3664
3665
3673
2118
2244
3667
3664
3672
2128
2212
3665
3662
3670
2181
2277
3669
3668
3671
2136
2231
3672
3663
3671
2066
2205
3668
3665
3666
2073
2185
3670
3667
3673
2326
2525
3661
3749
3669
2178
2318
3664
3671
3677
2145
2266
3664
3752
3672
2325
2492
3669
3666
3672
2105
2196
3676
3662
3737
2219
2362
3667
3667
3667
2128
2247
3666
3662
3667
2190
2299
3661
3663
3672
2352
2523
3664
3666
3663
2317
2562
3671
3665
3670
2374
2579
3671
3666
3672
2183
2310
3672
3662
3675
2228
2371
3669
3667
3668
2198
2315
3668
3666
3669
2170
2350
3672
3655
3725
2446
2573
3662
3749
3671
2280
2420
3663
3662
3677
2144
2299
3670
3666
3671
2381
2599
3664
3666
3674
2192
2356
3672
3670
3651
2403
2582
3732
3664
3730
2315
2447
3663
3752
3665
2244
2365
3667
3670
3669
2406
2539
3672
3662
3669
2404
2527
3669
3664
3674
2121
2230
3672
3663
3664
2234
2395
3667
3671
3673
2446
2646
3671
3664
3670
2267
2395
3670
3664
3674
2347
2474
3666
3669
3671
2228
2375
3669
3668
3668
2250
2413
3670
3670
3666
2273
2398
3668
3668
3669
2198
2344
3661
3661
3734
2309
2478
3667
3663
3676
2306
2422
3674
3667
3677
2194
2345
3655
3752
3660
2177
2314
3669
3675
3675
2224
2386
3666
3664
3675
2321
2626
3659
3752
3668
2515
2758
3668
3665
3677
2312
2480
3657
3752
3671
2214
2351
3671
3659
3727
2314
2488
3669
3658
3672
2372
2526
3659
3746
3670
2433
2674
3662
3664
3672
2491
2732
3655
3742
3671
2343
2476
3665
3668
3677
2191
2339
3669
3663
3671
2237
2364
3667
3659
3664
2182
2406
3672
3657
3733
2278
2534
3668
3663
3677
2273
2480
3668
3663
3673
2307
2435
3671
3664
3675
2288
2457
3668
3661
3670
2288
2428
3660
3751
3669
2384
2500
3659
3749
3660
2560
2790
3668
3664
3671
2624
2830
3666
3668
3673
2567
2732
3659
3747
3663
2633
2792
3661
3746
3670
2581
2775
3663
3656
3726
2371
2603
3667
3664
3673
2410
2514
3660
3749
3668
2291
2441
3669
3662
3670
2198
2350
3674
3662
3671
2312
2506
3668
3665
3669
2361
2535
3671
3669
3670
2378
2558
3673
3665
3663
2342
2523
3669
3666
3670
2334
2572
3664
3667
3659
2529
2795
3665
3662
3728
2374
2554
3666
3753
3671
2640
2780
3656
3752
3672
2262
2436
3668
3665
3671
2446
2619
3670
3663
3671
2363
2460
3668
3666
3668
2333
2566
3670
3664
3672
2403
2574
3661
3656
3729
2329
2565
3670
3665
3676
2582
2841
3675
3668
3664
2564
2711
3666
3669
3657
2347
2632
3667
3666
3674
2350
2552
3668
3664
3673
2392
2546
3664
3660
3675
2267
2459
3669
3651
3722
2436
2588
3668
3668
3668
2464
2735
3664
3670
3672
2526
2697
3666
3668
3672
2420
2564
3666
3671
3672
2470
2666
3668
3669
3673
2500
2655
3672
3667
3670
2398
2639
3664
3667
3672
2389
2558
3670
3668
3662
2528
2715
3668
3669
3666
2432
2732
3665
3666
3669
2671
2957
3671
3670
3667
2715
3010
3668
3666
3674
2539
2745
3671
3672
3672
2508
2760
3666
3665
3668
2586
2752
3668
3669
3651
2343
2537
3731
3745
3669
2440
2643
3669
3669
3669
2437
2586
3667
3663
3672
2689
2864
3670
3663
3733
2509
2733
3670
3668
3665
2416
2597
3661
3745
3674
2440
2688
3666
3663
3729
2369
2640
3671
3654
3731
2710
3050
3666
3665
3664
2640
2935
3663
3665
3676
2510
2812
3672
3663
3676
2741
3026
3667
3664
3675
2605
2788
3672
3666
3668
2366
2603
3676
3658
3718
2452
2686
3734
3662
3674
2405
2562
3671
3664
3669
2658
2987
3672
3669
3672
2612
2895
3663
3753
3668
2676
2957
3664
3667
3673
2414
2617
3671
3662
3673
2723
3027
3663
3659
3735
2722
2918
3668
3662
3677
2505
2677
3663
3747
3669
2598
2819
3670
3653
3725
2705
2942
3665
3751
3668
2622
2845
3671
3663
3677
2662
2910
3661
3751
3669
2806
3097
3666
3669
3677
2528
2807
3667
3664
3652
2352
2590
3736
3658
3728
2465
2763
3661
3741
3725
2608
3030
3660
3747
3670
2409
2753
3663
3661
3670
2732
2962
3675
3655
3727
2831
3079
3663
3755
3662
2667
2963
3665
3650
3714
2645
2936
3675
3658
3671
2624
2887
3661
3669
3669
2717
2987
3669
3663
3672
2894
3193
3663
3660
3673
2665
2866
3668
3662
3673
2337
2587
3663
3660
3671
2439
2637
3670
3668
3666
2429
2699
3674
3658
3725
2486
2699
3670
3655
3726
2553
2806
3670
3664
3663
2809
3129
3659
3742
3655
2752
3055
3730
3744
3729
2756
3069
3658
3740
3726
2959
3291
3655
3743
3671
2584
2738
3666
3668
3679
2629
2939
3662
3657
3730
2729
3004
3672
3664
3673
2712
2948
3660
3743
3732
2911
3249
3661
3759
3662
2746
3040
3666
3661
3662
2744
2999
3665
3659
3726
2671
2873
3653
3748
3674
2770
2935
3661
3749
3661
2777
2995
3671
3669
3661
2707
2944
3672
3660
3731
2566
2921
3657
3746
3668
2838
3047
3645
3740
3660
2831
3083
3663
3665
3671
2646
2954
3665
3663
3664
2575
2812
3669
3666
3656
2649
2865
3663
3662
3723
2804
3210
3672
3665
3670
2515
2754
3671
3662
3673
2764
3061
3663
3671
3668
2708
2994
3666
3668
3663
2820
3035
3661
3744
3726
2584
2800
3662
3737
3715
2981
3354
3661
3749
3656
2904
3278
3726
3744
3666
2946
3327
3651
3749
3668
2960
3168
3662
3655
3726
2595
2830
3659
3747
3661
2924
3101
3654
3740
3726
3071
3395
3650
3744
3672
2924
3194
3662
3663
3730
2886
3130
3666
3662
3675
2956
3319
3666
3662
3673
2715
2999
3665
3657
3726
3009
3388
3659
3747
3671
2590
2901
3657
3747
3667
2607
2900
3671
3670
3660
2738
3103
3664
3671
3673
2892
3067
3668
3661
3667
2405
2598
3666
3663
3677
2567
2882
3661
3753
3664
2879
3151
3662
3655
3725
2975
3336
3658
3745
3659
2903
3225
3659
3741
3731
2957
3369
3661
3749
3725
2667
2911
3665
3659
3727
2960
3364
3668
3666
3674
2873
3242
3665
3741
3729
3051
3419
3655
3747
3716
2989
3403
3732
3668
3654
2988
3408
3727
3747
3665
2999
3344
3666
3669
3658
2866
3188
3663
3741
3669
3117
3473
3655
3746
3728
3005
3315
3667
3656
3726
2608
2911
3664
3749
3672
2593
2855
3665
3659
3723
2602
2862
3669
3657
3730
2932
3314
3666
3754
3671
2991
3378
3654
3750
3662
2746
3078
3664
3670
3668
3006
3292
3660
3746
3671
2619
2947
3659
3751
3664
2615
2852
3666
3660
3730
2646
3010
3670
3659
3672
2632
2874
3664
3747
3660
2618
3044
3646
3744
3675
2997
3383
3657
3745
3667
2820
3192
3662
3674
3673
2908
3326
3658
3755
3664
2947
3216
3652
3748
3657
2626
2946
3656
3745
3657
2986
3431
3736
3664
3734
3086
3427
3655
3754
3669
2839
3293
3666
3659
3673
2627
2901
3655
3737
3724
3037
3457
3671
3662
3679
2860
3175
3658
3736
3729
2755
3036
3670
3667
3682
2781
3121
3671
3664
3668
2923
3233
3661
3665
3665
2629
2979
3655
3744
3671
2711
3047
3669
3652
3720
2639
3093
3665
3742
3721
2877
3313
3741
3660
3726
2969
3180
3651
3743
3660
2926
3264
3670
3671
3670
2952
3244
3668
3657
3720
2685
3051
3737
3664
3674
3036
3475
3667
3670
3662
3016
3426
3656
3745
3665
3120
3459
3654
3748
3734
3029
3327
3663
3757
3671
2671
2911
3663
3657
3735
2669
2880
3671
3663
3737
2689
3113
3659
3749
3731
2772
3244
3644
3741
3729
3085
3575
3653
3747
3664
2379
2603
3661
3750
3664
2956
3371
3660
3660
3729
3163
3522
3664
3749
3668
3032
3391
3658
3749
3659
3061
3440
3665
3662
3728
3030
3377
3664
3756
3674
2872
3252
3668
3671
3673
2880
3200
3668
3666
3672
2665
2925
3665
3662
3665
2336
2552
3659
3746
3668
3008
3428
3656
3748
3735
3197
3416
3652
3742
3726
2692
3022
3652
3741
3727
2755
3053
3659
3747
3726
2694
3052
3662
3750
3721
3098
3487
3737
3664
3666
3124
3470
3662
3746
3667
3083
3496
3670
3666
3677
2646
2988
3674
3661
3736
3162
3477
3667
3661
3670
3124
3438
3668
3672
3664
3091
3383
3670
3657
3662
2710
3080
3660
3741
3729
3254
3581
3672
3662
3667
3112
3434
3659
3737
3727
3118
3405
3661
3746
3721
3166
3547
3656
3743
3660
3187
3479
3667
3661
3724
2937
3309
3670
3655
3727
2721
3065
3661
3743
3727
3111
3481
3659
3747
3723
2696
2990
3662
3748
3725
2788
3193
3740
3659
3727
2411
2700
3670
3661
3681
2965
3343
3669
3668
3647
3088
3426
3736
3653
3724
2728
3108
3662
3744
3670
2660
2946
3669
3660
3669
2687
3067
3657
3740
3723
2452
2826
3734
3749
3669
2964
3382
3675
3671
3669
3105
3401
3673
3649
3723
3127
3443
3657
3744
3673
2773
3152
3659
3747
3663
3097
3601
3659
3747
3656
2777
3096
3661
3741
3722
2857
3137
3662
3743
3721
3164
3651
3665
3663
3667
2850
3200
3670
3666
3676
3035
3482
3668
3670
3669
3108
3508
3658
3743
3729
2792
3164
3650
3743
3677
2705
3053
3657
3746
3672
3087
3566
3669
3667
3659
3024
3462
3650
3736
3658
3136
3509
3726
3739
3725
3251
3569
3659
3740
3712
3219
3471
3649
3733
3718
2757
3072
3667
3668
3681
2694
3154
3670
3667
3660
3025
3599
3667
3648
3713
3092
3572
3666
3651
3715
3109
3670
1846
3658
3750
3721
3174
3732
3742
3669
3719
2529
2897
3669
3670
3666
2702
3064
3668
3660
3659
3094
3576
3666
3665
3666
3125
3380
3654
3736
3716
2785
3175
3735
3749
3730
2745
3033
3671
3671
3659
2912
3404
3668
3657
3726
3259
3655
1969
3752
3648
3724
3180
3667
3677
3658
3714
3163
3551
3677
3642
3717
3200
3520
3660
3737
3723
2743
3011
3661
3743
3725
3206
3586
3646
3738
3714
3197
3621
3729
3743
3729
2844
3319
3663
3744
3727
3190
3511
3658
3742
3727
3216
3663
1890
3738
3751
3733
3397
3675
2172
3662
3753
3720
3662
2932
3316
3740
3755
3717
3673
2816
3277
3657
3749
3715
3667
2945
3413
3661
3755
3672
3662
2756
3104
3668
3671
3670
3156
3586
3671
3662
3731
3206
3671
1902
3660
3759
3733
3354
3662
2247
3753
3681
3685
3202
3670
1890
3750
3759
3743
3220
3673
3676
3674
3671
3664
3239
3741
2033
3753
3762
3731
3333
3745
2129
3763
3678
3739
3676
3234
3754
2000
3754
3763
3751
3677
3302
3672
3766
3668
3742
3674
3190
3750
1933
3747
3752
3737
3348
3569
3674
3761
3725
3657
2722
2964
3742
3661
3714
3123
3417
3725
3737
3720
2918
3248
3660
3746
3672
3143
3517
3665
3745
3737
2882
3445
3654
3746
3727
2901
3212
3660
3749
3660
2754
3386
3658
3740
3727
3237
3673
1959
3664
3755
3743
3310
3644
3670
3738
3716
3286
3668
1929
3671
3661
3730
3344
3662
2033
3749
3758
3732
3346
3662
2161
3749
3764
3676
3661
3484
3744
2315
3756
3768
3748
3677
3249
3601
3767
3672
3739
3659
3083
3742
3746
3656
3727
3219
3674
1901
3659
3760
3683
3167
3677
1954
3660
3763
3742
3297
3615
3661
3746
3715
3149
3675
3676
3652
3710
2701
3020
3654
3732
3711
2794
3198
3730
3656
3726
2427
2675
3665
3742
3720
3232
3666
1968
3668
3668
3739
3265
3587
3663
3746
3722
2714
3075
3672
3651
3709
2751
3064
3660
3734
3717
3282
3728
1914
3740
3739
3720
3397
3675
2007
3757
3672
3731
3675
3272
3662
2165
3764
3754
3735
3682
3307
3667
2246
3764
3667
3724
3679
3274
3664
2081
3759
3767
3744
3671
2905
3289
3765
3656
3732
3666
3212
3740
1963
3756
3662
3736
3377
3674
2169
3758
3767
3745
3365
3661
1984
3761
3679
3732
3669
2884
3310
3750
3743
3730
3668
3256
3710
3746
3756
3726
3666
2958
3386
3748
3764
3665
3664
2691
3085
3671
3650
3709
2769
3135
3677
3652
3715
3278
3666
2007
3744
3666
3735
3353
3653
1986
3750
3766
3668
3369
3673
1991
3669
3667
3734
2755
3219
3661
3745
3728
3182
3538
3648
3741
3661
2693
3069
3733
3649
3722
3200
3673
2037
3651
3752
3679
3440
3658
2177
3745
3682
3668
3204
3426
3666
3743
3724
3370
3664
2170
3658
3756
3738
3282
3614
3664
3745
3721
2952
3334
3656
3737
3730
2965
3308
3649
3740
3720
2725
3115
3733
3740
3721
3451
3659
2150
3742
3750
3730
3300
3666
1967
3739
3755
3724
3733
3428
3740
2146
3762
3678
3738
3682
3232
3670
2043
3669
3767
3735
3673
2983
3330
3679
3664
3725
3662
2917
3327
3733
3745
3721
2713
3276
3660
3737
3705
3149
3722
1934
3737
3750
3735
3318
3674
1963
3672
3760
3737
3667
2785
3386
3748
3751
3736
3670
2884
3212
3652
3746
3721
3669
3250
3742
2043
3751
3766
3742
3662
3481
3745
2339
3761
3754
3743
3672
3410
3754
2322
3674
3766
3731
3668
2782
3038
3744
3734
3724
3669
2826
3338
3736
3742
3708
3723
3348
3740
2178
3749
3761
3721
3733
2941
3456
3663
3758
3726
3672
3415
3671
1962
3660
3764
3674
3469
3665
2018
3751
3763
3678
3499
3651
2347
3745
3757
3730
3494
3670
2227
3753
3745
3719
3656
3573
3743
2415
3665
3770
3673
3669
3295
3591
3663
3751
3716
3669
2779
3093
3748
3660
3727
3669
3349
3741
3747
3661
3724
3248
3676
1946
3650
3759
3665
2867
3255
3737
3743
3722
3328
3653
3672
3747
3722
2677
3202
3668
3649
3722
3226
3666
1886
3739
3754
3672
3367
3667
1971
3671
3677
3736
3668
3179
3755
1977
3661
3769
3681
3671
2954
3260
3678
3664
3720
3733
3176
3660
1944
3751
3759
3728
3662
3441
3743
2092
3760
3745
3725
3664
2903
3193
3741
3659
3721
3673
2806
3172
3736
3754
3668
3091
3575
3669
3745
3718
3342
3737
2194
3650
3752
3672
3309
3663
1985
3748
3669
3715
3257
3633
3725
3740
3715
2854
3180
3666
3741
3722
2885
3305
3655
3735
3724
3275
3669
1921
3665
3760
3669
3172
3670
1921
3667
3665
3720
3335
3673
2222
3748
3661
3725
3381
3739
2218
3662
3759
3723
3475
3741
2352
3667
3751
3723
3738
3498
3745
2185
3757
3750
3746
3668
2875
3247
3747
3756
3733
3655
3302
3736
2255
3747
3753
3729
3679
3038
3291
3652
3750
3720
3669
3618
3736
2375
3739
3760
3728
2634
3018
3742
3746
3730
3663
2806
3224
3744
3750
3725
3663
3520
3748
2245
3765
3669
3738
3677
3503
3751
2313
3761
3752
3731
3668
3497
3747
2340
3750
3764
3728
3666
2809
3486
3745
3763
3681
3657
3736
2067
2545
3752
3751
3725
2851
3511
3671
3751
3720
3655
2672
2939
3734
3743
3708
3392
3660
2094
3739
3758
3677
3210
3669
1937
3754
3659
3723
3478
3684
2299
3666
3760
3726
3293
3653
3671
3663
3731
2776
3150
3650
3742
3650
2759
3239
3727
3661
3716
2813
3230
3727
3736
3711
3359
3727
1948
3738
3753
3728
3519
3675
2157
3753
3754
3727
3677
3176
3626
3660
3751
3726
3674
3323
3659
2015
3759
3677
3744
3660
3435
3761
2357
3670
3762
3741
3665
2918
3222
3748
3757
3723
3669
3125
3605
3669
3753
3720
3649
2968
3522
3734
3744
3726
3647
3023
3411
3735
3749
3722
3658
3311
3735
2232
3750
3759
3736
3681
3430
3668
2318
3772
3668
3733
3683
3391
3655
2287
3755
3664
3735
3663
3749
1994
2955
3669
3773
3686
3653
3275
3741
2241
3753
3763
3740
3673
3360
3754
2127
3769
3664
3744
3672
3414
3748
2316
3750
3745
3730
3672
3512
3744
2316
3762
3755
3737
3671
2625
2983
3739
3748
3725
3674
3122
3527
3738
3750
3718
3675
2820
3265
3654
3747
3720
3673
2944
3338
3659
3751
3720
3662
2999
3415
3745
3661
3715
3466
3671
2261
3740
3751
3726
3548
3650
2323
3733
3743
3719
3666
3643
3739
2346
3758
3676
3741
3677
3508
3658
2429
3762
3660
3719
3668
3503
3737
2296
3744
3754
3727
3681
3407
3665
2325
3762
3663
3728
3688
2895
3333
3671
3664
3719
3677
3351
3641
2098
3740
3672
3728
3399
3665
1928
3738
3756
3732
3669
2251
2549
3749
3764
3741
3657
3505
3745
2352
3756
3763
3741
3671
3434
3756
2886
3664
3772
3688
3665
3339
3749
2067
3669
3764
3736
3672
3543
3759
2273
3677
3767
3742
3662
3400
3748
2042
3675
3765
3738
3664
3602
3746
2282
3754
3767
3731
3740
3503
3653
2185
3747
3765
3730
3678
3291
3671
2014
3756
3753
3732
3655
3320
3750
2163
3670
3753
3735
3657
3309
3747
2050
3659
3754
3738
3670
2857
3389
3750
3747
3725
3668
2874
3485
3738
3754
3719
3724
2764
3178
3730
3736
3703
3717
3364
3645
2215
3739
3665
3715
3673
3740
2106
2585
3675
3755
3728
3670
2827
3329
3743
3743
3716
3663
3171
3733
2052
3752
3759
3732
3681
3663
2052
2908
3762
3763
3740
3690
3296
3666
2154
3766
3669
3737
3667
3747
2330
2684
3664
3751
3728
3675
2796
3566
3745
3747
3729
3668
3364
3738
2152
3748
3754
3738
3661
3588
3750
2673
3761
3751
3732
3686
3364
3668
2163
3763
3668
3715
3725
2787
3149
3643
3743
3683
3656
2839
3209
3735
3640
3707
3662
3668
2414
3730
3746
3725
3382
3670
2144
3664
3755
3722
3658
3455
3735
2175
3749
3755
3724
3733
3148
3594
3744
3758
3730
3677
3284
3666
2136
3752
3770
3678
3385
3669
2061
3753
3742
3724
3355
3669
2187
3746
3749
3727
3667
3298
3752
2048
3762
3752
3738
3681
3752
2053
2533
3757
3770
3741
3745
3307
3755
2329
3765
3751
3730
3720
3736
2153
2587
3753
3752
3721
3727
3547
3741
2808
3746
3759
3724
3666
3284
3742
2088
3663
3742
3712
3671
3730
2271
3091
3753
3670
3725
3671
3403
3741
2185
3756
3761
3729
3678
3612
3746
2473
3757
3745
3725
3670
2873
3595
3741
3666
3721
3681
3101
3665
2042
3750
3754
3729
3375
3667
2225
3747
3748
3727
3668
3265
3743
2298
3758
3747
3727
3672
2849
3383
3743
3758
3713
3714
2789
3584
3725
3740
3716
3668
2921
3735
2138
3730
3747
3724
3671
3355
3743
2352
3752
3745
3719
3676
3231
3628
3731
3746
3721
3667
3039
3399
3721
3736
3690
3708
3580
3726
2209
3737
3750
3730
3662
3162
3748
2055
3655
3760
3728
3674
3500
3664
2249
3751
3753
3728
3658
3732
2050
2840
3746
3759
3723
3735
3492
3663
2324
3762
3672
3741
3671
3748
2457
2859
3659
3770
3660
3730
2761
3263
3747
3733
3716
3662
3258
3730
2021
3741
3762
3684
3660
3398
3742
2819
3753
3768
3728
3671
3679
3751
2403
3662
3735
3714
3684
3527
3671
2231
3661
3751
3718
3658
2906
3326
3734
3748
3711
3725
2866
3522
3664
3753
3677
3664
3733
1906
2656
3746
3750
3719
3708
3734
2750
3742
3756
3714
3717
3691
3739
2432
3758
3755
3727
3666
2954
3454
3734
3752
3712
3717
3488
3732
2131
3751
3677
3729
3663
3546
3742
2296
3751
3752
3720
3726
3599
3745
2619
3745
3772
3755
3667
3208
3752
2009
3671
3749
3745
3677
3131
3641
3749
3762
3721
3709
3557
3723
2468
3740
3732
3718
3664
3408
3741
3742
3668
3719
3652
3721
2492
3304
3730
3749
3722
3681
2007
3031
3653
3757
3725
3653
3739
2147
2789
3663
3751
3720
3644
3730
2304
3462
3734
3752
3728
3663
3368
3731
2311
3749
3744
3714
3679
3424
3733
2357
3753
3674
3729
3667
3639
3733
2246
3745
3738
3722
3679
2981
3361
3665
3756
3675
3675
3324
3658
2086
3748
3644
3711
3402
3724
2140
3744
3675
3732
3334
3654
2151
3741
3736
3708
3713
3726
2795
3739
2133
3758
3768
3735
3733
3507
3741
2475
3757
3760
3728
3686
2788
3172
3660
3751
3713
3727
2923
3323
3651
3747
3666
3646
2770
3295
3724
3737
3708
3725
2160
3548
3744
3656
3718
3669
2063
2722
3738
3748
3716
3731
2723
3327
3735
3747
3719
3656
3649
3735
2418
3742
3761
3738
3672
3743
2035
2513
3746
3768
3689
3647
3724
2345
3739
2144
3752
3755
3731
3665
3748
2103
3146
3766
3767
3746
3670
3561
3749
2470
3672
3759
3734
3677
3657
2221
2604
3755
3679
3725
3726
3736
2007
2464
3747
3748
3726
3680
3435
3741
2207
3749
3764
3733
3658
3236
3676
3739
3759
3672
3657
3458
3734
2332
3746
3759
3730
3670
2125
3022
3745
3748
3727
3682
3660
2553
3206
3762
3684
3732
3732
3738
3478
3732
2351
3749
3765
3725
3733
3651
3749
2706
3770
3665
3728
3663
3726
2368
3079
3734
3752
3722
3662
3731
2204
2589
3736
3753
3720
3722
3683
3740
2334
3751
3754
3727
3673
3740
2036
2740
3733
3739
3723
3677
3738
2685
2969
3753
3770
3709
3724
3389
3683
2297
3763
3664
3703
3700
3724
2594
3010
3672
3744
3707
3667
3500
3719
2142
3747
3655
3707
3667
2994
3322
3726
3747
3713
3648
3658
3740
2382
3675
3756
3730
3673
3043
3403
3743
3751
3703
3706
3726
2080
2506
3644
3738
3717
3683
3396
3738
2319
3753
3734
3724
3665
3736
2905
3688
3752
3761
3712
3714
3736
2591
3675
2152
3746
3767
3723
3731
3743
3036
3429
3752
3765
3736
3680
3738
2471
3138
3731
3761
3677
3656
3737
2152
2816
3746
3751
3702
3705
3715
2417
3725
2415
3749
3769
3734
3668
2992
3330
3738
3755
3715
3702
3715
2803
3155
3737
3752
3722
3666
3741
2243
2979
3733
3758
3725
3731
3339
3695
3741
3754
3731
3672
3729
2192
3277
3731
3741
3721
3640
3120
3734
2070
3745
3757
3724
3661
3313
3731
2303
3742
3748
3718
3656
3193
3547
3729
3737
3706
3674
3409
3723
2435
3734
3740
3704
3724
3644
2652
3500
3742
3753
3735
3648
3716
2533
3671
3738
3658
3718
3665
3731
3241
3743
2393
3743
3732
3716
3678
3730
3165
3745
2514
3764
3767
3748
3670
3735
2843
3687
3751
3772
3738
3724
3733
2473
3221
3739
3742
3712
3657
3716
2634
3088
3728
3757
3667
3716
3726
2410
3022
3744
3675
3718
3658
3043
3443
3731
3749
3705
3711
3734
2170
2668
3664
3764
3700
3636
3721
2423
2424
3121
1782
1586
2767
2423
2125
2353
2900
3088
3017
2492
2304
3016
3279
3293
3376
3402
3502
3565
2619
2766
3623
3676
3590
3566
2372
2525
3618
3663
3633
2452
2754
3672
3662
3670
2487
2744
3665
3663
3664
2467
2696
3660
3733
3669
2652
3007
3660
3658
3722
2699
3019
3665
3744
3722
3099
3366
3653
3744
3728
2776
3161
3664
3751
3643
3208
3698
3730
3653
3726
3209
3657
1861
3739
3750
3724
3441
3661
2137
3749
3750
3719
3664
2822
3176
3748
3669
3729
3667
2846
3270
3734
3744
3718
3629
3646
2270
3734
3739
3706
3653
3725
2296
3740
3752
3716
3725
3734
2565
3095
3751
3770
3667
3724
2841
3581
3737
3749
3961
3680
2745
2645
2863
1988
1164
1194
1472
2393
2905
432
569
652
1853
2607
1619
2256
2416
2066
2212
2598
2813
2953
3091
3216
3243
2631
2537
3155
3381
3380
3431
2080
1864
998
