204
101
6
6
233
345
482
628
788
939
1116
1256
1366
307
423
578
763
968
1185
1401
1523
1683
1835
2288
1667
1241
1123
1473
1732
2021
2292
2457
2828
2899
3115
3274
3379
3472
2379
2254
3304
3455
3506
3542
2906
3548
3536
3546
3615
3668
3707
3309
3741
2308
3768
3758
3723
3600
3628
3659
3723
3751
3561
3763
2350
3760
3757
3739
3676
3646
3563
3713
2223
3737
3754
3693
3639
3057
3687
3703
3725
3661
3665
3692
2576
3632
1983
3715
3663
3692
3669
3718
2129
3181
3731
3730
3701
3649
3333
3695
2206
3716
3728
2519
280
361
403
2858
2298
2704
2089
1980
2490
3286
3391
2241
2350
2601
3536
3600
3568
2527
2799
3623
3664
3637
2975
3647
1673
3648
3721
3649
3125
3619
3657
3654
3692
2582
2919
3662
3641
3698
2643
3054
3654
3656
3656
2996
3520
3654
3650
3640
2920
3234
3704
3713
3699
2636
3164
3642
3725
3655
2948
3442
3644
3717
3652
3342
3642
2041
3721
3656
3709
3206
3574
3632
3717
3677
3689
3227
3591
3703
3721
3699
3655
2638
2891
3712
3725
3678
3694
2914
3266
3714
4085
3517
410
484
541
3128
2524
2608
2540
2004
2378
2817
2921
3125
3303
3300
2820
3027
3425
3523
3483
3475
3538
3068
3594
1981
3648
3686
3629
3658
3360
3664
2182
3714
3738
3689
3669
3030
3402
3728
3736
3693
3656
2743
3156
3719
3730
3695
3649
2840
3133
3728
3665
3698
3712
3336
3726
2141
3743
3740
3730
3662
3374
3752
2444
3663
3757
3724
3734
3422
3650
2372
3747
3733
3710
3674
3520
3724
2202
3730
3735
3706
3665
3321
3727
2175
3737
3750
3717
3675
3142
3743
2272
3662
3762
3735
3664
3555
3741
2304
3748
3734
3722
3667
2806
3064
3732
3742
3704
3714
2847
3607
3659
3740
3715
3652
3392
3728
2161
3738
3754
3719
3436
3656
2238
3735
3748
3712
3722
3734
2190
2774
3748
3757
3733
3670
3737
2095
3174
3746
3740
3711
3709
3012
3722
2142
3739
3744
3717
3668
3728
2096
2470
3747
3738
3712
3715
3713
3737
2456
3750
3753
3737
3663
3117
3593
3727
3745
3670
3645
3640
3726
2401
3653
3729
3708
3507
3658
2188
3730
3735
3711
3534
3660
2401
3725
3734
3715
3633
3717
2610
3126
3730
3742
3716
3680
2966
3728
2025
3739
2448
3222
1603
1794
2254
1904
2380
2326
2673
3081
3058
2826
2412
2681
3079
3216
3322
3392
3455
3524
3349
3597
2366
3656
3705
3629
3581
2871
3577
3635
3667
3617
3649
2903
3293
3685
3669
3666
2709
3155
3693
3717
3692
3484
3658
2384
3726
3745
3706
3144
3704
3714
3729
3689
3640
3696
2427
3707
3727
3702
3725
2478
3634
3668
3741
3705
3676
3728
2849
3747
2317
3745
3771
3734
2891
431
493
539
3128
2691
2454
433
444
475
1518
2328
1440
1961
1856
1517
2072
2508
2781
3081
3244
3367
3301
2591
2280
3184
3491
3462
3504
3546
3602
2081
2123
3656
3687
3639
3657
1918
1950
3663
3675
3676
1900
1930
3669
3660
3674
1739
1750
3670
3668
3673
1741
1761
3673
3666
3674
1786
1811
3670
3666
3676
1787
1807
3670
3667
3676
1792
1820
3667
3665
3674
1824
1868
3665
3666
3672
1815
1842
3667
3669
3672
1825
1868
3667
3663
3672
1848
1878
3663
3669
3674
1890
1925
3668
3669
3671
1825
1883
3673
3666
3672
1859
1924
3668
3669
3673
1868
1926
3668
3667
3671
1863
1908
3670
3668
3667
1924
1969
3670
3668
3673
1890
1931
3669
3670
3673
1927
1984
3668
3665
3675
1879
1926
3670
3667
3673
1909
1964
3671
3672
2319
1900
1945
3729
3722
3668
1978
2032
3669
3664
3674
1906
2040
3673
3663
3674
2031
2172
3673
3666
3673
2061
2140
3672
3663
3674
1963
2020
3670
3663
3674
1939
2018
3671
3666
3675
1969
2070
3671
3668
3674
1981
2094
3670
3670
3672
1976
2051
3670
3666
3677
1957
2021
3667
3666
3671
1991
2073
3671
3664
3674
2018
2074
3670
3671
3671
2154
2250
3658
3752
3663
2055
2116
3668
3665
3678
1979
2085
3673
3662
3673
1983
2072
3671
3666
3667
1986
2063
3674
3670
3674
2018
2079
3672
3656
3732
2011
2093
3672
3660
3673
1990
2067
3667
3668
3669
2009
2068
3673
3668
3676
2054
2147
3669
3669
3674
2069
2232
3661
3666
3674
2039
2145
3672
3665
3671
2045
2159
3667
3667
3670
2223
2330
3666
3660
3670
2063
2147
3669
3669
3672
2134
2219
3677
3668
3673
2228
2310
3674
3666
3676
2015
2117
3669
3665
3672
2082
2202
3672
3669
3673
2057
2172
3671
3667
3669
2077
2175
3666
3663
3676
2178
2296
3664
3668
3672
2062
2168
3671
3665
3673
2078
2176
3670
3670
3675
2007
2119
3666
3667
3672
2244
2359
3668
3671
3675
2150
2273
3667
3665
3676
2113
2289
3673
3664
3675
2228
2351
3672
3668
3674
2303
2448
3666
3666
3673
2224
2435
3667
3668
3673
2115
2271
3673
3663
3679
2317
2424
3663
3669
3673
2099
2228
3672
3660
3678
2057
2161
3672
3664
3674
2160
2271
3672
3661
3672
2081
2263
3670
3664
3660
2307
2457
3667
3668
3675
2334
2503
3670
3664
3672
2323
2436
3672
3661
3734
2200
2331
3668
3668
3665
2143
2298
3669
3658
3730
2139
2277
3668
3662
3672
2133
2243
3672
3666
3675
2130
2261
3671
3663
3671
2296
2530
3670
3670
3666
2375
2604
3666
3672
3675
2175
2300
3671
3666
3676
2169
2291
3671
3669
3649
2206
2327
3738
3663
3671
2153
2329
3665
3670
3672
2137
2272
3659
3739
3729
2206
2343
3664
3663
3659
2361
2461
3674
3669
3673
2394
2512
3667
3669
3667
2400
2628
3673
3659
3671
2371
2528
3671
3670
3674
2210
2384
3672
3672
3666
2350
2563
3672
3668
3674
2378
2605
3674
3664
3672
2233
2379
3657
3751
3667
2415
2677
3668
3666
3674
2404
2633
3668
3663
3673
2409
2531
3674
3659
3736
2277
2448
3668
3662
3679
2378
2555
3667
3666
3672
2419
2588
3667
3664
3676
2193
2322
3671
3671
3662
2197
2340
3665
3663
3667
2497
2653
3671
3664
3677
2188
2372
3664
3648
3726
2193
2383
3670
3664
3672
2236
2394
3674
3657
3730
2231
2403
3670
3668
3678
2121
2275
3670
3659
3732
2527
2737
3667
3665
3677
2233
2478
3671
3660
3675
2319
2549
3668
3666
3668
2299
2420
3670
3667
3673
2297
2484
3668
3667
3673
2351
2490
3669
3663
3676
2370
2557
3669
3669
3673
2234
2382
3668
3665
3668
2455
2642
3670
3671
3675
2238
2375
3669
3669
3677
2242
2379
3671
3650
3726
2288
2431
3670
3667
3658
2248
2386
3664
3661
3666
2532
2693
3666
3670
3675
2245
2395
3673
3668
3673
2398
2548
3652
3753
3668
2457
2720
3668
3674
3669
2176
2368
3669
3665
3665
2386
2616
3668
3657
3730
2419
2627
3668
3658
3678
2406
2613
3659
3745
3672
2323
2520
3667
3666
3673
2217
2408
3661
3751
3668
2541
2683
3668
3660
3668
2440
2653
3671
3668
3672
2342
2543
3670
3665
3661
2473
2615
3672
3670
3669
2263
2457
3669
3656
3739
2328
2486
3670
3665
3680
2631
2835
3666
3657
3674
2561
2831
3668
3665
3671
2609
2760
3669
3667
3676
2256
2465
3672
3667
3673
2412
2602
3663
3754
3666
2480
2654
3665
3667
3674
2490
2702
3665
3660
3677
2590
2759
3677
3669
3670
2370
2568
3661
3747
3672
2438
2699
3654
3751
3675
2469
2679
3669
3670
3668
2271
2463
3670
3664
3674
2610
2857
3666
3756
3675
2511
2719
3663
3673
3681
2320
2593
3671
3665
3675
2352
2576
3670
3671
3673
2356
2514
3672
3664
3658
2302
2474
3664
3748
3666
2428
2651
3664
3666
3676
2383
2557
3664
3667
3672
2579
2816
3672
3665
3673
2606
2901
3665
3751
3667
2670
2939
3666
3660
3673
2409
2610
3675
3665
3663
2522
2793
3664
3666
3675
2392
2544
3668
3750
3669
2423
2605
3671
3665
3662
2309
2542
3670
3650
3721
2449
2590
3667
3666
3669
2567
2748
3667
3750
3666
2538
2703
3670
3665
3673
2421
2609
3669
3664
3665
2491
2702
3664
3665
3675
2458
2740
3666
3668
3667
2590
2894
3662
3750
3674
2596
2782
3668
3664
3675
2733
3003
3665
3751
3667
2488
2655
3664
3669
3667
2393
2681
3668
3666
3665
2479
2764
3666
3669
3668
2700
2993
3664
3671
3671
2665
2975
3665
3668
3674
2587
2823
3660
3747
3668
2460
2715
3671
3668
3675
2706
3004
3672
3665
3672
2692
2962
3665
3664
3663
2411
2635
3668
3667
3675
2772
3063
3664
3755
3662
2631
2870
3653
3750
3672
2449
2661
3661
3671
3667
2641
2874
3669
3662
3659
2692
2879
3670
3671
3669
2404
2696
3665
3750
3664
2566
2852
3666
3675
3663
2363
2568
3670
3651
3725
2405
2640
3672
3661
3673
2474
2768
3668
3663
3726
2585
2837
3673
3661
3735
2625
2823
3660
3753
3660
2771
3006
3661
3670
3675
2750
2934
3654
3740
3726
2747
2971
3665
3750
3674
2478
2685
3670
3665
3668
2511
2662
3667
3670
3668
2386
2611
3664
3664
3668
2737
2941
3669
3658
3730
2440
2721
3656
3743
3730
2551
2771
3656
3751
3671
2534
2732
3666
3663
3672
2778
3139
3668
3671
3668
2731
2995
3664
3665
3669
2693
2979
3660
3750
3657
2703
2911
3743
3671
3668
2506
2769
3668
3666
3668
2564
2807
3673
3670
3663
2626
2877
3668
3662
3666
2693
3064
3673
3663
3674
2644
2930
3666
3668
3663
2321
2549
3671
3663
3675
2384
2788
3661
3750
3663
2460
2685
3671
3666
3669
2454
2688
3666
3667
3668
2485
2736
3665
3751
3661
2790
3043
3664
3666
3678
2768
3040
3667
3667
3672
2505
2743
3675
3667
3665
2568
2764
3664
3661
3677
2755
3036
3667
3673
3662
2686
2976
3658
3745
3662
2842
3158
3664
3665
3672
2832
3056
3674
3653
3725
2767
3076
3661
3742
3721
2764
3123
3664
3661
3718
2774
3000
3666
3745
3731
2593
2788
3671
3661
3728
2501
2784
3666
3758
3660
2619
2892
3654
3752
3669
2897
3067
3671
3669
3673
2581
2852
3673
3663
3670
2696
3063
3667
3666
3670
2811
3023
3667
3664
3664
2912
3133
3655
3739
3728
2506
2785
3666
3656
3727
2529
2768
3667
3649
3715
2606
2865
3664
3674
3678
2570
2845
3658
3748
3670
2572
2810
3658
3754
3670
2541
2912
3657
3749
3677
2823
3029
3669
3665
3676
2800
3210
3670
3670
3671
2605
2813
3663
3666
3733
2834
3179
3665
3666
3674
2795
3096
3659
3747
3666
2752
3012
3668
3661
3731
2805
3047
3663
3751
3673
2587
2835
3669
3661
3733
2671
2892
3658
3748
3670
2430
2706
3666
3664
3731
2353
2576
3667
3662
3668
2851
3197
3657
3746
3675
2571
2935
3659
3749
3663
2895
3325
3659
3664
3681
2509
2743
3667
3657
3721
2547
2859
3663
3660
3724
2608
2914
3663
3750
3659
2578
2886
3664
3673
3673
2744
3001
3663
3662
3672
2730
3034
3673
3665
3665
2913
3207
3673
3662
3666
2573
2875
3669
3674
3668
2842
3129
3666
3660
3664
2546
2857
3670
3662
3667
2786
3164
3668
3671
3674
2892
3182
3666
3656
3730
2925
3247
3669
3665
3668
2842
3008
3668
3661
3729
2942
3243
3670
3657
3729
2650
3010
3662
3746
3723
2977
3327
3651
3744
3723
2923
3231
3658
3745
3726
3043
3293
3659
3750
3664
2867
3183
3667
3658
3729
2779
3029
3663
3738
3730
2640
2921
3664
3744
3726
2682
2988
3660
3745
3732
2915
3290
3659
3739
3728
2976
3358
3656
3748
3661
2655
2940
3661
3671
3677
2791
3204
3670
3664
3672
2789
3130
3665
3749
3732
3022
3389
3662
3756
3668
2938
3326
3658
3747
3673
2943
3272
3662
3666
3671
2925
3337
3665
3739
3727
2758
3109
3669
3661
3730
2850
3317
3656
3750
3669
2948
3272
3672
3666
3678
2871
3202
3667
3749
3732
2877
3260
3661
3759
3665
2619
2944
3665
3665
3675
2882
3254
3651
3746
3656
2829
3271
3739
3665
3735
2833
3259
3667
3752
3731
2903
3226
3651
3746
3676
2842
3078
3668
3670
3677
2613
2943
3669
3651
3727
2639
2991
3661
3748
3736
3074
3442
3660
3760
3669
2600
3016
3656
3745
3733
2955
3266
3667
3662
3721
2639
2915
3659
3743
3672
3003
3256
3668
3667
3659
2876
3337
3664
3666
3676
3054
3405
3659
3753
3652
2937
3412
3740
3670
3681
2701
3137
3659
3754
3662
2636
2946
3662
3670
3676
2468
2780
3656
3748
3659
2465
2722
3739
3655
3725
2683
3021
3665
3753
3724
2671
2990
3669
3675
3679
2632
2936
3662
3754
3667
2984
3366
3663
3662
3725
2709
3139
3661
3745
3726
3094
3587
3655
3752
3667
2939
3320
3657
3745
3664
2805
3332
3663
3653
3723
3040
3402
3672
3668
3671
2991
3321
3667
3668
3668
2690
3012
3658
3750
3662
3077
3522
3662
3670
3676
2607
2905
3671
3662
3674
2674
3002
3662
3668
3667
2956
3358
3668
3665
3668
2910
3298
3658
3747
3662
2397
2785
3649
3744
3674
2587
2941
3665
3671
3668
2592
2909
3666
3669
3659
2988
3406
3657
3743
3730
3074
3400
3662
3754
3665
2752
3040
3666
3663
3737
3094
3432
3666
3661
3666
2963
3278
3675
3663
3668
3021
3526
3654
3745
3672
3026
3526
3656
3749
3667
2781
3100
3665
3667
3678
2960
3170
3666
3669
3674
2597
3050
3669
3667
3657
3084
3544
3672
3659
3730
2945
3465
3657
3747
3663
3082
3576
3652
3741
3661
2999
3349
3661
3745
3673
2693
3175
3665
3752
3665
3061
3601
3657
3740
3726
2777
3074
3661
3750
3680
3049
3597
3661
3746
3729
2744
3082
3662
3749
3722
2685
3004
3657
3747
3672
2605
2919
3651
3740
3672
3095
3637
3663
3653
3721
3029
3359
3663
3743
3664
2690
3057
3668
3668
3672
2653
3149
3667
3748
3663
2992
3462
3658
3742
3728
3162
3658
3658
3748
3733
2792
3296
3654
3748
3727
3173
3538
3663
3745
3729
3109
3421
3663
3750
3726
3254
3662
1896
3752
3661
3736
3115
3619
3676
3669
3665
2706
3234
3664
3739
3729
3126
3657
3659
3742
3729
2746
3122
3658
3745
3734
2739
3072
3655
3750
3667
2698
3055
3664
3660
3725
3132
3610
3660
3736
3715
3066
3576
3664
3665
3668
2989
3367
3661
3742
3667
3142
3660
1854
3751
3665
3737
3174
3651
3665
3753
3728
3079
3433
3665
3746
3731
2731
3097
3663
3750
3728
3235
3585
3669
3649
3730
3176
3662
1869
3744
3757
3739
3235
3605
3753
3655
3727
3671
3121
3669
3747
3668
3739
3122
3530
3666
3758
3666
2647
3031
3665
3664
3738
2716
3234
3674
3657
3727
3067
3485
3657
3740
3728
3128
3624
3660
3746
3722
3232
3655
1901
3741
3755
3723
3246
3652
3742
3672
3731
3664
2963
3368
3751
3668
3734
3158
3668
1905
3739
3753
3736
2825
3351
3667
3753
3721
3654
3084
3569
3743
3660
3711
3173
3665
1899
3737
3758
3675
3220
3662
2055
3757
3664
3726
3213
3677
1936
3747
3759
3745
3305
3664
2046
3758
3756
3741
3680
3210
3660
2196
3766
3684
3686
3667
2733
3113
3757
3674
3732
3668
3235
3695
3747
3748
3723
2653
2887
3665
3746
3724
2781
3381
3661
3749
3663
2674
3056
3658
3742
3723
3331
3707
3725
3738
3728
2733
3058
3665
3741
3720
2696
3225
3660
3739
3718
2843
3301
3731
3745
3728
3341
3663
2061
3751
3660
3726
3194
3673
1893
3672
3666
3733
3113
3671
1918
3746
3762
3739
3075
3459
3679
3645
3719
3673
3231
3749
1935
3675
3656
3733
3178
3674
3684
3658
3726
3166
3656
1840
3740
3740
3729
3167
3611
3671
3756
3723
3726
3271
3733
2004
3752
3765
3737
3676
3301
3671
2150
3652
3769
3689
3662
2761
3066
3741
3758
3669
3660
2859
3233
3747
3676
3671
2616
2964
3668
3747
3672
2644
3012
3668
3661
3736
2468
2858
3662
3742
3723
2773
3128
3661
3660
3728
2731
3147
3649
3742
3661
3113
3604
3660
3745
3730
3231
3653
1953
3743
3749
3726
3213
3737
2061
3755
3752
3736
3680
3434
3656
2263
3765
3684
3740
3678
3209
3746
2001
3755
3758
3735
3672
3250
3758
2128
3662
3779
3679
3671
2751
3235
3743
3761
3669
3672
3248
3676
1982
3664
3768
3674
2890
3236
3660
3749
3665
2680
3124
3658
3731
3730
2756
3148
3666
3735
3710
3247
3625
3725
3742
3723
3217
3651
1923
3744
3675
3726
2755
3157
3671
3751
3667
2699
3145
3659
3745
3677
3131
3663
1850
3660
3763
3673
2743
3187
3663
3757
3723
2662
3025
3666
3662
3720
2843
3069
3657
3740
3719
2510
2743
3654
3738
3719
3608
3668
2308
3636
3748
3675
3063
3639
3665
3747
3677
2653
3179
3663
3742
3727
2813
3332
3673
3655
3717
3203
3557
3729
3732
3718
2732
3192
3662
3750
3659
3046
3658
1846
3736
3660
3728
2776
3114
3668
3756
3670
3665
2877
3337
3671
3666
3734
3205
3667
1874
3749
3756
3734
2756
3708
3750
3658
3731
3675
2775
3173
3751
3750
3733
3153
3623
3675
3662
3734
3149
3638
3661
3744
3723
3356
3650
2114
3742
3657
3730
3316
3673
2044
3754
3758
3730
3611
3744
2356
3756
3753
3732
3674
3270
3756
2089
3756
3749
3733
3665
3285
3749
2122
3678
3769
3735
3658
3563
3745
2272
3768
3675
3742
3666
3284
3640
3750
3767
3667
3667
2837
3373
3653
3740
3724
2755
3246
3657
3739
3725
3216
3662
1983
3745
3749
3738
3361
3669
1959
3755
3765
3736
3662
2603
3064
3749
3755
3731
3662
2927
3269
3745
3761
3672
3665
3197
3673
3741
3745
3724
3176
3664
1877
3670
3676
3664
3313
3661
2007
3743
3669
3734
3353
3671
1993
3756
3756
3731
3665
2902
3228
3750
3758
3735
3665
3078
3420
3748
3661
3723
3665
3258
3741
1958
3757
3750
3736
3675
3396
3750
2129
3755
3765
3747
3673
2942
3294
3756
3673
3736
3668
2751
3095
3745
3751
3718
3299
3733
1900
3746
3750
3731
3478
3672
2055
3750
3753
3720
3732
3677
3741
2466
3756
3775
3684
3681
3435
3671
2152
3744
3766
3737
3663
3407
3755
2177
3673
3759
3734
3671
3408
3748
2212
3754
3758
3738
3669
2961
3482
3749
3749
3725
3671
3296
3742
3744
3670
3733
3674
3204
3660
1998
3758
3740
3726
3260
3680
2010
3650
3760
3684
3666
2696
3340
3748
3728
3722
3654
3327
3735
2133
3745
3757
3733
3667
2956
3520
3748
3758
3730
3729
2928
3512
3746
3660
3724
3668
2714
3030
3740
3757
3737
2921
3453
3665
3757
3661
3339
3729
1885
3741
3753
3734
2871
3148
3667
3749
3723
3668
2810
3214
3738
3747
3722
3287
3663
1882
3748
3655
3727
3269
3670
2024
3748
3751
3731
3340
3657
3680
3655
3727
3665
3307
3745
2056
3753
3755
3741
3525
3661
2323
3751
3745
3731
3677
3436
3754
2419
3667
3775
3677
3679
3072
3434
3668
3672
3729
3669
2904
3256
3662
3748
3721
2471
2818
3661
3739
3718
2862
3218
3656
3731
3712
3214
3656
2008
3741
3667
3734
3362
3656
2106
3754
3665
3728
3566
3668
2396
3746
3735
3715
3253
3667
2132
3737
3756
3681
3668
3340
3715
3744
3758
3723
3731
3317
3743
2165
3748
3757
3735
3669
3442
3742
2054
3754
3769
3735
3684
3476
3664
2275
3763
3749
3738
3672
3388
3748
2530
3758
3763
3741
3674
2987
3685
3737
3760
3678
3660
3729
1996
2646
3742
3757
3733
2807
3281
3669
3751
3729
3675
3366
3660
2086
3752
3752
3733
3193
3657
1952
3747
3660
3726
3672
2788
3364
3748
3748
3716
3723
3309
3736
2102
3748
3755
3730
3665
3325
3723
3745
3759
3720
3732
3329
3657
2094
3757
3660
3728
3671
2923
3535
3755
3656
3709
3724
3474
3662
2362
3750
3764
3737
3682
3557
3659
2375
3763
3755
3732
3683
3342
3667
2182
3676
3750
3730
3675
3352
3670
2051
3659
3761
3734
3665
3270
3748
2149
3665
3766
3687
3681
3365
3657
2004
3750
3746
3731
3677
3390
3670
2256
3756
3762
3730
3671
3497
3747
2299
3676
3759
3728
3733
3510
3746
2298
3745
3754
3736
3676
3216
3642
3670
3753
3725
3660
3125
3715
3725
3740
3708
2803
3171
3725
3727
3711
3293
3669
2105
3735
3747
3726
2952
3308
3678
3642
3705
3715
3423
3733
2065
3749
3761
3724
3737
3754
2094
2479
3767
3674
3744
3680
3429
3751
2076
3764
3755
3730
3676
3053
3617
3755
3758
3741
3680
2871
3655
1933
3760
3666
3736
3672
2814
3310
3760
3667
3734
3673
3481
3657
2501
3759
3757
3733
2769
3165
3663
3754
3727
3666
3640
3740
2448
3752
3753
3731
3370
3660
2302
3744
3759
3724
3674
3177
3747
2117
3753
3754
3735
3672
3312
3742
2240
3750
3758
3725
3736
3225
3661
2061
3763
3667
3736
3686
3468
3743
2140
3758
3765
3720
3735
3505
3739
2250
3756
3759
3734
3670
3284
3746
2209
3667
3767
3732
3734
3750
2057
2631
3743
3769
3685
3670
2794
3203
3750
3757
3734
3668
3690
3750
2567
3651
3766
3685
3661
3304
3620
3752
3662
3714
3723
3734
2314
2784
3738
3753
3725
3674
3349
3761
2299
3659
3766
3733
3672
3394
3746
2026
3749
3750
3718
3679
3640
3665
2275
3749
3763
3728
3674
3256
3612
3662
3758
3676
3657
3401
3747
2621
3665
3758
3737
3497
3667
2241
3751
3766
3739
3669
2818
3169
3755
3751
3732
3668
3346
3742
3742
3755
3719
3668
3299
3747
2120
3746
3757
3738
3657
3386
3752
2127
3677
3769
3738
3677
2868
3430
3672
3666
3730
3668
3211
3745
2106
3746
3755
3734
3122
3520
3660
3745
3711
3661
3164
3642
3736
3677
3672
3032
3441
3652
3724
3710
2796
3276
3724
3738
3715
3170
3722
2035
3737
3750
3715
2915
3310
3723
3732
3710
3660
2749
3327
3739
3672
3720
3649
3571
3721
2428
3728
3741
3720
3088
3656
2008
3744
3670
3727
3675
2913
3643
3743
3751
3726
3664
3259
3743
2163
3759
3761
3735
3680
3319
3633
3661
3762
3733
3649
3398
3744
2333
3663
3763
3670
3314
3724
2112
3742
3746
3726
3422
3670
2012
3752
3746
3726
3680
2804
3061
3670
3677
3723
3662
2928
3202
3742
3656
3719
3654
1870
2979
3741
3641
3703
2963
3298
3727
3670
3714
3141
3585
3661
3735
3709
2897
3375
3717
3722
3694
2832
3438
3718
3660
3712
3398
3668
2163
3737
3747
3721
3392
3730
2375
3745
3754
3713
3728
3483
3747
2242
3750
3758
3735
3675
3222
3744
2091
3754
3749
3724
3735
3739
2047
2495
3749
3760
3732
3657
3151
3733
2025
3741
3760
3742
3680
3523
3675
2285
3669
3777
3676
3666
3421
3745
2156
3754
3761
3737
3659
3302
3751
2339
3673
3757
3730
3728
2873
3310
3739
3743
3718
3652
2959
3619
3727
3737
3713
3666
3730
2145
2873
3745
3742
3725
3670
2912
3313
3747
3762
3726
3728
3556
3734
2206
3750
3770
3663
3735
3541
3679
2417
3667
3732
3715
3668
3423
3731
2300
3742
3749
3717
3731
3648
2121
2888
3753
3668
3735
3672
3414
3744
2166
3666
3748
3725
3672
3416
3744
2233
3665
3771
3688
3674
3414
3658
2245
3747
3759
3731
3662
3743
2097
2475
3753
3753
3727
3678
3421
3667
2321
3760
3673
3736
3677
3274
3742
2320
3756
3758
3729
3661
3401
3739
2291
3746
3758
3730
3676
3302
3746
2230
3746
3763
3738
3664
3283
3745
2258
3760
3768
3741
3675
3120
3523
3749
3761
3727
3680
2730
3653
2012
3748
3755
3722
3651
3741
2013
2610
3674
3760
3722
3670
3698
3746
2471
3753
3745
3718
3736
3656
2030
2618
3760
3672
3732
3673
3348
3717
3738
3744
3710
3666
2799
3157
3733
3749
3715
3659
3123
3445
3735
3752
3675
3663
3006
3416
3742
3651
3712
3233
3611
3669
3740
3668
3655
2596
3038
3738
3658
3724
2926
3440
3678
3752
3679
3653
2974
3520
3732
3741
3709
3540
3728
2270
3654
3751
3719
3715
3727
2480
3733
3745
3714
3453
3733
2045
3653
3752
3727
3673
3742
2017
2474
3738
3746
3732
3666
3334
3740
2205
3757
3668
3734
3663
3493
3734
2634
3738
3752
3726
3675
3748
2131
2505
3761
3772
3753
3669
3350
3750
2158
3763
3771
3751
3673
3492
3738
2377
3757
3749
3726
3727
3732
2036
2947
3745
3761
3729
3673
3230
3737
2139
3751
3745
3714
3726
2964
3352
3742
3758
3726
3673
3543
3643
2300
3742
3739
3702
3718
3738
2074
2804
3758
3767
3729
3721
3543
3743
2656
3664
3759
3726
3674
3339
3703
3745
3746
3717
3661
3438
3736
2144
3748
3752
3730
3662
3725
3751
2823
3677
3778
3677
3729
2968
3408
3742
3746
3717
3726
3658
2110
2870
3742
3759
3721
3723
3565
3737
3586
3750
3741
3729
3686
3470
3668
2385
3763
3765
3735
3727
3736
2146
3260
3748
3758
3721
3720
2782
3431
3738
3755
3731
3661
3310
3728
3738
3736
3700
3716
3678
3736
2797
3739
3756
3725
3665
3593
3745
2504
3670
3764
3708
3716
3627
3735
2505
3756
3672
3720
3724
2824
3260
3734
3743
3711
3661
2786
3116
3734
3651
3691
3707
3290
3726
2774
3744
3751
3730
3660
3602
3730
2507
3749
3750
3721
3731
3644
3672
2545
3751
3757
3733
3678
3646
2298
3218
3748
3682
3723
3724
3743
2505
2910
3752
3746
3705
3711
2849
3425
3725
3750
3723
3715
3726
2480
2836
3740
3758
3728
3731
3385
3743
2166
3758
3756
3732
3674
3696
3740
2869
3757
3654
3717
3658
3711
2551
3180
3733
3755
3722
3718
3208
3508
3732
3749
3721
3670
3141
3575
3731
3747
3720
3657
3733
2080
2374
3746
3750
3730
3688
3662
2120
2978
3748
3748
3726
3666
3739
2313
3017
3743
3751
3718
3676
3728
2219
2977
3741
3761
3733
3673
3680
3744
2345
3763
3757
3739
3676
3283
3679
3749
3759
3713
3703
3714
2343
2803
3733
3744
3717
3679
3200
3653
3738
3743
3725
3682
3650
2165
2602
3738
3749
3712
3725
3202
3570
3742
3756
3710
3715
3737
2634
3578
3648
3745
3690
3653
2904
3602
3726
3747
3663
3702
2959
3661
3719
3737
3702
3704
3720
3134
3696
3730
3749
3671
3660
3723
2023
3067
3735
3755
3717
3716
3742
2387
2842
3651
3752
3719
3720
3734
2219
3741
2528
3745
3763
3733
3684
3741
2978
3640
3738
3762
3724
3716
3726
2318
2847
3736
3751
3718
3724
3649
2694
3196
3738
3756
3709
3712
3721
2289
3275
3733
3757
3720
3722
3736
2199
2585
3755
3763
3721
3723
3420
3744
2556
3660
3748
3715
3720
3408
3730
2222
3742
3759
3727
3676
3735
3061
3737
2336
3752
3749
3728
3657
3455
3738
2645
3757
3764
3730
3668
3732
2991
3722
3747
3773
3665
3732
3691
2785
3739
2460
3740
3770
3676
3706
3723
2262
2910
3736
3748
3719
3715
3729
2961
3741
2214
3753
3765
3728
3729
3732
2174
2848
3748
3763
3736
3662
3679
3721
2734
3740
3758
3731
3639
3743
2522
2920
3674
3771
3671
3718
3732
3053
3490
3723
3763
3735
3640
3274
3723
2204
3727
3740
3709
3682
3656
2509
2868
3741
3760
3726
3721
3726
2447
2855
3737
3754
3715
3725
3270
3663
2053
3749
3738
3701
3695
3018
3718
2291
3743
3730
3707
3711
3728
3744
2161
2564
3754
3769
3749
3692
3739
2662
3748
2218
3748
3783
3745
3681
3743
2995
3536
3750
3755
3723
3694
3664
2525
3557
3743
3745
3705
3713
3726
2106
2593
3743
3762
3715
3706
3713
3356
3738
2230
3676
3757
3713
3725
3647
2874
3467
3733
3743
3716
3672
3716
2013
2745
3723
3735
3700
3716
3725
2300
2973
3739
3765
3740
3654
3723
2828
3732
2648
3752
3754
3739
3669
3399
3747
2235
3751
3761
3730
3677
3727
3002
3654
3746
3673
3722
3683
3636
2146
2640
3740
3754
3726
3655
3723
3287
3731
3044
3728
3751
3729
3652
3725
2125
2665
3735
3750
3722
3720
3736
2867
3511
3749
3764
3709
3713
3730
2381
2871
3747
3753
3715
3707
3722
2640
3121
3738
3735
3714
3719
3746
2580
3556
3680
3763
3714
3711
3737
3011
3659
2930
3756
3754
3727
3714
3259
3733
2210
3756
3759
3732
3663
3730
2118
2724
3746
3762
3726
3654
3712
2092
3166
3736
3671
3724
3677
3711
2700
3714
2188
3742
3752
3722
3729
3747
2585
3009
3757
3750
3736
3665
3029
3399
3727
3738
3704
3707
3720
2932
3576
3732
3734
3711
3680
3730
2826
3746
2216
3763
3762
3731
3726
3736
2982
3406
3752
3761
3721
3712
3645
2695
3113
3731
3758
3716
3708
3724
3120
3730
2925
3755
3757
3731
3730
3165
3643
3731
3765
3737
3663
3729
3652
3718
2677
3735
3749
3714
3504
3647
2915
3749
3665
3712
3674
3726
2248
3409
3740
3683
3715
3661
3468
3734
2285
3755
3674
3729
3649
3000
3519
3723
3749
3703
3696
3700
2476
2884
3728
3691
3717
3681
3731
2221
2633
3745
3770
3676
3736
3753
2695
3557
3683
3752
3737
3660
2928
3722
2237
3736
3719
3696
3694
3711
3735
2431
3581
3746
3773
3729
3706
3731
2774
3680
2360
3665
3746
3719
3710
3585
3703
2703
3745
3767
3699
3674
3717
2262
2780
3720
2275
3120
1884
2392
2673
2611
1951
2283
2831
2820
3021
2163
2272
3085
3343
3370
3426
3467
3517
3583
2594
2727
3638
3687
3598
3596
2438
2677
3643
3677
3633
2454
2630
3672
3668
3667
2487
2756
3658
3714
3695
2708
3011
3667
3663
3656
2967
3369
3663
3732
3660
2945
3422
3661
3739
3716
3170
3730
1887
3737
3745
3728
3187
3671
2046
3758
3673
3732
3659
3208
3525
3748
3659
3728
3674
3571
3649
2354
3753
3657
3719
3250
3670
2259
3745
3668
3722
2693
3023
3669
3735
3708
2792
3243
3651
3720
3704
3263
3637
2002
3723
3662
3708
2673
2991
3655
3733
3674
3640
2068
2608
3714
3715
3701
2667
2921
3673
3732
3688
3701
3538
3538
4004
3928
3880
2984
2532
2682
2225
1554
2027
2248
1932
2652
2290
2291
433
505
557
1366
2176
1572
1980
1741
1746
2087
2562
2871
3149
3064
2595
2251
2733
3319
3376
3469
2106
2206
3562
3635
