5
5
6
6
165
292
452
610
770
924
1056
1185
99
241
392
539
710
913
1095
1237
1313
1342
1377
1630
207
652
871
1241
1619
1658
1700
1739
1795
1848
1909
1972
2038
2104
2101
2218
1869
1864
1858
1859
1828
1811
1746
1819
1879
1969
2028
2116
3332
2175
2259
2255
1928
1680
1696
1771
1837
1908
1981
2058
2122
2210
3268
2285
2667
2389
2038
1781
1772
1868
1950
2445
3584
2039
1769
1697
1795
3101
1874
2804
1991
1722
1771
1851
2863
3447
1946
1698
1700
1782
208
238
397
468
1519
1563
1628
1693
1774
1474
1547
1573
1596
2366
2696
1689
1590
1536
1622
1710
2928
3453
1788
1521
1554
1635
2779
3169
1708
1500
1587
2941
3385
1658
1504
1577
2937
3605
1642
1533
1587
3005
3447
1677
1556
1658
3218
1730
2224
1823
1608
1688
3360
1794
2016
1850
1612
1687
1755
2859
3299
1845
1598
1656
1769
3577
1834
2213
1949
1683
1691
1799
3503
1891
2165
1983
1706
1724
1833
1883
2319
3425
1995
326
364
557
607
1437
1887
1944
2554
2137
2137
2147
2181
2229
2276
2323
2375
2439
2829
3094
2164
1912
1846
1845
1839
1921
2999
3341
1991
1716
1705
1780
2654
3188
1868
1679
1781
2903
3333
1848
1656
1749
2945
3199
1837
1693
1783
3133
3411
1852
1665
1744
2866
3252
1819
1713
1756
3696
1872
2206
1933
1754
1848
1934
2267
3530
2035
1791
1860
1958
2039
2157
2995
2135
1844
1829
1896
2730
3675
1981
1732
1776
1831
3311
3661
1923
1662
1775
1845
3421
1929
2117
2013
1769
1870
1930
3226
2039
2145
2103
1813
1831
1895
3465
1973
2270
2082
1788
1820
1897
3407
2006
2268
2080
1828
1852
1942
2009
2114
2552
2092
1831
1810
1893
2952
3264
1976
1721
1777
1868
3240
1954
3197
2048
1782
1856
1866
3662
1988
3202
2085
1812
1899
1949
2042
2960
2117
2377
2219
1919
1909
1999
3457
2047
2267
2140
1847
1821
1884
3238
3577
1978
1725
1799
1862
2942
3676
1957
1698
1771
1831
1924
1974
3156
2010
1754
1846
1921
2149
2630
2022
1780
1851
1944
2046
2850
2047
1785
1874
1942
2028
2696
3318
2135
1851
1866
1938
3430
2045
2391
2125
1859
1863
1967
2985
2038
2042
2113
1896
1886
1962
3102
3467
2037
1822
1815
1884
2006
2665
3380
2046
1815
1862
1958
2071
2999
2153
2223
2238
1975
1954
2030
2105
2499
3283
2231
1947
1856
1978
2051
2069
2929
326
1412
1680
1495
1610
1442
1962
2006
2067
2127
2182
2462
2691
1976
1822
1803
1847
1927
3170
3466
2006
1705
1737
1815
3083
3593
1886
1672
1763
3189
3633
1852
1667
1751
3344
1844
1998
1911
1735
1834
3000
3344
1914
1691
1774
3208
1869
1895
1943
1728
1833
3075
1882
1886
2015
1739
1849
1910
2002
2632
1994
1773
1872
1989
2411
3475
2072
1808
1889
1976
3245
2042
2222
2135
1856
1871
1980
326
1366
1624
1722
1887
1502
325
692
851
957
873
1520
1537
1524
1633
1579
2034
2065
2117
2171
2226
2277
2334
2195
2258
2102
1894
1821
1774
1834
1913
2043
2079
1983
1692
1687
1763
1895
1941
1837
1621
1704
1831
1880
1769
1625
1702
1777
1786
1773
1625
1696
1777
1803
1765
1615
1697
1805
1857
1764
1622
1696
1777
1820
1769
1618
1699
1799
1820
1774
1619
1698
1803
1832
1775
1618
1696
1818
1840
1769
1622
1698
1840
1897
1768
1622
1698
1851
1886
1775
1618
1695
1856
1888
1768
1623
1697
1847
1876
1770
1621
1699
1854
1915
1770
1619
1700
1858
1913
1769
1623
1702
1961
2057
1774
1623
1702
1995
2075
1772
1622
1699
1997
2065
1768
1625
1707
1916
1955
1774
1626
1702
1874
1917
1775
1624
1701
2014
2131
1776
1626
1643
1869
1922
1742
1663
1742
1920
1981
1810
1627
1701
1957
2009
1771
1631
1709
2038
2127
1783
1631
1708
2048
2130
1789
1634
1717
1967
2062
1782
1634
1711
1956
2015
1780
1639
1707
1940
1994
1781
1632
1707
2071
2145
1778
1631
1709
1953
2016
1778
1638
1707
1946
2039
1782
1637
1706
1957
2025
1778
1637
1718
1966
2041
1787
1635
1724
2006
2083
1784
1657
1731
2036
2117
1808
1628
1715
2091
2211
1779
1639
1716
1992
2092
1789
1636
1715
1985
2113
1786
1640
1716
1994
2097
1789
1630
1704
2010
2087
1777
1637
1720
2002
2078
1786
1631
1705
1977
2065
1781
1640
1714
2195
2315
1791
1639
1714
2208
2352
1784
1635
1710
2187
2274
1784
1645
1721
2022
2098
1784
1659
1732
2004
2119
1811
1628
1710
2022
2145
1783
1643
1727
2117
2217
1788
1640
1718
2216
2300
1787
1637
1719
2045
2143
1785
1636
1713
2044
2149
1794
1635
1715
2043
2128
1788
1643
1714
2224
2362
1784
1640
1713
2132
2235
1793
1638
1708
2039
2251
1780
1635
1723
2047
2167
1785
1641
1713
2235
2399
1786
1635
1715
2296
2446
1787
1637
1713
2048
2158
1785
1639
1723
2151
2266
1790
1639
1716
2115
2219
1787
1634
1720
2115
2262
1791
1639
1714
2112
2211
1793
1639
1714
2052
2190
1789
1648
1711
2098
2211
1781
1639
1725
2324
2446
1785
1658
1739
2232
2349
1802
1632
1709
2132
2259
1780
1647
1727
2224
2339
1794
1638
1718
2123
2306
1791
1639
1718
2152
2312
1788
1641
1713
2211
2370
1796
1639
1711
2138
2267
1788
1641
1727
2339
2489
1790
1669
1734
2228
2364
1807
1631
1708
2298
2504
1783
1659
1726
2329
2436
1795
1639
1718
2200
2378
1784
1637
1712
2171
2288
1786
1638
1715
2117
2265
1789
1640
1714
2118
2232
1789
1637
1722
2095
2220
1788
1668
1744
2218
2333
1820
1635
1734
2382
2601
1804
1632
1708
2162
2290
1780
1639
1718
2174
2330
1787
1637
1722
2206
2364
1791
1648
1723
2378
2599
1794
1641
1717
2150
2279
1794
1640
1718
2276
2408
1792
1647
1723
2192
2346
1788
1644
1726
2204
2328
1793
1642
1717
2191
2308
1801
1643
1737
2203
2429
1809
1633
1706
2228
2412
1787
1643
1723
2319
2492
1795
1638
1713
2177
2409
1793
1654
1720
2393
2631
1799
1642
1738
2323
2457
1813
1630
1705
2239
2395
1783
1641
1719
2250
2422
1793
1641
1720
2318
2532
1790
1646
1724
2229
2371
1789
1640
1723
2222
2408
1793
1642
1720
2258
2426
1790
1644
1716
2474
2712
1785
1640
1718
2353
2510
1797
1636
1723
2337
2475
1783
1673
1737
2377
2531
1808
1632
1711
2267
2405
1778
1644
1721
2317
2477
1796
1644
1719
2277
2486
1791
1642
1723
2328
2509
1794
1640
1721
2365
2525
1788
1641
1712
2295
2440
1788
1640
1716
2488
2742
1792
1648
1715
2534
2736
1795
1654
1717
2251
2377
1793
1640
1716
2280
2458
1792
1644
1733
2354
2519
1798
1664
1747
2456
2638
1820
1664
1765
2377
2572
1830
1657
1729
2535
2740
1811
1647
1725
2475
2658
1792
1647
1729
2289
2453
1797
1669
1743
2535
2818
1823
1645
1716
2445
2602
1794
1653
1724
2388
2556
1798
1639
1727
2388
2576
1799
1671
1762
2418
2643
1842
1619
1710
2526
2697
1776
1654
1726
2336
2546
1799
1637
1714
2300
2468
1790
1648
1717
2472
2614
1789
1640
1722
2312
2512
1795
1648
1728
2377
2537
1798
1646
1723
2457
2660
1790
1644
1723
2265
2434
1800
1651
1719
2289
2478
1793
1651
1724
2324
2484
1795
1648
1732
2507
2753
1794
1664
1740
2550
2752
1808
1640
1714
2482
2657
1784
1646
1727
2393
2599
1797
1641
1725
2501
2663
1791
1667
1742
2480
2770
1808
1641
1723
2278
2496
1788
1649
1727
2443
2599
1805
1651
1743
2360
2503
1812
1642
1710
2600
2876
1784
1647
1722
2460
2668
1798
1652
1731
2475
2695
1813
1649
1745
2441
2629
1815
1658
1730
2420
2600
1810
1651
1747
2481
2695
1820
1639
1711
2417
2585
1783
1651
1723
2349
2569
1794
1656
1721
2665
2904
1790
1645
1721
2639
2794
1799
1650
1722
2629
2936
1803
1651
1746
2438
2644
1823
1632
1715
2517
2719
1792
1652
1738
2658
2923
1793
1670
1738
2577
2856
1816
1641
1719
2693
2899
1795
1653
1728
2589
2773
1803
1641
1722
2416
2653
1784
1648
1729
2675
2895
1795
1672
1750
2546
2740
1828
1647
1739
2420
2594
1816
1631
1720
2510
2715
1789
1649
1729
2481
2694
1801
1644
1715
2382
2613
1795
1653
1731
2718
2891
1789
1669
1753
2469
2765
1815
1636
1712
2565
2780
1790
1646
1722
2712
2935
1792
1648
1717
2493
2779
1795
1641
1723
2637
2827
1791
1642
1725
2791
3122
1805
1641
1738
2354
2595
1815
1631
1709
2703
2901
1795
1652
1743
2528
2742
1820
1641
1718
2518
2700
1794
1644
1721
2639
2857
1822
1646
1739
2753
3057
1816
1637
1715
2449
2645
1791
1657
1724
2746
2942
1808
1643
1743
2615
2857
1828
1634
1735
2681
2917
1816
1638
1734
2516
2794
1812
1639
1721
2386
2764
1789
1651
1730
2634
2887
1794
1649
1721
2711
3034
1785
1647
1722
2390
2563
1794
1647
1723
2533
2815
1801
1644
1731
2573
2775
1790
1666
1744
2652
2928
1821
1646
1719
2493
2706
1798
1653
1725
2472
2730
1797
1640
1736
2676
2956
1793
1674
1754
2811
3134
1815
1667
1733
2542
2776
1806
1647
1733
2411
2797
1804
1673
1771
2839
3118
1839
1650
1721
2670
2964
1802
1661
1730
2787
3064
1797
1653
1725
2677
3054
1797
1649
1725
2433
2666
1790
1652
1725
2758
3099
1801
1640
1726
2531
2739
1791
1646
1719
2614
2888
1797
1645
1731
2568
2771
1805
1651
1746
2652
2885
1817
1642
1715
2662
2893
1801
1658
1749
2591
2907
1817
1663
1739
2567
2792
1808
1659
1724
2744
2996
1794
1660
1724
2776
3042
1792
1667
1721
2829
3079
1814
1674
1750
2892
3100
1810
1675
1738
2612
2982
1812
1653
1720
2684
3054
1797
1654
1730
2513
2885
1800
1650
1728
2500
2816
1799
1649
1722
2538
2868
1804
1654
1725
2771
2998
1807
1653
1728
2741
3049
1801
1647
1739
2845
3035
1796
1669
1748
2490
2802
1821
1646
1718
2710
3067
1794
1663
1734
2744
2886
1807
1648
1719
2409
2689
1797
1658
1729
2840
3086
1807
1648
1724
2601
2914
1803
1657
1752
2542
2866
1823
1673
1776
3062
3344
1831
1659
1741
2907
3141
1801
1677
1745
2481
2826
1819
1660
1716
2506
2861
1791
1653
1731
2895
3319
1811
1646
1727
2927
3223
1792
1655
1732
2585
2916
1807
1656
1745
2975
3309
1818
1638
1720
2910
3221
1795
1664
1753
2963
3353
1826
1665
1741
2979
3235
1806
1651
1734
2872
3140
1792
1681
1754
2950
3185
1818
1646
1721
2923
3247
1798
1653
1730
2624
2861
1802
1649
1722
2653
2907
1794
1657
1727
2833
3088
1807
1652
1745
2983
3333
1823
1637
1720
2849
3146
1794
1654
1727
2799
3168
1801
1646
1730
2561
2904
1801
1661
1728
2889
3152
1803
1673
1760
2989
3316
1832
1632
1720
2912
3208
1780
1693
1761
2885
3224
1837
1638
1736
2644
2908
1812
1645
1737
2929
3259
1797
1683
1762
2946
3276
1828
1667
1773
2501
2715
1837
1665
1735
2602
2845
1826
1652
1752
2822
3088
1820
1664
1745
2614
2829
1824
1651
1740
2979
3292
1820
1642
1712
2937
3213
1785
1654
1724
2937
3200
1798
1654
1733
2941
3241
1797
1663
1727
2631
2959
1793
1650
1730
2902
3218
1802
1677
1742
2906
3149
1817
1650
1730
2974
3376
1818
1687
1772
2957
3310
1848
1642
1716
2904
3309
1785
1678
1751
2885
3383
1831
1645
1750
2967
3276
1807
1677
1760
2853
3294
1811
1674
1750
2861
3096
1822
1646
1730
2660
2973
1806
1689
1770
3024
3382
1844
1631
1710
2936
3365
1791
1665
1751
2969
3355
1817
1637
1716
2714
2967
1790
1659
1729
2779
3055
1801
1653
1725
2935
3323
1801
1648
1728
2966
3313
1792
1653
1724
3016
3290
1808
1645
1747
2997
3512
1828
1671
1780
2976
3407
1845
1660
1756
3039
3332
1837
1669
1760
2658
2948
1832
1639
1715
2599
2818
1794
1670
1737
2933
3212
1813
1661
1756
2622
3088
1822
1672
1739
2933
3382
1811
1664
1737
2997
3284
1811
1672
1776
3002
3441
1843
1671
1732
2620
2914
1806
1661
1734
3019
3368
1802
1649
1728
2600
2986
1810
1654
1731
2989
3397
1804
1658
1742
2696
3102
1812
1669
1743
3127
3427
1812
1675
1771
2651
3062
1837
1656
1736
2657
2982
1805
1649
1732
2774
3091
1802
1659
1736
2594
2970
1806
1681
1756
3004
3460
1821
1642
1725
2981
3257
1799
1661
1734
2577
3105
1805
1653
1725
2569
2874
1803
1660
1757
2728
3077
1830
1674
1765
3131
3517
1833
1666
1740
2625
2990
1819
1648
1767
3187
3534
1823
1664
1739
2619
3122
1830
1646
1745
3035
3355
1818
1653
1726
3038
3412
1794
1660
1741
2993
3476
1804
1685
1750
2984
3290
1830
1651
1744
2656
3072
1809
1653
1720
2598
2928
1795
1646
1732
2588
2998
1800
1676
1748
2660
3124
1825
1645
1730
3032
3348
1798
1685
1753
2637
2933
1825
1644
1721
3013
3452
1797
1654
1722
2676
3032
1798
1658
1732
2700
3034
1808
1652
1751
2700
3039
1824
1641
1715
2547
2835
1791
1662
1730
3026
3289
1805
1655
1732
2633
2959
1801
1659
1731
3049
3555
1805
1672
1769
3093
3516
1842
1641
1713
3064
3537
1785
1657
1734
2698
3134
1805
1645
1724
3082
3490
1806
1650
1754
3048
3462
1820
1666
1747
3104
3543
1825
1661
1744
3092
3555
1812
1648
1713
2981
3461
1788
1667
1734
3048
3509
1793
1655
1731
2414
2621
1810
1663
1751
2691
3037
1829
1646
1750
3052
3528
1812
1673
1749
3107
3403
1821
1645
1723
3065
3532
1794
1661
1742
2996
3498
1807
1683
1768
3123
3537
1830
1670
1773
3221
1849
1857
1912
1722
1798
3112
3465
1874
1669
1766
2642
3326
1834
1630
1716
3020
3319
1789
1651
1732
3118
3426
1811
1663
1746
2720
3070
1819
1644
1733
2503
2817
1803
1688
1781
2725
3108
1858
1660
1753
2723
3165
1820
1646
1711
2607
2960
1792
1656
1735
2625
2971
1817
1652
1766
2812
3182
1819
1681
1742
2673
3002
1824
1647
1742
3136
3510
1823
1645
1721
3031
3526
1795
1654
1732
3074
3610
1806
1649
1733
2647
3048
1799
1654
1727
2697
3027
1798
1659
1737
3071
3591
1824
1680
1780
3166
1848
1910
1935
1735
1804
2754
3119
1871
1644
1726
2778
3308
1799
1671
1750
3161
1836
1839
1908
1723
1817
3189
1889
1892
1973
1712
1822
3296
3610
1887
1657
1755
3207
3659
1823
1650
1726
3142
3476
1805
1663
1762
3200
3530
1829
1660
1738
2688
3018
1816
1659
1767
3203
3512
1829
1669
1761
3179
3481
1838
1632
1734
3122
3638
1810
1673
1776
3146
1841
1945
1922
1711
1792
2812
3218
1858
1674
1747
2837
3362
1823
1655
1748
3224
1827
1939
1912
1742
1845
3319
1914
1927
2009
1742
1800
1868
3210
3574
1977
1693
1755
1815
3169
1898
1917
1971
1733
1824
3282
1911
2023
2015
1753
1854
3212
1923
2025
2014
1724
1802
1874
3330
1971
1975
2024
1760
1811
1877
2805
3334
1961
1679
1747
1825
3176
1903
1981
1994
1740
1834
2776
3166
1897
1666
1731
2631
2922
1816
1651
1747
2741
3165
1839
1643
1739
3125
3585
1839
1647
1743
2615
2979
1821
1641
1748
2774
3234
1820
1673
1766
2813
3336
1846
1665
1756
3190
1836
1880
1898
1716
1792
3136
3622
1876
1655
1751
3139
1838
1882
1908
1754
1816
3212
3554
1892
1649
1742
3240
1816
1936
1900
1744
1831
3217
1901
1947
1984
1730
1838
2554
2838
1901
1671
1734
1810
3240
1883
1913
1968
1735
1841
3437
1903
2279
1997
1732
1809
1872
3210
3589
1957
1720
1764
1832
3536
1917
2095
1992
1714
1813
3271
3627
1894
1672
1765
3223
1822
1916
1927
1718
1811
3393
1884
2148
1971
1737
1820
3311
1910
1968
1978
1712
1816
1879
3457
1968
2248
2057
1794
1840
1911
3295
1974
2196
2035
1753
1756
1829
2805
3181
1915
1647
1758
3493
1823
2146
1912
1754
1847
3289
3651
1920
1685
1751
1810
3220
3708
1910
1658
1761
1842
3184
1935
1940
2014
1772
1854
1927
3235
2005
2091
2061
1787
1775
1854
3294
3645
1924
1686
1767
1835
3201
1921
2009
2007
1742
1821
1892
3226
1960
1966
2038
1753
1797
1871
3271
1948
2002
2052
1756
1836
1900
3588
2000
2328
2090
1803
1834
1922
2914
3215
2007
1730
1754
1826
3374
3680
1919
1679
1776
2772
3166
1856
1662
1767
3161
1832
1837
1920
1717
1816
3400
1886
1994
1987
1715
1819
3563
1900
2088
1973
1735
1830
3304
1895
2061
1987
1752
1821
1903
3425
1980
2094
2040
1763
1748
1820
2764
3092
1890
1655
1733
2695
3051
1809
1693
1782
2860
3215
1847
1683
1744
3174
1837
1873
1905
1761
1849
2939
1926
2160
1983
1731
1784
1861
2989
3577
1951
1703
1792
1853
3361
1960
2252
2013
1769
1804
1881
3191
3567
1938
1675
1719
1800
2722
3262
1877
1675
1790
3246
1842
1990
1928
1754
1821
1894
1981
2756
1986
1744
1850
3333
1901
2261
1988
1723
1796
1867
3427
1945
2296
2012
1724
1774
1846
3200
1933
1965
1989
1759
1831
3473
1894
2262
1987
1738
1845
3283
1914
2114
2027
1732
1797
1870
3380
1948
2150
2012
1745
1808
1887
3263
1955
2047
2046
1773
1816
1894
3298
3602
1951
1717
1740
1803
2807
3297
1901
1676
1756
2690
3202
1853
1645
1761
3235
1824
1952
1900
1762
1819
3059
3387
1896
1645
1718
3148
1795
1807
1877
1726
1819
3355
1895
2235
1950
1724
1801
2823
3491
1861
1653
1732
3082
3612
1795
1686
1759
2843
3413
1829
1658
1756
3416
1814
2076
1913
1728
1822
3434
1909
2233
1975
1739
1806
3380
1876
1920
1953
1689
1795
2787
3241
1879
1677
1775
2819
3196
1842
1666
1775
3627
1835
2141
1927
1723
1813
3355
1890
2058
1977
1731
1845
3309
1905
2125
1996
1715
1812
1869
3115
3525
1958
1696
1760
1833
3417
1926
2191
1989
1737
1823
1879
1972
1982
2526
2032
1774
1809
1885
2647
3073
1976
1732
1785
1844
2830
3301
1946
1676
1779
1830
2868
3384
1928
1666
1765
1854
3444
1905
2045
1989
1713
1786
1876
2890
3246
1927
1684
1748
1816
2997
3313
1909
1639
1737
3373
1820
2080
1878
1734
1811
3125
3447
1878
1684
1759
2537
2883
1831
1645
1756
3364
1832
2030
1920
1758
1843
3249
3651
1927
1701
1750
1831
3325
1901
2002
1993
1743
1854
3350
1916
2020
2017
1749
1830
1902
3350
1986
2258
2077
1807
1848
1906
2889
3568
1986
1717
1719
1805
2963
3541
1864
1681
1750
2986
3434
1824
1668
1749
3169
3630
1825
1657
1729
2822
3381
1805
1660
1731
2617
3037
1815
1658
1753
3537
1844
2109
1911
1730
1817
3405
1914
2270
1952
1725
1785
1872
3352
1934
2037
2024
1753
1837
1923
3583
1994
3146
2091
1817
1836
1917
3379
1980
2214
2081
1785
1806
1877
2819
3191
1967
1719
1790
1864
3172
1940
1970
2029
1757
1833
1914
3444
2002
2296
2093
1807
1852
1921
3645
2001
2493
2103
1827
1850
1922
3358
3734
2004
1746
1770
1843
2851
3239
1913
1649
1746
1807
3069
3573
1909
1677
1789
3063
3417
1834
1682
1750
2705
3025
1826
1680
1766
3390
1844
2010
1905
1738
1800
2758
3130
1888
1701
1764
2680
3470
1851
1652
1754
2810
3134
1822
1684
1775
2969
1842
1853
1949
1728
1816
3322
1891
2235
1973
1734
1822
3336
1913
2161
1964
1723
1785
1863
3235
1937
2015
2031
1763
1840
1895
3338
2003
2044
2065
1793
1825
1879
3295
1981
1987
2035
1777
1796
1883
3467
1939
2147
2046
1754
1825
1894
3290
1978
2008
2080
1789
1866
1918
3372
2028
2386
2077
1803
1804
1870
2843
3230
1975
1704
1780
1850
3182
3482
1912
1668
1725
1790
3082
3448
1881
1678
1759
2849
3365
1855
1648
1739
3239
1810
1908
1890
1704
1811
3561
1881
2125
1977
1747
1847
3005
3439
1912
1690
1736
1798
3530
1900
2266
1952
1743
1827
3267
1898
2118
1999
1746
1848
2946
3458
1924
1683
1753
1838
3354
3652
1906
1693
1761
1864
3468
1948
2194
2048
1784
1854
1905
3403
2003
2083
2084
1796
1819
1894
3370
1979
2198
2046
1777
1821
1911
3294
1994
2074
2076
1815
1850
1923
3643
2011
2273
2132
1838
1839
1915
3575
1996
2269
2108
1832
1841
1931
3466
2008
2118
2114
1825
1844
1893
3011
3413
2004
1708
1770
1834
2858
3358
1950
1706
1803
1852
3374
1948
2135
2014
1752
1817
1870
3262
1965
2079
2036
1765
1836
1909
3001
3397
1987
1740
1780
1840
2558
3076
1943
1668
1763
1841
2919
3431
1933
1699
1801
1858
3532
1954
2382
2016
1760
1803
1884
2882
3170
1961
1703
1782
1837
3401
1920
2168
2017
1771
1866
1922
2012
2015
2670
2089
1806
1812
1897
3573
1966
2320
2048
1796
1817
1912
1977
1980
2527
2089
1780
1797
1870
3590
1963
2242
2061
1800
1849
1952
2928
3474
2021
1760
1744
1820
2876
3342
1892
1664
1759
2667
3207
1855
1665
1770
3602
1842
2316
1937
1756
1845
1919
2023
2661
2012
1767
1831
1920
3018
2007
2035
2110
1837
1836
1917
3301
3675
1990
1741
1796
1858
3376
1948
2144
2029
1770
1859
1924
3374
2009
2213
2097
1834
1834
1916
1990
2150
2758
2078
1799
1823
1906
3008
3626
1974
1726
1764
1835
2889
3493
1939
1693
1806
1860
3484
1954
2170
2033
1758
1825
1899
1981
2149
2753
2065
1795
1820
1895
3603
1960
2304
2056
1758
1814
1896
3482
1975
2130
2074
1813
1856
1950
3532
2030
2161
2124
1852
1823
1893
3319
1976
2176
2035
1776
1815
1887
1987
2117
2699
2067
1797
1851
1926
3208
2017
2148
2101
1822
1855
1902
3424
1999
2249
2059
1801
1807
1887
3101
3583
1967
1707
1758
1844
2924
3309
1914
1692
1759
1855
3455
1936
2182
2037
1767
1829
1900
3370
1984
1993
2050
1788
1843
1900
2926
3345
1988
1712
1773
1830
2932
3396
1927
1694
1776
2586
3006
1879
1701
1807
3031
3349
1855
1672
1766
2598
3080
1844
1711
1800
1871
1874
2200
1961
1733
1829
2861
3265
1899
1674
1767
1832
2768
3088
1928
1681
1760
1849
3373
1929
2159
2026
1782
1855
1952
3600
2028
2408
2111
1838
1820
1878
3332
1967
2073
2063
1799
1850
1915
2938
3731
2016
1761
1777
1854
1933
2053
2611
2041
1765
1858
1939
2919
3547
2027
1758
1804
1844
1943
1948
2585
2009
1746
1847
1918
3168
1998
2146
2084
1838
1844
1943
2029
2629
3627
2138
1859
1825
1919
2002
2024
2418
2071
1796
1802
1878
3434
1966
2186
2068
1790
1853
1924
2017
2195
3401
2107
1856
1832
1932
2006
2548
3418
2091
1815
1821
1870
2964
3598
1986
1717
1766
1867
1960
2230
2656
2031
1787
1852
1913
3527
2013
2385
2068
1795
1831
1905
3347
2013
2039
2078
1801
1845
1928
2834
3272
2008
1753
1773
1857
3349
1942
2212
2038
1786
1852
1942
2950
3718
2043
1766
1770
1852
3358
1929
2241
2035
1780
1861
1960
2980
3257
2035
1777
1761
1839
3631
1935
2341
2017
1758
1862
1936
1940
2804
2026
1769
1833
1884
1997
2131
2808
2046
1787
1819
1896
2944
3472
1959
1724
1744
1801
3475
1910
2436
1954
1750
1819
2865
3221
1889
1685
1766
2778
3122
1842
1668
1729
1835
2047
2597
1887
1781
1867
3167
3647
1927
1714
1774
1885
1966
2156
2874
2062
1792
1863
1948
2044
2051
2608
2125
1845
1831
1902
3456
1972
2082
2038
1786
1796
1893
1959
2343
3133
2056
1794
1859
1942
2003
2011
2477
2099
1821
1828
1911
1988
2022
2996
2084
1813
1863
1914
3322
2012
2487
2103
1822
1861
1929
2947
3269
2029
1760
1797
1855
3517
1939
2343
2059
1769
1855
1938
2013
2228
2707
2119
1837
1828
1915
1977
2067
2705
2079
1803
1827
1897
3611
1977
2341
2080
1812
1840
1922
3032
3374
1980
1726
1751
1816
2626
2997
1913
1696
1799
2939
3279
1870
1693
1788
1869
2361
3129
1964
1774
1876
2738
3152
1927
1711
1748
1862
1930
2068
2619
2032
1773
1899
1924
2018
2026
2526
2081
1811
1847
1923
1987
1989
2971
2088
1787
1842
1912
2926
3439
1999
1766
1778
1893
1974
2172
2722
2050
1790
1826
1900
1963
2538
3579
2063
1790
1825
1907
1999
2511
3487
2095
1823
1875
1936
2014
3162
3613
2097
1829
1859
1912
2856
2000
2102
2082
1821
1852
1936
3500
2021
2247
2110
1845
1828
1936
3178
1993
2213
2093
1794
1810
1877
2895
1965
2839
2075
1811
1872
1943
2039
2173
2877
2145
1847
1809
1882
1954
1968
2946
2020
1747
1793
1878
1967
2087
2797
2060
1806
1868
1959
2029
2989
2139
2331
2204
1904
1890
1975
3481
2052
2528
2139
1862
1855
1938
3344
2010
2144
2105
1812
1807
1899
2897
3207
1950
1698
1750
1850
3674
1908
2234
2023
1763
1855
1934
2264
3090
2009
1751
1840
1904
3066
3562
2008
1742
1767
1857
1943
2173
2779
2051
1785
1860
1921
3707
2002
3346
2086
1795
1800
1876
3566
1950
2480
2055
1758
1841
1926
1992
2675
3256
2088
1828
1851
1953
3301
2023
2271
2122
1834
1830
1894
3233
1988
2678
2057
1803
1829
1921
3287
2000
2596
2060
1785
1818
1910
3264
1987
1990
2065
1815
1871
1948
2036
3008
2116
2466
2219
1923
1915
2000
3188
2075
2149
2151
1927
1860
1948
3402
2019
2167
2126
1843
1839
1893
3363
1990
2158
2077
1802
1856
1910
1998
2420
3606
2092
1818
1831
1924
2003
2051
2873
2096
1818
1842
1929
2007
3413
2080
2726
2191
1888
1929
1992
2076
2124
3128
2166
1897
1853
1928
2027
2875
2105
2189
2194
1910
1952
2012
2089
2215
2763
2166
1901
1845
1917
3507
1995
2277
2094
1813
1836
1912
2001
2507
3365
2076
1810
1831
1920
1975
1979
3145
2063
1810
1829
1918
2014
2787
3335
2081
1824
1848
1909
1994
2306
2749
2086
1805
1866
1982
3524
2048
2198
2140
1897
1892
2001
2079
2431
3445
2154
1911
1870
1951
3703
2040
2586
2098
1860
1828
1911
1995
2111
3171
2118
1844
1888
2000
2084
2990
2163
2167
2218
1992
1954
2037
2107
2605
3459
2204
1933
1881
1956
2048
3432
2118
2591
2196
1947
1971
2057
3319
2153
2221
2219
1964
1849
1954
2004
2274
2682
2080
1815
1784
1854
1937
2039
3303
2054
1793
1887
1962
2063
2073
2579
2168
1887
1897
1988
2078
2918
2155
2389
2241
1968
1908
2014
2061
3317
3729
2150
1887
1825
1932
2053
2471
2128
2484
2251
1955
1974
2043
3355
2115
2202
2217
1939
1869
1935
2005
3509
2124
2451
2179
1903
1892
1955
2059
3027
2146
2472
2251
1959
1946
2045
2090
2890
3512
2190
1891
1834
1917
1989
3109
3677
2088
1827
1856
1971
2016
2999
3539
2110
1858
1873
1979
3365
2051
2198
2141
1903
1890
2000
2076
3108
2165
2411
2268
1952
1931
1999
2098
2394
2816
2191
1923
1910
325
1406
1579
1591
1543
1719
1838
2101
2147
2213
2259
2153
2255
1973
1814
1823
1867
1935
2261
2350
2012
1741
1708
1785
2347
2457
1858
1639
1715
2613
2926
1782
1635
1702
2799
3174
1794
1641
1728
2598
2857
1806
1631
1706
2510
2687
1791
1639
1737
2691
3017
1814
1621
1727
2599
2969
1801
1669
1729
3059
3526
1829
1663
1768
3090
1848
1851
1924
1737
1828
3200
1910
1977
2014
1755
1831
1897
3363
2006
2269
2080
1785
1816
1876
2984
3604
1962
1699
1759
1812
3120
3650
1924
1665
1765
1838
1948
2782
1936
1738
1843
1900
2268
2796
2006
1725
1809
1879
1971
2193
2798
2051
1801
1874
1940
3708
2047
2669
2110
1827
1804
1824
2347
2509
331
359
492
545
1433
1852
1871
2571
2144
2144
331
371
505
549
650
859
878
1570
1289
1310
1592
1951
2415
2570
2265
1916
1984
1932
1929
1925
1927
1935
1942
1925
1964
2225
2306
1993
