204
101
6
6
233
345
480
628
786
949
1118
1252
1401
307
431
584
740
958
1132
1328
1530
1649
1881
2293
1655
1197
1192
1499
1749
2035
2293
2443
2787
2872
3090
3244
3369
3459
2437
2284
3257
3414
3437
3521
2811
3531
3543
3542
3610
3667
3676
3683
3687
3537
3687
2673
3777
3786
3751
3687
3616
3675
3657
3747
3757
3723
3757
3340
3746
3774
3741
3672
3665
3517
3713
2445
3735
3757
3710
3643
3278
3712
1878
3724
3640
3683
3690
3480
3626
2184
3710
3727
3700
3678
3628
2952
3704
2480
3375
286
330
387
2857
2268
2641
2079
1984
2466
3319
3021
2171
2397
3497
3567
3574
3614
2478
2799
3658
3650
3639
2852
3324
3658
3655
3638
2885
3309
3659
3653
3661
3240
3648
1680
3713
3730
3646
2822
3190
3668
3658
3662
3647
3097
3711
1914
3728
3741
3705
3274
3719
1921
3735
3747
3710
3720
3200
3652
1882
3744
3644
3696
3670
2657
2988
3648
3713
3688
3651
2725
3447
3719
3653
3895
3780
2457
2562
3069
423
488
539
2735
2573
1907
2658
2290
2645
2837
3155
3265
3370
3464
2940
2856
3214
3526
3507
3539
3577
3627
2762
3088
3668
3702
3655
3671
2841
3251
3669
3653
3675
3643
2690
3254
3712
3722
3691
3240
3644
2145
3723
3743
3717
3415
3659
2227
3733
3751
3708
3303
3723
1976
3740
3753
3718
3666
3413
3743
2418
3760
3757
3726
3714
3733
2132
2708
3658
3753
3717
3668
3550
3736
2403
3659
3763
3667
3673
3285
3659
2234
3750
3745
3724
3664
3297
3741
2038
3754
3741
3718
3720
3212
3690
3740
3750
3729
3677
3354
3658
2219
3739
3750
3722
3637
3565
3725
2341
3739
3761
3726
3668
3746
2241
2575
3753
3761
3734
3669
2861
3372
3749
3758
3725
3668
2976
3558
3734
3746
3713
3717
3227
3733
2298
3754
3673
3722
3719
3522
3725
2221
3743
3753
3709
3707
3292
3726
2149
3751
3678
3723
3662
3725
2012
2636
3735
3739
3708
3660
3726
2572
3010
3738
3738
3717
3655
3735
2316
2678
3662
3753
3720
3710
3291
3721
2272
3730
3733
3699
3706
3723
2420
3070
3738
3754
3719
3671
3728
2412
2832
3738
3751
3724
3634
3711
2641
3505
3657
3755
3680
3657
3425
3703
2455
3735
3675
3702
3651
2649
3126
1793
1774
1488
1982
2419
2743
3055
3185
3309
3258
2898
2820
3235
3482
3452
3475
3535
3297
3595
2135
3641
3683
3628
3674
3276
3581
3661
3727
3668
3676
2439
3047
3653
3729
3693
3721
2038
2255
3650
3741
3719
3292
3648
2371
3733
3748
3703
3721
2215
3262
3735
3741
3705
3701
3716
3310
3730
2114
3744
3759
3725
3717
3737
2587
3262
3661
3757
3716
3652
3532
3009
1635
1465
1314
2553
2218
1301
1246
1436
1331
1883
1469
1538
1944
2601
2897
3110
2847
2550
2173
2879
3243
3269
3359
3427
3490
3560
2237
2263
3618
3671
3597
3560
1935
1971
3617
3663
3625
1804
1832
3666
3659
3670
1712
1716
3670
3662
3675
1743
1754
3670
3665
3672
1757
1770
3668
3663
3671
1768
1802
3671
3663
3666
1821
1869
3668
3662
3670
1838
1911
3670
3666
3671
1853
1899
3662
3659
3669
1784
1836
3669
3666
3672
1808
1854
3670
3664
3664
1875
1911
3666
3666
3676
1846
1913
3671
3667
3672
1827
1871
3669
3662
3673
1857
1901
3667
3666
3673
1840
1887
3665
3662
3672
1858
1902
3670
3664
3673
1977
2026
3670
3667
3675
1907
1952
3671
3667
3674
1875
1923
3669
3661
3661
1892
1933
3670
3663
3269
1908
1949
3692
3683
3670
1926
1977
3671
3666
3674
1903
1975
3670
3663
3671
1931
1986
3667
3665
3667
1985
2038
3673
3665
3668
1940
2008
3667
3663
3672
2021
2088
3662
3665
3674
1965
2055
3668
3665
3673
1954
2040
3668
3666
3672
1974
2052
3666
3669
3670
1933
2009
3670
3666
3673
1962
2036
3668
3667
3674
1954
2081
3665
3664
3669
2006
2097
3669
3669
3671
2034
2088
3669
3664
3672
2004
2118
3670
3669
3674
1993
2063
3668
3660
3675
1996
2087
3668
3665
3675
2027
2108
3668
3660
3671
1958
2038
3674
3668
3671
2021
2104
3669
3657
3668
1972
2092
3670
3666
3672
2182
2268
3670
3653
3730
2054
2175
3669
3666
3673
2007
2138
3671
3655
3729
2105
2221
3668
3663
3676
2020
2138
3664
3665
3671
2044
2135
3669
3667
3674
2072
2197
3665
3666
3674
2031
2135
3667
3668
3674
2023
2122
3668
3667
3667
2058
2133
3668
3663
3673
2193
2345
3667
3654
3727
2270
2430
3668
3657
3726
2320
2483
3669
3669
3674
2049
2152
3669
3659
3727
2138
2247
3662
3750
3663
2082
2196
3668
3661
3677
2046
2115
3674
3664
3657
2040
2139
3671
3666
3674
2143
2257
3673
3666
3676
2086
2212
3674
3662
3673
2151
2337
3659
3751
3675
2155
2267
3668
3662
3667
2309
2413
3667
3652
3728
2220
2359
3659
3752
3671
2324
2470
3669
3670
3675
2081
2210
3672
3657
3675
2121
2250
3668
3666
3672
2182
2281
3666
3656
3732
2128
2238
3670
3664
3676
2110
2244
3672
3665
3671
2135
2253
3670
3661
3674
2345
2446
3670
3660
3671
2371
2496
3669
3669
3671
2347
2535
3665
3664
3672
2249
2361
3670
3662
3671
2160
2296
3664
3667
3674
2320
2436
3668
3664
3670
2115
2265
3673
3666
3665
2202
2338
3668
3669
3673
2142
2393
3666
3655
3733
2450
2576
3668
3662
3677
2179
2273
3665
3663
3669
2283
2417
3657
3748
3672
2181
2342
3667
3668
3674
2214
2348
3671
3657
3679
2125
2241
3673
3659
3670
2203
2330
3674
3669
3666
2276
2431
3671
3666
3669
2246
2460
3658
3747
3657
2262
2413
3669
3673
3669
2257
2407
3668
3664
3674
2254
2415
3673
3668
3671
2373
2574
3667
3662
3732
2418
2649
3666
3666
3673
2225
2349
3671
3658
3724
2522
2645
3663
3668
3673
2206
2402
3668
3667
3673
2435
2650
3663
3663
3677
2261
2444
3665
3666
3675
2193
2326
3673
3658
3732
2230
2415
3672
3666
3678
2248
2432
3660
3753
3672
2228
2340
3664
3671
3663
2383
2556
3665
3670
3674
2202
2336
3668
3653
3729
2329
2539
3663
3660
3667
2245
2421
3669
3665
3658
2452
2724
3672
3662
3663
2541
2738
3670
3670
3672
2289
2552
3669
3666
3673
2285
2416
3671
3664
3671
2247
2404
3657
3749
3666
2207
2379
3669
3652
3728
2294
2507
3653
3748
3664
2213
2429
3666
3672
3675
2381
2519
3669
3666
3671
2384
2557
3668
3659
3658
2349
2487
3668
3664
3665
2448
2731
3670
3668
3673
2387
2573
3662
3662
3673
2396
2552
3670
3666
3671
2316
2518
3668
3661
3668
2511
2658
3673
3663
3668
2355
2540
3670
3666
3670
2366
2476
3674
3661
3734
2241
2416
3661
3756
3671
2350
2542
3658
3665
3667
2281
2473
3672
3664
3667
2420
2626
3666
3668
3660
2309
2472
3672
3665
3669
2378
2551
3670
3659
3671
2348
2592
3661
3750
3669
2436
2601
3664
3667
3673
2544
2756
3662
3748
3666
2381
2647
3661
3664
3672
2453
2602
3667
3666
3670
2433
2569
3659
3751
3669
2552
2766
3668
3671
3669
2249
2429
3659
3662
3665
2362
2619
3670
3666
3672
2322
2480
3669
3665
3671
2300
2552
3672
3659
3672
2373
2594
3668
3645
3719
2232
2442
3669
3655
3718
2485
2640
3666
3661
3672
2400
2570
3668
3662
3676
2526
2694
3670
3663
3675
2427
2673
3665
3660
3664
2614
2896
3658
3745
3669
2465
2625
3664
3667
3670
2270
2489
3658
3735
3728
2557
2715
3663
3748
3731
2394
2595
3656
3746
3669
2470
2659
3655
3747
3664
2358
2583
3664
3661
3727
2658
2957
3667
3655
3728
2514
2809
3666
3751
3669
2636
2938
3670
3654
3732
2361
2593
3665
3656
3724
2412
2559
3670
3666
3673
2368
2548
3668
3659
3730
2468
2724
3664
3749
3662
2489
2704
3668
3671
3670
2423
2577
3671
3659
3729
2461
2635
3661
3749
3674
2438
2614
3666
3665
3674
2454
2623
3664
3750
3664
2388
2594
3668
3660
3732
2749
2952
3668
3659
3678
2634
2901
3674
3663
3664
2464
2717
3663
3674
3664
2359
2642
3663
3665
3675
2605
2856
3666
3656
3675
2446
2636
3654
3747
3671
2390
2658
3658
3747
3665
2671
2909
3665
3657
3732
2451
2685
3665
3751
3667
2720
2885
3661
3665
3670
2440
2664
3666
3745
3667
2721
3065
3661
3670
3674
2740
3088
3673
3666
3672
2460
2687
3662
3664
3662
2366
2608
3673
3663
3665
2425
2608
3661
3665
3672
2695
2896
3667
3673
3667
2457
2631
3667
3665
3661
2536
2799
3659
3745
3665
2348
2528
3656
3752
3657
2507
2661
3664
3673
3668
2441
2621
3669
3655
3731
2486
2680
3668
3657
3727
2471
2672
3669
3658
3669
2712
2991
3671
3656
3735
2805
3163
3657
3746
3731
2806
3203
3667
3664
3678
2774
2996
3666
3666
3665
2548
2771
3666
3655
3733
2534
2745
3653
3744
3673
2580
2801
3664
3663
3667
2775
3057
3663
3735
3721
2737
3066
3664
3754
3670
2564
2807
3664
3665
3661
2381
2641
3673
3666
3672
2478
2834
3660
3664
3664
2424
2685
3660
3739
3724
2400
2614
3666
3666
3665
2435
2735
3673
3664
3666
2643
2898
3660
3740
3726
2887
3145
3654
3746
3715
2678
2916
3670
3655
3722
2730
2982
3667
3661
3672
2725
2945
3663
3661
3674
2533
2752
3664
3657
3669
2807
3103
3663
3740
3734
2566
2790
3662
3752
3663
2722
3047
3663
3663
3668
2824
3160
3670
3661
3660
2793
3110
3670
3663
3738
2913
3132
3664
3756
3669
2835
3052
3666
3672
3664
2502
2726
3662
3740
3723
2949
3321
3651
3752
3670
2462
2654
3670
3659
3668
2479
2815
3667
3662
3673
2804
2981
3665
3666
3669
2476
2735
3673
3650
3719
2740
3052
3663
3645
3720
2685
2948
3665
3747
3671
2903
3084
3655
3743
3662
2498
2821
3657
3743
3667
2820
3137
3667
3659
3723
2613
2880
3660
3747
3670
2830
3071
3659
3662
3671
2838
3105
3666
3747
3659
2632
2841
3664
3667
3665
2549
2785
3673
3663
3667
2341
2541
3673
3666
3665
2848
3238
3660
3751
3674
2596
2835
3667
3655
3733
2931
3296
3659
3749
3664
2629
2873
3667
3664
3676
2525
2801
3666
3643
3727
2622
2902
3664
3751
3657
2548
2876
3662
3742
3667
2516
2789
3661
3659
3721
2848
3128
3659
3747
3661
2914
3168
3664
3660
3729
2540
2853
3661
3744
3671
2595
2819
3663
3668
3675
2618
2920
3668
3654
3733
2650
2978
3657
3750
3670
2506
2746
3658
3741
3727
2933
3197
3654
3746
3664
2341
2578
3663
3656
3720
2861
3162
3668
3638
3710
2733
3027
3663
3742
3672
2838
3121
3656
3747
3664
2671
2918
3656
3750
3666
2511
2853
3665
3662
3677
2491
2787
3667
3662
3664
2540
2766
3676
3666
3662
2981
3200
3660
3747
3670
2578
2836
3664
3661
3725
2566
2806
3660
3750
3669
2529
2789
3671
3669
3671
2557
2777
3663
3746
3732
2914
3326
3664
3663
3676
2889
3183
3667
3657
3665
2865
3282
3666
3667
3660
2541
2827
3663
3661
3670
2549
2875
3667
3657
3720
2591
2826
3741
3657
3727
2657
2973
3665
3751
3732
2834
3193
3661
3752
3656
2581
2830
3670
3671
3665
2432
2785
3668
3658
3724
2600
2866
3666
3746
3654
2983
3309
3727
3746
3665
2998
3320
3668
3665
3665
2993
3390
3665
3649
3727
3006
3237
3659
3743
3725
2895
3311
3663
3749
3672
2867
3331
3653
3748
3663
2966
3336
3670
3673
3677
2996
3323
3667
3658
3668
2974
3335
3666
3659
3667
2923
3271
3661
3743
3728
3050
3347
3659
3749
3657
2833
3279
3732
3652
3720
2594
2949
3668
3750
3679
3017
3456
3669
3666
3671
2813
3175
3663
3738
3724
3010
3360
3668
3664
3675
3013
3480
3671
3663
3667
2770
3178
3666
3661
3723
2457
2748
3663
3741
3725
2650
2895
3656
3740
3722
2722
3046
3656
3746
3657
2754
3048
3664
3666
3669
2992
3471
3666
3660
3677
2917
3340
3661
3748
3667
2671
2953
3664
3670
3668
2563
2834
3671
3656
3726
3091
3441
3656
3742
3724
2954
3281
3655
3740
3731
2982
3374
3654
3742
3726
2684
3028
3656
3743
3673
2646
2945
3659
3746
3668
2984
3352
3672
3666
3737
2987
3328
3664
3748
3732
2645
3021
3655
3749
3728
3103
3506
3655
3746
3672
3014
3302
3664
3667
3672
2968
3216
3673
3665
3666
2998
3194
3668
3661
3732
2650
2926
3666
3665
3673
2594
3005
3667
3662
3725
3058
3432
3658
3747
3673
2958
3416
3667
3670
3669
2950
3236
3662
3657
3726
2651
2984
3668
3669
3662
2638
3015
3662
3741
3729
2792
3196
3646
3739
3717
2708
3064
3658
3737
3718
2703
2933
3657
3736
3723
2692
2989
3671
3663
3671
2913
3371
3675
3669
3657
3020
3407
3674
3668
3670
2666
3008
3664
3660
3672
2396
2702
3676
3665
3669
2629
3001
3657
3744
3734
2810
3187
3664
3756
3672
3111
3544
3658
3751
3664
3086
3505
3656
3747
3665
2724
3080
3664
3661
3733
3056
3366
3656
3750
3666
3028
3605
3670
3670
3652
3041
3541
3727
3739
3728
3060
3335
3662
3747
3720
3080
3291
3666
3667
3676
2572
2946
3674
3655
3726
3108
3522
3668
3663
3680
2958
3354
3666
3750
3671
3074
3560
3664
3657
3724
2712
3181
3666
3748
3672
3089
3563
3653
3747
3658
3146
3552
3736
3661
3729
3151
3644
3663
3746
3723
3166
3604
3666
3664
3659
3023
3454
3675
3664
3663
3127
3525
3669
3658
3728
3183
3533
3675
3658
3722
2844
3188
3672
3668
3671
3126
3548
3660
3745
3732
3146
3586
3662
3748
3729
3109
3481
3659
3745
3724
2638
2883
3650
3741
3720
3076
3462
3662
3742
3721
2730
3033
3665
3662
3674
2623
3006
3663
3662
3655
3104
3470
3662
3739
3655
2725
3294
3729
3731
3717
3194
3609
3663
3741
3717
2720
3096
3668
3660
3678
2838
3254
3666
3663
3664
3027
3569
3658
3732
3717
2773
3098
3665
3666
3663
2761
3093
3667
3671
3667
3057
3359
3667
3673
3666
2659
3059
3657
3743
3727
3191
3663
3729
3744
3730
3159
3665
1848
3750
3670
3733
2665
3077
3667
3749
3676
3118
3600
3660
3744
3736
3242
3659
1957
3745
3755
3735
3241
3665
1950
3758
3679
3668
3674
2707
3041
3672
3676
3677
3659
3037
3596
3744
3659
3728
3195
3523
3665
3749
3676
2643
3057
3669
3663
3672
2685
3001
3663
3742
3726
2815
3168
3648
3740
3715
2866
3102
3672
3660
3661
3244
3608
3656
3736
3671
2843
3189
3653
3738
3721
3166
3660
3664
3671
3660
2558
2946
3654
3741
3663
2737
3297
3657
3742
3731
3188
3661
3669
3652
3720
3156
3455
3676
3656
3723
3224
3514
3666
3659
3722
2700
3188
3662
3749
3666
3225
3657
1879
3740
3755
3669
2763
3085
3669
3673
3677
2646
3006
3660
3744
3657
3080
3582
3664
3666
3660
3119
3621
3665
3655
3726
3247
3657
1965
3747
3659
3730
3179
3671
1941
3760
3678
3742
3460
3670
2324
3756
3768
3679
3300
3670
2071
3761
3674
3735
3196
3554
3672
3742
3720
3121
3504
3677
3652
3723
3112
3655
1821
3743
3670
3728
2780
3154
3742
3754
3727
3670
3159
3473
3667
3665
3729
3673
3142
3654
2015
3751
3756
3736
3299
3665
2137
3751
3756
3737
3673
3114
3638
3758
3669
3734
3661
3349
3741
2010
3748
3767
3673
2786
3129
3668
3747
3733
3655
2797
3167
3745
3748
3733
3666
2749
3235
3747
3755
3730
3666
2991
3331
3747
3756
3723
3674
2735
3071
3665
3665
3724
3674
3258
3654
1954
3748
3759
3738
2871
3199
3667
3756
3728
3666
2744
3212
3742
3759
3663
3667
3388
3674
2089
3667
3760
3733
2872
3195
3674
3667
3679
3671
2863
3225
3663
3658
3731
3143
3659
3673
3652
3713
3378
3720
2060
3736
3652
3723
2792
3178
3660
3741
3722
3667
2708
3062
3744
3652
3712
3664
2747
3123
3737
3666
3721
2718
3232
3672
3745
3730
3224
3662
2048
3750
3663
3739
2776
3146
3674
3649
3724
2788
3173
3668
3662
3662
2779
3085
3663
3732
3722
2731
3083
3655
3735
3712
2786
3210
3670
3664
3662
3217
3661
1902
3741
3651
3721
3224
3556
3676
3661
3716
3663
3217
3731
3749
3663
3731
3279
3669
1900
3754
3654
3730
3372
3674
2033
3668
3683
3683
3138
3641
3670
3751
3723
3148
3633
3734
3743
3724
3242
3507
3655
3736
3721
3222
3657
2139
3745
3665
3730
2810
3182
3670
3752
3674
3253
3616
3661
3733
3717
2771
3110
3665
3641
3713
3561
3665
2200
3736
3744
3734
2948
3342
3653
3745
3727
3657
3197
3743
2064
3756
3759
3737
3673
2668
3060
3674
3676
3751
3665
3329
3747
2133
3661
3757
3733
3418
3674
1990
3662
3758
3736
3670
2811
3315
3755
3668
3729
3664
3239
3747
2016
3752
3760
3738
2830
3352
3664
3749
3717
3717
3206
3732
2033
3747
3758
3732
3657
3319
3743
2375
3757
3758
3741
3673
2842
3194
3758
3682
3681
3683
3445
3661
2268
3752
3769
3661
2769
3127
3667
3755
3674
3669
2717
3012
3670
3660
3725
2687
3065
3672
3651
3724
3468
3664
2175
3748
3664
3734
3404
3676
1998
3656
3764
3672
3107
3667
1873
3750
3669
3744
3668
2039
2515
3753
3763
3730
2956
3526
3660
3746
3714
3652
3462
3732
2193
3753
3668
3734
3383
3675
2140
3758
3758
3741
2996
3414
3674
3660
3725
3660
3338
3738
3740
3743
3723
2844
3203
3674
3655
3716
3308
3668
1977
3655
3744
3726
3364
3668
2002
3662
3759
3738
3667
3233
3673
3755
3761
3735
3661
3470
3738
2044
3750
3762
3736
3665
2859
3364
3750
3660
3731
3675
3230
3684
3746
3660
3721
3669
3269
3745
1975
3673
3677
3675
3676
3590
3758
2288
3668
3765
3738
3673
3349
3753
2191
3761
3765
3745
3667
3371
3749
2200
3767
3762
3752
3679
3317
3705
3755
3765
3739
3669
2821
3183
3749
3758
3727
3656
3234
3742
1983
3743
3764
3669
3671
2842
3214
3664
3754
3727
3654
3328
3738
2108
3660
3764
3683
3658
3305
3753
2148
3660
3772
3672
3676
3336
3665
2417
3759
3749
3740
3670
3375
3753
2094
3760
3758
3740
3666
2949
3447
3755
3647
3723
3669
3358
3732
2405
3747
3762
3740
2973
3428
3661
3759
3671
3669
3314
3644
3662
3653
3726
2811
3150
3659
3737
3725
2596
2877
3652
3739
3712
2697
3203
3727
3736
3716
3033
3395
3651
3733
3715
3213
3661
1855
3733
3742
3718
3487
3729
2165
3741
3751
3726
3685
2928
3214
3666
3764
3682
3667
3622
3662
2320
3748
3682
3673
3675
2015
2413
3655
3756
3670
3076
3652
3674
3677
3673
2994
3348
3664
3753
3653
3245
3733
1976
3744
3757
3733
3567
3663
2238
3756
3673
3726
3673
2938
3342
3744
3757
3732
3658
3368
3752
2115
3675
3765
3740
3666
3096
3648
3750
3754
3723
3663
3375
3739
1950
3750
3764
3736
3675
3497
3747
2276
3758
3747
3735
3674
3325
3753
2045
3679
3676
3736
3674
3495
3753
2263
3673
3756
3731
3668
2842
3159
3746
3761
3667
3726
2850
3316
3744
3652
3720
3662
3214
3642
3740
3664
3719
3658
2751
3342
3744
3662
3719
3524
3676
2132
3664
3669
3659
2816
3204
3722
3733
3718
3096
3502
3674
3642
3716
3310
3656
1987
3740
3649
3723
2757
3261
3667
3748
3717
3665
3297
3665
2376
3660
3761
3676
3670
3746
1970
2412
3760
3751
3738
3669
3567
3753
2450
3764
3760
3734
3742
2970
3664
2108
3759
3745
3729
3677
3240
3676
2367
3675
3679
3731
3670
2799
3229
3731
3747
3661
3677
3385
3643
2001
3739
3658
3724
3639
3671
2111
3744
3756
3739
2994
3563
3662
3743
3712
3719
3516
3732
2369
3737
3744
3727
3664
3037
3519
3743
3754
3732
3661
3735
2262
2937
3742
3755
3731
3678
2856
3404
3662
3757
3734
3670
2980
3564
3744
3666
3709
3724
3325
3741
2186
3750
3759
3732
3657
3058
3746
2025
3758
3758
3742
3671
3380
3752
2221
3753
3757
3730
3674
3467
3741
2291
3749
3759
3731
3676
3304
3631
3753
3662
3716
3675
3528
3664
2216
3652
3761
3673
3493
3673
2418
3650
3754
3671
3114
3514
3660
3742
3704
2842
3275
3715
3732
3714
3280
3664
2055
3739
3757
3731
3256
3672
2172
3656
3751
3723
3676
3664
2310
2981
3762
3667
3730
3676
3142
3586
3746
3744
3713
3721
3459
3732
2181
3745
3758
3737
3653
2499
2940
3748
3675
3733
3677
2834
3096
3666
3649
3705
3718
2964
3514
3740
3653
3709
3651
3070
3516
3726
3747
3722
2760
3255
3660
3738
3705
3158
3723
1949
3662
3741
3715
3733
2647
3183
3653
3754
3678
3675
3406
3670
2281
3677
3670
3725
3680
3535
3655
2166
3758
3672
3727
3663
3352
3734
1994
3749
3752
3720
3675
2970
3304
3738
3750
3717
3672
3064
3654
1991
3741
3743
3715
3666
3330
3738
2153
3752
3769
3736
3674
3564
3674
2410
3662
3772
3681
3657
3332
3700
3744
3660
3718
3671
3134
3563
3742
3743
3720
3661
3024
3516
3746
3653
3712
3667
3407
3669
2074
3674
3670
3725
3671
3334
3754
2029
3667
3747
3731
3667
3542
3748
2076
3765
3759
3750
3659
3327
3749
2155
3765
3752
3739
3668
3401
3749
2245
3753
3761
3737
3668
3517
3749
2550
3666
3770
3690
3671
2994
3360
3752
3656
3726
3671
2974
3482
3660
3674
3664
3666
2915
3376
3731
3734
3716
3393
3657
2022
3736
3754
3733
3656
1916
2369
3749
3664
3718
3666
2923
3465
3745
3754
3726
3667
2882
3404
3744
3755
3732
3675
3601
3655
2239
3749
3739
3719
3669
3736
2002
2645
3743
3731
3709
3721
3291
3617
3669
3751
3719
3664
3243
3625
3731
3747
3665
2991
3415
3661
3739
3664
3639
1867
2744
3726
3740
3727
3293
3608
3659
3747
3719
3656
3026
3650
3734
3746
3718
3647
3248
3635
3736
3661
3719
3659
3453
3732
2265
3747
3764
3741
3671
3356
3712
3756
3756
3717
3716
3663
3733
2350
3740
3760
3732
3669
2825
3131
3751
3752
3722
3669
2889
3291
3741
3670
3712
3666
3231
3737
2022
3753
3646
3712
3613
3677
2193
3743
3661
3721
3649
3344
3734
2285
3749
3754
3730
3668
3511
3743
2110
3760
3767
3734
3731
3348
3744
2339
3759
3771
3733
3678
3666
3682
2215
3669
3777
3667
3730
2901
3513
3739
3756
3721
3732
2946
3662
1957
3666
3756
3723
3730
3684
3744
2441
3757
3744
3729
3683
3664
1969
2531
3761
3676
3734
3679
3651
3743
2224
3756
3753
3737
3676
3600
3752
2328
3757
3752
3726
3730
3548
3744
2406
3744
3737
3719
3665
3511
3735
2446
3660
3756
3732
3666
3689
3749
2407
3663
3760
3737
3666
2889
3747
2442
3748
3747
3711
3719
2808
3108
3732
3747
3724
3664
3254
3730
1976
3749
3652
3727
3665
3533
3735
2332
3748
3746
3730
3672
3716
3744
2374
3751
3753
3719
3733
3648
3666
2519
3760
3762
3738
3665
3352
3746
2278
3678
3770
3666
3725
3180
3740
2253
3755
3766
3737
3676
2904
3433
3660
3759
3660
3705
3722
2056
2670
3732
3742
3715
3658
3736
2164
2602
3744
3766
3676
3676
2924
3284
3664
3751
3730
3660
3346
3744
2147
3673
3765
3722
3734
2976
3718
3746
3765
3669
3669
3434
3738
1912
3663
3750
3720
3044
3484
3656
3733
3696
3714
2594
2862
3731
3745
3712
3730
2817
3489
3665
3755
3725
3669
3667
1992
2618
3663
3666
3718
3664
1997
2737
3737
3741
3713
3638
3724
2312
3735
3754
3728
3665
3715
3733
2438
3743
3754
3717
3715
3331
3731
2150
3744
3755
3737
3673
3634
3740
2326
3752
3741
3718
3687
3662
2093
2789
3751
3670
3723
3665
3094
3724
3734
3746
3722
3669
3573
3737
2196
3753
3752
3726
3665
3050
3510
3737
3750
3716
3714
2868
3732
1958
3750
3758
3734
3673
3005
3439
3753
3657
3723
3679
3247
3663
2083
3747
3751
3724
3652
2486
2966
3738
3729
3701
3678
3306
3666
2311
3745
3750
3715
3715
3736
2220
2633
3672
3759
3728
3678
3329
3665
2130
3757
3657
3711
3672
3505
3737
2197
3755
3679
3727
3669
3339
3749
2282
3760
3747
3729
3670
3011
3749
2086
3666
3772
3681
3676
3013
3745
1968
3667
3753
3722
3678
3334
3662
2101
3749
3764
3723
3728
3106
3574
3746
3676
3732
3671
3327
3745
2107
3660
3768
3688
3672
2181
2805
3753
3763
3731
3737
2928
3738
2086
3738
3752
3734
3684
3752
2203
2644
3761
3754
3722
3712
2837
3247
3726
3740
3716
3674
3652
1990
2394
3742
3751
3711
3731
3739
2026
2559
3750
3751
3723
3666
2828
3730
2162
3746
3742
3718
3677
3434
3738
2428
3748
3744
3719
3663
2599
2965
3725
3741
3715
3670
3734
2194
2508
3750
3765
3725
3734
3748
2186
3070
3758
3751
3734
3678
3457
3737
2361
3751
3761
3726
3727
3565
3747
2286
3660
3733
3723
3679
3661
2466
3041
3750
3667
3730
3654
3730
3512
3670
2690
3738
3758
3725
3672
3731
2422
2956
3746
3767
3727
3722
3037
3702
3738
3750
3722
3662
3730
2038
2396
3742
3743
3712
3720
3620
3730
2465
3745
3756
3721
3676
3305
3733
2079
3755
3677
3728
3665
3008
3624
3746
3650
3711
3679
3282
3648
2163
3738
3754
3724
3665
3455
3741
2246
3758
3660
3724
3676
3731
2087
2691
3745
3759
3714
3719
3738
2314
3076
3742
3745
3709
3708
3545
3725
2457
3737
3747
3720
3717
2902
3485
3728
3743
3708
3706
3312
3720
2289
3733
3743
3727
3667
3742
2034
3058
3746
3763
3737
3667
3733
2369
3749
2238
3750
3772
3737
3681
3431
3749
2322
3754
3767
3744
3665
3742
2741
3373
3739
3757
3727
3735
3660
2526
2982
3746
3763
3736
3668
3597
3739
2544
3754
3758
3726
3716
3050
3466
3732
3747
3722
3662
3734
2275
2725
3729
3749
3726
2926
3372
3658
3749
3666
3713
3727
2125
2799
3739
3761
3655
3719
3184
3728
2568
3738
3737
3712
3673
3736
2887
3367
3747
3761
3723
3720
3727
3188
3734
2224
3752
3772
3676
3722
3741
2310
3743
3743
3754
3729
3681
2876
3216
3724
3725
3705
3709
3722
2476
3542
3722
3740
3717
3673
3734
2606
3442
3730
3746
3711
3710
3198
3546
3718
3737
3711
3642
3388
3710
2473
3725
3740
3719
3677
3730
2100
2603
3743
3759
3728
3669
3734
3017
3748
2296
3760
3779
3742
3660
3758
3245
3655
2736
3752
3776
3740
3676
3661
2672
3718
3754
3687
3725
3661
3732
2055
2844
3666
3719
3695
3710
3727
3051
3713
2302
3738
3762
3739
3652
3358
3726
2539
3740
3750
3722
3666
3721
2463
3541
3743
3670
3718
3674
3229
3741
2435
3752
3746
3714
3714
3730
2230
2578
3738
3749
3714
3715
3725
2189
2746
3731
3748
3725
3641
3725
2911
3736
2133
3752
3769
3678
3710
3734
2879
3729
2383
3759
3759
3741
3678
3678
2278
3000
3760
3694
3740
3662
3714
2397
2918
3744
3759
3729
3663
3743
2775
3744
2354
3737
3769
3734
3680
3747
2152
2467
3734
3758
3673
3706
3721
2287
3386
3738
3748
3722
3638
3560
3712
2389
3733
3749
3710
3709
3728
3712
3744
2548
3764
3762
3733
3726
3558
3738
2461
3755
3730
3710
3658
3712
2056
3024
3736
3760
3696
3684
3663
2751
3343
3741
3749
3716
3665
3713
2064
3148
3724
3738
3699
3710
3150
3357
3730
3689
3673
3655
3719
2558
2996
3730
3734
3695
3482
3716
2368
3733
3746
3720
3661
3716
2177
3074
3730
3743
3709
3708
3720
2973
3520
3730
3754
3723
3662
3527
3728
2358
3748
3768
3664
3713
3733
3039
3653
3669
3753
3710
3718
3307
3724
2340
3736
3749
3717
3675
3728
2558
3704
2626
3728
3747
3719
3716
3730
3047
3749
2592
3774
3685
3740
3689
3046
3730
2494
3745
3753
3723
3674
3722
2216
2661
3736
3748
3717
3667
3735
2203
2671
3737
3744
3716
3718
3580
3720
2299
3737
3743
3716
3709
3720
3736
2242
3152
3756
3777
3754
3689
3754
2778
3728
3750
3740
3734
3686
3665
2773
3390
3747
3733
3719
3675
3661
2910
3726
2685
3747
3759
3726
3681
3734
2825
3275
3709
3747
3719
3708
3652
2981
3699
3721
3053
3125
1795
2358
2583
2595
2059
2284
2845
2901
3077
3070
2346
2468
3320
3423
3400
3432
3413
3542
2335
2471
3601
3651
3578
3610
2323
2527
3657
3657
3634
3661
2849
3098
3701
3670
3658
2771
2955
3665
3664
3669
2566
3052
3648
3731
3667
3002
3288
3668
3663
3669
2858
3210
3654
3731
3718
3167
3653
1870
3741
3743
3719
3327
3669
1980
3748
3763
3734
3665
3439
3751
2277
3741
3761
3727
3737
2993
3454
3664
3759
3723
3720
3076
3578
3734
3650
3715
3665
2715
3204
3727
3745
3669
3640
3546
3718
2348
3732
3745
3705
3415
3719
2107
3741
3718
3811
2079
2693
2779
3411
413
488
540
2413
2578
1776
2085
2363
2130
2133
412
437
459
1167
1460
987
1466
1631
1866
2008
1710
2623
2364
2134
2472
2635
2838
2973
3110
3245
3348
3422
2751
2641
3215
3443
3381
