5
5
6
6
166
290
452
610
765
924
1065
1182
99
247
404
563
746
926
1104
1264
1317
1341
1371
1597
207
611
875
1272
1554
1593
1635
1678
1736
1797
1854
1919
1995
2059
2161
2268
1879
1871
1873
1856
1833
1803
1762
1832
1923
2006
2086
3054
3699
2191
1878
1647
1654
1739
1841
1907
1999
2093
3750
2173
2499
2245
1941
1694
1734
1834
3270
1931
2015
2028
1732
1704
1777
1869
2356
3042
1983
1691
1703
1829
1908
1972
2314
1984
1710
1729
1796
3388
1887
1910
1985
1742
1773
1888
3378
1976
2068
2056
1795
1752
1842
1994
2030
2872
2086
208
228
338
399
1519
1577
1633
1832
2034
1427
1463
1521
2265
2595
1607
1531
1549
1637
2648
2983
1721
1494
1584
2782
3252
1661
1519
1621
2925
3352
1688
1514
1590
2386
2682
1666
1510
1595
3091
1655
1683
1761
1608
1704
2948
3302
1793
1538
1609
1677
2666
2991
1776
1526
1610
2757
3342
1703
1517
1614
2798
3158
1677
1549
1616
2974
3682
1714
1549
1634
2574
2908
1731
1504
1624
3054
3554
1682
1565
1621
2997
3356
3873
1451
1827
1854
2231
2251
325
364
440
470
1016
1621
1639
1613
1761
1923
2009
2048
2121
2167
2240
2298
2631
2859
2136
1905
1835
1839
1888
1957
3165
3523
2056
1764
1768
1839
3110
3500
1941
1678
1777
1842
2768
3194
1944
1692
1773
1836
3128
1930
1948
2014
1750
1812
1933
3469
2001
2137
2086
1809
1816
1896
2880
3564
1980
1726
1763
1846
3100
1915
1997
2011
1760
1813
1916
2818
3147
1993
1740
1726
1823
2725
3082
1914
1665
1774
1837
3222
1933
2251
2033
1755
1850
1910
2696
3062
2009
1768
1745
1855
2854
3351
1911
1694
1741
1841
2905
3511
1932
1686
1765
1841
3159
3631
1937
1686
1778
1834
2734
3092
1946
1663
1752
1835
2643
3281
1915
1686
1784
1860
3400
1956
2470
2055
1783
1884
1918
3590
2025
2226
2096
1832
1833
1929
2013
2307
2668
2104
1832
1857
1920
2008
2013
3288
2093
1812
1854
1929
2009
2025
2660
2113
1832
1877
1925
3679
2009
2377
2105
1811
1848
1934
2732
3096
2020
1809
1789
1919
1989
2547
3153
2075
1797
1874
1935
2016
2101
2484
2110
1875
1860
1953
2069
2641
3377
2146
1896
1864
1965
3711
2035
2775
2124
1847
1858
1894
3580
1983
2333
2067
1843
1863
1958
2065
2625
3629
2157
1866
1842
1936
2026
2314
2909
2130
1856
1873
1973
2093
2545
2157
2290
2251
1947
1946
2016
2145
2700
326
1375
1614
1407
1559
1500
1980
2029
2098
2156
2354
2523
1963
1793
1805
1871
1946
2492
2742
2006
1748
1733
1816
2790
3348
1878
1664
1754
3016
3414
1853
1688
1767
2726
3111
1866
1654
1767
3351
1829
2289
1933
1734
1833
2737
3311
1907
1655
1754
1830
3528
1931
2174
2016
1767
1856
1935
2025
2224
2820
2097
1831
1838
1913
3299
2003
2317
2092
1830
1847
1946
3514
2039
2327
2122
1850
1815
1920
2018
2356
3146
2100
1831
1836
1933
2030
2686
3010
2111
1860
1841
1941
3083
2022
2253
2123
1864
1845
1939
2028
2386
2132
2160
2205
1954
325
1376
1614
1633
1905
1707
2055
325
656
845
980
714
1191
1263
1585
1524
1860
1735
2241
2346
2188
2249
1933
1949
1965
1990
2021
2054
2059
2119
2182
2294
2336
2218
1936
1753
1734
1813
1880
2007
2059
1953
1688
1681
1748
1871
1909
1821
1616
1692
1769
1804
1824
1839
1609
1689
1762
1778
1762
1618
1695
1765
1793
1768
1617
1693
1836
1858
1767
1616
1699
1793
1819
1768
1619
1702
1817
1838
1775
1619
1694
1846
1894
1767
1627
1696
1834
1891
1770
1619
1697
1894
1933
1770
1624
1705
1829
1886
1769
1619
1699
1870
1900
1770
1620
1697
1940
2033
1771
1622
1699
1932
2008
1778
1628
1695
1953
2055
1770
1625
1700
1953
2021
1779
1624
1699
1972
2086
1772
1621
1698
1968
2073
1770
1620
1702
2016
2085
1772
1623
1701
1897
1957
1774
1625
1676
1874
1936
1767
1673
1739
1957
2028
1817
1624
1701
1933
1986
1777
1632
1711
1908
1970
1785
1628
1707
1966
2031
1778
1627
1711
1924
2011
1783
1634
1712
1992
2049
1785
1630
1707
1974
2069
1779
1630
1709
1938
2020
1783
1633
1707
1967
2024
1781
1635
1711
1937
1996
1783
1636
1706
2087
2187
1781
1634
1712
2126
2210
1779
1636
1716
1985
2088
1785
1631
1707
1959
2057
1786
1641
1709
2043
2142
1782
1633
1714
2011
2096
1789
1636
1712
1994
2088
1781
1635
1713
2002
2145
1782
1637
1715
2019
2088
1781
1640
1710
2182
2309
1785
1630
1707
2049
2131
1782
1637
1710
1977
2094
1784
1639
1711
2066
2156
1784
1635
1710
2004
2144
1784
1632
1707
2184
2357
1782
1643
1708
2005
2129
1781
1638
1712
1996
2088
1785
1636
1723
2119
2226
1785
1660
1754
2104
2207
1805
1653
1729
2109
2203
1800
1659
1711
2066
2160
1785
1639
1717
2225
2372
1789
1638
1717
2075
2176
1789
1639
1716
2048
2193
1791
1643
1714
2075
2176
1789
1636
1713
2029
2130
1790
1641
1723
2083
2169
1791
1664
1740
2142
2243
1809
1641
1712
2164
2341
1787
1641
1721
2035
2157
1789
1638
1728
2078
2176
1795
1660
1735
2152
2242
1807
1625
1709
2075
2281
1790
1645
1748
2105
2256
1810
1667
1733
2133
2248
1807
1635
1722
2106
2205
1791
1667
1747
2122
2296
1814
1639
1711
2148
2266
1787
1647
1719
2180
2254
1790
1645
1720
2078
2178
1787
1642
1718
2120
2244
1791
1639
1715
2136
2259
1789
1648
1722
2211
2299
1796
1637
1714
2336
2514
1790
1639
1715
2125
2247
1789
1641
1720
2066
2222
1792
1641
1719
2114
2257
1794
1643
1725
2177
2417
1799
1648
1715
2345
2463
1796
1642
1724
2348
2488
1797
1642
1718
2205
2424
1791
1645
1719
2367
2574
1792
1645
1726
2374
2554
1794
1675
1743
2238
2347
1819
1641
1737
2103
2231
1810
1640
1716
2320
2426
1795
1645
1720
2171
2290
1794
1641
1718
2154
2293
1793
1645
1726
2196
2340
1799
1666
1741
2213
2379
1813
1642
1718
2265
2406
1790
1652
1724
2255
2382
1798
1647
1725
2265
2520
1794
1643
1718
2387
2508
1795
1642
1721
2235
2390
1791
1641
1720
2178
2311
1790
1655
1728
2230
2331
1794
1641
1721
2154
2291
1793
1655
1726
2430
2569
1789
1640
1717
2311
2444
1799
1647
1720
2215
2370
1792
1654
1720
2151
2302
1788
1650
1720
2260
2392
1789
1643
1727
2231
2389
1794
1674
1739
2337
2521
1811
1637
1720
2344
2470
1789
1652
1726
2212
2379
1815
1641
1750
2230
2382
1811
1669
1735
2222
2389
1808
1641
1734
2230
2450
1792
1668
1740
2438
2630
1809
1641
1718
2261
2399
1787
1662
1719
2323
2498
1796
1650
1727
2294
2444
1803
1652
1751
2494
2756
1822
1667
1763
2335
2583
1837
1633
1715
2373
2578
1783
1657
1725
2397
2570
1801
1650
1727
2279
2450
1806
1648
1745
2345
2525
1821
1643
1721
2490
2749
1792
1651
1730
2500
2719
1794
1644
1732
2516
2760
1800
1669
1746
2476
2781
1822
1645
1717
2257
2467
1792
1653
1723
2241
2369
1799
1643
1724
2254
2381
1809
1663
1745
2256
2445
1827
1649
1730
2298
2483
1804
1637
1715
2452
2671
1791
1651
1728
2549
2780
1808
1650
1749
2368
2579
1808
1660
1737
2533
2724
1810
1663
1718
2268
2468
1797
1657
1749
2549
2761
1825
1646
1723
2392
2635
1794
1654
1728
2305
2508
1796
1649
1722
2230
2398
1799
1651
1730
2393
2538
1801
1693
1755
2263
2459
1848
1688
1778
2391
2621
1854
1630
1697
2279
2486
1780
1661
1736
2472
2618
1802
1641
1718
2393
2582
1791
1649
1733
2529
2683
1806
1682
1771
2371
2682
1839
1632
1709
2597
2779
1785
1656
1733
2407
2585
1805
1645
1729
2421
2618
1801
1652
1726
2408
2612
1805
1662
1756
2522
2796
1821
1662
1737
2475
2683
1811
1648
1722
2494
2763
1800
1655
1725
2620
2815
1805
1651
1721
2655
2821
1798
1651
1721
2305
2483
1800
1645
1729
2326
2588
1798
1655
1731
2471
2648
1800
1654
1728
2566
2719
1804
1652
1729
2422
2614
1797
1648
1737
2397
2681
1805
1678
1752
2486
2694
1821
1646
1722
2369
2554
1793
1654
1731
2281
2467
1803
1651
1721
2281
2475
1803
1650
1751
2483
2821
1819
1672
1747
2706
2987
1811
1647
1735
2691
3002
1802
1674
1752
2457
2652
1824
1651
1726
2544
2726
1790
1674
1753
2511
2757
1832
1648
1747
2502
2760
1814
1671
1745
2437
2716
1826
1645
1750
2540
2808
1819
1666
1745
2556
2767
1812
1652
1728
2540
2764
1803
1646
1734
2394
2628
1802
1673
1742
2353
2630
1811
1650
1725
2593
2879
1800
1662
1730
2498
2698
1804
1652
1735
2455
2748
1802
1675
1751
2636
2879
1827
1645
1753
2455
2685
1822
1665
1762
2644
2866
1836
1637
1713
2446
2688
1789
1659
1734
2466
2675
1807
1684
1746
2438
2662
1835
1674
1748
2622
2908
1824
1652
1743
2625
2870
1818
1642
1717
2395
2617
1797
1653
1731
2435
2658
1804
1656
1721
2695
2963
1804
1656
1740
2698
3048
1817
1676
1773
2899
3228
1843
1629
1719
2557
2832
1784
1687
1765
2601
2837
1829
1687
1747
2615
2883
1837
1672
1743
2411
2724
1819
1654
1728
2774
3052
1803
1656
1735
2703
2979
1800
1654
1734
2526
2840
1808
1683
1763
2630
2855
1842
1631
1737
2454
2723
1803
1669
1758
2537
2771
1812
1670
1742
2730
2998
1819
1647
1729
2626
2946
1796
1684
1766
2599
2818
1827
1668
1749
2581
2796
1823
1678
1754
2518
2792
1817
1686
1753
2486
2800
1820
1652
1725
2461
2789
1799
1663
1722
2814
3079
1798
1653
1729
2737
2974
1798
1676
1725
2669
2960
1819
1668
1768
2752
3090
1834
1673
1738
2674
2880
1815
1647
1761
2935
3256
1818
1675
1744
2698
2904
1826
1643
1749
2764
3067
1821
1672
1745
2830
3106
1822
1648
1731
2738
3075
1794
1677
1751
2814
3156
1823
1654
1723
2877
3216
1796
1653
1730
2792
3053
1798
1652
1736
2567
2834
1798
1682
1752
2527
2761
1828
1651
1751
2511
2751
1811
1678
1754
2624
2986
1818
1673
1743
2609
2808
1823
1651
1754
2569
2816
1825
1669
1750
2527
2794
1829
1646
1756
2548
2861
1822
1682
1776
2919
3234
1862
1698
1795
2917
3221
1862
1663
1753
2821
3119
1842
1639
1751
2591
2801
1804
1673
1756
2504
2720
1830
1672
1762
2868
3093
1848
1639
1730
2854
3095
1810
1660
1729
2636
2881
1796
1662
1730
2668
3041
1808
1653
1759
2619
2903
1821
1675
1745
2577
2828
1817
1666
1731
2891
3226
1835
1690
1798
2915
3214
1862
1659
1728
2533
2845
1802
1658
1739
2531
2829
1810
1676
1759
2601
2847
1828
1643
1743
2567
2861
1817
1654
1729
2797
3097
1799
1655
1727
2827
3115
1801
1657
1729
2805
3222
1798
1649
1727
2779
3035
1812
1658
1754
2734
3052
1832
1662
1761
2875
3267
1834
1661
1765
2575
2885
1824
1662
1740
2900
3211
1809
1657
1737
2761
3049
1805
1652
1734
2814
3162
1800
1663
1725
2719
3041
1809
1660
1756
2850
3114
1826
1671
1741
2730
2957
1811
1645
1731
2923
3336
1797
1670
1758
2832
3142
1824
1667
1739
2944
3177
1816
1657
1726
2604
2954
1794
1653
1749
2907
3210
1820
1677
1768
2836
3127
1842
1640
1707
2603
2932
1783
1663
1738
2845
3139
1809
1667
1757
2984
3258
1820
1668
1747
2652
2994
1808
1686
1752
2852
3224
1827
1662
1747
2657
2970
1844
1651
1743
2673
3001
1809
1667
1746
2836
3111
1838
1658
1749
2990
3379
1821
1653
1722
2590
2866
1800
1666
1748
2862
3183
1830
1647
1747
2807
3213
1824
1672
1775
2921
3233
1845
1667
1745
2945
3221
1813
1682
1770
2466
2762
1840
1642
1739
2573
2945
1791
1684
1774
3092
3452
1826
1674
1750
2601
2877
1817
1683
1749
2943
3385
1822
1660
1742
2918
3254
1812
1684
1779
3025
3297
1843
1678
1741
2593
2869
1843
1708
1793
2701
3059
1873
1637
1745
2779
3053
1809
1680
1773
2707
3032
1840
1644
1719
2605
2949
1788
1661
1743
2601
2914
1818
1672
1784
2667
2982
1843
1675
1737
2820
3131
1813
1666
1749
2957
3296
1825
1641
1716
2606
2902
1800
1650
1767
2749
3082
1821
1670
1736
2860
3228
1808
1651
1722
2614
2828
1797
1655
1743
2751
3051
1808
1691
1778
2694
3050
1859
1688
1758
2827
3134
1831
1648
1730
2572
2872
1813
1655
1765
2651
3002
1827
1670
1739
2927
3180
1814
1658
1730
2945
3282
1803
1665
1734
3063
3494
1807
1677
1762
3096
3414
1822
1681
1751
3015
3303
1822
1679
1753
2566
2990
1823
1655
1733
3040
3423
1799
1656
1733
2976
3355
1812
1653
1750
3006
3453
1824
1674
1761
2931
3307
1840
1646
1718
3036
3263
1793
1661
1733
2839
3255
1810
1664
1756
2784
3106
1830
1687
1769
2785
3100
1878
1694
1783
2745
3105
1859
1663
1754
2734
3055
1818
1648
1721
2648
2994
1792
1666
1729
2993
3400
1806
1654
1734
3056
3330
1804
1651
1732
2682
3000
1798
1678
1765
3035
3359
1831
1683
1773
3006
3481
1838
1669
1740
2660
2986
1817
1654
1752
2708
3159
1821
1655
1730
2948
3374
1810
1683
1798
3062
3560
1852
1657
1767
2675
3011
1826
1669
1750
2646
2917
1819
1687
1761
3019
3334
1827
1648
1728
2968
3362
1805
1662
1766
3148
3438
1821
1671
1755
2833
3155
1811
1677
1751
2621
3076
1836
1656
1759
3061
3558
1820
1670
1755
2949
3405
1819
1670
1749
3079
3440
1826
1648
1756
2744
3146
1828
1676
1769
2756
3107
1835
1633
1718
2610
2920
1785
1661
1737
3037
3378
1821
1669
1765
3185
3519
1852
1704
1809
3235
3708
1892
1691
1780
3014
3325
1850
1639
1728
2618
2952
1785
1694
1759
2603
2933
1850
1672
1782
2742
3092
1846
1673
1773
2755
3056
1839
1658
1765
2881
3223
1843
1666
1760
3054
3512
1847
1640
1748
3076
3549
1815
1691
1782
2632
3003
1876
1683
1781
3110
3465
1847
1667
1742
3130
3571
1803
1679
1749
3003
3455
1836
1660
1754
3019
3461
1827
1678
1773
3297
3639
1847
1666
1762
2638
2951
1833
1664
1749
3003
3339
1820
1679
1764
3116
3474
1817
1686
1763
2792
3281
1827
1677
1748
3044
3449
1822
1667
1728
3046
3520
1807
1656
1730
3058
3438
1826
1660
1754
3045
3550
1846
1677
1765
3127
3574
1839
1642
1722
3154
3548
1789
1701
1765
2743
3231
1860
1675
1771
3187
3628
1844
1677
1765
3123
1840
1847
1898
1690
1770
3386
1838
2106
1927
1739
1832
3172
1910
1941
2004
1753
1836
1909
3237
2009
2037
2081
1820
1835
1911
3260
1994
2032
2038
1774
1792
1865
3197
3611
1950
1698
1785
1858
2832
3145
1930
1661
1720
1779
3136
3611
1885
1680
1771
2782
3109
1851
1674
1773
2927
3431
1834
1676
1750
3130
3452
1824
1700
1790
3234
1873
1883
1959
1765
1851
2831
3259
1941
1659
1733
1807
3207
1878
1914
1948
1693
1787
3067
3525
1853
1689
1797
3228
1860
1918
1951
1752
1851
2879
3286
1940
1691
1781
1855
3193
1925
1959
2001
1706
1791
1872
3322
3696
1968
1721
1788
1855
2741
3048
1972
1676
1757
1830
2538
2854
1919
1646
1753
1830
3114
3712
1917
1681
1791
3245
1856
1914
1944
1707
1807
3162
1890
1916
1948
1732
1792
3106
3664
1889
1678
1770
3096
3556
1843
1674
1760
2880
3132
1848
1649
1745
2783
3123
1819
1673
1765
2729
3093
1824
1676
1753
2831
3129
1824
1661
1735
3145
3442
1818
1690
1786
3248
1853
1991
1965
1715
1808
3310
1893
2115
1989
1752
1840
3240
3490
1903
1681
1742
1802
3153
3719
1893
1675
1769
3265
1831
2007
1923
1744
1832
3294
1915
2059
2006
1769
1861
3215
1918
2038
2029
1731
1799
1883
2895
3200
1954
1692
1763
1850
3174
1915
1949
2004
1756
1839
1925
3305
2018
2252
2104
1831
1840
1901
2853
3720
1995
1739
1782
1854
3168
1950
1982
2027
1782
1836
1898
3230
3598
1984
1693
1742
1819
3104
3689
1925
1695
1798
3248
3601
1871
1673
1770
2762
3159
1840
1668
1773
2677
3205
1858
1689
1770
3294
1857
2061
1949
1754
1808
3310
1898
1934
1955
1724
1818
3220
1880
2083
1963
1755
1848
3222
3536
1923
1667
1761
1830
3243
1929
1967
2015
1774
1857
1950
3032
3494
2030
1780
1769
1840
3170
1939
1941
2019
1765
1859
1927
3373
3758
2011
1742
1726
1791
2497
2773
1879
1651
1749
2481
2771
1824
1656
1727
3099
1805
1831
1862
1751
1811
3178
3723
1901
1677
1771
2839
3141
1843
1672
1782
3158
1839
1871
1928
1736
1828
3176
3532
1918
1704
1799
3369
1865
2009
1955
1739
1855
3313
1912
1980
2003
1750
1844
1900
3438
2001
2493
2097
1813
1854
1913
2727
3095
2004
1750
1771
1849
3219
1908
1970
2010
1720
1824
1886
2830
3492
1983
1738
1787
1882
2841
3323
1966
1729
1778
1842
3384
1934
2232
2002
1751
1837
1908
3228
3574
2001
1750
1765
1855
2855
3340
1912
1675
1753
1819
3175
3556
1911
1695
1802
3266
1861
2119
1965
1734
1827
3443
1904
2107
1974
1727
1811
1887
3067
3513
1969
1719
1795
1851
3154
3687
1943
1698
1776
1857
3237
1930
1959
1995
1736
1817
1896
2822
3284
1987
1725
1786
1850
2726
3307
1940
1692
1767
1856
3408
1938
2102
2034
1768
1870
1928
3252
3566
2012
1763
1780
1871
2917
3339
1972
1717
1784
1862
3382
1929
2001
2029
1758
1841
1916
2944
3454
2001
1737
1791
1849
3269
3667
1951
1675
1760
1851
2939
3643
1905
1676
1755
1812
3294
1903
1927
1980
1737
1844
2862
3372
1917
1691
1763
1857
3147
3509
1946
1705
1785
1852
2804
3161
1968
1691
1779
1843
3173
1940
1960
2033
1773
1863
1943
3461
2008
2554
2121
1812
1822
1888
2840
3224
1991
1706
1767
1845
3297
1943
2166
2028
1760
1866
1934
3460
2018
2150
2120
1836
1849
1923
3571
2016
2277
2087
1830
1822
1904
3198
1972
2078
2057
1774
1831
1912
3144
1964
2014
2065
1783
1806
1871
3191
3622
1966
1689
1776
1841
2901
3325
1945
1693
1800
2775
3294
1861
1679
1766
2710
3122
1829
1671
1741
2714
3073
1814
1668
1751
3009
3426
1822
1687
1783
2849
3217
1865
1682
1764
2872
3244
1859
1676
1763
3111
3629
1830
1657
1724
3050
1809
1881
1874
1755
1818
3214
1888
2015
1969
1707
1818
3296
1880
1902
1970
1726
1820
3258
1894
1976
1973
1702
1792
3196
3666
1867
1680
1773
3323
1840
1992
1932
1718
1828
2800
3272
1899
1679
1771
3275
1840
2062
1936
1731
1828
3488
1907
2071
1993
1750
1839
3441
1911
2153
2002
1742
1826
1912
2916
3287
1983
1728
1755
1849
2837
3181
1941
1706
1779
1857
3123
3689
1945
1699
1800
1855
3189
1951
2043
2015
1765
1828
1899
3711
1991
2346
2060
1795
1823
1901
3395
1963
2069
2065
1755
1818
1879
3371
1986
2122
2045
1777
1838
1912
2904
3482
2002
1756
1781
1867
2875
3319
1979
1724
1765
1844
2694
3160
1921
1676
1759
1841
2843
3171
1911
1663
1775
1831
2741
3173
1937
1672
1764
1860
3294
1928
2104
2030
1764
1864
1927
3033
3507
2033
1731
1756
1830
2834
3493
1915
1693
1784
3164
3659
1877
1646
1757
3337
1817
2135
1914
1764
1855
1938
1968
2706
2016
1760
1822
1896
3368
1982
2081
2028
1784
1791
1897
3563
1969
2266
2067
1793
1843
1928
2874
3182
1999
1741
1759
1826
3286
1920
2170
1993
1753
1843
3475
1909
2101
2005
1754
1852
1903
3347
2006
2088
2077
1798
1832
1901
3097
3461
1999
1744
1766
1870
2944
3298
1916
1678
1760
1835
2847
3445
1909
1662
1758
1833
3389
1912
1968
2010
1765
1881
3369
1943
2029
2045
1764
1845
1901
3417
1985
2327
2082
1787
1827
1914
3578
2005
2227
2090
1797
1855
1921
3097
2019
2049
2095
1811
1824
1891
3545
1977
2437
2085
1807
1868
1930
3564
2027
2269
2113
1828
1837
1921
3509
1994
2220
2075
1814
1825
1908
3332
2003
2095
2084
1797
1812
1891
3337
1957
2247
2055
1780
1829
1916
3322
1969
2131
2056
1794
1803
1911
3279
3642
1968
1717
1761
1825
2879
3549
1926
1692
1783
3199
3581
1858
1680
1759
2975
1859
1888
1933
1791
1875
3401
1964
2209
2046
1774
1829
1896
2854
3438
1976
1724
1775
1853
1918
1928
2387
1993
1721
1793
1867
2979
3351
1968
1722
1783
1858
2906
3614
1946
1703
1799
1858
3352
1950
2294
2011
1762
1818
1898
3095
3464
1982
1730
1791
1873
3229
1947
2187
2043
1779
1860
1920
3344
2015
2091
2087
1824
1820
1918
2005
2095
2699
2090
1836
1834
1936
3420
1998
2142
2099
1817
1817
1903
2853
3207
1972
1727
1759
1864
3322
3721
1954
1716
1775
1843
3237
1918
2028
2007
1750
1847
1904
2952
3442
1999
1743
1758
1858
2794
3154
1920
1689
1769
1844
3210
1919
1955
2025
1761
1867
3189
3491
1923
1701
1739
1830
2570
2937
1906
1674
1759
1848
1872
2262
1901
1730
1793
3245
1879
2043
1962
1741
1827
2951
3486
1917
1658
1753
1835
3025
3397
1938
1711
1793
3219
1900
2074
1986
1764
1863
3497
1937
2347
2027
1769
1845
1901
3459
1998
2165
2050
1798
1806
1874
1978
1982
2582
2024
1764
1815
1900
3504
1967
2145
2059
1777
1839
1918
3156
3494
1996
1757
1770
1861
3271
1922
2284
2009
1762
1836
1926
3416
2028
2390
2078
1832
1797
1899
3631
1956
2315
2054
1772
1809
1882
2912
3283
1977
1733
1798
1859
3703
1951
2497
2015
1769
1805
1887
3289
1945
2019
2041
1755
1828
1892
1980
1984
2592
2058
1795
1852
1928
3620
2005
2481
2099
1819
1852
1929
3141
1995
2030
2086
1804
1814
1888
2566
2984
1972
1730
1807
1864
3592
1962
2248
2040
1781
1850
1917
3315
2014
2021
2093
1816
1811
1898
2854
3326
1966
1715
1758
1826
3224
1898
2026
1974
1729
1826
3080
3496
1884
1683
1753
1853
1857
2177
1908
1773
1841
2769
1922
2004
1998
1726
1834
3572
1907
2213
1997
1750
1841
1906
2878
3318
2012
1745
1787
1867
3529
1949
2115
2041
1785
1851
1934
3538
2006
2420
2090
1812
1830
1890
3384
1973
2257
2048
1787
1821
1906
1980
2114
2670
2070
1808
1828
1916
3456
2010
2091
2084
1816
1838
1908
3458
1995
2069
2092
1817
1856
1932
3344
2029
2257
2099
1838
1853
1935
3583
2024
2232
2115
1844
1837
1936
2924
3468
2002
1765
1773
1848
3454
1949
2394
2032
1775
1866
1923
2869
3381
2030
1744
1771
1834
3174
1923
2021
2016
1757
1840
1922
2551
3034
2013
1758
1850
1931
3367
2007
2017
2103
1844
1850
1945
3399
2026
2128
2139
1850
1841
1910
3066
3728
2002
1752
1807
1846
3060
3514
1948
1675
1762
1849
3069
1920
2116
2032
1788
1870
3342
1957
2187
2056
1804
1865
1947
3453
2052
2590
2126
1856
1856
1927
3723
2000
2479
2096
1830
1857
1941
2899
3254
2025
1782
1763
1827
3414
1919
2075
2017
1790
1874
2878
3476
1980
1729
1790
1842
3200
3632
1964
1692
1781
1854
3320
1943
2131
2029
1793
1859
1959
3353
2039
2307
2129
1868
1829
1920
3456
1999
2293
2049
1807
1784
1873
3107
3547
1977
1706
1797
1869
3215
3599
1962
1731
1779
1874
1947
1961
2523
2033
1775
1828
1890
3040
3552
1979
1707
1778
1848
3380
1934
2188
2025
1771
1862
3320
1931
2121
2025
1748
1809
1901
3265
1993
2039
2097
1816
1858
1909
3589
2024
2842
2090
1799
1841
1908
3568
1997
2359
2084
1824
1847
1951
3467
2001
2511
2107
1806
1802
1873
3519
1965
2213
2069
1782
1873
1948
3347
2023
2307
2121
1851
1850
1948
2020
2096
2713
2113
1856
1840
1907
3725
2005
2687
2102
1806
1860
1932
3546
2017
2439
2115
1841
1852
1921
2927
3363
2019
1762
1784
1883
2871
1968
2130
2069
1791
1859
1921
3347
2013
2333
2108
1828
1857
1934
3388
2029
2193
2110
1850
1862
1925
3441
2019
2417
2094
1823
1818
1895
1983
2141
2601
2076
1814
1875
1936
2031
2224
3099
2124
1832
1847
1922
1995
2163
2793
2087
1811
1844
1910
2795
3136
1989
1761
1776
1892
1959
2092
2793
2050
1802
1875
1940
2033
2477
2865
2097
1837
1807
1869
3125
3683
1953
1698
1780
1847
3569
1949
2879
2032
1766
1840
1905
3369
1996
2064
2117
1841
1848
1940
2885
3214
2006
1754
1742
1819
2727
3619
1895
1689
1777
3251
1866
1981
1928
1745
1849
1927
1931
2489
2023
1798
1894
1980
2110
2760
2072
1784
1859
1949
2036
2132
2974
2098
1828
1870
1918
3460
2012
2622
2095
1823
1857
1931
3567
2024
2240
2110
1827
1868
1936
3490
2023
2249
2111
1836
1852
1931
2024
2092
2692
2106
1825
1875
1923
2030
2166
2666
2117
1830
1837
1920
3126
3606
1978
1728
1747
1817
3347
1906
2000
2003
1772
1878
2767
3272
1964
1708
1779
1856
3332
1928
2250
2047
1777
1860
1928
2990
3327
2031
1761
1772
1881
3417
1942
2193
2048
1770
1833
1921
2004
2380
3240
2094
1834
1903
1962
3690
2046
2352
2150
1871
1846
1914
2007
2161
2973
2086
1821
1840
1928
1978
2102
2642
2089
1790
1824
1879
1971
2107
3488
2065
1799
1876
1949
2801
3153
2028
1772
1803
1860
3356
1947
2268
2069
1786
1856
1940
2028
2260
2982
2086
1806
1852
1919
3279
1989
2027
2099
1828
1847
1943
3605
2013
2603
2113
1848
1832
1933
1990
2220
2772
2090
1839
1855
1943
2010
3068
2099
2493
2178
1904
1934
1997
2077
2678
2172
2350
2256
1961
1916
2003
2067
2585
3314
2152
1892
1833
1912
3448
2001
2345
2100
1858
1859
1950
2042
2414
2151
2185
2212
1913
1943
2001
2079
2273
3569
2188
1903
1827
1929
3439
1995
2421
2088
1831
1851
1917
3690
1995
2561
2101
1830
1871
1931
3593
2003
2465
2144
1820
1847
1924
2025
2343
2801
2111
1833
1882
1957
3419
2038
2632
2130
1867
1871
1956
3723
2053
2681
2142
1861
1841
1918
2013
2227
3727
2106
1824
1884
1947
3303
2042
2132
2118
1860
1857
1950
2904
2042
2111
2104
1846
1849
1908
1989
2163
2457
2097
1813
1868
1948
2936
3297
2032
1797
1809
1887
1978
2166
3196
2094
1816
1860
1946
3312
3660
2024
1789
1808
1897
1987
3349
2086
2350
2168
1918
1954
2064
2136
2513
3436
2221
1917
1875
1925
2002
2344
2761
2107
1839
1856
1966
2020
2578
3507
2116
1881
1838
1930
2017
2949
3582
2078
1829
1842
1922
3584
2015
2571
2112
1851
1851
1970
2067
3411
2146
3088
2240
1948
1941
2044
2127
2436
3611
2202
1922
1854
1913
2035
3185
3719
2082
1852
1893
1972
2038
2156
3079
2155
1886
1866
1983
2024
2128
2944
2132
1871
1880
1962
2052
2131
2139
2975
2220
1949
1943
2033
2103
2789
3369
2215
1940
1846
1975
2058
3008
2130
2620
2231
1959
1930
2061
2147
2717
2219
2687
2323
1995
1976
2074
2147
2855
2253
2477
2344
2061
1949
2061
2141
2449
3115
2260
1961
1897
1979
2088
3164
2147
2455
2222
1930
1952
2043
2125
2448
3321
2209
1934
1862
1960
2061
2072
2751
2165
1896
1870
2021
2092
2246
2165
2203
2262
1986
1972
2076
2137
3241
2225
2595
2300
2009
1930
2005
2125
2865
3523
2197
1925
1857
1960
2027
2256
3409
2102
1850
1840
1937
2016
2277
2709
2124
1872
1865
1950
3212
2044
2608
2134
1860
1878
1955
3241
2035
2535
2152
1873
1877
1981
3521
2025
2368
2155
1892
1861
1940
2042
2106
2151
2166
2180
1951
1931
2034
2114
2595
2866
2180
1918
1872
1960
2056
2758
3280
2127
1891
1900
2003
3615
2060
2508
2148
1887
1893
1981
2100
3017
2189
2351
2260
1992
1962
2077
2157
2224
3085
2227
1939
1890
1961
2070
2125
3070
2165
1917
326
1381
1480
1529
1578
1609
1723
1989
2058
2096
1914
1973
1850
1839
1908
2181
2253
1977
1857
1798
1806
1876
1951
2429
2544
2016
1712
1698
1788
2692
2989
1853
1667
1730
2663
2869
1802
1635
1712
2472
2690
1784
1650
1713
2545
2861
1809
1661
1764
2662
2968
1829
1646
1751
2609
2955
1817
1666
1743
2670
3045
1828
1674
1786
3126
1854
1903
1950
1708
1824
2922
3456
1894
1639
1750
1826
3128
3640
1909
1687
1776
2602
3156
1864
1671
1780
3170
1841
1969
1937
1749
1821
3471
1930
2114
1979
1735
1797
1879
2849
3193
1970
1709
1781
1851
3269
3735
1949
1717
1798
1895
2914
2914
3658
3307
2266
2291
329
368
506
588
827
1427
1449
1850
2026
1663
2264
329
369
507
560
606
974
1008
1315
1221
1463
1488
1686
2281
2300
2373
2469
1864
1873
1886
1900
1922
1895
1934
2192
2294
1973
