204
101
6
6
233
345
486
628
786
946
1117
1254
1355
307
423
580
768
975
1173
1370
1561
1676
1900
2204
1654
1197
1115
1479
1788
2100
2318
2454
2762
2907
3084
3257
2209
1893
2885
3079
3127
3212
2724
3359
3450
3488
3553
3608
3671
3675
3742
3456
3686
2373
3784
3709
3747
3593
3579
3644
3660
3725
3733
3589
3757
2551
3765
3757
3724
3668
3682
3505
3713
2267
3737
3753
3703
3640
3702
1959
3703
1984
3718
3740
3704
3658
3731
2029
2559
3659
3748
3695
3678
3446
3694
2295
3711
3718
3052
278
356
459
2857
2125
2620
2082
1960
2473
3098
3380
3468
3538
2487
2717
3601
3650
3611
3626
2780
3203
3651
3649
3655
2487
2783
3641
3701
3680
3053
3567
3655
3640
3691
3641
3004
3617
3711
3731
3656
3064
3495
3642
3712
3686
3145
3595
3645
3703
3679
3144
3693
1987
3709
3710
3681
3312
3702
2021
3712
3729
3703
3648
3268
3714
2024
3718
3724
3697
3706
3301
3572
3651
3735
3659
3659
2196
2348
3392
422
481
532
3122
2790
2421
2396
1854
2342
2639
2705
2848
2998
3123
3232
3301
2742
3066
3362
3466
3377
3321
3400
2680
2979
3479
3556
3494
3547
2841
3247
3605
3652
3602
3637
3216
3655
2056
3707
3647
3672
3653
3242
3704
2167
3725
3742
3708
3659
3494
3734
2211
3756
3672
3724
3660
3317
3725
2126
3737
3754
3712
3715
3321
3725
3733
3735
3715
3669
3088
3495
3727
3728
3689
3230
3704
1876
3719
3732
3704
3202
3720
2081
3732
3751
3716
3728
3675
3739
2466
3748
3753
3720
3663
2788
3036
3730
3744
3712
3680
3237
3647
2120
3746
3672
3704
3716
2984
3400
3732
3741
3713
3674
3060
3417
3654
3743
3709
3635
3073
3563
3719
3740
3642
2837
3299
3705
3638
3683
3352
3698
1902
3711
3726
3705
3213
3721
2165
3739
3755
3725
3663
3742
2031
2370
3670
3764
3727
3660
3733
2107
2683
3741
3754
3714
3671
3485
3729
2462
3750
3669
3714
3676
2891
3732
2176
3746
3757
3723
3674
3506
3740
2101
3745
3759
3730
3659
3614
3732
2402
3742
3752
3711
3712
3726
2267
2629
3735
3754
3706
3705
3718
2264
3732
2117
3744
3734
3706
3677
3030
3712
2061
3735
3753
3714
3712
3471
3725
2325
3742
3755
3719
3718
3213
3541
3737
3756
3672
3644
3481
3695
2534
3710
3720
3690
3312
1334
1686
1175
1669
1722
2059
2422
2613
2937
3217
2922
2718
2420
2938
3332
3370
3443
3505
3548
3195
3505
3625
3673
3614
3602
2871
3321
3643
3677
3634
3668
3177
3700
1977
3725
3731
3699
3668
3719
2116
3027
3731
3744
3703
3710
3430
3728
2288
3738
3754
3720
3715
3120
3720
2001
3729
3745
3722
3673
3318
3714
2200
3735
3651
3703
3669
3719
2314
2759
3731
3750
3717
3669
3066
3470
3738
3751
3710
3699
3545
3713
2101
3729
3734
3714
3677
2758
3342
3732
3745
3712
3646
3092
3720
2061
3732
3742
3698
3715
3736
2371
2933
3731
3749
3717
3712
2071
2071
3821
428
491
573
3121
2157
1852
2846
2434
2460
2590
2856
3043
3291
3342
2951
2786
3174
3474
3465
3516
3437
3596
2880
3186
3650
3675
3637
3652
2682
3057
3684
3715
3677
2743
3128
3664
3723
3688
2728
3052
3714
3736
3707
3431
3655
2014
3736
3732
3704
3664
2426
2788
3732
3745
3705
3721
3728
3187
3741
2199
3734
3754
3712
3710
3729
2617
3035
3741
3753
3727
3695
3672
2417
2938
3735
3752
3691
1181
656
989
1185
3359
3584
2494
431
489
531
2094
2722
1765
2488
2181
2117
2261
2610
2814
2918
3093
3104
2442
2201
2996
3309
3305
3399
3460
3494
3277
3558
3625
2267
2308
3678
3706
3625
3571
1920
1945
3625
3668
3628
1855
1890
3670
3671
3674
1743
1750
3669
3668
3672
1762
1790
3667
3665
3672
1837
1855
3668
3666
3675
1785
1832
3665
3667
3671
1802
1829
3670
3667
3672
1812
1835
3669
3663
3670
1829
1861
3664
3669
3672
1825
1853
3668
3665
3673
1854
1887
3657
3750
3668
1925
1984
3668
3668
3677
1865
1900
3670
3663
3670
1854
1895
3670
3667
3671
1877
1911
3671
3661
3674
1905
1950
3668
3663
3672
1909
1948
3663
3665
3673
1872
1958
3672
3667
3671
2014
2049
3670
3662
3677
1899
1954
3670
3663
3676
1951
2005
3658
3757
3670
1994
2041
3667
3671
3676
1917
1966
3671
3664
3673
1900
1961
3675
3669
3674
1983
2048
3666
3667
3678
1926
1985
3670
3661
3667
1916
1994
3673
3662
3675
1929
1993
3667
3669
3675
1912
1977
3670
3670
3674
1941
2030
3670
3666
3674
2075
2145
3669
3667
3672
1996
2061
3662
3666
3672
1973
2028
3670
3657
3732
2022
2102
3661
3667
3674
1984
2057
3669
3671
3674
2092
2216
3673
3668
3668
2096
2201
3667
3668
3671
1989
2074
3666
3666
3674
1998
2094
3671
3661
3667
2008
2106
3672
3667
3674
2041
2117
3671
3666
3676
1989
2066
3670
3665
3674
2098
2232
3667
3668
3674
2163
2294
3665
3670
3669
1992
2150
3672
3668
3664
2053
2137
3669
3661
3672
2091
2161
3671
3669
3672
2053
2178
3663
3664
3672
2076
2165
3669
3664
3672
2090
2184
3672
3665
3675
2034
2165
3666
3664
3673
2090
2248
3665
3669
3673
2222
2397
3665
3665
3670
2202
2396
3671
3671
3667
2259
2364
3667
3666
3672
2102
2212
3667
3671
3667
2102
2234
3668
3667
3672
2135
2247
3665
3659
3673
2043
2141
3670
3668
3669
2072
2176
3675
3665
3674
2043
2153
3673
3664
3671
2049
2166
3671
3670
3669
2081
2194
3665
3665
3677
2125
2255
3671
3661
3666
2266
2379
3670
3670
3672
2129
2247
3675
3663
3669
2282
2463
3671
3667
3675
2115
2234
3672
3666
3672
2210
2312
3662
3670
3669
2293
2444
3669
3668
3670
2309
2495
3670
3666
3667
2113
2213
3668
3666
3677
2166
2293
3669
3668
3670
2132
2220
3658
3755
3672
2217
2313
3659
3662
3676
2193
2299
3671
3646
3726
2169
2281
3668
3664
3670
2162
2279
3663
3658
3734
2131
2262
3668
3754
3673
2152
2284
3667
3668
3669
2315
2556
3669
3666
3672
2350
2556
3665
3666
3672
2369
2492
3670
3668
3665
2153
2295
3667
3670
3672
2191
2306
3672
3667
3670
2133
2252
3671
3661
3665
2179
2393
3670
3660
3733
2408
2617
3668
3663
3667
2368
2557
3667
3664
3678
2400
2611
3672
3666
3669
2353
2460
3674
3668
3673
2198
2351
3672
3657
3733
2216
2334
3668
3664
3679
2202
2340
3669
3664
3673
2363
2469
3672
3668
3672
2221
2408
3668
3665
3673
2215
2352
3667
3667
3671
2156
2321
3672
3665
3673
2253
2380
3675
3661
3736
2212
2356
3665
3751
3665
2266
2425
3666
3666
3674
2216
2326
3668
3663
3669
2140
2369
3670
3668
3670
2233
2368
3670
3666
3674
2452
2668
3671
3664
3665
2267
2442
3666
3670
3673
2170
2324
3670
3671
3673
2185
2342
3662
3662
3674
2211
2400
3669
3659
3734
2273
2395
3666
3667
3677
2408
2618
3665
3667
3674
2299
2444
3672
3662
3665
2357
2533
3665
3750
3669
2333
2593
3667
3670
3675
2223
2371
3673
3658
3732
2344
2499
3666
3662
3670
2532
2763
3664
3747
3670
2532
2741
3664
3670
3674
2489
2641
3673
3668
3669
2145
2341
3669
3663
3667
2234
2409
3670
3658
3671
2282
2431
3672
3666
3666
2296
2467
3674
3663
3666
2545
2688
3671
3669
3669
2268
2434
3658
3749
3663
2371
2563
3665
3672
3672
2244
2417
3666
3662
3676
2445
2565
3669
3662
3663
2297
2465
3671
3660
3670
2488
2761
3660
3737
3729
2550
2730
3668
3666
3678
2314
2505
3672
3659
3678
2207
2385
3666
3660
3669
2382
2600
3676
3665
3669
2254
2461
3663
3750
3670
2365
2539
3668
3662
3672
2303
2517
3662
3738
3725
2344
2574
3669
3673
3677
2461
2633
3668
3664
3666
2569
2778
3668
3668
3663
2306
2450
3672
3666
3675
2312
2495
3668
3642
3727
2623
2898
3668
3665
3664
2324
2486
3667
3649
3714
2474
2630
3666
3661
3675
2311
2446
3667
3658
3723
2242
2428
3672
3671
3671
2513
2704
3670
3669
3679
2232
2411
3668
3666
3676
2348
2515
3670
3671
3668
2457
2600
3673
3670
3670
2337
2531
3664
3667
3664
2433
2659
3663
3747
3662
2429
2591
3667
3671
3672
2400
2681
3669
3665
3673
2608
2906
3663
3751
3662
2510
2690
3656
3749
3671
2644
2859
3662
3672
3672
2402
2620
3672
3662
3674
2414
2650
3673
3664
3657
2453
2610
3673
3662
3676
2349
2566
3669
3661
3736
2664
2979
3659
3754
3665
2453
2746
3666
3673
3666
2461
2669
3662
3651
3729
2348
2515
3668
3665
3677
2379
2573
3674
3655
3734
2485
2692
3666
3667
3667
2412
2625
3659
3734
3724
2648
2856
3666
3668
3670
2656
2827
3672
3662
3674
2495
2729
3660
3745
3727
2513
2817
3660
3654
3724
2640
2874
3669
3667
3667
2353
2552
3672
3668
3667
2258
2456
3663
3662
3674
2447
2617
3665
3659
3664
2474
2623
3670
3661
3670
2564
2793
3668
3659
3720
2381
2612
3662
3745
3665
2597
2880
3672
3655
3726
2452
2769
3672
3656
3729
2488
2802
3661
3747
3727
2729
2995
3669
3673
3676
2534
2816
3668
3669
3666
2479
2705
3653
3747
3665
2525
2784
3665
3662
3674
2428
2609
3670
3666
3662
2752
3042
3671
3668
3670
2329
2508
3671
3668
3671
2406
2648
3666
3667
3670
2694
3007
3664
3753
3665
2783
3005
3661
3665
3664
2701
2923
3670
3647
3721
2626
2858
3674
3655
3729
2517
2707
3667
3651
3726
2411
2633
3664
3747
3725
2763
3145
3671
3665
3667
2763
3064
3671
3667
3659
2425
2635
3673
3661
3735
2721
2934
3666
3663
3679
2570
2805
3667
3658
3675
2729
2948
3661
3755
3659
2699
2882
3668
3663
3677
2432
2646
3674
3659
3668
2454
2694
3662
3749
3659
2573
2773
3665
3672
3669
2410
2684
3663
3741
3736
2678
2954
3656
3753
3669
2743
2975
3663
3657
3733
2560
2871
3660
3750
3675
2438
2668
3664
3659
3731
2467
2721
3663
3661
3671
2443
2730
3668
3668
3663
2485
2693
3673
3656
3726
2537
2782
3656
3743
3675
2526
2748
3660
3749
3674
2478
2737
3668
3665
3676
2570
2886
3668
3661
3734
2764
3007
3666
3659
3680
2432
2597
3660
3746
3662
2756
2981
3667
3669
3669
2597
2910
3671
3671
3672
2577
2819
3661
3753
3668
2464
2799
3672
3665
3734
2677
2993
3660
3747
3673
2810
2993
3666
3664
3670
2469
2736
3671
3662
3663
2543
2818
3657
3744
3673
2475
2771
3661
3750
3671
2842
3186
3664
3757
3662
2531
2782
3661
3664
3721
2561
2791
3659
3743
3673
2735
3019
3651
3740
3722
2524
2763
3664
3671
3674
2520
2742
3669
3668
3668
2831
3194
3670
3659
3740
2679
2931
3673
3661
3667
2546
2781
3674
3668
3669
2615
3012
3667
3669
3668
2576
2801
3660
3662
3669
2792
3168
3665
3666
3667
2797
3083
3663
3664
3675
2868
3232
3666
3656
3733
2650
2939
3668
3662
3732
2680
3000
3667
3644
3728
2754
2978
3670
3657
3734
2783
3083
3664
3750
3730
2521
2778
3658
3755
3670
2492
2720
3656
3748
3664
2881
3237
3662
3667
3677
2503
2784
3663
3651
3725
2621
2918
3663
3743
3730
2648
2898
3658
3746
3731
2625
2898
3667
3656
3724
2539
2817
3668
3663
3672
2789
3147
3674
3662
3663
2798
3138
3666
3663
3667
2888
3264
3654
3739
3718
2921
3333
3735
3663
3734
2920
3292
3652
3740
3724
2981
3283
3667
3752
3661
2505
2790
3665
3667
3665
2863
3154
3665
3662
3677
2884
3218
3658
3744
3727
2912
3230
3663
3745
3719
2641
2905
3647
3745
3670
2517
2801
3656
3742
3730
2634
2900
3664
3661
3669
2572
2796
3662
3745
3657
2671
3006
3735
3752
3672
2967
3303
3665
3668
3675
2687
2988
3675
3666
3671
2810
3161
3667
3660
3673
2854
3280
3666
3661
3666
2891
3225
3657
3747
3658
2840
3142
3659
3742
3730
2913
3261
3671
3657
3731
2946
3335
3661
3746
3729
2941
3301
3663
3659
3730
2916
3212
3673
3662
3673
2349
2645
3669
3657
3727
3075
3461
3661
3741
3727
2657
2965
3664
3653
3726
2605
2954
3674
3663
3669
2650
2839
3665
3745
3657
2614
2973
3671
3658
3727
2632
3049
3664
3748
3666
3005
3375
3665
3669
3665
2929
3341
3649
3740
3669
2959
3294
3668
3668
3674
2939
3218
3671
3661
3667
2423
2622
3668
3670
3670
2503
2802
3669
3666
3664
2682
2978
3662
3747
3669
2892
3306
3656
3753
3676
2998
3271
3666
3665
3674
2827
3137
3660
3744
3727
2918
3358
3658
3747
3671
2649
2882
3661
3742
3721
2708
3069
3730
3744
3731
2697
2930
3657
3748
3666
2652
3020
3666
3665
3668
2949
3271
3655
3746
3668
2689
3137
3665
3664
3660
2957
3334
3664
3666
3671
2866
3277
3659
3739
3728
3106
3374
3657
3747
3677
2656
2975
3663
3660
3662
2563
3035
3669
3663
3672
2917
3249
3667
3654
3726
3116
3396
3661
3748
3665
3011
3309
3663
3669
3673
2763
3066
3671
3663
3669
2738
3037
3658
3750
3662
3070
3469
3660
3743
3728
3106
3380
3662
3662
3723
3064
3442
3670
3667
3671
2676
2960
3668
3652
3726
2611
2920
3668
3669
3674
2586
2918
3666
3657
3728
2627
2963
3659
3739
3722
3061
3357
3667
3671
3669
3024
3371
3660
3744
3732
3132
3540
3651
3751
3668
2880
3159
3662
3664
3671
2977
3456
3666
3655
3723
2648
2968
3658
3743
3724
3146
3527
3656
3743
3716
3151
3506
3727
3741
3722
3140
3424
3667
3666
3672
2905
3344
3670
3659
3665
3003
3372
3674
3663
3728
2733
3026
3665
3751
3732
3006
3441
3662
3669
3661
2931
3180
3668
3657
3727
3078
3371
3660
3749
3672
2663
3008
3669
3667
3668
2593
2931
3665
3744
3732
2696
3022
3649
3751
3667
3045
3503
3667
3671
3677
2645
2982
3665
3659
3673
2911
3262
3677
3666
3675
3024
3349
3672
3658
3676
2626
2930
3664
3747
3727
2718
3110
3736
3749
3731
3101
3409
3669
3663
3679
2684
3028
3674
3663
3676
3008
3384
3672
3654
3737
2749
3109
3669
3668
3666
3061
3542
3663
3659
3733
3090
3578
3662
3755
3666
2640
3005
3657
3750
3660
2985
3379
3663
3740
3727
2722
3175
3664
3658
3720
2488
2746
3664
3666
3670
3033
3373
3669
3668
3668
2625
2979
3667
3656
3727
2754
3011
3652
3743
3727
2823
3165
3659
3746
3663
3086
3580
3666
3655
3723
3127
3447
3672
3659
3675
2973
3214
3674
3667
3659
3002
3494
3661
3663
3677
2903
3195
3663
3664
3668
2617
2967
3665
3749
3669
2974
3402
3672
3657
3726
3018
3456
3666
3744
3729
3123
3387
3653
3744
3726
3125
3432
3665
3666
3672
2527
2824
3669
3658
3669
2951
3370
3655
3737
3722
2802
3146
3664
3662
3721
2714
3203
3656
3741
3672
3084
3618
3652
3742
3730
2770
3013
3656
3742
3724
2781
3097
3657
3750
3663
3034
3492
3668
3670
3661
3099
3429
3653
3737
3724
3178
3654
1891
3744
3669
3733
3217
3669
1904
3749
3757
3732
2849
3229
3677
3666
3677
3670
2748
3115
3658
3756
3679
3175
3661
3669
3663
3657
3120
3554
3668
3663
3672
2667
3007
3671
3670
3665
2902
3240
3664
3661
3729
2708
3046
3658
3750
3673
3077
3517
3657
3655
3730
3120
3558
3668
3752
3669
3069
3575
3665
3659
3726
2779
3104
3649
3737
3723
2475
2815
3663
3741
3729
2684
3084
3674
3671
3664
3066
3316
3658
3741
3671
2797
3074
3647
3737
3718
3155
3699
3727
3738
3728
3212
3654
1920
3746
3671
3729
3190
3540
3672
3666
3672
2632
3045
3653
3737
3670
3105
3581
3667
3666
3672
3073
3441
3669
3658
3726
3168
3610
3672
3666
3660
2654
3074
3664
3659
3722
3181
3629
3661
3752
3660
3066
3544
3670
3651
3727
3276
3641
3670
3660
3663
3056
3552
3664
3657
3728
3297
3655
2150
3746
3671
3731
3164
3629
3670
3666
3726
3184
3643
3664
3748
3729
2869
3332
3655
3745
3669
3061
3560
3657
3741
3678
2637
3019
3655
3747
3735
2907
3213
3651
3750
3650
3316
3724
1973
3742
3669
3658
3222
3724
3730
3744
3716
3299
3729
2038
3738
3754
3734
3283
3675
2093
3655
3771
3689
3666
3305
3665
3759
3668
3738
3664
2775
3287
3753
3667
3727
2530
2824
3660
3744
3672
3156
3554
3654
3743
3651
3113
3579
3731
3657
3724
2836
3192
3658
3733
3723
2773
3131
3665
3741
3719
3219
3731
1889
3747
3663
3729
3276
3641
3738
3754
3720
3725
3166
3536
3744
3669
3723
3669
3047
3646
3673
3669
3726
3208
3666
1865
3749
3663
3730
2602
2844
3674
3662
3717
2714
3130
3664
3744
3671
2649
3008
3665
3646
3726
2460
2990
3674
3667
3661
3052
3373
3666
3664
3656
3083
3497
3665
3742
3729
3242
3656
1999
3741
3746
3731
3519
3651
2167
3745
3674
3734
3664
2885
3257
3755
3657
3731
3672
2835
3204
3743
3752
3729
3669
2896
3250
3752
3758
3734
3666
3268
3755
1965
3672
3761
3730
3661
2819
3206
3750
3751
3728
3666
2805
3345
3743
3669
3723
3673
3256
3664
2041
3661
3762
3727
2961
3491
3659
3745
3727
3310
3658
2182
3741
3754
3743
3249
3679
1968
3665
3684
3677
3668
3210
3654
3756
3663
3735
3294
3676
2025
3661
3665
3687
3205
3667
1989
3755
3663
3732
2890
3156
3670
3760
3652
2658
2975
3725
3737
3713
2805
3241
3733
3654
3717
2942
3266
3678
3652
3720
3283
3668
1918
3750
3663
3738
3329
3660
2017
3741
3753
3723
3149
3669
1923
3677
3664
3734
3674
2761
3171
3753
3761
3734
3663
3373
3751
1971
3665
3761
3730
3668
3268
3752
2050
3668
3772
3692
3659
2888
3296
3750
3660
3729
3670
3259
3721
3747
3666
3724
3478
3673
2250
3656
3757
3675
3214
3586
3668
3752
3730
3443
3657
2106
3752
3665
3726
3552
3666
2274
3748
3753
3725
3325
3667
2174
3757
3660
3721
3670
3250
3678
3742
3753
3717
3672
2868
3149
3670
3654
3714
3674
2759
3285
3661
3672
3666
3237
3609
3669
3661
3663
3146
3668
1993
3663
3664
3732
2952
3349
3658
3752
3667
2756
3166
3656
3733
3705
2799
3193
3715
3728
3712
2846
3320
3672
3639
3714
3233
3667
2053
3741
3747
3719
3276
3732
2059
3747
3754
3723
3680
3284
3670
3672
3672
3729
3678
3255
3649
3649
3750
3725
3102
3654
2003
3741
3663
3733
2906
3272
3682
3655
3718
2971
3349
3679
3655
3724
3166
3670
1864
3648
3756
3666
3227
3669
2023
3666
3763
3728
2801
3214
3671
3737
3709
2770
3262
3662
3736
3723
3243
3653
1883
3736
3747
3727
3317
3587
3677
3673
3673
3664
3505
3662
2285
3670
3666
3735
3233
3668
1961
3755
3657
3737
3416
3672
2109
3734
3758
3680
3425
3673
2233
3666
3761
3669
3340
3672
2078
3660
3752
3725
3446
3658
2091
3748
3755
3730
3664
2859
3182
3755
3672
3732
3677
3246
3654
1954
3746
3755
3724
3298
3731
3740
3746
3716
3677
3336
3662
2032
3754
3755
3728
3656
2858
3444
3748
3678
3726
3659
2809
3326
3741
3746
3717
2943
3272
3668
3745
3672
3169
3659
3673
3648
3708
3201
3717
3725
3729
3717
3334
3662
2108
3744
3662
3727
3351
3677
1934
3661
3761
3656
2638
2980
3734
3659
3717
2930
3360
3672
3658
3725
3129
3646
3656
3744
3667
3060
3538
3658
3737
3716
3335
3654
3659
3744
3668
2776
3203
3672
3668
3663
3022
3510
3664
3670
3652
2937
3369
3737
3648
3728
3328
3658
1886
3749
3657
3733
2745
3119
3673
3749
3733
2828
3159
3640
3733
3714
2723
3066
3655
3734
3718
2874
3335
3656
3724
3710
2774
3219
3672
3649
3723
2970
3268
3664
3737
3712
3209
3727
1936
3732
3743
3726
3481
3668
2294
3757
3665
3728
3673
3487
3747
2176
3752
3759
3733
3680
3316
3664
2153
3769
3678
3737
3678
3026
3438
3662
3740
3721
3665
2898
3456
3652
3747
3711
3727
3654
1926
2711
3753
3659
3713
3728
3442
3672
2155
3667
3750
3727
3662
3441
3745
2114
3663
3768
3682
3673
3163
3554
3662
3746
3717
3679
2819
3205
3662
3754
3669
3672
3642
1899
2426
3738
3745
3725
2818
3217
3664
3751
3663
3655
2772
3140
3744
3666
3730
3326
3656
2174
3750
3652
3725
3353
3667
1920
3745
3663
3727
3394
3670
2101
3750
3663
3730
3529
3669
2095
3751
3746
3723
3516
3662
2244
3749
3662
3726
3672
3268
3653
3746
3755
3723
3668
3320
3746
2048
3655
3755
3733
3672
3348
3716
3756
3662
3725
3653
3221
3591
3739
3675
3672
3078
3444
3658
3742
3722
3345
3653
2105
3741
3753
3729
3344
3743
2153
3749
3765
3727
3742
3434
3760
2517
3749
3762
3748
3657
3532
3746
2147
3668
3740
3727
3670
3508
3740
2203
3754
3753
3738
3687
3276
3668
2063
3765
3764
3740
3676
2972
3430
3664
3748
3720
3675
2761
3255
3653
3746
3724
3475
3653
2199
3741
3675
3675
3245
3655
1986
3745
3658
3720
2657
3051
3663
3742
3716
3730
3352
3742
2329
3757
3742
3738
3670
3387
3760
2144
3659
3754
3737
3679
3345
3658
2336
3750
3767
3736
3667
3414
3746
2018
3747
3764
3735
3678
3448
3658
2183
3759
3668
3734
3679
2753
3585
3659
3753
3715
3673
3478
3666
2083
3674
3668
3724
3665
3006
3431
3740
3754
3721
3729
3462
3745
2132
3757
3753
3724
3730
2651
3002
3743
3752
3721
3672
3452
3734
2361
3747
3747
3721
3669
3462
3746
2472
3756
3755
3737
3677
3509
3665
2499
3753
3761
3735
3665
3646
3744
2452
3758
3751
3731
3739
2886
3392
3752
3755
3724
3720
3325
3728
2125
3749
3668
3720
3682
3666
2163
2411
3673
3685
3684
3676
3370
3671
2026
3666
3765
3729
2803
3241
3745
3656
3731
3447
3679
1949
3658
3651
3728
2913
3246
3661
3748
3664
2763
2999
3737
3649
3717
2945
3317
3665
3745
3725
2723
3103
3666
3668
3653
2818
3148
3720
3729
3716
3306
3720
3732
3745
3721
3274
3650
1933
3743
3661
3725
2894
3286
3658
3747
3711
2979
3309
3721
3736
3651
3393
3725
2095
3649
3750
3677
2830
3165
3666
3743
3715
3499
3659
2421
3743
3672
3730
3419
3673
2399
3665
3761
3679
3508
3650
2258
3746
3659
3725
3670
1950
2506
3750
3663
3725
3365
3659
2191
3747
3663
3720
3017
3598
3677
3663
3717
3275
3657
1980
3740
3655
3725
3580
3666
2267
3743
3753
3728
3393
3679
2072
3664
3756
3727
3669
3421
3741
2044
3756
3748
3733
3664
3582
3752
2276
3672
3757
3735
3671
3470
3742
2438
3754
3759
3718
3730
3065
3511
3651
3752
3718
3657
2817
3349
3729
3734
3707
3505
3663
2242
3736
3748
3724
3586
3654
2353
3745
3675
3726
3668
3099
3743
2055
3757
3755
3741
3683
2877
3124
3661
3767
3678
3671
3359
3675
2163
3665
3756
3733
3434
3666
2041
3751
3737
3729
3484
3670
2197
3749
3665
3718
3667
3051
3299
3739
3755
3728
3662
2910
3216
3742
3739
3717
3651
3237
3733
2062
3746
3751
3730
3669
3579
3747
2262
3747
3760
3720
3722
3493
3739
2567
3747
3754
3727
3661
3569
3737
2952
3752
3766
3730
3735
3075
3505
3753
3667
3732
3670
3238
3738
1920
3661
3750
3726
3456
3741
2278
3740
3758
3730
3673
3127
3476
3755
3676
3727
3674
3324
3654
2032
3747
3656
3724
2809
3417
3671
3751
3658
3172
3728
2049
3739
3747
3728
3656
3668
2325
3753
3673
3732
3668
3323
3741
2027
3755
3752
3733
3671
3330
3753
2300
3768
3666
3733
3677
3384
3746
2075
3759
3736
3727
3684
3217
3665
2168
3766
3673
3737
3685
2979
3480
3670
3673
3743
3668
2961
3326
3756
3662
3720
2720
3441
3731
3742
3726
3539
3647
2193
3735
3748
3714
3234
3725
2031
3742
3748
3722
3676
3750
2211
2595
3665
3768
3740
3672
3582
3752
2226
3762
3759
3737
3668
2848
3304
3748
3740
3723
3665
3360
3716
3734
3732
3707
3675
3147
3612
3645
3735
3708
3671
3136
3660
3664
3667
3710
3655
2820
3443
3738
3651
3713
3589
3657
2578
3728
3743
3717
3697
3727
2358
3741
3756
3723
3673
3361
3747
2145
3753
3768
3737
3664
3408
3742
2400
3742
3753
3726
3676
3568
3740
2399
3755
3756
3720
3737
3674
2011
3034
3760
3767
3740
3668
3500
3748
2196
3664
3757
3735
3675
3723
2267
2637
3747
3759
3727
3669
3745
2222
2793
3659
3764
3676
3673
3390
3662
2031
3750
3737
3719
3672
2980
3440
3738
3750
3720
3657
2921
3347
3731
3730
3710
3659
3645
3727
2420
3745
3751
3723
3670
2942
3518
3748
3762
3739
3672
3435
3749
2027
3739
3749
3722
3730
3742
2191
2669
3753
3752
3731
3679
3468
3656
2250
3746
3758
3721
3725
3367
3747
2415
3667
3770
3743
3673
3019
3386
3747
3765
3668
3654
3480
3746
2619
3665
3736
3720
2978
3544
3672
3740
3713
3660
3299
3733
2092
3751
3662
3720
3682
3543
3665
2238
3756
3766
3744
3667
3502
3756
2192
3668
3761
3734
3667
3421
3743
2233
3753
3758
3725
3731
3424
3746
2323
3751
3771
3733
3733
3480
3746
2220
3760
3744
3732
3670
3618
3746
2288
3756
3750
3732
3678
3001
3408
3665
3762
3737
3663
2905
3299
3747
3651
3719
2694
3088
3654
3738
3672
2912
3340
3666
3658
3712
3363
3725
2129
3740
3667
3734
3663
1986
2378
3747
3752
3727
3677
3198
3554
3662
3757
3716
3722
3358
3740
2268
3751
3754
3729
3669
3007
3304
3747
3762
3671
3672
3335
3651
2067
3743
3673
3722
3180
3666
2003
3739
3750
3726
2967
3362
3679
3649
3701
3716
3494
3730
2045
3743
3754
3725
3661
3536
3744
2598
3754
3749
3740
3680
3410
3756
2369
3751
3758
3735
3677
3393
3745
2031
3751
3748
3719
3727
3744
2302
2714
3748
3761
3733
3732
3197
3745
2136
3756
3769
3733
3728
3410
3742
2313
3755
3743
3736
3671
3745
2082
2917
3745
3765
3739
3664
2647
3739
2075
3751
3753
3732
3663
3394
3740
2171
3755
3760
3739
3668
3700
3744
2571
3757
3761
3744
3661
3034
3490
3750
3665
3728
3671
3410
3736
2357
3749
3750
3728
3224
3672
2059
3741
3757
3673
3672
3162
3664
1972
3751
3765
3728
3728
3200
3744
2254
3756
3770
3737
3740
3068
3450
3661
3753
3719
3650
3732
1918
2498
3676
3662
3728
3644
2042
3050
3728
3740
3714
3712
2373
2835
3729
3753
3662
3722
3338
3734
2458
3748
3766
3730
3662
2928
3390
3740
3756
3726
3663
3736
1971
2501
3739
3737
3713
3660
3342
3730
2147
3749
3752
3728
3679
3333
3739
2017
3754
3751
3732
3674
3645
3747
2503
3737
3735
3726
3687
3743
2097
3002
3759
3764
3731
3642
3414
3742
2150
3677
3741
3712
3666
3731
2232
2761
3739
3748
3718
3651
2915
3195
3725
3747
3657
3720
3659
2431
2871
3719
3735
3714
3684
3654
2358
3428
3742
3759
3723
3687
2760
3232
3664
3756
3711
3716
3723
1981
2596
3733
3747
3717
3723
3737
2451
2742
3755
3761
3719
3718
3118
3525
3726
3737
3717
3677
3154
3454
3650
3750
3686
3652
3730
2138
3074
3746
3751
3710
3266
3723
2116
3745
3651
3716
3678
3569
3733
2620
3744
3750
3724
3671
3739
2109
2707
3673
3759
3730
3692
2925
3271
3661
3758
3672
3661
3155
3729
1987
3745
3658
3718
3270
3658
2393
3741
3662
3709
3677
3498
3736
2320
3738
3740
3706
3710
3724
2901
3747
2194
3765
3737
3719
3726
3617
3732
2585
3743
3758
3745
3676
3211
3729
2229
3754
3681
3709
3711
3508
3726
2340
3736
3755
3713
3718
3720
3732
2685
3741
3757
3724
3707
3714
2048
3074
3732
3750
3725
3690
3075
3647
2272
3742
3754
3716
3720
3569
3727
2521
3745
3750
3729
3678
3749
2024
2599
3673
3745
3728
3669
3504
3738
3217
3745
3742
3707
3713
3731
2590
3570
3744
3749
3721
3731
3587
3669
2287
3756
3769
3741
3668
3656
3742
2548
3752
3764
3725
3726
3081
3739
2113
3743
3747
3716
3675
3733
2279
3491
3745
3752
3722
3670
3735
2452
3602
3742
3760
3726
3683
3655
2341
3092
3753
3667
3717
3657
2732
3314
3730
3741
3710
3637
3713
3107
3481
3735
3742
3695
3713
3729
2381
3397
3745
3739
3706
3698
3712
2250
3234
3726
3743
3718
3671
3731
2558
2902
3736
3753
3713
3725
3647
2627
3327
3741
3750
3715
3719
3735
2024
2506
3749
3753
3710
3712
3727
3733
2146
2706
3742
3752
3724
3699
3658
2476
2973
3732
3741
3718
3689
3353
3671
2039
3745
3724
3707
3655
3730
2550
2796
3650
3753
3677
3655
3646
3722
2455
3729
3743
3712
3647
3014
3722
2363
3734
3755
3727
3654
3726
2661
3739
2334
3752
3763
3725
3725
3735
2635
3194
3755
3768
3739
3679
3738
2010
2875
3756
3654
3733
3670
3734
2968
3748
2121
3762
3782
3679
3718
3092
3644
3730
3748
3720
3688
3111
3639
2180
3726
3740
3698
3706
3726
2629
3741
3742
3758
3718
3717
3731
2986
3742
2142
3753
3757
3738
3693
3668
3000
3692
3758
3755
3724
3721
3200
3514
3733
3745
3722
3657
3368
3722
2158
3746
3658
3713
3727
3738
2972
3704
3752
3743
3730
3692
3183
3563
3653
3741
3717
3663
3732
2341
2777
3741
3749
3729
3652
3643
3743
2633
3738
3746
3732
3685
3569
3651
3113
3737
3741
3714
3652
3724
3364
3740
2295
3747
3767
3734
3726
3747
3106
3590
3665
3759
3715
3714
3675
2494
3022
3742
3744
3712
3721
3732
2713
3605
3751
3762
3713
3723
3471
3667
2282
3750
3750
3725
3684
3685
3747
2922
3684
3662
3720
3665
3728
2104
3303
3733
3737
3705
3710
3723
2333
3060
3743
2423
3117
1724
1623
2335
2290
2127
2329
2796
3051
3150
3266
3351
2622
2448
3134
3381
3328
3392
3440
3481
3558
2779
3041
3626
3679
3596
3576
2702
2925
3630
3676
3617
2432
2657
3660
3651
3665
2707
3081
3663
3720
3693
2579
2847
3661
3736
3664
2868
3348
3666
3662
3673
2934
3242
3664
3664
3671
3017
3467
3663
3656
3662
2770
3130
3650
3729
3707
3129
3725
1977
3647
3745
3657
3140
3684
3724
3741
3718
3339
3651
2138
3726
3745
3720
3385
3671
2083
3658
3755
3675
3659
3330
3742
2140
3756
3754
3731
3665
3515
3741
2484
3747
3746
3718
3678
3284
3688
3744
3652
3710
1754
2298
2440
3557
432
505
547
2063
2508
1609
1864
1660
2413
2066
438
446
472
1368
1597
1118
1881
1923
1340
1883
2522
2709
3027
3260
3200
2887
2577
2877
3409
3441
3531
2102
2192
3610
