5
5
6
6
168
296
452
610
770
924
1061
1166
99
246
400
555
722
904
1099
1209
1311
1342
1373
1556
207
670
889
1243
1631
1671
1714
1752
1810
1864
1927
1999
2024
1973
2062
1789
1788
1798
1809
1801
1805
1767
1829
1904
1976
2043
2139
3461
2212
2438
2294
1988
1711
1716
1800
1886
1957
2045
2141
2228
2286
3106
2290
1981
1717
1742
1839
1903
2017
2481
3167
2084
1802
1723
1809
2973
3611
1882
1648
1649
1753
1901
2021
2927
1972
1700
1805
1897
3195
3651
2002
1727
1715
208
241
321
357
1525
1572
1633
1666
1807
1452
1496
1547
1564
2150
2322
1654
1538
1550
1635
2486
2772
1718
1480
1587
2983
3498
1664
1485
1583
3049
3517
1648
1519
1613
2713
3289
1706
1498
1609
1673
3183
3686
1758
1547
1651
1717
1921
2531
1818
1593
1701
3203
1769
1875
1874
1609
1692
1751
2693
3139
1848
1564
1618
1685
3137
3536
1780
1565
1660
2732
3406
1739
1519
1633
3227
1704
1796
1801
1628
1725
2915
2915
3666
3739
1497
1650
1703
1712
319
782
1019
1429
1559
1200
1769
2241
2270
2086
2233
1889
1929
1974
1942
1998
2068
2832
3176
2132
1874
1717
1817
3175
1880
1949
1993
1757
1806
1905
2857
3429
1997
1737
1735
1800
2738
3269
1898
1662
1745
1839
3127
1931
2140
2035
1786
1836
1931
3365
2019
2177
2102
1832
1803
1916
3096
3498
1985
1719
1710
1791
1869
2067
2761
1958
1737
1807
3119
1913
1918
1980
1727
1799
1874
3098
3418
1935
1690
1737
1783
3259
3555
1871
1674
1761
3063
3575
1850
1665
1739
2941
3383
1826
1689
1763
3083
1863
2087
1966
1757
1856
2960
3338
1938
1686
1743
1807
2719
3169
1892
1666
1773
3531
1841
2249
1935
1716
1827
3263
1880
2128
1981
1703
1793
1882
3432
1961
2227
2064
1796
1884
1935
3357
2030
2428
2101
1817
1804
1882
2872
3466
1974
1722
1755
1857
2879
3323
1929
1686
1747
1820
3108
1915
2058
1990
1741
1834
1908
2000
2260
2023
1753
1835
1889
2000
2304
3234
2052
1786
1808
1912
1984
2277
3106
2057
1790
1865
1916
2042
3534
2100
2380
2189
1913
1919
2012
2122
2612
3056
2242
319
1418
1664
1682
2122
1878
2054
2016
2051
2103
2156
2209
2437
2647
2000
1898
1922
1895
1929
1990
2056
2874
3206
2141
1817
1705
1778
3184
1863
1870
1927
1706
1815
3403
1887
2179
1978
1736
1820
3213
3561
1920
1656
1762
3530
1834
2198
1940
1721
1813
3115
1894
1916
1994
1734
1814
1900
3494
1984
2300
2078
1814
1857
1937
2041
3225
2128
2300
2212
1909
1928
1970
3408
2060
2281
2122
1833
1819
1881
3121
1980
2021
2080
1783
1807
1895
1981
2129
2487
2105
1794
1862
1905
2015
2359
2865
2100
1796
1831
1879
3497
1986
2255
2060
1828
1837
1946
3048
3048
3701
3780
3337
1643
330
1373
1619
1641
1553
1717
1746
2060
2109
2164
2211
2575
2757
2066
1821
1819
1874
1951
2835
3104
2020
1756
1757
1834
2730
3198
1908
1666
1764
2776
3201
1835
1681
1756
2990
1863
1866
1925
1743
1836
1914
1962
2448
2007
1748
1848
1941
2022
2167
3110
2107
1834
1839
1913
2005
2100
2819
2095
1835
1855
1948
3694
2040
2610
2135
1831
1862
1926
2004
2136
2713
2108
1809
1854
1915
3122
2024
2320
2092
1842
1883
1974
2082
2264
3129
2159
1880
1891
1939
2033
2495
3607
2133
1845
1878
1925
2020
2716
3013
2119
1823
1884
1944
2036
2688
3680
2115
1875
1867
1973
2052
2558
3102
2151
1926
1886
1976
2076
2512
3248
2164
330
1375
1622
1438
1539
1414
1970
2022
2084
2289
2400
1913
1793
1837
1916
1989
2789
3065
2071
1824
1759
1852
3323
1934
2144
2038
1785
1847
1917
2873
3457
2017
1751
1767
1847
2781
3307
1934
1699
1799
1862
3662
1968
2399
2041
1803
1848
1943
2729
3321
2031
1763
1768
1838
1941
2067
2616
2012
1768
1860
1962
2354
2810
2038
1799
1857
1943
2028
3262
3586
2130
1869
1830
1955
2019
2078
3361
2103
1847
1865
1963
3023
3348
2033
1798
1811
1913
2001
2267
2100
2256
2197
330
1411
1663
1511
1660
1430
329
511
692
782
740
1458
1482
1519
1619
1483
2113
2144
2205
2254
2305
2353
2240
2302
2159
1899
1868
1836
1871
1953
2116
2154
2025
1730
1706
1779
1905
1938
1853
1639
1715
1840
1888
1788
1634
1711
1743
1752
1784
1632
1715
1767
1779
1781
1628
1703
1782
1797
1776
1629
1704
1775
1796
1778
1629
1711
1817
1837
1782
1632
1709
1839
1863
1781
1632
1710
1823
1851
1785
1630
1705
1897
1946
1780
1633
1716
1935
1987
1780
1628
1705
1838
1867
1781
1631
1705
1832
1906
1779
1636
1708
1937
2032
1779
1627
1706
1867
1918
1779
1630
1708
1876
1923
1779
1629
1713
1904
1940
1777
1628
1706
1891
1929
1788
1633
1708
1902
1943
1786
1632
1710
1901
1944
1783
1631
1707
1976
2054
1791
1642
1724
2049
2149
1795
1633
1715
1997
2101
1781
1637
1715
2057
2147
1789
1645
1711
2036
2093
1782
1636
1713
1958
2010
1786
1636
1714
1953
2021
1785
1633
1715
2035
2150
1781
1634
1712
2063
2159
1785
1635
1716
2069
2216
1782
1644
1708
2059
2207
1781
1649
1711
2048
2160
1784
1634
1713
2099
2210
1786
1637
1712
1991
2075
1787
1641
1720
2021
2100
1785
1636
1720
2001
2075
1783
1660
1734
1998
2079
1810
1636
1711
1984
2089
1784
1643
1730
2022
2131
1791
1659
1733
1982
2082
1806
1632
1710
2177
2295
1782
1638
1718
2126
2310
1789
1639
1718
2131
2239
1793
1649
1717
2171
2284
1789
1642
1717
2018
2106
1794
1639
1718
2023
2138
1786
1634
1707
1963
2064
1787
1648
1712
2036
2132
1791
1634
1712
2022
2131
1785
1636
1718
2128
2216
1789
1636
1716
1989
2160
1784
1635
1710
2151
2281
1785
1640
1721
2051
2158
1790
1638
1712
2232
2333
1785
1639
1715
2066
2213
1788
1639
1722
2241
2342
1789
1646
1718
2097
2197
1790
1639
1720
2146
2299
1790
1638
1718
2226
2334
1786
1640
1718
2148
2254
1794
1641
1719
2115
2223
1801
1641
1739
2281
2374
1813
1634
1708
2123
2213
1781
1640
1717
2166
2253
1791
1645
1719
2241
2378
1795
1647
1718
2129
2237
1792
1637
1716
2102
2210
1793
1650
1715
2109
2215
1795
1645
1740
2159
2309
1820
1632
1715
2305
2441
1779
1646
1727
2087
2233
1797
1642
1721
2145
2285
1793
1644
1718
2135
2250
1797
1645
1719
2057
2176
1795
1641
1715
2149
2322
1801
1640
1737
2367
2572
1813
1635
1707
2209
2342
1783
1644
1719
2105
2265
1794
1644
1718
2101
2222
1791
1649
1725
2186
2399
1794
1643
1716
2197
2411
1787
1643
1726
2321
2522
1802
1667
1770
2430
2529
1836
1655
1723
2371
2475
1796
1646
1718
2402
2639
1801
1649
1750
2444
2636
1825
1633
1711
2359
2559
1781
1651
1727
2418
2532
1797
1651
1717
2254
2364
1798
1657
1730
2214
2377
1800
1645
1725
2164
2313
1796
1642
1722
2101
2197
1791
1651
1724
2215
2387
1795
1643
1718
2162
2311
1787
1643
1727
2308
2426
1802
1673
1780
2281
2494
1829
1674
1728
2262
2416
1827
1666
1775
2469
2688
1838
1658
1728
2382
2555
1811
1649
1751
2493
2633
1822
1667
1762
2204
2481
1828
1630
1710
2179
2291
1780
1654
1733
2167
2294
1797
1653
1726
2190
2340
1800
1649
1745
2253
2412
1817
1633
1709
2417
2598
1787
1644
1724
2214
2370
1800
1645
1721
2472
2597
1791
1655
1724
2200
2432
1797
1648
1727
2293
2424
1794
1643
1719
2260
2430
1802
1642
1741
2177
2326
1815
1651
1721
2211
2354
1793
1647
1727
2261
2419
1803
1643
1719
2194
2368
1794
1642
1729
2201
2370
1798
1670
1748
2482
2686
1815
1647
1717
2293
2448
1789
1662
1720
2311
2442
1795
1651
1730
2264
2477
1796
1673
1759
2417
2591
1822
1660
1767
2459
2600
1830
1650
1734
2252
2401
1804
1652
1722
2237
2519
1800
1666
1722
2330
2558
1814
1669
1740
2239
2394
1813
1641
1716
2234
2400
1791
1650
1720
2248
2445
1797
1653
1728
2377
2543
1798
1651
1726
2247
2426
1798
1650
1722
2296
2511
1810
1643
1754
2674
2940
1817
1661
1744
2242
2386
1811
1646
1718
2244
2398
1796
1665
1735
2470
2725
1806
1649
1725
2577
2810
1794
1646
1725
2563
2700
1804
1646
1723
2273
2444
1805
1647
1743
2349
2527
1814
1636
1719
2367
2535
1788
1672
1753
2390
2512
1826
1644
1744
2274
2465
1825
1643
1736
2429
2599
1812
1644
1745
2495
2775
1813
1669
1741
2541
2701
1811
1644
1720
2299
2486
1790
1645
1729
2376
2577
1804
1682
1767
2427
2691
1862
1680
1786
2635
2899
1849
1655
1736
2639
2797
1808
1650
1728
2570
2800
1798
1647
1725
2482
2731
1800
1655
1726
2298
2506
1803
1652
1730
2485
2693
1807
1647
1746
2582
2903
1816
1638
1715
2426
2649
1788
1656
1734
2589
2818
1806
1658
1726
2612
2875
1794
1649
1725
2530
2711
1796
1644
1736
2430
2595
1806
1676
1763
2293
2468
1843
1638
1710
2487
2730
1787
1654
1731
2715
2934
1801
1642
1724
2529
2681
1800
1647
1724
2674
2920
1797
1659
1718
2318
2534
1800
1646
1732
2350
2541
1803
1685
1748
2531
2808
1824
1653
1724
2470
2640
1792
1658
1725
2407
2546
1807
1665
1744
2422
2628
1816
1637
1714
2430
2594
1795
1656
1728
2466
2674
1803
1658
1726
2381
2575
1801
1656
1728
2700
2966
1802
1654
1727
2756
3024
1793
1653
1725
2521
2751
1800
1657
1744
2553
2832
1805
1672
1748
2429
2671
1824
1648
1743
2490
2695
1810
1668
1743
2700
2900
1810
1660
1721
2499
2766
1801
1657
1759
2596
2772
1825
1664
1766
2596
2842
1839
1657
1749
2500
2786
1817
1643
1711
2351
2567
1787
1675
1735
2410
2625
1799
1663
1733
2642
2861
1792
1673
1752
2582
2894
1817
1663
1725
2544
2804
1791
1658
1737
2571
2883
1808
1660
1723
2505
2737
1807
1654
1752
2778
3020
1818
1670
1740
2564
2780
1814
1650
1724
2584
2791
1805
1667
1731
2497
2703
1813
1646
1746
2513
2748
1817
1672
1747
2473
2691
1825
1669
1771
2635
2862
1835
1665
1744
2505
2782
1798
1676
1755
2511
2732
1827
1654
1742
2473
2678
1798
1674
1753
2707
2896
1821
1647
1731
2591
2968
1799
1692
1778
2716
3029
1869
1659
1742
2544
2861
1802
1673
1752
2862
3060
1827
1652
1720
2437
2643
1794
1662
1744
2471
2722
1803
1676
1753
2468
2681
1827
1669
1768
2630
2954
1835
1658
1739
2498
2762
1814
1655
1725
2588
2880
1801
1659
1736
2850
3139
1803
1678
1772
2582
2794
1861
1653
1762
2740
2993
1825
1669
1740
2644
2910
1829
1662
1754
2614
2818
1822
1646
1719
2559
2856
1801
1647
1754
2602
2839
1825
1664
1746
2694
2908
1814
1679
1753
2512
2757
1823
1646
1725
2465
2690
1798
1656
1727
2711
3060
1800
1649
1723
2698
2905
1807
1655
1753
2562
2885
1823
1661
1741
2878
3086
1810
1650
1728
2596
2884
1799
1661
1731
2819
3085
1808
1646
1752
2747
2979
1819
1665
1745
2565
2771
1814
1654
1727
2505
2774
1802
1666
1753
2531
2821
1819
1670
1745
2565
2837
1811
1647
1723
2751
3001
1806
1661
1757
2607
2897
1827
1658
1735
2399
2633
1817
1644
1748
2816
3112
1813
1677
1748
2412
2610
1818
1647
1723
2781
3000
1795
1651
1728
2789
3068
1807
1646
1725
2475
2717
1798
1658
1724
2465
2681
1803
1661
1726
2474
2706
1801
1655
1733
2851
3238
1813
1679
1780
2949
3301
1850
1659
1761
2770
2973
1827
1672
1751
2514
2772
1812
1672
1747
2877
3087
1821
1646
1731
2599
2932
1806
1683
1781
2923
3158
1847
1664
1734
2868
3088
1799
1656
1732
2468
2702
1810
1647
1759
2635
2922
1829
1664
1773
2672
2937
1835
1655
1735
2825
3082
1816
1655
1766
2678
2892
1835
1675
1768
2834
3224
1840
1663
1764
2892
3230
1827
1667
1737
2845
3147
1810
1654
1730
2558
2764
1803
1658
1745
2826
3156
1801
1673
1752
2709
3015
1823
1654
1726
2757
2978
1796
1654
1728
2764
3091
1802
1650
1724
2812
3121
1793
1654
1730
2920
3159
1794
1657
1735
2651
3084
1816
1670
1770
2976
3268
1842
1662
1745
2879
3247
1806
1693
1756
2936
3248
1851
1667
1769
2662
3008
1849
1662
1760
2874
3176
1844
1667
1760
2652
2954
1828
1655
1727
2797
3084
1799
1656
1739
2564
2859
1818
1669
1754
2638
2947
1826
1679
1743
2949
3216
1817
1657
1725
2768
2983
1808
1665
1756
2653
2919
1825
1666
1746
2582
2929
1822
1675
1767
2661
2972
1839
1646
1722
2965
3302
1788
1681
1761
2910
3333
1834
1656
1747
2888
3280
1810
1670
1750
2937
3312
1824
1661
1728
2866
3233
1797
1664
1732
2834
3132
1810
1661
1753
2630
2831
1823
1658
1728
2348
2592
1803
1662
1757
2760
3167
1832
1642
1752
2669
2979
1817
1677
1746
2606
2975
1823
1652
1731
2913
3167
1810
1684
1772
2658
2962
1855
1644
1750
3006
3328
1812
1695
1757
2957
3358
1842
1690
1765
2909
3306
1837
1642
1723
2807
3129
1803
1664
1756
2982
3377
1824
1646
1724
2630
2942
1804
1666
1766
2679
2927
1827
1666
1769
2670
3055
1836
1668
1741
2949
3352
1813
1668
1726
2610
2896
1799
1653
1738
2612
2873
1807
1677
1763
2919
3225
1826
1677
1755
2991
3356
1814
1673
1750
2935
3384
1821
1651
1728
2958
3243
1802
1661
1738
2938
3228
1808
1696
1776
2806
3205
1870
1692
1785
2693
3041
1856
1666
1770
2711
3012
1842
1669
1760
2642
2976
1837
1643
1731
2633
2853
1805
1654
1727
3027
3427
1802
1659
1736
2986
3472
1802
1677
1753
2801
3231
1828
1645
1743
2844
3246
1816
1655
1727
2885
3239
1805
1656
1757
2686
3103
1827
1652
1734
2382
2688
1795
1699
1760
2652
2988
1855
1694
1781
3037
3415
1853
1654
1723
2545
2895
1791
1679
1755
2959
3395
1826
1649
1740
2940
3282
1791
1693
1773
3025
3465
1835
1665
1748
2746
3008
1812
1675
1755
2664
3001
1824
1662
1756
2656
2990
1826
1677
1765
2581
3045
1835
1645
1720
3160
3544
1794
1660
1748
3018
3473
1837
1649
1747
2988
3435
1822
1672
1783
2858
3203
1847
1663
1763
2687
2985
1829
1661
1768
3068
3506
1835
1671
1741
3009
3302
1816
1651
1754
2676
3032
1820
1640
1729
3083
3494
1786
1686
1762
2992
3504
1826
1677
1746
2661
3000
1831
1662
1747
2421
2866
1820
1654
1723
2659
2988
1794
1657
1733
3059
3496
1807
1661
1740
3054
3358
1805
1692
1762
2626
2984
1837
1682
1771
2761
3173
1848
1667
1764
3118
3405
1834
1674
1763
2627
2965
1848
1643
1742
3102
3513
1815
1673
1772
2596
2924
1844
1669
1735
2649
2967
1811
1656
1772
2678
3030
1825
1663
1746
3025
3338
1819
1670
1767
3093
3486
1841
1642
1711
3001
3479
1782
1669
1748
3152
3460
1825
1681
1777
3060
3473
1855
1668
1769
3239
3597
1842
1664
1766
3106
3446
1838
1678
1742
2419
2638
1806
1660
1745
3067
3603
1805
1697
1760
3078
3479
1851
1667
1773
2867
3211
1846
1682
1751
2377
2837
1840
1689
1778
3114
3427
1857
1673
1772
3036
3348
1851
1666
1769
2909
3205
1833
1673
1740
2990
3370
1814
1656
1724
3091
3538
1797
1673
1750
3076
3580
1810
1685
1777
2688
3023
1861
1662
1761
2673
2963
1830
1669
1749
2364
2681
1814
1688
1761
2677
3149
1836
1673
1771
2771
3547
1848
1667
1770
2700
2953
1831
1669
1746
2678
3061
1824
1658
1765
2651
3055
1829
1673
1760
3152
3627
1823
1682
1773
2479
2814
1846
1640
1727
2699
3225
1792
1689
1761
2633
3028
1826
1666
1743
3081
3623
1830
1668
1753
3141
3577
1828
1685
1772
3143
3622
1849
1640
1759
3195
3587
1815
1684
1749
3071
3445
1830
1647
1743
3101
3594
1812
1651
1740
2424
2673
1804
1686
1779
3261
3653
1846
1660
1730
2716
3100
1812
1672
1760
3178
1835
1891
1921
1742
1844
3156
1899
1965
1998
1744
1841
2757
3290
1915
1670
1757
1825
3170
3627
1904
1653
1745
1810
3164
3704
1908
1689
1791
3148
3641
1858
1667
1747
2711
3082
1805
1679
1765
2760
3113
1853
1673
1773
2581
2909
1840
1680
1753
3047
3474
1853
1707
1805
3187
1867
2017
1953
1724
1804
3278
1880
1958
1944
1704
1780
2680
2992
1849
1687
1781
3149
1843
2101
1954
1723
1817
3405
1873
2004
1976
1714
1807
2717
3065
1888
1647
1738
2754
3018
1822
1661
1762
3188
1835
2018
1928
1763
1862
2957
3336
1923
1689
1741
1816
2792
3246
1900
1691
1808
2858
3246
1869
1669
1768
2664
3016
1828
1680
1747
2661
3170
1836
1707
1801
3232
1858
1904
1967
1709
1809
2777
3195
1883
1676
1775
3265
3602
1838
1666
1769
2691
3129
1829
1668
1756
2812
3322
1828
1678
1774
3162
3624
1868
1635
1739
3071
3593
1814
1689
1785
2827
3309
1880
1688
1784
3170
3506
1865
1639
1736
2756
3148
1822
1664
1758
2748
3130
1836
1674
1769
3223
3596
1840
1641
1723
3215
3666
1811
1690
1776
2681
2968
1864
1651
1736
2754
3132
1806
1666
1738
3179
3649
1809
1692
1770
3162
1856
1896
1919
1711
1807
3339
1872
1975
1972
1749
1854
3268
1923
2133
2008
1767
1825
1890
3356
2002
2190
2044
1805
1802
1890
3299
3660
1965
1709
1751
1828
3249
1896
1989
1986
1730
1837
3287
1900
2079
1988
1717
1808
1878
3230
3620
1968
1699
1764
1825
2515
2883
1932
1675
1775
3238
1842
1882
1952
1746
1846
3000
3382
1901
1681
1731
1802
3196
1878
1893
1941
1716
1804
2858
3579
1871
1675
1763
3144
1822
1825
1907
1759
1854
2792
3432
1922
1681
1761
1833
3225
1921
1931
2014
1760
1856
2868
3248
1925
1682
1760
1833
2793
3196
1933
1694
1796
1857
3487
1947
2128
2008
1756
1809
1879
3181
3651
1985
1695
1767
1852
3230
1938
2022
2020
1776
1837
1906
3200
1983
2033
2038
1751
1768
1849
3213
1926
1999
2018
1755
1854
1933
3359
3736
2031
1761
1778
1843
3297
3649
1934
1697
1788
1861
3207
1945
2012
2046
1747
1844
1910
3329
1990
2218
2081
1788
1835
1913
3289
1990
2134
2107
1789
1843
1919
2953
3382
1996
1737
1774
1862
3136
1919
2025
2013
1751
1842
1910
3310
2011
2217
2080
1820
1835
1926
3386
3556
1976
1757
1729
1824
3246
1895
2049
1990
1725
1813
1875
3379
1975
2215
2036
1786
1816
1906
3254
2005
2063
2094
1822
1840
1919
2785
3181
1997
1747
1783
1843
2745
3197
1943
1673
1767
1847
3161
3689
1936
1701
1784
1868
2925
3300
1941
1690
1771
1834
3234
3617
1924
1666
1759
1850
3258
1901
2177
1989
1720
1826
1901
3387
1986
2219
2075
1797
1862
1930
3581
2011
2404
2118
1833
1845
1906
2848
3179
2011
1716
1763
1836
3410
1921
2301
2021
1739
1839
3419
1907
2149
1986
1725
1808
3318
1911
2009
1948
1728
1787
1879
3265
1955
2057
2044
1765
1818
1904
3428
1964
2066
2065
1782
1814
1893
3654
1959
2347
2064
1778
1832
1903
3477
1995
2438
2088
1813
1836
1921
2933
3415
1983
1734
1727
1814
3288
1889
1981
1984
1754
1844
3334
1928
1962
2025
1780
1861
1916
2629
3205
2025
1724
1758
1833
3193
1929
1991
2014
1769
1874
3316
1929
2343
2042
1736
1817
1880
3692
1980
2510
2035
1773
1814
1879
3363
1981
2190
2066
1795
1855
1934
3392
2001
2379
2093
1810
1824
1889
3381
1971
2038
2076
1781
1814
1900
3398
1967
2104
2064
1777
1838
1903
2959
3377
1991
1718
1752
1830
2928
3367
1902
1647
1757
3243
3607
1819
1686
1758
3277
1833
2033
1917
1762
1853
3253
1923
2171
2018
1734
1804
1867
3373
1964
2030
2035
1767
1817
1911
3537
1963
2358
2059
1782
1840
1895
3347
3703
1998
1741
1769
1852
2794
3366
1917
1682
1769
1829
2789
3145
1927
1668
1765
1823
3170
3542
1911
1674
1758
3290
1814
2032
1917
1743
1837
3431
1899
1992
1993
1723
1815
1881
3257
1980
2000
2045
1785
1827
1909
3487
1975
2139
2064
1783
1802
1880
3298
1948
2089
2052
1784
1849
1907
3249
3625
1997
1726
1764
1833
2805
3089
1926
1697
1794
3294
1876
1982
1952
1735
1837
3355
1905
2068
1996
1755
1840
1899
3409
1992
2324
2054
1788
1797
1878
3456
1939
2081
2033
1787
1845
1925
2865
3275
2028
1789
1770
1857
1936
1974
2379
2022
1754
1822
1890
3136
3736
1992
1741
1775
1860
2948
3310
1937
1695
1760
1834
2874
3282
1926
1697
1792
1862
3298
1954
1996
2043
1773
1855
1920
3614
2012
2452
2084
1812
1818
1902
3410
1963
2287
2074
1801
1825
1923
3647
2010
2308
2111
1833
1839
1911
2977
3458
2015
1735
1749
1837
2788
3195
1890
1663
1753
2828
3180
1824
1695
1792
2858
3394
1883
1688
1777
2883
3329
1865
1639
1757
2857
3197
1833
1703
1781
2753
3129
1873
1696
1802
2758
3128
1861
1673
1767
3389
1841
1991
1932
1744
1859
3105
3399
1916
1687
1744
1815
3313
1909
2027
2002
1767
1859
3483
1934
2241
2016
1767
1850
1905
3401
1992
2358
2086
1820
1855
1920
3240
2010
2054
2110
1828
1848
1923
3359
2024
2136
2117
1839
1836
1946
3664
2022
2444
2132
1855
1831
1919
3407
1992
2067
2083
1809
1828
1885
3495
1984
2072
2045
1775
1849
1897
3211
3691
1991
1724
1766
1835
3179
3487
1936
1672
1776
1834
3414
1943
2195
1993
1745
1839
3259
1896
2020
2011
1721
1837
2995
3510
1899
1678
1763
3331
1832
1967
1918
1757
1857
1937
2025
2659
2024
1768
1824
1897
3337
1964
2162
2063
1787
1828
1901
3442
1993
2377
2082
1807
1853
1921
3327
3687
2017
1760
1784
1861
3716
1941
2353
2041
1764
1855
1930
3612
2000
2497
2097
1806
1832
1907
3287
3725
1982
1737
1774
1855
3293
1920
2046
2017
1742
1846
1911
3381
1999
2011
2115
1811
1857
1905
3579
2008
2447
2086
1800
1832
1898
3524
2006
2322
2054
1802
1810
1877
3645
1962
2255
2015
1749
1816
1865
3723
1971
2747
2029
1767
1833
1897
3439
1997
2317
2065
1786
1815
1908
3348
1969
2063
2062
1795
1833
1913
3079
3447
1989
1760
1769
1867
3403
1932
2244
2031
1753
1799
1884
3294
1942
2177
2048
1754
1823
1907
2907
3261
2003
1742
1786
1892
3152
3531
1950
1710
1753
1830
2804
3240
1901
1675
1792
1835
1881
2321
1946
1746
1821
2795
3570
1903
1710
1777
3153
3657
1870
1716
1800
1884
1928
2314
1978
1768
1864
3320
1931
2119
2030
1751
1842
1906
3364
2001
2311
2082
1814
1860
1910
3006
3417
2007
1753
1759
1868
3310
1956
2356
2036
1783
1859
1928
3648
2019
2594
2107
1847
1846
1950
3454
2035
2369
2128
1844
1827
1922
3394
1980
2110
2078
1806
1837
1908
3412
1995
2261
2087
1827
1862
1945
2983
3373
2036
1782
1770
1862
2886
3304
1922
1689
1782
1865
3027
3433
1961
1728
1782
1873
3499
1956
2354
2066
1811
1853
1953
3575
2027
2503
2119
1851
1836
1910
3386
1984
2276
2055
1785
1808
1894
3558
1956
2472
2047
1795
1826
1931
3491
2011
2273
2099
1838
1845
1946
3162
3510
2024
1766
1781
1856
2796
3119
1937
1716
1794
1886
2898
3595
1994
1742
1783
1844
2736
3113
1956
1693
1765
1861
3313
1944
2202
2033
1754
1826
1904
3282
3643
1995
1755
1778
1874
3010
3418
1948
1719
1745
1822
3354
1909
2179
1976
1727
1816
3355
1901
2177
1992
1741
1856
1900
2906
3248
1988
1723
1735
1803
2991
1887
1889
1975
1744
1830
3712
1912
2376
2031
1772
1855
3103
3617
1940
1672
1758
1836
2850
3418
1928
1719
1789
2927
3515
1903
1694
1788
2872
3394
1859
1672
1759
3321
1812
1935
1918
1739
1839
2889
3363
1899
1682
1764
2784
3438
1826
1701
1781
2692
3477
1887
1688
1798
3184
1848
2042
1957
1730
1837
3273
1897
1899
1995
1752
1837
3505
1938
2416
2028
1782
1850
1938
3504
2035
2420
2123
1857
1832
1921
3285
3585
1999
1778
1768
1856
3670
1938
2538
2044
1784
1862
1946
2968
2019
2313
2129
1835
1846
1914
3212
3720
2004
1747
1756
1860
2910
3504
1943
1729
1784
1883
2759
3495
1971
1729
1803
1853
2938
3510
1951
1717
1789
1883
3349
1968
2458
2066
1820
1860
1955
3291
2046
2059
2123
1848
1846
1897
3611
2008
2476
2069
1809
1829
1945
3635
2002
2616
2089
1819
1819
1877
2887
3247
1971
1695
1773
1858
3556
1941
2461
2035
1787
1859
1954
3474
2030
2516
2120
1823
1825
1878
1979
2235
2602
2061
1783
1852
1918
2010
2068
2498
2117
1842
1838
1939
3359
1990
2218
2107
1801
1816
1864
3432
1971
2279
2046
1765
1853
1915
3099
3563
2021
1741
1796
1858
2743
2989
1960
1707
1800
1862
3514
1953
2291
2051
1790
1865
1935
2019
2093
3335
2103
1858
1862
1937
2055
2374
3000
2113
1848
1835
1921
3595
1986
2510
2081
1829
1828
1926
1985
1989
2388
2095
1788
1814
1900
3386
1963
2337
2065
1812
1863
1949
3457
2043
2266
2124
1872
1838
1925
3595
2009
2355
2101
1830
1851
1921
2918
3475
2002
1763
1789
1872
3384
1976
2335
2064
1788
1855
1932
3348
2010
2012
2098
1827
1873
1915
3293
2016
2714
2070
1813
1842
1905
3373
1984
2111
2089
1803
1835
1893
3707
2006
2408
2068
1791
1858
1921
2023
2283
3017
2104
1838
1867
1937
2033
2123
2871
2110
1859
1831
1915
2991
3503
2006
1756
1798
1878
1966
2437
3257
2051
1803
1852
1925
3079
3485
2012
1766
1778
1860
2908
3456
1927
1694
1787
1845
1933
2385
3477
2001
1760
1837
1920
3386
2001
2333
2109
1834
1844
1952
3654
2034
2510
2129
1839
1843
1913
3062
3429
2003
1752
1778
1864
2747
3142
1926
1684
1767
1823
3609
1925
2278
2002
1752
1853
1924
2002
2074
2658
2114
1832
1857
1907
3613
2020
2445
2092
1801
1828
1907
1999
2181
2566
2108
1825
1858
1921
2020
2170
2618
2093
1813
1836
1921
3275
1985
2057
2082
1805
1839
1933
2875
3263
2017
1756
1784
1854
3312
3634
1934
1690
1789
1851
1941
2059
2493
2039
1778
1862
1936
2906
2027
2032
2119
1837
1861
1937
3001
3411
2014
1757
1793
1845
3633
1965
2403
2017
1752
1841
1920
2005
2037
2659
2096
1830
1843
1942
2004
2098
3046
2114
1825
1834
1901
3585
2006
2474
2076
1817
1844
1940
1995
2247
3396
2102
1803
1796
1875
1953
2143
2591
2052
1785
1857
1922
3278
3689
2001
1743
1734
1820
1898
1941
3500
1988
1756
1862
3516
1944
2430
2019
1781
1823
1917
3157
2011
2031
2092
1837
1868
1945
2043
2053
2462
2140
1854
1851
1927
3239
2017
2468
2107
1827
1867
1937
3302
3627
2024
1814
1795
1886
1961
2023
2929
2077
1805
1836
1926
2011
2651
3215
2103
1851
1866
1974
2035
2187
2957
2139
1869
1852
1928
2035
2305
3178
2110
1872
1854
1950
2032
2770
3290
2131
1853
1866
1924
2036
2504
3564
2101
1852
1879
1964
3210
3559
2050
1789
1813
1855
1937
2296
2044
2047
2128
1863
1951
2042
2134
2692
3683
2217
1931
1828
1907
2005
2423
2915
2090
1818
1867
1933
2034
2266
3149
2104
1878
1863
1945
2032
2224
3175
2161
1864
1879
1946
2041
2059
2974
2129
1863
1859
1954
3598
1998
2602
2097
1805
1829
1893
1974
2307
2646
2082
1796
1873
1949
3249
2039
2079
2115
1858
1874
1937
2026
3494
2120
2380
2208
1929
1928
2050
3606
2111
2477
2224
1919
1838
1924
2013
2391
2686
2064
1816
1858
1944
2058
3525
2137
2883
2216
1950
1915
2035
2887
3222
2068
1848
1741
1839
1940
2010
2016
2724
2094
1827
1879
1968
3490
2032
2288
2111
1859
1859
1947
3304
2048
2093
2136
1868
1852
1959
2829
2039
2241
2116
1852
1892
1969
2058
2485
2160
2283
2244
1951
1916
1981
2078
2672
2177
2845
2251
1967
1936
1998
3228
2088
2314
2181
1891
1856
1942
2016
2021
2899
2123
1858
1857
1952
2039
2631
2127
2129
2234
1926
1909
2000
2055
2203
2795
2161
1883
1839
1944
3338
2017
2179
2147
1843
1845
1958
2014
2100
2690
2112
1858
1865
1979
2043
2269
2669
2148
1905
1862
1955
2039
2885
2129
2465
2224
1929
1933
2008
2085
2723
3264
2188
1883
1854
1946
2040
2068
2397
2124
1866
1909
1977
2083
2826
2159
2993
2235
1954
1941
2013
2086
3220
2166
2187
2253
1970
1963
2041
3323
2126
2398
2205
1917
1875
1938
2033
2281
2609
2132
1867
1887
1968
2054
2392
2130
2132
2252
1953
1937
1999
2100
2488
3649
2175
1910
1885
1972
2061
2259
3083
2139
1874
1852
1943
3189
2052
2122
2115
1859
1851
1915
2009
3061
2109
2537
2186
1930
1943
2012
2120
2202
2182
2186
2269
1977
1916
1991
2073
3637
2157
2805
2244
1944
1934
2013
2101
2104
2638
2191
1916
1865
1953
3449
2029
2719
2134
1863
1867
1932
2013
2561
2083
2087
2157
1872
1902
1965
2047
2049
2895
2158
1883
1868
1962
2049
2959
3710
2122
1864
1852
1985
2058
2732
3332
2134
1897
1945
2025
3307
3637
2114
1844
1786
1879
1964
2446
3031
2055
1825
1928
2029
2119
2229
2848
330
1374
1619
1907
2421
1925
2005
1826
1837
1872
1934
1989
2369
2486
2059
1908
1797
1824
1901
1968
2422
2640
2059
1782
1757
1837
2731
2899
1905
1641
1698
1787
2705
2917
1859
1657
1755
2537
2785
1825
1637
1713
2505
2767
1781
1669
1745
2957
3273
1818
1644
1718
2860
3362
1799
1647
1767
3123
1833
1911
1919
1747
1835
3183
3537
1903
1662
1748
1811
3375
1904
2129
1994
1772
1868
3626
1933
2457
2018
1753
1835
1888
2766
3428
1996
1706
1759
1828
2726
3238
1928
1718
1796
1891
2199
2602
1980
1777
1881
1957
1961
2652
2069
1795
1879
1917
3127
3689
2003
1717
1767
1837
3585
1920
2435
2046
1774
1861
2838
2838
3682
3451
1643
330
1479
1503
1654
1913
2498
2393
2393
329
368
516
576
611
1048
1081
1522
1223
1401
1480
1783
2263
2282
2304
2324
2170
2273
1919
1927
1895
1854
1893
1928
2181
2280
