204
101
6
6
231
345
487
628
786
947
1120
1249
1376
308
426
583
770
976
1172
1383
1571
1685
1917
2203
1668
1255
1209
1498
1763
2033
2271
2409
2700
2848
3016
3205
3340
3438
2371
2236
3266
3416
3464
3523
3053
3541
3538
3551
3615
3670
3711
2926
3344
3688
3681
3686
3535
3580
3645
3667
3665
3660
3758
3224
3762
2388
3768
3764
3744
3679
3651
3119
3607
3717
3744
3663
3642
2908
3698
1834
3712
3727
3669
3691
3693
2083
2831
3703
3711
3677
3681
3691
1950
2610
3708
3728
3701
3658
3428
3686
2301
3705
2712
281
362
395
2858
2316
2709
2331
2228
2580
3289
3387
2358
2645
3484
3556
3563
3605
2259
2461
3651
3655
3645
2399
2741
3655
3651
3648
2477
2817
3649
3647
3684
2525
2803
3656
3639
3685
2558
3044
3702
3714
3695
3047
3645
1823
3719
3639
3695
3082
3556
3658
3723
3703
3661
3085
3477
3641
3728
3696
3706
3234
3710
1862
3716
3726
3707
3646
2962
3718
3718
3723
3710
3654
2835
3143
3653
3655
3706
3650
3338
3722
1821
3652
3735
2369
2352
2440
3385
400
421
453
3125
2716
2410
2392
1808
2292
2568
2652
2818
2970
3110
3222
3241
2867
3172
3334
3452
3365
3333
3401
3095
3484
2038
3546
3613
3541
3583
3448
3628
2863
3673
3713
3650
3671
3031
3439
3705
3725
3662
3681
3290
3649
2260
3722
3739
3691
3707
2906
3278
3728
3746
3704
3659
2762
3146
3718
3741
3707
2643
2979
3649
3727
3699
3119
3715
1898
3737
3656
3722
3505
3673
2117
3667
3644
3717
2998
3358
3658
3720
3698
2765
3365
3715
3719
3693
2906
3402
3704
3718
3702
3235
3673
2281
3635
3737
3669
2991
3651
1897
3729
3737
3726
3295
3665
2132
3747
3759
3724
3731
3733
3745
2514
3764
3763
3736
3664
3613
3749
2321
3659
3765
3679
3666
3035
3745
2171
3669
3750
3724
3660
3432
3733
2050
3743
3749
3716
3727
2995
3663
2014
3750
3770
3674
3676
2727
3013
3671
3754
3658
3714
3542
3728
2300
3732
3740
3708
3657
2805
3296
3725
3741
3706
3695
2707
3380
3696
3708
3700
3659
3294
3714
2330
3728
3747
3702
3714
3728
2801
3743
2306
3754
3757
3722
3725
3669
2518
2947
3746
3765
3724
3695
3718
2645
3645
2204
3735
3750
3731
3674
3510
3736
2501
3744
3760
3725
3708
3701
2493
2887
3713
2917
3122
1637
1681
1487
2030
2418
2739
3072
3197
3033
2808
2682
3090
3405
3423
3491
3534
3590
2879
3187
3640
3685
3636
3651
2776
3180
3658
3698
3666
3658
3251
3712
1987
3733
3749
3709
3718
3355
3732
2136
3748
3765
3727
3641
3728
2650
3525
3672
3750
3732
3676
3458
3732
2494
3744
3753
3709
3718
3313
3674
3735
3750
3711
3704
3605
3713
2197
3733
3667
3704
3708
3581
3709
2390
3215
3122
1838
1807
1581
2149
2015
1448
1135
1148
1319
1495
2519
1845
2472
2442
2158
2414
2658
2852
2957
3133
3269
3321
2631
2453
3174
3398
3274
3357
3434
3469
3509
3565
2266
2300
3626
3679
3583
3574
1871
1902
3627
3672
3626
1722
1725
3667
3665
3671
1728
1738
3669
3668
3669
1765
1779
3667
3666
3672
1776
1800
3664
3666
3675
1791
1810
3667
3660
3674
1815
1848
3664
3663
3673
1814
1838
3669
3666
3671
1795
1831
3671
3667
3670
1828
1857
3667
3665
3671
1828
1868
3668
3666
3672
1842
1880
3669
3663
3671
1856
1894
3670
3665
3666
1827
1893
3669
3665
3668
1877
1932
3671
3667
3672
1948
2029
3673
3664
3672
1887
1927
3671
3657
3673
1975
2014
3670
3665
3669
1915
1990
3670
3663
3672
1849
1944
3668
3666
3666
1875
1944
3669
3670
3670
1898
1966
3665
3664
3672
1927
1986
3670
3665
3671
1995
2131
3665
3664
3671
2018
2094
3669
3664
3672
2115
2231
3671
3667
3672
1990
2058
3672
3656
3734
1953
2035
3666
3667
3669
1931
1997
3671
3659
3670
1943
2000
3665
3750
3670
1984
2044
3665
3667
3675
1942
2022
3668
3657
3673
1975
2056
3673
3671
3673
1939
1998
3671
3660
3671
1999
2072
3665
3666
3672
1983
2063
3673
3664
3674
2141
2267
3669
3664
3669
1996
2065
3669
3665
3671
2056
2189
3670
3661
3673
2038
2108
3670
3663
3662
2017
2096
3670
3667
3676
1987
2070
3667
3666
3670
1972
2109
3673
3666
3670
2052
2155
3673
3659
3670
2047
2139
3662
3663
3674
2144
2232
3668
3669
3671
2011
2080
3668
3669
3671
2059
2174
3667
3665
3667
2048
2119
3668
3664
3672
2024
2113
3666
3670
3673
2015
2110
3671
3669
3671
2038
2124
3668
3663
3663
2071
2189
3668
3663
3673
2079
2212
3665
3666
3677
2107
2228
3664
3660
3675
2204
2381
3672
3665
3671
2040
2163
3673
3669
3673
2062
2204
3665
3667
3670
2253
2365
3667
3667
3666
2277
2374
3664
3665
3674
2095
2197
3670
3663
3669
2136
2259
3668
3666
3666
2081
2199
3674
3667
3670
2077
2209
3670
3668
3673
2166
2266
3675
3668
3655
2083
2214
3661
3663
3727
2105
2252
3668
3668
3679
2099
2226
3670
3665
3671
2187
2303
3660
3668
3671
2148
2250
3672
3662
3666
2123
2243
3669
3668
3669
2092
2224
3668
3666
3674
2140
2231
3670
3671
3672
2129
2227
3671
3665
3673
2085
2200
3668
3665
3658
2385
2490
3668
3659
3665
2138
2269
3671
3669
3667
2314
2493
3664
3663
3674
2198
2323
3660
3747
3665
2186
2325
3663
3669
3673
2153
2263
3671
3665
3669
2227
2348
3668
3665
3670
2199
2315
3669
3669
3661
2374
2568
3673
3669
3675
2387
2549
3667
3662
3676
2228
2432
3658
3752
3675
2153
2283
3668
3669
3656
2367
2534
3668
3660
3728
2199
2389
3661
3748
3670
2142
2269
3669
3664
3672
2136
2286
3673
3660
3729
2185
2343
3665
3664
3672
2261
2392
3670
3665
3669
2271
2414
3666
3660
3671
2168
2306
3673
3672
3670
2146
2335
3665
3668
3676
2409
2635
3667
3664
3667
2262
2438
3672
3657
3726
2501
2619
3659
3744
3727
2295
2406
3664
3659
3718
2171
2328
3661
3746
3671
2204
2334
3663
3665
3670
2173
2319
3659
3743
3657
2454
2576
3652
3742
3665
2345
2501
3661
3669
3677
2217
2474
3669
3665
3667
2423
2577
3667
3668
3666
2271
2409
3670
3663
3669
2269
2463
3673
3655
3728
2321
2500
3669
3658
3732
2331
2477
3665
3750
3673
2368
2521
3663
3665
3674
2344
2523
3665
3666
3672
2304
2493
3668
3663
3673
2280
2494
3667
3664
3672
2353
2530
3670
3661
3668
2343
2543
3669
3662
3675
2318
2554
3665
3667
3668
2329
2556
3660
3753
3665
2371
2517
3667
3669
3675
2252
2412
3672
3658
3673
2275
2423
3669
3664
3667
2497
2808
3675
3661
3666
2284
2455
3666
3666
3672
2215
2389
3671
3670
3671
2315
2454
3663
3665
3671
2248
2414
3664
3660
3725
2310
2482
3660
3750
3673
2241
2470
3667
3662
3670
2407
2504
3671
3669
3666
2363
2565
3670
3662
3669
2507
2676
3674
3664
3667
2290
2462
3662
3750
3659
2483
2686
3665
3669
3673
2334
2506
3666
3671
3672
2423
2651
3659
3668
3664
2309
2471
3658
3745
3672
2333
2514
3670
3670
3666
2335
2494
3665
3659
3674
2263
2443
3667
3669
3667
2360
2587
3665
3669
3677
2286
2546
3660
3664
3672
2326
2480
3659
3740
3725
2375
2593
3667
3671
3678
2303
2506
3669
3664
3670
2284
2474
3670
3664
3672
2359
2528
3670
3660
3671
2562
2768
3667
3663
3666
2331
2526
3664
3648
3722
2307
2499
3663
3661
3677
2550
2814
3664
3744
3668
2594
2818
3662
3660
3727
2416
2592
3668
3749
3668
2314
2505
3661
3664
3676
2353
2540
3667
3657
3734
2642
2789
3657
3750
3675
2468
2774
3670
3658
3670
2609
2793
3667
3650
3724
2605
2763
3665
3667
3671
2244
2415
3672
3666
3666
2453
2697
3671
3667
3669
2568
2823
3662
3659
3676
2349
2506
3660
3751
3668
2627
2815
3667
3659
3665
2543
2731
3667
3670
3670
2572
2810
3669
3666
3668
2402
2614
3667
3664
3667
2370
2543
3673
3670
3668
2504
2724
3660
3752
3671
2621
2964
3658
3672
3677
2482
2692
3662
3664
3672
2700
2921
3664
3755
3659
2625
2797
3653
3744
3669
2524
2809
3665
3659
3726
2477
2691
3665
3666
3673
2376
2552
3668
3658
3733
2679
2891
3668
3653
3736
2588
2755
3670
3662
3663
2468
2698
3666
3666
3676
2686
2877
3660
3749
3670
2419
2642
3665
3663
3670
2765
2942
3662
3660
3672
2474
2640
3668
3667
3667
2429
2685
3665
3660
3677
2568
2782
3664
3659
3675
2342
2643
3666
3664
3671
2739
3011
3667
3655
3727
2821
3138
3656
3749
3672
2629
2879
3669
3670
3666
2585
2899
3659
3744
3727
2828
3132
3664
3663
3679
2700
2902
3669
3659
3671
2664
2844
3670
3661
3674
2803
3061
3659
3750
3670
2575
2785
3670
3658
3729
2488
2784
3670
3663
3669
2430
2650
3666
3648
3726
2716
2932
3666
3748
3663
2744
3053
3663
3670
3667
2402
2638
3664
3671
3670
2500
2736
3673
3666
3672
2488
2805
3665
3655
3732
2543
2762
3660
3747
3657
2383
2570
3667
3654
3712
2715
3008
3667
3663
3662
2751
3085
3667
3665
3652
2575
2877
3728
3668
3667
2707
2977
3665
3664
3676
2550
2819
3662
3662
3671
2410
2652
3670
3660
3665
2506
2673
3667
3662
3657
2645
2913
3661
3672
3667
2601
2923
3673
3660
3726
2641
2934
3655
3747
3661
2746
3028
3666
3668
3671
2716
2925
3665
3671
3671
2501
2718
3663
3667
3676
2773
3121
3661
3750
3667
2471
2790
3668
3657
3729
2543
2758
3660
3750
3666
2539
2829
3667
3655
3729
2858
3106
3652
3744
3673
2784
3088
3666
3666
3668
2833
3102
3662
3659
3731
2555
2811
3659
3748
3672
2762
2997
3659
3657
3729
2641
2874
3663
3751
3676
2584
2782
3668
3672
3673
2805
3159
3663
3668
3664
2857
3097
3667
3671
3669
2779
3020
3660
3752
3663
2809
3053
3663
3663
3671
2906
3128
3669
3666
3670
2878
3130
3667
3666
3661
2846
3177
3672
3662
3732
2578
2866
3660
3755
3667
2777
3116
3663
3668
3670
2785
3149
3663
3660
3730
2902
3268
3668
3659
3664
2855
3184
3666
3666
3679
2544
2837
3662
3751
3670
2610
2856
3659
3742
3728
2832
3152
3657
3742
3719
2879
3082
3663
3670
3675
2363
2690
3655
3746
3668
2578
2883
3650
3749
3668
2587
2828
3662
3663
3676
2817
3139
3663
3666
3665
2807
3185
3665
3660
3725
2565
2774
3666
3755
3663
2824
3127
3665
3666
3676
2740
3079
3665
3663
3668
2766
3038
3669
3668
3667
2888
3159
3660
3662
3737
2666
2970
3658
3750
3662
2823
3151
3669
3660
3728
2625
2936
3655
3747
3673
2400
2656
3658
3751
3661
2562
2868
3660
3670
3656
2649
3001
3726
3737
3724
2629
2939
3669
3755
3668
2563
2920
3664
3660
3666
2577
2880
3668
3652
3720
2880
3228
3662
3747
3664
2856
3161
3668
3652
3726
2891
3271
3658
3747
3664
2560
2812
3662
3660
3729
2610
2844
3670
3654
3729
2918
3188
3668
3661
3659
3018
3372
3662
3739
3721
2679
2927
3661
3667
3674
2598
2932
3654
3741
3665
2843
3147
3669
3663
3727
2402
2770
3668
3665
3676
2873
3303
3668
3656
3731
2871
3130
3672
3665
3673
2554
2835
3662
3657
3728
2664
2961
3668
3663
3659
2556
2792
3664
3661
3672
2597
2879
3670
3663
3659
2533
2848
3672
3656
3728
2951
3409
3655
3750
3674
3015
3302
3649
3741
3733
2675
3051
3669
3661
3661
2886
3169
3669
3664
3649
2598
2870
3730
3661
3719
2692
2912
3656
3742
3669
2818
3226
3674
3659
3726
2946
3160
3660
3746
3725
2912
3340
3662
3664
3673
2614
2839
3656
3737
3725
3028
3430
3660
3749
3730
2856
3135
3661
3746
3732
3090
3540
3662
3657
3681
2834
3139
3665
3661
3735
2998
3360
3672
3668
3675
2957
3323
3659
3750
3652
2943
3327
3737
3669
3676
2705
2979
3669
3662
3672
2947
3411
3663
3658
3723
2596
2944
3670
3654
3726
2990
3322
3668
3663
3665
2980
3393
3661
3656
3726
3082
3344
3670
3659
3673
2975
3342
3669
3651
3718
3004
3438
3646
3736
3716
2448
2704
3666
3657
3721
2622
3082
3666
3662
3673
2946
3238
3662
3750
3666
2566
2932
3658
3755
3674
2652
3004
3662
3753
3663
2652
2976
3662
3748
3662
2564
2894
3650
3747
3681
3091
3508
3668
3660
3670
2977
3426
3665
3747
3662
2660
2984
3666
3659
3716
3139
3468
3730
3735
3717
2723
3082
3673
3673
3668
2829
3185
3660
3746
3661
2619
2969
3661
3666
3734
2910
3226
3668
3664
3671
2679
3002
3669
3652
3729
2789
3157
3654
3747
3657
2642
2951
3734
3664
3736
2850
3211
3664
3751
3728
3048
3354
3666
3666
3663
3033
3459
3665
3653
3717
2664
3049
3727
3738
3714
3053
3533
3723
3741
3720
3052
3532
3664
3664
3720
3069
3465
3663
3740
3723
2909
3308
3666
3669
3667
2578
2924
3668
3665
3664
2953
3368
3669
3665
3663
3046
3353
3665
3653
3731
3032
3426
3662
3752
3668
2670
3030
3664
3661
3735
3031
3508
3663
3744
3723
3226
3551
3668
3668
3672
2715
3011
3671
3663
3676
2598
3098
3662
3755
3672
3033
3473
3663
3663
3675
2928
3472
3652
3745
3673
2606
2982
3662
3663
3676
2648
3017
3665
3663
3681
2621
3097
3669
3669
3666
2561
2855
3669
3672
3659
2562
2920
3662
3738
3725
2715
3122
3659
3750
3673
3009
3463
3661
3651
3722
3020
3477
3659
3743
3722
3159
3591
3651
3739
3718
3098
3588
3656
3737
3725
2829
3139
3665
3666
3676
2987
3327
3673
3669
3671
2683
2933
3665
3671
3669
3045
3409
3663
3661
3666
2757
3055
3665
3740
3716
3025
3475
3721
3739
3716
2759
3109
3659
3746
3675
3022
3454
3660
3746
3671
2983
3449
3661
3747
3674
3049
3517
3661
3659
3729
3112
3618
3662
3749
3671
3019
3369
3657
3666
3677
2725
3099
3661
3746
3729
3107
3420
3665
3668
3678
3086
3436
3672
3646
3721
2700
3116
3663
3740
3721
3105
3595
3659
3742
3721
2720
3068
3668
3662
3726
3132
3582
3666
3657
3723
2717
3037
3659
3744
3724
3408
3654
1929
3745
3675
3671
3117
3577
3663
3749
3727
3068
3406
3649
3744
3726
3177
3623
3659
3743
3727
2723
3053
3670
3648
3721
3074
3540
3670
3650
3722
3065
3650
3664
3665
3653
2926
3380
3724
3732
3724
2833
3195
3663
3747
3716
3186
3595
3664
3657
3660
3147
3533
3673
3670
3657
3094
3594
3730
3657
3722
2801
3161
3662
3742
3724
2768
3380
3672
3657
3721
3145
3657
1815
3736
3747
3734
2789
3157
3673
3750
3723
3656
3204
3704
3744
3670
3724
3653
2752
3109
3742
3670
3736
3672
3145
3510
3665
3667
3740
3668
3138
3508
3658
3762
3671
3077
3593
3665
3653
3731
3100
3662
1827
3751
3676
3672
2738
3106
3674
3657
3731
3066
3668
1906
3744
3757
3736
3218
3666
1988
3764
3672
3735
3680
3514
3663
2307
3753
3772
3677
3671
2745
3141
3669
3762
3732
3667
2706
3263
3751
3657
3721
3672
3310
3660
2015
3756
3675
3737
3668
3184
3698
3756
3749
3732
3672
3279
3655
1969
3753
3764
3729
3742
2934
3367
3670
3754
3734
3663
2794
3061
3738
3749
3733
3225
3657
1915
3747
3743
3735
2920
3348
3660
3747
3719
3663
3133
3751
3751
3680
3675
3663
2804
3178
3752
3659
3731
2744
3036
3666
3652
3713
2882
3360
3666
3651
3714
2697
3165
3667
3655
3716
3217
3666
1934
3666
3666
3731
3190
3666
2017
3747
3762
3687
2803
3289
3665
3749
3719
2816
3673
1891
3657
3749
3726
2866
3256
3738
3730
3715
2899
3225
3663
3741
3655
2964
3390
3730
3660
3722
2784
3184
3670
3635
3716
2521
2939
3665
3737
3722
2697
3255
3659
3742
3664
2766
3106
3656
3734
3724
3235
3569
3665
3657
3717
2862
3370
3662
3735
3724
2807
3173
3672
3641
3717
3073
3663
1831
3737
3755
3670
2911
3337
3655
3758
3667
3231
3655
1854
3736
3746
3728
2941
3285
3671
3657
3713
3653
3102
3732
1911
3673
3662
3735
3379
3676
2118
3664
3766
3682
2804
3240
3664
3761
3668
3000
3522
3668
3657
3724
3066
3602
3670
3650
3720
3370
3664
1968
3745
3760
3670
3112
3478
3674
3664
3717
2784
3330
3666
3657
3713
2854
3066
3664
3741
3722
2916
3382
3666
3645
3713
3606
3662
2162
3742
3656
3729
3134
3520
3666
3750
3724
3191
3567
3663
3662
3666
2763
3183
3661
3739
3723
3336
3734
2062
3750
3763
3678
3339
3677
2066
3664
3761
3744
3251
3657
2168
3754
3764
3681
3666
3174
3755
1977
3666
3777
3675
3665
3218
3740
3752
3663
3729
3676
3322
3656
2070
3759
3667
3736
3683
2755
3308
3663
3757
3735
3672
3183
3663
1915
3758
3671
3724
3327
3671
2105
3753
3664
3733
3424
3680
2099
3643
3759
3658
2737
3105
3735
3659
3716
3255
3667
1944
3742
3655
3726
3402
3674
2206
3656
3762
3665
3165
3610
3665
3739
3726
2796
3232
3664
3740
3720
3138
3538
3668
3657
3724
2954
3336
3666
3660
3676
3194
3632
3668
3654
3727
3239
3655
2020
3752
3657
3737
3286
3654
2026
3740
3753
3719
2873
3212
3729
3747
3729
3665
3215
3753
1990
3666
3767
3674
3677
2810
3166
3662
3747
3725
3656
3172
3684
3739
3660
3717
3652
2698
3256
3738
3655
3719
2746
3266
3664
3737
3718
3468
3672
2101
3653
3750
3674
3090
3500
3658
3746
3664
3053
3355
3669
3666
3655
3153
3456
3663
3741
3662
3133
3615
3665
3665
3658
2719
3046
3660
3734
3732
3331
3645
2180
3738
3752
3721
3331
3732
2065
3749
3657
3718
3664
2896
3438
3740
3671
3716
3655
3231
3731
1917
3746
3749
3728
3666
1958
2377
3745
3757
3732
3672
2858
3243
3746
3746
3735
3668
2885
3244
3747
3665
3718
3659
3113
3735
1966
3746
3759
3729
3673
3475
3755
2252
3754
3747
3739
3673
2987
3751
2131
3673
3767
3743
3668
3393
3755
2370
3657
3767
3682
3675
3281
3655
2125
3753
3742
3727
3681
2877
3280
3664
3761
3678
3660
3153
3743
1933
3667
3754
3734
3553
3667
2256
3762
3657
3730
3669
3082
3546
3754
3643
3719
3674
2695
3057
3745
3756
3716
3731
3279
3752
2040
3664
3765
3739
3665
2797
3475
3743
3755
3730
3658
3203
3578
3741
3750
3733
3667
2858
3290
3672
3656
3728
3670
3147
3661
2063
3663
3739
3722
3393
3657
2004
3742
3652
3722
2781
3122
3669
3742
3726
2709
3353
3645
3730
3711
3299
3725
2018
3733
3753
3673
3163
3665
1929
3753
3740
3724
3676
3385
3751
2210
3758
3766
3742
3678
3282
3656
3662
3763
3678
3668
2930
3397
3656
3749
3664
3322
3644
3662
3740
3659
2743
3057
3665
3647
3724
3287
3657
1892
3738
3752
3726
3292
3708
3738
3757
3678
3662
2951
3613
3747
3664
3724
2787
3135
3671
3653
3727
3142
3673
2058
3654
3755
3735
2880
3365
3673
3670
3666
3670
3193
3661
1880
3754
3662
3734
2913
3425
3653
3731
3714
3156
3666
2042
3735
3745
3716
2923
3378
3729
3741
3716
3659
2813
3171
3741
3731
3713
3656
3012
3610
3738
3659
3721
3650
2946
3454
3736
3668
3722
3675
3256
3663
2006
3674
3660
3728
3669
3234
3750
2029
3675
3676
3746
3681
3043
3588
3656
3759
3735
3660
3155
3739
2228
3742
3760
3728
3741
2964
3454
3756
3761
3733
3673
3238
3665
2012
3664
3760
3738
3134
3512
3654
3750
3667
3668
2773
3311
3655
3736
3716
3429
3655
2086
3736
3647
3714
3667
1899
2607
3739
3757
3724
3108
3471
3677
3668
3666
3677
3168
3662
1909
3750
3660
3731
3336
3674
2143
3749
3745
3733
3665
3176
3584
3748
3764
3729
3667
3081
3607
3741
3657
3723
3663
3247
3733
2135
3741
3747
3717
3669
3134
3561
3738
3748
3723
3667
3278
3730
2001
3741
3755
3723
3730
3585
3751
2417
3671
3771
3750
3677
3592
3755
2341
3678
3670
3736
3680
3287
3665
2065
3765
3676
3730
3728
3517
3749
2361
3665
3760
3730
3675
3642
3740
2427
3745
3755
3731
3679
2810
3123
3666
3763
3679
3671
3186
3660
1930
3753
3662
3723
2990
3616
3670
3743
3721
3327
3673
2165
3741
3749
3726
3552
3662
2386
3746
3754
3731
3680
3667
2207
2803
3679
3681
3724
3728
3216
3627
3741
3755
3725
3672
2883
3417
3663
3754
3718
3666
2924
3642
3734
3750
3707
3714
3635
3733
2391
3663
3756
3719
3716
3365
3633
3737
3677
3684
3662
3353
3739
1961
3645
3746
3733
3385
3675
2148
3744
3758
3728
3658
3526
3748
2253
3669
3768
3740
3673
3273
3751
2043
3677
3680
3730
3658
3280
3728
2270
3748
3665
3725
3680
3640
3666
2518
3757
3761
3737
3677
3669
2033
3398
3764
3666
3724
3730
2992
3428
3738
3754
3725
3669
3503
3741
2246
3752
3773
3684
3659
2788
3252
3760
3645
3718
3670
2707
3267
3735
3744
3714
3672
3308
3650
1968
3749
3745
3729
3677
3439
3657
2094
3758
3676
3728
3665
2984
3736
3742
3751
3720
3659
3526
3742
2310
3664
3766
3690
3670
3436
3750
2202
3760
3767
3746
3676
3587
3667
2455
3760
3771
3735
3740
3455
3661
2143
3759
3672
3731
3686
3667
2155
2476
3668
3775
3674
3671
3658
1986
2307
3756
3676
3685
3672
3256
3750
1976
3760
3763
3736
3752
3355
3618
3671
3771
3665
3712
3246
3726
2070
3731
3734
3707
3726
2082
2404
3736
3754
3730
3672
3306
3659
2314
3750
3763
3737
3682
3342
3668
2032
3770
3677
3739
3674
3401
3751
2332
3761
3750
3730
3680
3156
3754
2068
3766
3669
3738
3690
3001
3405
3671
3673
3727
3661
3459
3741
2053
3752
3758
3734
3668
1995
2425
3751
3764
3735
3643
3404
3738
2172
3758
3684
3682
3664
3461
3749
2250
3656
3762
3747
3664
2861
3321
3755
3657
3719
3675
3353
3645
2170
3743
3670
3728
3430
3664
2103
3737
3744
3717
3210
3668
1927
3746
3642
3711
3680
3389
3665
2014
3744
3759
3728
3660
3198
3740
2312
3756
3764
3735
3676
3062
3668
2053
3758
3753
3735
3685
3298
3658
2075
3755
3661
3725
3688
3273
3659
2172
3752
3766
3731
3666
3209
3747
2300
3672
3762
3742
3651
2710
3176
3744
3665
3711
3723
3658
1961
2478
3748
3647
3708
3675
3307
3729
2307
3743
3749
3721
3675
3673
3741
2381
3757
3742
3719
3724
3740
2066
2472
3756
3745
3729
3683
2867
3493
3673
3680
3672
3663
3098
3736
2041
3653
3750
3726
3419
3658
2011
3735
3740
3705
3715
3460
3734
2198
3754
3767
3722
3727
3228
3746
2050
3766
3673
3738
3669
2837
3103
3749
3656
3710
3710
3083
3513
3721
3726
3708
3657
3327
3733
2107
3666
3759
3728
3651
3335
3741
2149
3653
3754
3733
3665
3351
3747
2169
3673
3767
3689
3664
3494
3744
2304
3746
3753
3733
3667
3229
3510
3747
3765
3652
3716
3444
3734
2072
3743
3757
3727
3741
3654
2242
2674
3750
3768
3666
3721
3030
3701
3742
3667
3718
3676
3649
2011
2847
3745
3744
3716
3726
3387
3731
2054
3750
3764
3742
3664
2932
3658
3748
3670
3726
3668
3666
2224
2716
3736
3743
3709
3159
3595
3723
3746
3670
3655
3727
2186
2554
3740
3750
3721
3672
2880
3470
3744
3751
3720
3724
3022
3736
2102
3751
3751
3732
3675
3386
3660
2307
3743
3740
3712
3728
3301
3587
3669
3760
3669
3659
3102
3655
1871
3739
3737
3715
3041
3461
3667
3740
3707
3657
3727
2215
2601
3739
3751
3714
3426
3726
2275
3737
3750
3719
3667
3442
3742
2251
3752
3750
3719
3727
3114
3670
2036
3760
3682
3737
3665
2987
3469
3739
3750
3716
3663
3214
3738
2200
3752
3757
3718
3727
3312
3742
2366
3754
3775
3688
3662
3542
3734
2234
3752
3736
3712
3733
2765
3483
3669
3751
3719
3662
3161
3559
3727
3731
3705
3669
2626
3196
3650
3740
3657
2924
3533
3727
3723
3706
3650
1933
2745
3723
3728
3707
3668
2181
2709
3729
3744
3710
3657
2941
3575
3721
3738
3707
3707
3190
3718
2846
3734
3746
3716
3664
3733
2177
2743
3745
3751
3725
3674
2976
3446
3730
3749
3730
3667
3724
2310
2739
3736
3755
3679
3664
3391
3737
2325
3749
3731
3712
3722
3731
2293
2737
3735
3754
3729
3671
3097
3457
3729
3740
3722
3646
3138
3531
3731
3672
3720
3661
3571
3733
2316
3748
3747
3713
3654
3129
3631
3743
3660
3709
3666
3325
3727
2132
3659
3748
3722
3663
3451
3739
2287
3747
3762
3724
3732
2954
3524
3746
3758
3722
3719
3079
3449
3725
3740
3717
3666
3213
3739
2197
3652
3755
3690
3653
3630
3740
2501
3751
3756
3724
3676
3109
3635
3665
3758
3664
3717
3176
3727
2051
3739
3753
3730
3661
3748
2032
2414
3660
3752
3722
3671
3455
3661
2105
3747
3676
3721
3672
2796
3644
3744
3676
3728
3668
2780
3141
3740
3741
3717
3662
3296
3730
2212
3745
3748
3727
3669
3731
2590
3744
2191
3756
3764
3744
3682
3752
2263
3047
3765
3774
3679
3731
3460
3738
2262
3750
3763
3727
3729
3732
2019
2661
3749
3759
3727
3677
3738
2007
2794
3749
3733
3718
3662
3240
3714
2341
3733
3751
3719
3722
3735
2745
3583
3747
3758
3721
3678
2985
3369
3731
3748
3705
3701
2893
3540
3714
3731
3700
3710
3721
2900
3564
3738
3731
3704
3697
3715
2682
3316
3736
3754
3725
3734
3659
2967
3751
2188
3745
3763
3733
3676
3184
3675
3748
3676
3741
3667
3728
2494
2996
3734
3750
3712
3718
3724
2950
3746
2268
3755
3762
3731
3732
2896
3166
3736
3753
3708
3707
3676
3739
2101
2458
3746
3756
3734
3676
3723
3737
3730
2293
3757
3685
3729
3680
3735
2196
3086
3752
3751
3726
3644
3361
3721
2170
3738
3760
3730
3666
3606
3728
2344
3732
3749
3722
3662
3728
2477
3419
3739
3763
3694
3665
3730
2744
2985
3728
3744
3716
3710
3723
2202
3023
3738
3751
3715
3718
3735
2604
3196
3750
3767
3732
3653
3728
2314
3351
3741
3755
3722
3687
3157
3513
3655
3750
3722
3651
3722
2648
3262
3732
3740
3720
3658
3724
2309
3104
3729
3746
3718
3725
3660
2438
3369
3749
3762
3736
3678
3152
3744
2144
3744
3758
3726
3734
3662
2087
3365
3753
3677
3734
3656
3596
3738
2831
3749
3761
3712
3716
3724
2542
3131
3748
3675
3726
3667
3401
3731
2022
3680
3663
3707
3710
3711
2459
2989
3733
3752
3723
3661
3725
2219
3043
3753
3665
3728
3673
3614
3724
3245
3747
3687
3743
3679
3644
2372
3150
3748
3745
3719
3723
3743
2657
3390
3675
3764
3724
3726
3649
2282
3120
3738
3757
3718
3725
3341
3637
2281
3737
3669
3717
3676
3726
2128
2947
3743
3761
3721
3733
3742
2966
3418
3724
3755
3722
3647
3527
3731
2434
3678
3764
3721
3718
3719
2052
2514
3732
3745
3718
3723
3733
2455
3071
3741
3754
3723
3685
3661
2605
3740
2147
3757
3733
3722
3662
3648
3739
2359
3759
3661
3720
3711
3225
3727
2471
3743
3760
3726
3721
3438
3738
2564
3760
3676
3739
3653
3732
2751
3290
3734
3749
3716
3712
3721
2752
3658
3734
3758
3730
3671
3733
2608
3198
3740
3746
3720
3669
2936
3298
3733
3748
3711
3696
3715
2086
2885
3730
3745
3701
3711
3721
2834
3164
3724
3738
3709
3642
3112
3506
3708
3736
3664
3711
3705
2524
3710
2165
3725
3750
3678
3724
3554
3636
2448
3742
3759
3714
3708
3720
2875
3729
2264
3744
3768
3679
3726
3740
2222
3092
3755
3664
3725
3693
3630
2148
2618
3716
3734
3709
3653
3719
3060
3716
2118
3730
3749
3710
3700
3721
2951
3419
3737
3753
3717
3718
3640
2588
3206
3722
3738
3704
3680
3629
2906
3574
3712
3735
3702
3724
3641
3243
3588
3733
3759
3682
3650
3718
2272
3538
3740
3735
3703
3716
3582
3714
2393
3747
3759
3723
3702
3606
3724
2612
3738
3764
3674
3716
3635
2309
2813
3733
3748
3721
3722
3163
3607
3722
3736
3709
3634
3678
3704
2730
3734
3664
3704
3722
3730
3720
3720
2737
3736
3765
3730
3726
3668
3039
3721
2478
3748
3772
3702
3653
3722
2813
3723
2490
3756
3702
3726
3719
3502
3726
2601
3663
3758
3715
3709
2830
3128
3718
3683
3701
3653
2991
3721
2073
3725
3744
3715
3696
3728
2513
3715
3749
3714
3731
3725
2575
3053
3727
3760
3727
3693
3658
2626
3737
2132
3754
3764
3739
3666
3738
2603
3141
3743
3758
3727
3681
3736
2302
2904
3730
3756
3710
3715
3178
3720
2154
3743
3747
3707
3698
3431
3717
2306
3652
3748
3714
3707
3719
2095
3706
3107
3749
3748
3718
3689
3736
2343
2681
3727
3767
3690
3686
2924
3499
3664
3747
3693
3709
3656
2244
2981
3718
3740
3705
3718
3293
3648
2272
3734
3747
3719
3690
3668
3678
2334
3716
3697
3709
3710
3724
3676
3740
3508
3738
3762
3727
3696
3734
2880
3620
3736
3751
3716
3709
3719
2220
2821
3724
3762
3673
3712
3668
3707
3052
3118
1741
1564
2059
1776
2324
2431
2762
3149
3005
2482
2292
3063
3361
3384
3450
3517
2293
2408
3586
3644
3592
3607
2450
2671
3655
3669
3658
2615
2852
3665
3658
3674
2696
3031
3663
3736
3665
2809
3145
3652
3741
3670
2498
2838
3664
3665
3665
3007
3319
3658
3738
3722
2998
3449
3663
3666
3663
2992
3518
3656
3737
3656
3138
3462
3652
3741
3675
3132
3455
3660
3743
3723
3191
3661
1922
3745
3756
3732
3250
3670
2000
3656
3761
3729
3662
3450
3746
2197
3753
3746
3718
3662
2665
3461
3737
3741
3716
3663
3437
3723
2274
3734
3748
3705
3717
3354
3682
3807
3785
407
436
459
3133
2806
2353
2425
1783
1784
410
480
532
1168
1614
1050
1401
1497
1741
1986
2302
2475
2710
2305
2319
2554
2678
2817
2943
3164
3295
3377
3453
2223
2299
3528
