204
101
6
6
233
346
480
628
788
949
1122
1254
1357
307
425
583
773
973
1186
1395
1567
1687
1889
2189
1654
1247
1162
1518
1778
2070
2307
2455
2771
2931
3090
3262
2703
2251
2052
3186
3282
3328
3402
2747
3484
3523
3548
3588
3648
3702
2968
3415
3744
3678
3687
3528
3581
3638
3691
3664
3751
3401
3743
2347
3759
3773
3730
3682
3657
2963
3712
2166
3734
3683
3696
3648
3003
3471
3705
3722
3660
3670
3699
2165
3231
3715
3720
3691
3620
3703
2138
2707
3705
3724
3352
278
348
412
2858
2219
2687
2067
1973
2521
3300
3337
3484
3550
2457
2670
3615
3659
3619
3633
2479
2938
3649
3646
3653
3651
3039
3699
1793
3719
3739
3657
3651
3047
3489
3729
3744
3705
3650
3080
3588
3716
3727
3694
3649
3265
3721
1835
3643
3735
3715
3641
3720
1872
2268
3740
3640
3697
3668
3345
3715
1860
3726
3732
3708
3644
3338
3722
1953
3679
3653
3712
3658
2978
3714
1865
3729
3737
3695
2031
2319
2462
3505
422
502
561
3124
2328
1934
2673
2305
2595
2770
3055
3168
3328
3433
2862
2683
3181
3495
3481
3530
3564
3611
2770
2988
3664
3670
3635
3653
3083
3484
3671
3675
3673
3272
3666
1962
3656
3668
3663
3630
3718
2147
3735
3751
3717
2875
3187
3661
3737
3696
3709
3248
3720
2129
3736
3752
3727
3663
3263
3753
2089
3675
3771
3683
3656
3326
3727
3738
3745
3711
3671
3194
3530
3724
3739
3715
3649
2966
3384
3724
3736
3707
3655
3570
3728
2328
3744
3751
3715
3719
3111
3735
2018
3754
3768
3739
3659
3442
3746
2101
3659
3752
3722
3730
3736
2013
2577
3749
3721
3705
3664
2771
3303
3719
3737
3713
3656
2933
3341
3725
3734
3705
3673
3595
3657
2394
3748
3668
3714
3718
3412
3726
2233
3741
3761
3685
3665
3434
3734
2154
3744
3752
3729
3664
3690
3736
2813
3749
3743
3714
3676
3095
3737
2226
3657
3753
3726
3636
2716
3073
3728
3681
3710
3647
3079
3567
3725
3732
3707
3658
3508
3730
2386
3748
3766
3675
3512
3666
2343
3743
3760
3659
3722
3432
3652
2193
3742
3739
3720
3658
3725
2240
2806
3748
3656
3712
3675
3722
2167
2933
3741
3762
3732
3668
3209
3741
2273
3755
3754
3724
3680
3373
3733
2531
3731
3746
3702
3711
3473
3722
2453
3745
3742
3709
3662
3723
2293
3131
3735
3753
3713
3717
3730
3510
3736
2282
3758
3676
3721
3718
3733
2535
3478
3752
3762
3725
3721
3086
3584
3728
3733
3699
3703
3707
3338
3720
2379
3732
3745
3721
3653
3733
2503
2762
3124
1810
1620
1874
1669
2158
2630
2896
3118
2955
2610
2577
3070
3351
3365
3350
3501
3163
3545
3573
3626
3584
3608
3134
3634
3648
3687
3655
3295
3661
2026
3714
3658
3692
2889
3195
3659
3725
3690
2645
3323
3717
3639
3696
3674
2661
3069
3643
3729
3710
3671
2270
2741
3725
3733
3708
2713
3077
3673
3665
3695
3700
3419
3721
2277
3739
3747
3702
3708
3035
3721
2609
3733
3250
2852
1430
1586
1869
2881
2266
398
468
518
1760
2339
1527
1794
1687
2234
2483
2783
3162
3256
3388
3374
2535
2300
3269
3535
3503
3531
3478
3609
2036
2075
3658
3686
3646
3670
1898
1940
3667
3664
3689
1862
1906
3668
3664
3672
1730
1737
3670
3667
3669
1797
1810
3667
3665
3674
1776
1795
3670
3665
3672
1795
1828
3669
3667
3670
1845
1873
3665
3660
3672
1882
1926
3669
3666
3672
1880
1922
3668
3661
3671
1899
1952
3671
3666
3674
1913
1959
3667
3667
3672
1917
1999
3669
3667
3674
1934
1966
3670
3665
3672
1959
2017
3669
3662
3672
1859
1894
3673
3667
3669
1900
1946
3668
3660
3674
1999
2074
3669
3667
3674
1883
1922
3668
3664
3672
1864
1921
3670
3664
3673
1881
1924
3669
3664
3669
2008
2057
3667
3668
2233
1846
1903
3740
3725
3662
2059
2140
3670
3675
3678
1899
1961
3667
3659
3674
1911
1982
3667
3668
3673
1890
1973
3672
3666
3665
2054
2168
3664
3666
3672
2057
2119
3671
3661
3665
1930
1999
3670
3666
3674
2007
2057
3669
3669
3673
1975
2030
3669
3668
3675
1922
1976
3666
3668
3673
1989
2070
3667
3667
3673
1951
2030
3672
3664
3675
1935
2000
3671
3663
3671
1986
2054
3670
3667
3669
2058
2171
3669
3666
3671
1994
2099
3670
3664
3669
1949
2026
3670
3669
3670
2131
2256
3672
3663
3671
2011
2073
3669
3668
3671
2082
2200
3666
3668
3670
2012
2086
3670
3662
3664
2011
2105
3667
3666
3674
2026
2104
3664
3671
3672
1985
2062
3668
3670
3662
2078
2191
3670
3662
3669
2072
2173
3669
3663
3674
2067
2146
3670
3667
3675
2033
2125
3669
3671
3677
2024
2120
3670
3670
3672
2015
2181
3670
3667
3669
2084
2166
3662
3749
3672
2079
2169
3656
3751
3672
2070
2160
3666
3667
3673
2043
2152
3672
3669
3671
2051
2136
3670
3660
3733
2112
2218
3657
3749
3674
2263
2421
3671
3666
3675
2115
2203
3671
3670
3674
2032
2151
3668
3667
3674
2136
2238
3666
3666
3672
2141
2261
3668
3669
3672
2157
2298
3672
3665
3661
2156
2242
3672
3666
3674
2093
2180
3670
3665
3671
2069
2244
3670
3670
3675
2108
2215
3671
3667
3671
2208
2304
3668
3665
3666
2121
2219
3673
3666
3671
2051
2167
3666
3666
3673
2128
2253
3669
3657
3677
2112
2200
3669
3665
3673
2211
2337
3663
3661
3672
2113
2235
3665
3665
3671
2141
2266
3659
3751
3676
2184
2303
3671
3666
3673
2059
2169
3673
3666
3671
2363
2541
3665
3670
3676
2146
2258
3668
3659
3665
2177
2312
3666
3666
3670
2178
2314
3656
3743
3667
2134
2252
3667
3666
3678
2097
2241
3669
3659
3733
2175
2299
3666
3665
3673
2206
2332
3676
3664
3668
2409
2515
3659
3663
3677
2276
2411
3667
3666
3666
2203
2369
3667
3668
3665
2408
2548
3664
3666
3669
2162
2294
3666
3662
3657
2181
2347
3667
3661
3677
2151
2281
3675
3662
3667
2214
2390
3656
3742
3672
2233
2345
3669
3671
3668
2143
2258
3664
3665
3668
2204
2313
3675
3664
3671
2203
2389
3667
3668
3673
2272
2409
3661
3750
3670
2436
2608
3662
3668
3675
2233
2407
3663
3750
3666
2252
2476
3668
3668
3668
2220
2365
3674
3665
3671
2424
2618
3667
3666
3676
2256
2480
3667
3665
3672
2282
2434
3668
3670
3670
2212
2373
3669
3653
3728
2252
2451
3664
3749
3674
2247
2468
3667
3668
3674
2379
2535
3657
3751
3655
2191
2351
3741
3667
3739
2375
2507
3667
3756
3667
2220
2363
3665
3663
3673
2419
2532
3670
3670
3670
2226
2411
3671
3644
3721
2430
2680
3662
3744
3675
2551
2720
3669
3667
3678
2273
2433
3671
3658
3731
2359
2538
3670
3665
3675
2287
2497
3665
3664
3657
2497
2734
3662
3666
3669
2224
2360
3664
3661
3677
2293
2426
3667
3666
3669
2281
2539
3665
3654
3723
2368
2585
3668
3663
3664
2397
2616
3667
3664
3673
2279
2447
3673
3663
3676
2225
2395
3670
3667
3666
2337
2504
3663
3672
3667
2326
2523
3663
3658
3730
2308
2555
3671
3666
3673
2245
2402
3657
3748
3672
2428
2609
3658
3666
3669
2199
2405
3675
3669
3669
2276
2477
3662
3670
3669
2261
2413
3655
3743
3667
2387
2568
3669
3657
3724
2521
2769
3669
3663
3671
2400
2613
3663
3664
3669
2326
2550
3670
3668
3665
2539
2697
3673
3659
3670
2355
2553
3665
3664
3678
2400
2557
3670
3663
3677
2370
2459
3671
3665
3665
2383
2582
3666
3664
3671
2479
2685
3659
3742
3670
2483
2662
3667
3670
3679
2363
2553
3661
3755
3666
2381
2563
3663
3670
3671
2316
2508
3666
3668
3671
2270
2392
3666
3662
3667
2466
2689
3667
3656
3676
2599
2875
3669
3669
3674
2698
2853
3663
3658
3666
2245
2446
3663
3668
3675
2694
2968
3669
3666
3676
2483
2655
3671
3664
3666
2477
2683
3661
3667
3669
2440
2669
3674
3656
3727
2735
2929
3661
3745
3727
2387
2538
3664
3665
3677
2356
2544
3670
3662
3670
2336
2571
3666
3664
3674
2422
2672
3670
3659
3735
2701
2879
3668
3663
3677
2342
2530
3666
3658
3669
2558
2841
3668
3653
3727
2717
2903
3667
3668
3668
2409
2645
3671
3662
3675
2392
2572
3671
3665
3667
2374
2582
3666
3668
3671
2317
2475
3672
3668
3672
2663
2887
3663
3754
3667
2489
2699
3667
3664
3672
2403
2627
3671
3668
3669
2407
2615
3667
3649
3722
2397
2605
3671
3660
3675
2684
3016
3662
3746
3666
2640
2911
3651
3745
3666
2669
2942
3673
3660
3729
2714
2930
3665
3750
3730
2675
2917
3665
3754
3666
2492
2742
3664
3667
3677
2466
2664
3672
3665
3674
2560
2792
3672
3654
3735
2720
2953
3668
3757
3664
2486
2708
3667
3669
3668
2597
2833
3667
3666
3670
2576
2882
3668
3660
3670
2419
2583
3661
3743
3734
2774
3119
3661
3667
3669
2430
2637
3670
3664
3668
2312
2494
3668
3663
3669
2726
3048
3660
3750
3669
2519
2800
3664
3666
3677
2731
3005
3661
3746
3662
2473
2659
3662
3668
3673
2379
2748
3665
3663
3671
2676
2903
3676
3658
3736
2828
3138
3657
3748
3667
2433
2607
3669
3666
3671
2572
2750
3666
3669
3671
2665
2904
3673
3664
3673
2640
2907
3655
3743
3728
2513
2802
3658
3755
3660
2457
2654
3671
3668
3668
2459
2661
3669
3664
3734
2812
3111
3669
3661
3667
2807
3108
3662
3746
3670
2679
2980
3660
3668
3671
2692
2918
3668
3668
3670
2590
2781
3660
3747
3667
2762
2992
3666
3665
3733
2696
2956
3662
3750
3665
2593
2831
3671
3661
3733
2675
2977
3666
3754
3665
2765
2970
3662
3671
3681
2800
3037
3666
3662
3668
2477
2711
3677
3665
3663
2464
2768
3668
3672
3674
2518
2713
3666
3666
3669
2468
2706
3666
3752
3672
2694
2899
3663
3755
3671
2482
2737
3665
3666
3670
2559
2927
3663
3751
3655
2747
2952
3657
3743
3669
2801
3139
3669
3665
3678
2633
2892
3665
3650
3724
2965
3299
3653
3747
3659
2707
3007
3669
3662
3658
2482
2682
3676
3660
3668
2481
2723
3671
3666
3672
2747
3080
3661
3660
3666
2702
2927
3668
3671
3667
2573
2915
3659
3744
3673
2773
3077
3662
3667
3674
2873
3154
3667
3669
3671
2873
3073
3657
3750
3663
2436
2736
3664
3660
3727
2782
3060
3674
3653
3721
2614
2899
3668
3662
3668
2625
2905
3665
3661
3675
2837
3235
3668
3657
3732
2987
3310
3656
3746
3728
3007
3353
3661
3750
3671
2562
2853
3662
3669
3668
2837
3123
3668
3666
3659
2331
2550
3669
3669
3663
2890
3128
3660
3751
3671
2828
3103
3666
3667
3668
2925
3148
3667
3668
3666
2819
3119
3659
3750
3671
2918
3142
3654
3751
3660
2703
3105
3657
3742
3727
3024
3257
3666
3752
3677
2593
2800
3667
3659
3730
2655
2891
3663
3754
3660
2760
3112
3668
3668
3661
2808
3248
3670
3669
3663
2598
2854
3662
3750
3669
2748
3034
3652
3752
3671
2851
3084
3668
3672
3672
2616
3062
3668
3657
3728
2613
2867
3669
3751
3671
2624
2934
3670
3666
3668
2925
3299
3667
3752
3670
2820
3138
3658
3753
3670
3018
3352
3668
3665
3667
2907
3332
3662
3751
3662
2898
3165
3670
3655
3733
2699
2954
3661
3747
3677
2834
3190
3666
3659
3720
2827
3249
3667
3666
3662
2966
3330
3654
3739
3673
2911
3282
3659
3748
3663
2865
3137
3659
3743
3727
2993
3256
3658
3749
3666
2997
3291
3655
3742
3662
2864
3088
3662
3669
3671
2885
3221
3671
3658
3729
2572
2891
3658
3749
3658
2902
3257
3658
3739
3722
2988
3254
3652
3738
3713
3017
3350
3665
3662
3729
3035
3403
3667
3748
3725
2973
3232
3666
3657
3731
2913
3182
3661
3750
3676
2819
3157
3671
3655
3732
3090
3397
3661
3746
3731
2979
3231
3663
3753
3671
2638
2954
3659
3751
3664
2955
3218
3653
3751
3671
2704
2985
3647
3744
3667
2956
3331
3668
3667
3671
2866
3231
3669
3658
3718
2977
3409
3737
3666
3672
2672
2980
3664
3752
3673
2661
3034
3663
3754
3670
2623
2955
3663
3668
3666
2639
3083
3659
3746
3660
2943
3199
3673
3673
3674
2641
2968
3665
3745
3728
2703
3020
3734
3754
3670
2823
3159
3653
3746
3672
3168
3573
3662
3752
3677
2924
3216
3668
3660
3727
3024
3390
3664
3750
3672
2971
3369
3663
3664
3673
2662
3080
3654
3739
3669
2631
2967
3659
3674
3677
2665
2888
3668
3651
3724
2700
3002
3648
3742
3666
2906
3292
3668
3667
3663
2964
3281
3672
3658
3735
2674
3060
3660
3747
3722
2652
3018
3734
3743
3722
3015
3317
3674
3672
3674
3007
3374
3667
3671
3672
2965
3415
3665
3665
3668
3032
3327
3660
3753
3668
2640
2957
3664
3664
3730
2724
3040
3656
3742
3724
2981
3249
3657
3743
3726
2683
3004
3661
3751
3674
2646
2968
3654
3744
3733
2700
2946
3662
3750
3722
2703
3032
3654
3740
3725
2774
3081
3664
3744
3728
2692
3012
3662
3659
3717
3092
3422
3666
3668
3673
3135
3417
3663
3672
3665
3044
3288
3676
3665
3666
2638
2994
3668
3657
3727
2659
3019
3669
3664
3680
2693
2980
3665
3657
3732
2689
3047
3669
3651
3726
3161
3561
3669
3660
3729
3166
3594
3655
3748
3665
3236
3626
3658
3742
3723
3150
3712
3734
3742
3721
3186
3484
3662
3750
3667
2587
2933
3669
3671
3671
3017
3346
3667
3654
3726
2994
3284
3668
3755
3663
3196
3578
3652
3741
3674
2987
3380
3667
3663
3667
3021
3444
3668
3659
3729
2974
3509
3664
3754
3671
3129
3426
3656
3746
3739
3051
3357
3665
3750
3732
2781
3241
3645
3742
3670
3035
3338
3669
3671
3670
2711
3005
3667
3670
3672
3118
3397
3660
3746
3732
3151
3601
3661
3745
3721
3125
3445
3665
3657
3724
3191
3542
3669
3650
3722
3244
3524
3659
3747
3668
3083
3585
3669
3667
3679
3082
3492
3669
3661
3675
3018
3361
3665
3754
3663
3112
3421
3669
3654
3728
2810
3170
3652
3746
3660
3045
3587
3659
3746
3664
2637
2949
3659
3670
3674
3094
3364
3656
3745
3663
2433
2773
3655
3744
3730
2785
3111
3665
3750
3734
3185
3640
3657
3756
3671
3192
3654
3664
3663
3674
2838
3470
3674
3663
3669
2741
3043
3667
3664
3663
3034
3444
3660
3745
3671
2695
3010
3667
3669
3655
2685
3055
3733
3656
3728
3197
3621
3659
3743
3723
3092
3432
3658
3745
3662
2384
2666
3662
3663
3673
2604
2987
3671
3642
3723
2758
3264
3670
3665
3658
2752
3066
3660
3730
3717
2722
3088
3666
3747
3665
3168
3674
1826
3672
3670
3676
3101
3513
3661
3752
3674
3223
3659
1914
3741
3746
3730
2796
3159
3665
3757
3731
3673
2734
3088
3648
3752
3721
2526
2849
3664
3667
3673
2695
3012
3677
3648
3723
2805
3055
3665
3739
3720
2902
3310
3662
3746
3660
3119
3566
3662
3650
3711
3235
3670
1890
3664
3664
3731
3082
3539
3668
3749
3725
3349
3663
1881
3751
3659
3726
3180
3545
3674
3662
3723
3214
3544
3650
3732
3719
3171
3651
3667
3658
3727
3218
3552
3658
3745
3732
3206
3523
3650
3738
3726
2958
3326
3650
3731
3718
2772
3194
3652
3732
3717
3149
3539
3669
3658
3716
3075
3659
1853
3740
3670
3734
2494
2782
3666
3751
3717
3163
3613
3661
3749
3660
2691
3051
3655
3737
3731
2898
3189
3664
3745
3730
3204
3490
3666
3744
3722
3116
3638
3664
3671
3667
3161
3533
3661
3660
3727
2809
3174
3665
3749
3724
2855
3215
3661
3743
3726
2782
3262
3660
3746
3729
2749
3295
3653
3746
3654
3126
3660
3722
3732
3722
2859
3351
3667
3650
3714
3203
3477
3671
3653
3721
2787
3266
3661
3737
3725
3068
3461
3665
3664
3664
3186
3556
3654
3737
3726
2644
3040
3654
3747
3716
2876
3363
3656
3733
3725
3255
3650
3668
3662
3735
2662
3192
3672
3657
3668
3110
3466
3656
3742
3656
3510
3728
2239
3745
3664
3728
3277
3677
2070
3660
3754
3732
3675
3368
3650
2278
3760
3672
3734
3680
3401
3657
2173
3763
3677
3731
3679
3312
3662
2031
3763
3683
3740
3676
3355
3663
2236
3766
3677
3742
3674
3430
3762
2268
3666
3749
3731
3658
3302
3746
2231
3679
3676
3743
3670
3560
3754
2370
3758
3756
3744
3669
2752
3221
3746
3756
3733
3662
2749
3423
3741
3669
3716
3672
3312
3660
2038
3756
3673
3739
3334
3676
2102
3656
3764
3686
2878
3428
3664
3750
3728
3219
3671
1937
3659
3760
3738
3390
3662
2139
3755
3677
3681
2773
3279
3669
3756
3734
2831
3429
3663
3755
3664
2647
3075
3655
3738
3718
3209
3665
1926
3668
3655
3727
2861
3401
3663
3743
3722
3190
3670
1986
3654
3759
3674
3274
3664
1986
3752
3674
3671
2725
3053
3673
3676
3672
2617
3303
3673
3667
3679
3102
3446
3664
3655
3733
2725
3213
3669
3655
3726
2670
2908
3660
3743
3664
2841
3352
3663
3661
3717
3336
3660
1838
3740
3754
3731
2776
3251
3668
3761
3678
3660
3311
3667
3741
3748
3726
3235
3597
3667
3661
3719
3421
3663
2094
3744
3672
3740
2774
3100
3666
3755
3721
3207
3669
1945
3665
3667
3673
3194
3667
1953
3654
3759
3656
3251
3743
2002
3669
3760
3738
3245
3677
1966
3763
3667
3738
3679
3479
3760
2135
3667
3760
3727
3670
3391
3753
2188
3665
3775
3674
3667
3281
3749
2156
3670
3754
3725
3669
2914
3326
3752
3663
3733
3683
3584
3660
2372
3756
3759
3738
2845
3278
3678
3665
3723
3674
3216
3656
2022
3748
3758
3732
3345
3667
2056
3752
3760
3734
3652
3402
3741
2133
3759
3679
3743
3675
3295
3759
2246
3678
3762
3735
3746
3390
3672
2191
3663
3763
3728
3731
3325
3669
2022
3664
3754
3730
3670
3496
3742
2164
3750
3760
3732
3666
3063
3497
3747
3760
3741
3662
2835
3541
3741
3755
3727
3656
3221
3731
2032
3748
3767
3682
3674
3665
1990
2489
3763
3775
3669
3747
3607
3653
2266
3754
3759
3740
3667
3396
3754
1985
3677
3683
3687
3679
3342
3674
2115
3671
3767
3656
3339
3731
2111
3740
3747
3727
3021
3361
3659
3743
3724
3657
2819
3185
3739
3661
3720
3350
3664
1988
3739
3750
3731
3420
3660
2033
3751
3764
3730
3674
3560
3652
2301
3757
3670
3732
3681
2867
3213
3663
3755
3727
3659
3003
3353
3745
3664
3725
3669
3442
3656
2102
3758
3659
3721
3675
3029
3431
3659
3759
3676
3666
3073
3426
3737
3752
3729
3070
3434
3658
3752
3653
3243
3637
3729
3647
3705
3321
3689
3721
3742
3715
3399
3729
2163
3747
3760
3739
2962
3538
3662
3743
3707
3664
3233
3731
2132
3740
3757
3726
3282
3660
1941
3745
3757
3728
3666
3398
3753
2257
3665
3777
3686
3678
3348
3652
1988
3759
3664
3738
3667
3311
3749
2205
3767
3675
3745
3679
2895
3295
3763
3665
3743
3666
3593
3747
2355
3763
3664
3735
3502
3668
2360
3750
3760
3733
2915
3303
3673
3671
3729
3664
2796
3292
3752
3653
3734
3288
3656
2021
3744
3671
3735
3320
3678
2025
3653
3768
3675
3043
3405
3665
3753
3665
3255
3659
2007
3657
3754
3665
2958
3468
3674
3660
3713
3671
2021
2581
3643
3741
3711
3387
3733
2179
3671
3755
3727
3419
3655
2018
3746
3763
3728
3038
3403
3666
3747
3703
3720
3019
3679
3743
3655
3699
3712
3483
3733
2058
3747
3756
3725
3656
3451
3745
2262
3756
3766
3742
3679
3111
3657
3669
3666
3715
3666
3268
3738
2248
3652
3761
3676
2901
3463
3673
3665
3728
3630
3664
2138
3742
3760
3672
3290
3672
2106
3652
3757
3734
3028
3414
3676
3644
3720
2892
3402
3650
3726
3707
3446
3720
2052
3738
3658
3716
3315
3677
2139
3741
3755
3726
3319
3655
2118
3740
3756
3722
3669
3353
3747
2194
3744
3762
3732
3668
3215
3649
3745
3759
3711
3715
3027
3609
3731
3749
3658
3724
2917
3207
3653
3753
3664
3723
3522
3736
2523
3745
3760
3732
3678
3090
3672
2034
3670
3755
3728
3672
3478
3746
2351
3661
3758
3742
3672
3450
3758
2291
3659
3759
3728
3680
3404
3650
2262
3754
3675
3720
3668
2863
3417
3734
3751
3713
3672
3550
3668
2298
3668
3744
3724
3661
3518
3744
2347
3763
3764
3746
3674
3575
3749
2295
3761
3755
3743
3671
3394
3752
2265
3761
3737
3730
3673
2934
3326
3750
3668
3728
3675
2901
3253
3747
3740
3724
3239
3559
3663
3753
3661
3659
2305
3009
3727
3737
3727
3112
3548
3668
3753
3668
3661
2891
3278
3737
3660
3720
2880
3392
3674
3652
3726
2797
3027
3659
3745
3663
3450
3660
2434
3742
3750
3729
2895
3249
3743
3756
3721
3669
2741
3101
3743
3755
3729
3667
3360
3742
2182
3738
3745
3720
3677
3117
3731
3741
3751
3717
3725
3239
3663
2119
3745
3755
3729
3668
3022
3362
3756
3665
3727
3671
3391
3741
2142
3755
3742
3731
3662
3666
2237
3759
3676
3723
3734
3243
3745
2166
3756
3760
3739
3675
3515
3751
2435
3761
3760
3737
3675
3370
3662
2179
3751
3756
3738
3672
3345
3751
2271
3663
3772
3679
3668
3009
3449
3749
3662
3738
3663
2646
3035
3746
3749
3728
3661
3470
3746
2169
3755
3753
3732
3676
3031
3749
2020
3767
3687
3678
3669
3589
3741
2449
3759
3673
3737
3679
3445
3665
2336
3760
3759
3736
3679
3523
3665
2337
3765
3676
3742
3672
3283
3565
3749
3757
3721
3723
3275
3731
2056
3744
3755
3728
3682
2970
3342
3658
3760
3675
3661
2893
3371
3741
3640
3726
3304
3662
1861
3739
3743
3731
2957
3354
3665
3749
3734
3662
3418
3744
2219
3749
3754
3727
3736
3723
3753
2611
3759
3773
3740
3670
3090
3578
3752
3666
3722
3672
3048
3361
3672
3650
3702
3276
3720
1974
3736
3753
3739
3538
3676
2301
3757
3756
3731
3672
3643
3751
2446
3660
3771
3685
3669
2945
3303
3755
3651
3732
3667
3557
3739
2617
3749
3748
3735
3672
3513
3755
2312
3758
3747
3736
3677
3502
3742
2153
3754
3749
3727
3671
2919
3739
2022
3743
3757
3728
3672
3267
3663
3745
3763
3725
3673
2944
3606
3656
3749
3725
3657
3253
3747
1980
3659
3759
3731
3669
2630
3060
3746
3761
3734
3666
3029
3423
3743
3680
3682
3652
2875
3365
3735
3750
3722
3427
3733
2284
3742
3740
3713
3554
3736
2203
3647
3752
3732
3670
3227
3745
3751
3756
3743
3667
2633
2913
3737
3734
3711
3669
3319
3739
2134
3665
3757
3715
3729
2982
3666
3740
3743
3709
3713
3632
3728
2406
3742
3755
3736
3655
3523
3743
2435
3675
3771
3738
3673
3443
3751
2069
3755
3749
3720
3729
2971
3434
3745
3761
3724
3667
3052
3510
3730
3739
3714
3591
3659
2508
3736
3745
3722
3408
3674
2177
3739
3748
3723
2957
3391
3669
3737
3718
3672
3058
3649
2286
3746
3672
3731
3658
3648
3748
2390
3661
3760
3742
3671
3478
3756
2532
3662
3764
3734
3665
3205
3655
3741
3748
3718
3675
2901
3301
3657
3755
3657
3724
3364
3734
2227
3743
3765
3671
2851
3439
3661
3746
3728
2887
3371
3673
3745
3716
2961
3729
2022
3740
3740
3723
3297
3663
1979
3741
3758
3733
3669
3548
3668
2416
3662
3753
3736
3672
3319
3642
3751
3759
3713
3722
3160
3734
3736
3753
3719
3672
3561
3655
2423
3751
3656
3719
3667
3385
3745
2168
3677
3751
3738
3674
3743
2051
2817
3757
3758
3728
3741
3459
3663
2338
3757
3677
3734
3670
3307
3741
2253
3659
3762
3736
3659
2830
3574
3754
3657
3719
3678
3651
2081
2440
3743
3758
3716
3470
3732
2134
3737
3751
3730
3653
3312
3712
3738
3751
3721
3670
2787
3151
3663
3738
3722
3658
2851
3201
3735
3743
3714
3726
2938
3656
3742
3754
3721
3663
3682
3742
2461
3679
3669
3729
3670
3397
3753
2096
3758
3770
3745
3654
3660
3754
2351
3673
3778
3678
3658
2851
3371
3741
3756
3722
3659
2876
3246
3744
3658
3713
3662
2891
3345
3727
3744
3720
3204
3580
3646
3737
3712
2864
3591
3726
3735
3720
3076
3660
2117
3741
3751
3717
3734
1946
2406
3744
3755
3721
3726
3014
3640
3738
3753
3721
3721
3289
3725
2101
3737
3755
3731
3668
3517
3745
2393
3751
3764
3729
3682
3546
3664
2433
3749
3767
3739
3668
2848
3282
3748
3666
3727
3674
2796
3218
3652
3745
3722
3648
2112
2707
3733
3654
3716
3671
2176
2918
3734
3735
3713
2964
3278
3668
3727
3701
3722
2763
3105
3665
3755
3671
3719
3705
3731
2314
3742
3751
3728
3495
3655
2444
3749
3678
3728
3668
3717
3743
2495
3745
3754
3730
3676
3566
3752
2473
3765
3746
3730
3671
2937
3279
3743
3660
3705
3709
3727
1953
2598
3738
3753
3708
3723
3492
3749
2239
3667
3741
3719
3676
3678
3740
2513
3677
3676
3738
3663
3746
2121
2617
3741
3737
3713
3674
3739
2076
2911
3749
3758
3725
3725
3679
3745
2556
3744
3750
3724
3676
3740
2071
2590
3758
3747
3715
3731
3664
2100
2718
3758
3763
3735
3666
3378
3744
2035
3758
3763
3724
3738
3662
2005
2439
3766
3677
3732
3673
2869
3501
3743
3659
3716
3660
3447
3739
2202
3662
3751
3732
3652
3706
3744
2400
3668
3745
3722
3732
3475
3667
2413
3753
3767
3730
3733
3572
3750
2310
3653
3765
3698
3685
3580
3652
2232
3758
3660
3728
3661
3064
3648
3742
3668
3723
3662
3734
1937
2797
3748
3741
3723
3542
3676
2243
3739
3744
3707
3680
3385
3665
2137
3745
3765
3675
3732
3663
2067
2709
3745
3749
3712
3727
3578
3660
2307
3747
3767
3739
3661
3358
3730
3734
3747
3722
3670
2875
3507
3739
3748
3709
3712
3495
3732
2259
3749
3731
3713
3682
3066
3601
3660
3749
3723
3655
3416
3721
2079
3734
3732
3700
3406
3720
2080
3720
3733
3718
3665
3522
3736
2609
3743
3757
3729
3658
3527
3743
2189
3677
3742
3711
3715
3724
2334
3347
3733
3740
3703
3712
3508
3668
2177
3739
3753
3701
3707
2986
3452
3716
3736
3709
3669
3540
3660
2201
3729
3737
3710
3639
3728
2393
3663
2144
3752
3755
3731
3668
3110
3618
3732
3744
3718
3666
3315
3717
2083
3737
3745
3718
3661
2986
3662
3738
3755
3723
3672
3034
3738
2144
3752
3759
3735
3662
3746
2053
2482
3761
3753
3729
3732
2816
3194
3654
3743
3703
3711
3511
3659
2366
3722
3734
3702
3711
3734
2324
3474
3674
3745
3714
3681
3299
3723
1991
3737
3739
3714
3669
3733
2652
3754
2251
3673
3766
3733
3653
3632
3736
2391
3743
3753
3730
3686
2824
3330
3672
3750
3722
3673
3329
3663
2119
3676
3653
3716
3658
3293
3685
3733
3672
3663
3720
2895
3193
3657
3747
3661
2417
2735
3721
3737
3712
3470
3726
2225
3742
3748
3710
3619
3727
2508
3738
3747
3713
3721
3721
2750
3185
3733
3752
3719
3717
3733
2292
3174
3736
3749
3709
3711
3608
3720
2506
3730
3750
3715
3721
2846
3190
3722
3741
3716
3712
3537
3723
2289
3731
3744
3707
3687
3251
3669
2491
3749
3756
3727
3662
3747
3077
3735
2275
3747
3759
3722
3733
3745
2873
3741
2434
3770
3761
3750
3686
3741
2933
3747
2340
3752
3773
3740
3678
3735
2144
3386
3740
3756
3737
3675
3312
3734
2131
3747
3727
3717
3668
3384
3736
2259
3673
3770
3667
3725
3741
3443
3741
2401
3765
3762
3752
3685
3761
2368
2673
3752
3756
3746
3685
3136
3724
3742
3748
3716
3717
3508
3717
2481
3726
3745
3714
3726
3124
3598
3660
3751
3723
3653
3157
3731
2075
3665
3746
3714
3357
3665
2035
3743
3673
3718
3668
3721
3735
2599
3751
3741
3707
3710
3596
3720
2757
3743
3751
3725
3680
2980
3618
3738
3756
3676
3652
3728
2160
2900
3740
3744
3713
3670
2082
2824
3740
3747
3714
3725
3381
3733
2619
3753
3767
3740
3659
3071
3732
2079
3746
3745
3715
3720
3738
2124
3262
3758
3755
3741
3682
3660
2201
2693
3751
3758
3722
3722
3182
3728
2100
3746
3763
3727
3727
3747
2260
2620
3670
3769
3731
3730
3736
2486
3088
3748
3757
3724
3675
3606
3730
2446
3745
3763
3737
3670
3729
2418
2870
3728
3746
3723
3660
3423
3721
2341
3737
3745
3716
3675
3734
2160
2715
3748
3763
3730
3668
3737
2341
3349
3737
3760
3723
3721
3114
3720
2134
3727
3745
3732
3666
3733
3031
3745
2318
3760
3762
3737
3673
3728
2406
3274
3730
3749
3730
3666
3657
3731
2482
3742
3758
3728
3738
3663
3637
3745
2916
3740
3769
3702
3678
3262
3738
2321
3751
3763
3742
3689
3647
2544
3744
2417
3765
3663
3725
3689
3672
3178
3744
2373
3765
3779
3750
3680
3748
2441
3047
3739
3765
3722
3725
3645
2108
3100
3738
3736
3709
3661
3697
3709
2914
3736
3684
3694
3707
3654
3722
2630
3744
3749
3726
3657
3670
3726
2507
3728
3740
3711
3716
3396
3730
2194
3748
3674
3699
3701
3245
3711
3008
3730
3725
3698
3695
3711
3124
3734
2331
3751
3766
3716
3709
3722
2289
2803
3735
3762
3681
3704
3718
3255
3727
2230
3750
3769
3725
3716
3722
2203
2941
3729
3760
3718
3698
3703
2718
3404
3714
3738
3718
3677
3735
2637
3731
2330
3734
3768
3729
3654
3357
3729
2239
3745
3740
3711
3651
3409
3721
2184
3748
3669
3731
3647
3728
3655
2414
3310
3748
3734
3720
3687
3727
2284
3058
3740
3750
3721
3683
3715
2135
3570
3736
3737
3716
3682
3715
2423
3075
3735
3666
3702
3705
3717
2479
3185
3735
3755
3722
3668
3303
3726
3742
3673
3721
3654
3728
2675
3275
3739
3758
3662
3717
3247
3693
3723
3756
3666
3695
3322
3620
2656
3714
3739
3701
3719
3742
2280
3716
3748
3745
3720
3726
3643
3307
3753
2923
3751
3774
3749
3688
3730
2931
3724
3761
3762
3728
3724
3654
2201
2804
3735
3766
3724
3722
3731
2601
3743
2233
3665
3770
3733
3734
3297
3733
2348
3705
3695
3673
3654
3624
3714
2395
3731
3754
3681
3647
3714
2447
2909
3731
3745
3711
3684
3646
2117
2507
3733
3690
3718
3712
3723
2282
3266
3738
3759
3731
3680
3689
2963
3403
3665
3737
3711
3653
3688
3714
2474
3733
3753
3717
3728
3738
2441
2973
3735
3761
3737
3650
3736
3647
3065
3739
2746
3746
3763
3735
3673
3566
3736
2489
3759
3761
3744
3669
3729
2575
3739
2271
3761
3747
3725
3726
3736
3571
3739
2698
3760
3770
3748
3691
3732
2661
3717
3729
3753
3718
3714
3249
3729
2159
3738
3744
3695
3695
3713
2464
3723
2837
3737
2847
3116
1720
1546
2058
1818
2250
2645
2923
3146
3037
2500
2370
3110
3372
3369
3422
3500
3572
2478
2629
3630
3675
3615
3618
2527
2672
3660
3657
3647
2726
2970
3670
3662
3668
2842
3152
3660
3667
3671
2506
2758
3658
3736
3721
3078
3551
3651
3741
3716
2966
3222
3652
3739
3721
3082
3430
3660
3740
3715
3153
3659
1984
3732
3748
3676
3337
3627
3659
3741
3718
2730
3040
3658
3734
3722
3053
3555
3651
3734
3718
3492
3730
1943
3747
3646
3711
2750
3292
3726
3739
3706
3510
3648
2224
3729
3736
3717
3179
3665
2230
3744
3742
3721
3650
3350
3730
2195
3741
3747
3716
3724
3743
2033
2607
3752
3769
3875
3388
2546
2446
2617
3121
1696
2178
2024
1597
2229
2178
411
441
464
1135
1945
1175
1588
1519
1845
2048
2327
2547
2642
2349
2356
2630
2753
2882
2994
3230
3317
3345
2228
2328
3470
3551
