5
5
6
6
167
292
449
605
764
920
1070
1187
99
243
397
544
716
924
1086
1237
1293
1319
1352
1573
207
690
931
1315
1619
1657
1699
1742
1797
1852
1913
1977
2016
2113
2234
1803
1802
1809
1817
1797
1782
1753
1833
1894
1986
2061
2117
3335
2217
2273
2278
1958
1691
1703
1787
1852
1944
2044
2123
3703
2214
2762
2292
1978
1725
1749
1819
1917
2341
3135
2001
1721
1722
1804
3516
1898
2462
2006
1716
1710
1805
1919
2477
1973
1977
2076
1806
1796
1898
3550
1996
2326
2092
208
244
388
476
1518
1572
1634
1886
2042
1492
1504
1577
1605
2521
2801
1684
1478
1565
1643
2872
3232
1726
1489
1560
1634
2710
3014
1713
1479
1602
3585
1662
2178
1760
1596
1691
3309
1775
1901
1834
1596
1637
1721
3172
1787
1804
1881
1612
1708
1755
3083
1863
2027
1946
1653
1686
1753
2777
3130
1849
1604
1630
1704
3338
1799
2199
1908
1625
1728
1804
1891
1894
2193
320
358
496
554
1437
1954
1968
2224
2224
2129
2176
2217
2272
2329
2387
2789
3010
2106
1877
1873
1837
1880
1941
3123
3565
2051
1735
1738
1825
2901
3215
1894
1658
1744
3244
1823
1947
1916
1742
1824
3634
1923
2209
2036
1753
1830
1903
3289
2007
2143
2100
1802
1837
1889
3307
3699
1976
1731
1733
1824
1898
2004
2558
1988
1746
1847
3655
1910
2294
2018
1745
1806
1889
1965
2071
2695
2063
1763
1825
1898
3524
1985
2391
2081
1805
1837
1920
3604
1991
2246
2098
1828
1825
1916
3538
2018
2318
2101
1833
1840
1925
3703
2016
2658
2120
1821
1837
1916
3050
3426
2002
1746
1773
1866
2876
3234
1957
1706
1757
1841
3123
3495
1912
1670
1764
1828
3664
1921
2202
2009
1760
1856
1932
3518
2014
2682
2090
1860
1831
1936
3142
3494
2014
1804
1798
1871
1971
2520
3481
2061
1811
1867
1961
2049
2876
2137
2237
2221
1930
1918
2008
2092
2478
3046
2180
1898
1837
1927
2018
2686
3232
2102
1831
1845
1917
2012
2170
2819
2111
1823
1861
1928
3208
3592
2021
1759
1761
1871
3359
1898
2212
2003
1776
1821
1972
3574
2013
2358
2108
1842
1866
1950
2040
3004
3476
2118
1855
1885
1979
2063
2973
3404
2150
1884
320
1370
1607
1649
2184
1673
1954
1995
2066
2116
2462
2680
1966
1789
1789
1828
1925
3057
3358
1993
1717
1718
1788
2990
3591
1873
1688
1779
3257
1876
2036
1986
1745
1852
2794
3436
1924
1661
1760
1833
2787
1913
2091
2006
1760
1865
1956
2122
3132
2021
1763
1829
1913
1973
2071
2761
2081
1785
1850
1886
3500
1980
2200
2075
1784
1847
1919
2765
3367
1992
1760
1775
1862
1950
3170
2062
2556
2139
1871
1938
2049
2110
2172
2784
2219
1920
1842
1905
3663
2023
2747
2086
1822
1859
1945
2751
2751
3572
3330
1560
330
1362
1506
1515
1685
1857
1831
2068
2124
2176
2225
2383
2528
2034
1841
1833
1893
1958
2894
3244
2043
1773
1780
1864
3146
1941
2172
2022
1756
1867
1908
3134
2022
2075
2074
1793
1821
1901
1965
1969
2575
2065
1775
1813
1888
3072
3508
1984
1735
1818
1875
3173
3699
1976
1724
1783
1859
3161
3643
1937
1705
1786
1837
2965
3461
1911
1698
1766
1848
2137
2710
1945
1807
1889
1982
3092
2093
2342
2145
1864
330
368
575
626
1431
1845
1855
1840
1840
329
367
503
565
907
1403
1465
1727
1940
1571
2163
2194
2250
2302
2361
2410
2271
2316
2192
1929
1881
1835
1888
1952
2098
2126
2023
1723
1716
1793
1911
1957
1865
1638
1716
1833
1862
1792
1646
1726
1772
1785
1794
1636
1711
1776
1796
1787
1640
1719
1842
1884
1792
1640
1716
1802
1827
1790
1641
1717
1823
1841
1789
1640
1714
1801
1823
1791
1636
1720
1820
1843
1785
1637
1714
1825
1852
1786
1638
1715
1823
1867
1790
1638
1731
1879
1937
1790
1662
1738
1982
2060
1817
1636
1710
1960
2004
1787
1642
1716
1883
1946
1789
1632
1707
1859
1901
1782
1637
1711
1880
1935
1788
1638
1715
1865
1960
1785
1636
1711
1879
1927
1788
1644
1713
1957
2034
1786
1636
1711
2049
2108
1790
1643
1724
2051
2114
1798
1644
1724
1908
1971
1790
1652
1721
1931
1992
1793
1645
1722
1958
2013
1795
1646
1717
1909
1987
1793
1648
1727
1932
1988
1794
1640
1717
1922
1971
1789
1642
1718
1962
2013
1793
1640
1718
1963
2007
1797
1651
1723
1951
2018
1793
1643
1732
1972
2025
1790
1667
1742
2181
2262
1810
1636
1713
1993
2092
1786
1651
1721
1989
2058
1796
1642
1723
2021
2157
1793
1641
1715
2118
2277
1791
1651
1720
1951
2023
1797
1647
1725
1966
2068
1798
1645
1724
2006
2167
1791
1641
1723
2169
2294
1793
1647
1720
2152
2282
1795
1645
1729
2201
2358
1797
1640
1722
2246
2323
1790
1649
1717
2053
2123
1788
1649
1731
2074
2155
1800
1650
1730
2067
2165
1795
1644
1719
2023
2115
1793
1653
1721
2081
2174
1796
1642
1722
2039
2111
1788
1644
1720
2056
2142
1807
1644
1742
2093
2171
1817
1642
1718
2037
2129
1787
1649
1730
2089
2204
1798
1641
1721
2130
2222
1791
1645
1719
2091
2170
1793
1647
1722
1979
2102
1801
1643
1724
2054
2157
1794
1648
1723
2048
2157
1802
1641
1718
2109
2198
1792
1649
1726
2138
2264
1797
1644
1725
2078
2193
1799
1644
1721
2104
2251
1801
1646
1728
2125
2255
1795
1645
1723
2118
2244
1794
1644
1725
2128
2212
1796
1646
1723
2181
2277
1790
1649
1718
2136
2231
1793
1649
1724
2066
2205
1799
1654
1722
2073
2185
1797
1645
1731
2326
2525
1797
1669
1746
2178
2318
1813
1641
1726
2145
2266
1792
1672
1749
2325
2492
1820
1640
1710
2105
2196
1794
1657
1755
2219
2362
1821
1643
1718
2128
2247
1792
1653
1731
2190
2299
1799
1646
1728
2352
2523
1794
1659
1725
2317
2562
1801
1650
1725
2374
2579
1800
1652
1726
2183
2310
1804
1651
1729
2228
2371
1801
1654
1726
2198
2315
1796
1649
1722
2170
2350
1813
1651
1756
2446
2573
1821
1665
1743
2280
2420
1818
1645
1722
2144
2299
1794
1651
1732
2381
2599
1802
1648
1724
2192
2356
1796
1671
1726
2403
2582
1818
1672
1771
2315
2447
1840
1661
1729
2244
2365
1802
1651
1724
2406
2539
1804
1657
1731
2404
2527
1802
1648
1724
2121
2230
1801
1658
1727
2234
2395
1795
1647
1717
2446
2646
1794
1650
1722
2267
2395
1798
1644
1724
2347
2474
1789
1649
1723
2228
2375
1794
1652
1722
2250
2413
1794
1654
1724
2273
2398
1794
1649
1729
2198
2344
1803
1648
1745
2309
2478
1819
1642
1718
2306
2422
1795
1649
1741
2194
2345
1800
1684
1747
2177
2314
1815
1643
1722
2224
2386
1794
1651
1737
2321
2626
1800
1674
1746
2515
2758
1819
1643
1731
2312
2480
1790
1675
1747
2214
2351
1829
1643
1739
2314
2488
1816
1644
1727
2372
2526
1800
1676
1756
2433
2674
1826
1646
1733
2491
2732
1796
1679
1757
2343
2476
1826
1645
1725
2191
2339
1795
1659
1733
2237
2364
1809
1660
1724
2182
2406
1807
1647
1750
2278
2534
1821
1643
1722
2273
2480
1797
1647
1723
2307
2435
1800
1645
1724
2288
2457
1801
1656
1740
2288
2428
1801
1675
1759
2384
2500
1825
1676
1738
2560
2790
1812
1649
1730
2624
2830
1800
1657
1747
2567
2732
1807
1679
1757
2633
2792
1824
1672
1747
2581
2775
1830
1652
1749
2371
2603
1820
1645
1730
2410
2514
1791
1678
1749
2291
2441
1826
1646
1718
2198
2350
1798
1657
1732
2312
2506
1803
1647
1717
2361
2535
1789
1650
1721
2378
2558
1797
1657
1727
2342
2523
1800
1652
1728
2334
2572
1797
1665
1729
2529
2795
1804
1662
1756
2374
2554
1821
1667
1754
2640
2780
1816
1672
1746
2262
2436
1821
1649
1720
2446
2619
1795
1653
1730
2363
2460
1804
1656
1728
2333
2566
1802
1652
1735
2403
2574
1810
1655
1748
2329
2565
1823
1640
1715
2582
2841
1794
1666
1738
2564
2711
1805
1663
1727
2347
2632
1798
1652
1732
2350
2552
1804
1649
1730
2392
2546
1806
1651
1729
2267
2459
1813
1660
1750
2436
2588
1820
1644
1718
2464
2735
1782
1652
1728
2526
2697
1800
1652
1730
2420
2564
1799
1656
1730
2470
2666
1803
1651
1726
2500
2655
1801
1654
1732
2398
2639
1799
1652
1726
2389
2558
1798
1658
1724
2528
2715
1793
1656
1733
2432
2732
1800
1653
1727
2671
2957
1796
1657
1730
2715
3010
1800
1650
1725
2539
2745
1792
1650
1726
2508
2760
1797
1656
1728
2586
2752
1799
1669
1733
2343
2537
1819
1697
1771
2440
2643
1845
1645
1719
2437
2586
1789
1658
1734
2689
2864
1811
1657
1748
2509
2733
1818
1651
1731
2416
2597
1791
1672
1752
2440
2688
1829
1651
1745
2369
2640
1830
1643
1744
2710
3050
1813
1652
1723
2640
2935
1793
1650
1728
2510
2812
1807
1648
1729
2741
3026
1800
1651
1724
2605
2788
1802
1660
1724
2366
2603
1812
1676
1750
2452
2686
1846
1666
1741
2405
2562
1818
1655
1724
2658
2987
1795
1654
1735
2612
2895
1803
1680
1754
2676
2957
1827
1649
1723
2414
2617
1802
1657
1739
2723
3027
1817
1653
1750
2722
2918
1824
1643
1725
2505
2677
1799
1681
1750
2598
2819
1843
1643
1747
2705
2942
1817
1674
1745
2622
2845
1825
1649
1737
2662
2910
1805
1679
1752
2806
3097
1821
1647
1729
2528
2807
1798
1678
1728
2352
2590
1830
1674
1775
2465
2763
1847
1665
1766
2608
3030
1835
1670
1749
2409
2753
1819
1660
1731
2732
2962
1821
1661
1763
2831
3079
1829
1680
1745
2667
2963
1836
1660
1743
2645
2936
1826
1647
1727
2624
2887
1789
1655
1729
2717
2987
1803
1652
1731
2894
3193
1804
1655
1728
2665
2866
1804
1653
1735
2337
2587
1808
1657
1730
2439
2637
1800
1660
1726
2429
2699
1810
1665
1752
2486
2699
1833
1654
1746
2553
2806
1818
1657
1735
2809
3129
1800
1691
1762
2752
3055
1848
1701
1796
2756
3069
1874
1656
1767
2959
3291
1833
1673
1746
2584
2738
1818
1649
1734
2629
2939
1811
1658
1750
2729
3004
1826
1649
1732
2712
2948
1801
1680
1779
2911
3249
1843
1674
1740
2746
3040
1815
1668
1737
2744
2999
1813
1660
1769
2671
2873
1822
1670
1757
2770
2935
1819
1683
1747
2777
2995
1823
1667
1726
2707
2944
1810
1661
1765
2566
2921
1830
1674
1769
2838
3047
1822
1686
1753
2831
3083
1825
1655
1733
2646
2954
1803
1668
1735
2575
2812
1808
1674
1739
2649
2865
1814
1671
1750
2804
3210
1827
1652
1727
2515
2754
1804
1655
1737
2764
3061
1799
1662
1734
2708
2994
1804
1665
1743
2820
3035
1814
1690
1778
2584
2800
1863
1663
1763
2981
3354
1827
1686
1760
2904
3278
1840
1704
1793
2946
3327
1847
1672
1746
2960
3168
1823
1658
1759
2595
2830
1825
1681
1760
2924
3101
1824
1676
1788
3071
3395
1852
1668
1746
2924
3194
1821
1654
1754
2886
3130
1828
1645
1726
2956
3319
1798
1653
1733
2715
2999
1811
1660
1761
3009
3388
1829
1677
1759
2590
2901
1823
1679
1751
2607
2900
1822
1664
1736
2738
3103
1799
1663
1740
2892
3067
1815
1661
1732
2405
2598
1807
1653
1743
2567
2882
1809
1692
1764
2879
3151
1845
1649
1758
2975
3336
1819
1687
1761
2903
3225
1835
1669
1775
2957
3369
1849
1679
1765
2667
2911
1847
1649
1744
2960
3364
1816
1652
1733
2873
3242
1819
1683
1785
3051
3419
1863
1682
1764
2989
3403
1850
1688
1749
2988
3408
1829
1703
1774
2999
3344
1847
1662
1729
2866
3188
1787
1687
1777
3117
3473
1848
1678
1769
3005
3315
1850
1646
1744
2608
2911
1811
1674
1755
2593
2855
1833
1667
1749
2602
2862
1827
1654
1752
2932
3314
1818
1675
1764
2991
3378
1830
1686
1754
2746
3078
1818
1662
1742
3006
3292
1812
1683
1767
2619
2947
1827
1686
1754
2615
2852
1832
1654
1750
2646
3010
1829
1650
1730
2632
2874
1803
1690
1774
2618
3044
1824
1675
1763
2997
3383
1821
1687
1760
2820
3192
1820
1651
1738
2908
3326
1799
1690
1770
2947
3216
1832
1685
1758
2626
2946
1817
1689
1750
2986
3431
1844
1674
1783
3086
3427
1834
1671
1740
2839
3293
1819
1651
1739
2627
2901
1813
1696
1777
3037
3457
1854
1639
1730
2860
3175
1802
1693
1780
2755
3036
1853
1634
1717
2781
3121
1790
1662
1741
2923
3233
1811
1665
1747
2629
2979
1810
1681
1755
2711
3047
1842
1660
1751
2639
3093
1824
1691
1767
2877
3313
1868
1670
1775
2969
3180
1835
1686
1748
2926
3264
1823
1658
1734
2952
3244
1815
1682
1763
2685
3051
1854
1668
1747
3036
3475
1814
1666
1742
3016
3426
1801
1689
1774
3120
3459
1838
1680
1775
3029
3327
1839
1669
1751
2671
2911
1827
1667
1757
2669
2880
1833
1651
1757
2689
3113
1827
1683
1790
2772
3244
1849
1673
1779
3085
3575
1835
1678
1753
2379
2603
1814
1688
1760
2956
3371
1834
1657
1754
3163
3522
1825
1678
1760
3032
3391
1825
1687
1757
3061
3440
1830
1662
1758
3030
3377
1822
1674
1750
2872
3252
1821
1653
1732
2880
3200
1804
1660
1739
2665
2925
1814
1665
1741
2336
2552
1808
1686
1770
3008
3428
1836
1677
1784
3197
3416
1856
1680
1782
2692
3022
1841
1677
1777
2755
3053
1845
1672
1768
2694
3052
1840
1691
1773
3098
3487
1864
1676
1754
3124
3470
1820
1681
1752
3083
3496
1826
1649
1724
2646
2988
1807
1670
1757
3162
3477
1833
1656
1728
3124
3438
1794
1668
1734
3091
3383
1813
1668
1740
2710
3080
1815
1687
1774
3254
3581
1854
1653
1733
3112
3434
1805
1701
1793
3118
3405
1872
1673
1772
3166
3547
1833
1688
1753
3187
3479
1827
1658
1754
2937
3309
1837
1651
1759
2721
3065
1831
1683
1779
3111
3481
1849
1677
1770
2696
2990
1842
1689
1778
2788
3193
1871
1677
1764
2411
2700
1841
1643
1723
2965
3343
1794
1681
1736
3088
3426
1835
1690
1786
2728
3108
1852
1670
1745
2660
2946
1822
1665
1745
2687
3067
1816
1695
1790
2452
2826
1873
1691
1763
2964
3382
1839
1661
1727
3105
3401
1823
1669
1769
3127
3443
1834
1671
1759
2773
3152
1825
1687
1759
3097
3601
1829
1694
1759
2777
3096
1831
1690
1782
2857
3137
1861
1681
1769
3164
3651
1839
1657
1724
2850
3200
1800
1662
1740
3035
3482
1808
1663
1744
3108
3508
1817
1693
1796
2792
3164
1857
1667
1749
2705
3053
1822
1680
1751
3087
3566
1829
1669
1752
3024
3462
1812
1702
1776
3136
3509
1861
1707
1803
3251
3569
1874
1666
1775
3219
3471
1845
1674
1769
2757
3072
1838
1643
1724
2694
3154
1795
1678
1745
3025
3599
1834
1667
1754
3092
3572
1837
1663
1746
3109
1830
1846
1894
1753
1826
3174
3732
1919
1677
1765
2529
2897
1832
1660
1732
2702
3064
1808
1673
1738
3094
3576
1811
1668
1750
3125
3380
1816
1696
1781
2785
3175
1879
1694
1783
2745
3033
1857
1661
1724
2912
3404
1805
1670
1773
3259
1832
1969
1950
1730
1819
3180
3667
1904
1652
1739
3163
3551
1838
1661
1762
3200
3520
1833
1677
1773
2743
3011
1847
1673
1784
3206
3586
1846
1688
1775
3197
3621
1867
1691
1793
2844
3319
1876
1669
1770
3190
3511
1842
1679
1773
3216
1860
1890
1939
1755
1845
3397
1926
2172
2001
1740
1820
1892
2932
3316
1975
1731
1779
1861
2816
3277
1935
1681
1767
1839
2945
3413
1905
1672
1746
1812
2756
3104
1881
1654
1727
3156
3586
1804
1667
1761
3206
1838
1902
1909
1741
1832
3354
1897
2247
1977
1715
1798
3202
1878
1890
1961
1759
1850
3220
3673
1920
1667
1718
1789
3239
1881
2033
1968
1803
1877
3333
1965
2129
2052
1775
1826
1900
3234
1996
2000
2075
1795
1857
1924
3302
3672
2022
1734
1756
1834
3190
1931
1933
2022
1773
1862
3348
3569
1937
1697
1765
1828
2722
2964
1923
1684
1769
3123
3417
1867
1710
1800
2918
3248
1864
1668
1745
3143
3517
1821
1675
1786
2882
3445
1856
1675
1770
2901
3212
1831
1688
1760
2754
3386
1832
1683
1771
3237
1852
1959
1929
1719
1820
3310
3644
1916
1682
1768
3286
1837
1929
1925
1712
1814
3344
1885
2033
1972
1764
1860
3346
1931
2161
2010
1760
1823
1886
3484
1972
2315
2056
1786
1865
1927
3249
3601
2022
1743
1765
1820
3083
3742
1926
1675
1768
3219
1849
1901
1912
1729
1801
3167
1886
1954
1951
1724
1835
3297
3615
1912
1677
1758
3149
3675
1852
1670
1764
2701
3020
1826
1689
1774
2794
3198
1872
1666
1773
2427
2675
1848
1678
1768
3232
1836
1968
1912
1697
1803
3265
3587
1886
1690
1772
2714
3075
1861
1665
1758
2751
3064
1828
1691
1794
3282
1878
1914
1983
1778
1863
3397
1927
2007
2024
1737
1811
1890
3272
1954
2165
2054
1775
1828
1911
3307
1978
2246
2077
1772
1803
1880
3274
1949
2081
2031
1768
1843
1903
2905
3289
2016
1716
1772
1846
3212
1926
1963
2026
1752
1848
3377
1922
2169
2007
1739
1849
3365
1909
1984
1995
1736
1817
1886
2884
3310
1991
1722
1794
1866
3256
3710
1956
1710
1788
1860
2958
3386
1946
1709
1770
1833
2691
3085
1928
1657
1741
2769
3135
1830
1661
1760
3278
1826
2007
1920
1725
1841
3353
1900
1986
1982
1750
1815
3369
1889
1991
1967
1706
1817
2755
3219
1881
1678
1792
3182
3538
1847
1691
1745
2693
3069
1861
1680
1769
3200
1859
2037
1916
1731
1816
3440
1881
2177
1960
1742
1820
3204
3426
1893
1680
1774
3370
1854
2170
1918
1724
1824
3282
3614
1911
1685
1780
2952
3334
1841
1670
1783
2965
3308
1850
1684
1777
2725
3115
1874
1707
1799
3451
1868
2150
1966
1744
1842
3300
1935
1967
2007
1762
1839
1940
3428
2008
2146
2102
1814
1810
1886
3232
1963
2043
2025
1763
1823
1889
2983
3330
1976
1693
1754
1827
2917
3327
1913
1707
1804
2713
3276
1883
1689
1770
3149
1869
1934
1958
1771
1862
3318
1936
1963
2010
1747
1817
1892
2785
3386
1985
1728
1786
1870
2884
3212
1936
1689
1767
1840
3250
1937
2043
2018
1770
1872
1951
3481
2031
2339
2126
1831
1852
1914
3410
2002
2322
2074
1811
1832
1902
2782
3038
2014
1728
1789
1872
2826
3338
1966
1720
1787
1890
3348
1985
2178
2069
1821
1835
1935
2941
3456
1998
1756
1752
1821
3415
1904
1962
1958
1732
1811
3469
1879
2018
1965
1756
1853
3499
1909
2347
1999
1754
1844
3494
1913
2227
2019
1757
1846
1893
3573
1995
2415
2050
1797
1809
1887
3295
3591
1953
1696
1771
1840
2779
3093
1944
1687
1777
1843
3349
3741
1943
1678
1768
3248
1858
1946
1911
1745
1813
2867
3255
1919
1698
1794
3328
3653
1875
1672
1762
2677
3202
1849
1660
1760
3226
1839
1886
1920
1766
1837
3367
1907
1971
1977
1700
1808
1875
3179
1971
1977
2033
1775
1821
1886
2954
3260
1974
1698
1751
1844
3176
1917
1944
2007
1762
1848
1913
3441
2002
2092
2105
1813
1860
1919
2903
3193
2021
1725
1765
1842
2806
3172
1922
1704
1775
3091
3575
1855
1694
1773
3342
1884
2194
1940
1750
1827
3309
1892
1985
1983
1753
1851
3257
3633
1930
1693
1790
2854
3180
1869
1668
1779
2885
3305
1851
1674
1765
3275
1843
1921
1908
1739
1806
3172
1877
1921
1957
1730
1813
3335
1880
2222
1979
1749
1825
3381
1924
2218
1991
1767
1847
3475
1939
2352
2019
1771
1846
1951
3498
2031
2185
2130
1830
1852
1919
2875
3247
2012
1749
1805
1872
3302
1957
2255
2051
1783
1861
1956
3038
3291
2016
1756
1763
1838
3618
1943
2375
2010
1784
1864
2634
3018
1972
1712
1793
1860
2806
3224
1960
1703
1797
1866
3520
1949
2245
2047
1766
1839
1921
3503
2001
2313
2102
1817
1870
1937
3497
2034
2340
2118
1844
1860
1927
2809
3486
2003
1751
1773
1836
1926
2067
2545
2025
1781
1865
2851
3511
1939
1698
1771
1840
2672
2939
1937
1702
1798
3392
1867
2094
1950
1745
1825
3210
1892
1937
1995
1747
1824
3478
1904
2299
1972
1732
1819
3293
3653
1897
1645
1770
2776
3150
1828
1706
1757
2759
3239
1855
1702
1785
2813
3230
1884
1707
1799
3359
1896
1948
1981
1766
1857
3519
1937
2157
2028
1771
1829
1912
3176
3626
1987
1716
1756
1837
3323
1899
2015
1993
1714
1832
1883
3435
1984
2357
2054
1779
1847
1922
2918
3222
2009
1757
1785
1857
3125
3605
1931
1686
1787
1858
2968
3522
1948
1700
1815
1869
3023
3411
1957
1720
1796
1871
3311
1948
2232
2045
1788
1859
1940
3430
2000
2318
2106
1803
1801
1891
3391
1947
2287
2050
1745
1837
1897
1989
1994
2955
2043
1780
1837
1907
3275
1985
2241
2071
1804
1863
1938
3360
2019
2127
2122
1812
1840
1908
3414
2004
2316
2101
1816
1864
1932
3512
2014
2316
2119
1841
1853
1937
2625
2983
2022
1755
1780
1860
3122
3527
1944
1710
1787
1872
2820
3265
1943
1696
1763
1845
2944
3338
1911
1680
1772
1843
2999
3415
1939
1681
1769
3466
1850
2261
1941
1764
1870
3548
1939
2323
2025
1755
1836
1909
3643
1984
2346
2076
1789
1823
1908
3508
1962
2429
2072
1779
1832
1901
3503
1998
2296
2078
1805
1855
1943
3407
1998
2325
2107
1806
1804
1885
2895
3333
1964
1685
1751
1849
3351
1894
2098
1984
1730
1835
3399
1910
1928
1988
1752
1845
1917
2251
2549
2000
1751
1851
1909
3505
2002
2352
2085
1821
1865
1928
3434
2028
2886
2084
1814
1819
1881
3339
1973
2067
2038
1770
1854
1921
3543
2007
2273
2081
1812
1838
1898
3400
1985
2042
2057
1792
1852
1914
3602
2008
2282
2093
1833
1846
1953
3503
2023
2185
2091
1830
1814
1889
3291
1956
2014
2061
1778
1851
1900
3320
2000
2163
2075
1791
1841
1887
3309
1997
2050
2062
1782
1836
1902
2857
3389
2009
1749
1786
1856
2874
3485
1948
1721
1802
1898
2764
3178
1988
1751
1775
1889
3364
1937
2215
2037
1757
1813
1884
1971
2106
2585
2047
1782
1852
1931
2827
3329
2027
1762
1793
1857
3171
1946
2052
2043
1786
1857
1941
2008
2052
2908
2095
1824
1818
1902
3296
1966
2154
2061
1777
1821
1881
1980
2330
2684
2053
1780
1847
1923
2796
3566
2021
1749
1796
1872
3364
1966
2152
2056
1772
1875
1938
3588
2021
2673
2119
1848
1846
1926
3364
1985
2163
2088
1817
1805
1923
2787
3149
1969
1717
1754
1811
2839
3209
1928
1689
1776
3662
1852
2414
1944
1767
1852
3382
1928
2144
1995
1746
1832
1897
3455
1977
2175
2081
1820
1869
1962
3148
3594
2046
1784
1771
1846
3284
1914
2136
1994
1746
1827
3385
1895
2061
2002
1764
1853
3355
1920
2187
2019
1755
1841
1906
3298
1998
2048
2096
1820
1845
1924
2013
2053
2533
2094
1839
1857
1947
3307
2035
2329
2139
1868
1862
1936
2023
2153
2587
2126
1853
1845
1939
3547
2038
2808
2119
1848
1856
1906
3284
2013
2088
2092
1800
1833
1920
1987
2271
3091
2086
1785
1835
1907
3403
1994
2185
2081
1819
1856
1934
3612
2019
2473
2123
1839
1860
1919
2873
3595
2016
1735
1757
1837
3101
1914
2042
2008
1763
1855
3375
1931
2225
2028
1751
1842
1921
3265
2000
2298
2105
1815
1858
1935
2849
3383
2020
1787
1800
1897
2789
3584
1976
1726
1784
1859
2921
1972
2138
2041
1776
1871
1951
3355
2040
2352
2133
1847
1842
1917
3231
3628
2004
1757
1793
1887
3039
3399
1954
1744
1790
1894
3580
1989
2209
2064
1798
1862
1914
3162
2027
2055
2090
1808
1834
1910
3500
1989
2249
2077
1798
1850
1914
1994
2050
2840
2081
1825
1855
1950
3491
2012
2324
2108
1809
1807
1868
1971
2457
2859
2022
1792
1844
1927
2761
3263
2041
1756
1788
1858
3258
1949
2021
2022
1770
1854
1920
3398
2005
2819
2084
1820
1859
1925
3679
2028
2403
2123
1832
1828
1899
3527
1983
2231
2045
1772
1832
1892
2906
3326
1980
1747
1787
1882
2866
3522
1943
1705
1742
1815
1902
1906
2656
2002
1795
1880
3708
1978
2750
2064
1812
1879
1951
3691
2044
2432
2141
1865
1860
1922
2954
3454
2008
1774
1805
1886
3488
1969
2131
2055
1781
1845
1908
3546
1999
2296
2092
1820
1878
1959
3599
2063
2619
2130
1853
1859
1910
3208
2005
2009
2089
1789
1841
1921
3131
3641
2000
1767
1813
1885
3557
1972
2468
2092
1792
1868
1920
3408
3741
2020
1749
1786
1855
1946
2492
3304
2025
1780
1865
1957
2007
3031
2015
1763
1833
1889
1991
2147
2789
2063
1790
1870
1914
2022
2304
3462
2092
1826
1869
1947
3368
2021
2311
2130
1840
1849
1931
3424
2005
2357
2100
1815
1841
1917
3639
1999
2246
2110
1822
1871
1949
2981
3361
2008
1757
1739
1818
3324
1878
2086
2000
1745
1828
3402
1912
2140
2005
1744
1860
3334
1917
2151
2028
1770
1853
1946
2037
2795
2110
2133
2194
1927
1921
2017
3507
2091
2475
2184
1898
1832
1920
2788
3172
1983
1743
1775
1881
2923
3323
1937
1712
1766
1818
2770
3295
1915
1710
1803
1884
2160
3548
1990
1746
1841
1916
2063
2722
2004
1770
1861
1967
2723
3327
2047
1793
1878
1931
3649
2038
2418
2101
1838
1862
1937
2032
2035
2513
2102
1835
1867
1922
2003
2345
2088
2144
2185
1889
1947
2004
2090
2103
3146
2181
1900
1852
1909
3561
2002
2470
2081
1808
1835
1921
1975
2221
2604
2061
1787
1816
1906
2003
2007
2464
2102
1810
1860
1939
3435
2027
2207
2108
1835
1868
1929
3236
3676
2007
1770
1775
1846
3458
1940
2332
2019
1774
1868
1947
2125
3022
2042
1779
1838
1920
1980
2553
3206
2070
1812
1834
1932
2038
3478
2097
2351
2191
1915
1941
2021
3651
2094
2706
2207
1900
1841
1896
1996
2368
3079
2072
1816
1886
1967
2052
2204
2589
2129
1864
1860
1944
3683
2035
2334
2124
1857
1849
1920
2033
2036
2740
2117
1821
1863
1942
2021
2685
2969
2108
1893
1856
1951
3389
2017
2297
2130
1865
1828
1902
1994
2594
3010
2084
1809
1863
1931
3500
1997
2142
2117
1821
1851
1922
2994
3322
2003
1745
1806
1856
3658
1951
2382
2034
1766
1843
1929
3043
3403
2013
1777
1802
1874
1992
2080
2506
2050
1787
1841
1922
3396
2007
2319
2126
1836
1879
1946
2036
2905
3688
2123
1894
1878
1958
2051
2591
2136
2152
2197
1941
1907
2003
2100
3036
3429
2177
1908
1844
1926
2037
2471
3138
2093
1843
1880
1925
2030
2152
2816
2119
1864
1869
1973
2071
2417
2141
2415
2219
1942
1944
2004
2990
3330
2091
1857
1812
1887
1965
2803
3155
2064
1812
1872
1941
2057
2243
2979
2126
1877
1883
1985
3339
3695
2064
1807
1782
1867
1967
2192
3277
2057
1783
1916
1958
3120
2067
2070
2147
1868
1877
1941
3313
2024
2303
2118
1844
1888
1943
3193
3547
2045
1780
1796
1877
3409
1972
2435
2066
1804
1864
1986
2028
2652
3500
2131
1839
1856
1914
1984
2533
3671
2096
1788
1855
1923
2019
3241
2121
2393
2226
1908
1952
2036
2109
3165
2192
2514
2283
1984
1952
2019
2099
2843
3687
2174
1912
1878
1967
2053
2473
3221
2150
1864
1891
1948
2040
2634
3088
2097
1869
1854
1954
2028
2410
3022
2125
1818
1832
1887
3043
3443
1983
1753
1819
1886
1988
2170
2668
2048
1786
1850
1959
2026
2423
329
1404
1569
1581
2399
1861
2125
2096
2146
2193
2242
2204
2304
2019
1887
1920
1936
1972
2023
2095
2617
2766
2158
1862
1714
1792
2372
2525
1861
1667
1744
2452
2754
1824
1642
1719
2487
2744
1793
1650
1728
2467
2696
1793
1669
1748
2652
3007
1824
1638
1741
2699
3019
1820
1670
1769
3099
3366
1840
1658
1758
2776
3161
1825
1689
1746
3208
3698
1845
1670
1777
3209
1847
1861
1944
1750
1841
3441
1909
2137
2012
1739
1834
1898
2822
3176
1989
1709
1747
1834
2846
3270
1916
1690
1804
3629
1858
2270
1969
1748
1839
3653
1934
2296
2020
1776
1851
1948
2027
2565
3095
2108
1855
1826
1913
2841
3581
1997
1748
3620
2360
2621
2645
334
884
1067
1122
1472
1522
333
367
569
652
859
1589
1608
1912
1850
2066
2042
2069
2081
2097
2130
2151
2183
2371
2537
1961
1800
1757
1776
1841
998
998
