204
101
6
6
231
348
474
630
788
947
1122
1257
1371
307
425
584
775
980
1180
1370
1574
1663
1883
2259
1665
1195
1145
1441
1704
1990
2247
2407
2766
2838
3049
3210
3347
3443
2407
2268
3279
3419
3469
3527
2960
3541
3551
3550
3608
3667
3712
3054
3699
3748
3757
3696
3549
3580
3651
3659
3727
3751
3752
3751
2499
3759
3779
3741
3670
3684
3270
3726
2015
3741
3746
3694
3654
3705
2356
3042
3725
3725
3673
3681
3699
1972
2314
3708
3724
3690
3633
3388
3694
1910
3709
3731
3684
3683
3378
3692
2068
3708
3730
3695
3646
3704
2032
2872
3702
3061
278
338
399
2858
2285
2621
2090
2034
2461
3295
3141
2265
2595
3475
3549
3567
3607
2648
2983
3657
3661
3644
2782
3252
3644
3689
3669
2925
3352
3649
3720
3652
2386
2682
3650
3648
3646
3091
3637
1683
3707
3715
3708
2948
3302
3666
3729
3696
3645
2666
2991
3719
3652
3692
2757
3342
3658
3633
3683
2798
3158
3642
3709
3647
2974
3682
3700
3650
3691
2574
2908
3660
3633
3684
3054
3554
3638
3706
3631
2997
3356
3927
3873
1894
1854
2395
2251
2421
431
440
470
2140
2380
1647
2011
1761
2493
2313
2641
3064
3177
3377
3458
2869
2859
3314
3556
3531
3559
3597
3638
3165
3523
3679
3710
3666
3668
3110
3500
3709
3729
3694
3655
2768
3194
3726
3738
3704
3655
3128
3732
1948
3664
3746
3708
3724
3469
3725
2137
3739
3756
3731
3670
2880
3564
3738
3752
3722
3671
3100
3654
1997
3743
3751
3708
3727
2818
3147
3654
3739
3698
3702
2725
3082
3721
3738
3711
3658
3222
3737
2251
3753
3747
3723
3656
2696
3062
3742
3749
3702
3713
2854
3351
3649
3733
3696
3707
2905
3511
3721
3732
3710
3665
3159
3631
3733
3743
3718
3654
2734
3092
3736
3650
3713
3664
2643
3281
3727
3739
3710
3660
3400
3738
2470
3746
3755
3725
3644
3590
3738
2226
3663
3758
3716
3717
3727
2307
2668
3743
3758
3722
3643
3708
2013
3288
3722
3737
3714
3664
3725
2025
2660
3741
3747
3728
3641
3679
3717
2377
3729
3745
3731
3674
2732
3096
3730
3740
3689
3697
3699
2547
3153
3707
3719
3711
3654
3725
2101
2484
3744
3764
3715
3718
3733
2641
3377
3741
3752
3706
3708
3715
3716
2775
3745
3764
3729
3640
3580
3718
2333
3737
3755
3707
3713
3730
2625
3629
3745
3747
3714
3686
3726
2314
2909
3738
3746
3706
3715
3729
2547
3733
2290
3755
3757
3745
3664
3750
2718
2762
3126
1815
1775
1559
2078
2742
2972
3185
3056
2620
2523
3120
3395
3409
3475
3543
2492
2742
3600
3650
3616
3635
2790
3348
3652
3694
3668
3016
3414
3694
3715
3688
2726
3111
3715
3658
3700
3351
3645
2289
3719
3723
3700
2737
3311
3655
3723
3713
3652
3528
3714
2174
3719
3732
3701
3666
3725
2224
2820
3737
3759
3729
3664
3299
3733
2317
3743
3754
3716
3715
3514
3726
2327
3737
3752
3718
3723
3734
2356
3146
3740
3750
3717
3718
3729
2686
3010
3738
3755
3714
3719
3083
3727
2253
3738
3745
3704
3705
3715
2386
3732
2160
3740
3753
2885
3125
1814
1639
2297
2251
2055
2056
1211
905
980
1008
1802
1333
1995
1664
1860
2031
2409
2601
2630
2249
2344
2611
2705
2861
3022
3177
3304
3365
3419
2326
2336
3494
3584
3494
3453
3490
3559
2007
2059
3618
3667
3596
3617
1871
1909
3660
3671
3658
3670
1804
1824
3661
3669
3679
1762
1778
3671
3664
3670
1765
1793
3667
3666
3669
1836
1858
3669
3663
3674
1793
1819
3663
3664
3673
1817
1838
3662
3661
3669
1846
1894
3668
3667
3665
1834
1891
3668
3664
3671
1894
1933
3671
3666
3668
1829
1886
3659
3665
3673
1870
1900
3667
3664
3672
1940
2033
3667
3663
3674
1932
2008
3667
3660
3664
1953
2055
3673
3666
3673
1953
2021
3670
3663
3672
1972
2086
3669
3668
3675
1968
2073
3670
3666
3672
2016
2085
3664
3664
3673
1897
1957
3667
3666
2867
1874
1936
3710
3695
3657
1957
2028
3671
3665
3674
1933
1986
3671
3663
3672
1908
1970
3669
3661
3674
1966
2031
3665
3664
3677
1924
2011
3663
3665
3674
1992
2049
3672
3665
3672
1974
2069
3669
3667
3674
1938
2020
3669
3663
3671
1967
2024
3669
3663
3671
1937
1996
3667
3667
3666
2087
2187
3672
3663
3668
2126
2210
3664
3669
3670
1985
2088
3662
3663
3673
1959
2057
3669
3660
3663
2043
2142
3669
3668
3677
2011
2096
3668
3665
3672
1994
2088
3670
3667
3671
2002
2145
3669
3668
3669
2019
2088
3661
3669
3670
2182
2309
3670
3665
3674
2049
2131
3669
3662
3671
1977
2094
3668
3662
3667
2066
2156
3667
3666
3675
2004
2144
3670
3664
3674
2184
2357
3669
3666
3661
2005
2129
3670
3667
3672
1996
2088
3670
3667
3672
2119
2226
3659
3753
3674
2104
2207
3648
3747
3671
2109
2203
3667
3666
3651
2066
2160
3673
3669
3675
2225
2372
3671
3667
3672
2075
2176
3667
3661
3669
2048
2193
3668
3663
3669
2075
2176
3672
3665
3674
2029
2130
3673
3662
3669
2083
2169
3661
3751
3670
2142
2243
3666
3669
3667
2164
2341
3668
3663
3673
2035
2157
3663
3669
3676
2078
2176
3658
3747
3672
2152
2242
3667
3669
3677
2075
2281
3665
3654
3731
2105
2256
3662
3752
3659
2133
2248
3663
3665
3675
2106
2205
3662
3749
3673
2122
2296
3663
3670
3671
2148
2266
3669
3663
3669
2180
2254
3669
3670
3667
2078
2178
3666
3671
3672
2120
2244
3666
3665
3673
2136
2259
3673
3665
3666
2211
2299
3666
3660
3677
2336
2514
3670
3664
3671
2125
2247
3669
3667
3677
2066
2222
3668
3664
3675
2114
2257
3673
3664
3675
2177
2417
3665
3661
3666
2345
2463
3671
3662
3674
2348
2488
3662
3663
3672
2205
2424
3670
3667
3669
2367
2574
3667
3662
3671
2374
2554
3660
3744
3661
2238
2347
3667
3659
3727
2103
2231
3667
3664
3672
2320
2426
3668
3659
3675
2171
2290
3670
3666
3677
2154
2293
3672
3667
3671
2196
2340
3662
3747
3672
2213
2379
3667
3667
3670
2265
2406
3666
3662
3670
2255
2382
3670
3668
3667
2265
2520
3663
3666
3673
2387
2508
3670
3665
3674
2235
2390
3665
3667
3675
2178
2311
3666
3666
3663
2230
2331
3664
3666
3675
2154
2291
3669
3663
3657
2430
2569
3660
3667
3674
2311
2444
3673
3657
3671
2215
2370
3668
3668
3662
2151
2302
3668
3672
3666
2260
2392
3668
3671
3671
2231
2389
3659
3748
3662
2337
2521
3667
3667
3675
2344
2470
3666
3665
3672
2212
2379
3672
3651
3727
2230
2382
3658
3749
3663
2222
2389
3671
3668
3675
2230
2450
3654
3746
3668
2438
2630
3666
3671
3675
2261
2399
3664
3663
3658
2323
2498
3675
3666
3670
2294
2444
3665
3661
3726
2494
2756
3659
3744
3729
2335
2583
3663
3661
3679
2373
2578
3669
3669
3669
2397
2570
3671
3669
3672
2279
2450
3667
3658
3730
2345
2525
3671
3667
3669
2490
2749
3665
3664
3671
2502
2719
3664
3672
3674
2516
2760
3658
3750
3671
2476
2781
3666
3662
3671
2257
2467
3671
3666
3669
2241
2369
3673
3667
3673
2254
2381
3668
3649
3717
2256
2445
3669
3655
3719
2298
2483
3672
3666
3675
2452
2671
3673
3663
3671
2549
2780
3666
3654
3730
2368
2579
3663
3750
3674
2533
2724
3665
3666
3653
2268
2468
3672
3663
3731
2549
2761
3669
3665
3670
2392
2635
3661
3662
3666
2305
2508
3666
3670
3673
2230
2398
3672
3665
3667
2393
2538
3662
3749
3651
2263
2459
3729
3744
3728
2391
2621
3670
3664
3674
2279
2486
3679
3662
3665
2472
2618
3662
3668
3673
2393
2582
3670
3669
3669
2529
2683
3661
3742
3726
2371
2682
3659
3667
3674
2597
2779
3671
3659
3670
2407
2585
3665
3663
3673
2421
2618
3659
3663
3672
2408
2612
3668
3661
3720
2522
2796
3656
3741
3674
2475
2683
3669
3669
3672
2494
2763
3672
3664
3671
2620
2815
3671
3663
3665
2655
2821
3665
3660
3671
2305
2483
3673
3662
3673
2326
2588
3661
3664
3669
2471
2648
3667
3666
3670
2566
2719
3666
3660
3670
2422
2614
3667
3669
3674
2397
2681
3659
3745
3664
2486
2694
3662
3663
3674
2369
2554
3668
3663
3670
2281
2467
3667
3665
3669
2281
2475
3675
3657
3732
2483
2821
3665
3755
3666
2706
2987
3659
3671
3673
2691
3002
3657
3744
3670
2457
2652
3664
3664
3663
2544
2726
3664
3744
3674
2511
2757
3667
3660
3726
2502
2760
3661
3748
3671
2437
2716
3665
3658
3725
2540
2808
3662
3747
3670
2556
2767
3665
3668
3672
2540
2764
3666
3661
3678
2394
2628
3662
3748
3665
2353
2630
3666
3673
3668
2593
2879
3667
3662
3666
2498
2698
3670
3666
3670
2455
2748
3659
3748
3667
2636
2879
3663
3659
3727
2455
2685
3659
3746
3729
2644
2866
3666
3662
3675
2446
2688
3671
3661
3663
2466
2675
3664
3747
3658
2438
2662
3738
3669
3666
2622
2908
3666
3660
3726
2625
2870
3667
3666
3674
2395
2617
3673
3657
3669
2435
2658
3669
3664
3666
2695
2963
3673
3662
3668
2698
3048
3658
3735
3724
2899
3228
3665
3667
3681
2557
2832
3663
3750
3665
2601
2837
3659
3751
3653
2615
2883
3733
3667
3670
2411
2724
3671
3667
3668
2774
3052
3670
3659
3670
2703
2979
3661
3668
3668
2526
2840
3660
3740
3723
2630
2855
3667
3662
3727
2454
2723
3663
3749
3673
2537
2771
3654
3752
3672
2730
2998
3670
3661
3671
2626
2946
3665
3752
3664
2599
2818
3654
3751
3676
2581
2796
3659
3749
3666
2518
2792
3662
3749
3658
2486
2800
3663
3668
3670
2461
2789
3669
3659
3655
2814
3079
3670
3666
3669
2737
2974
3663
3666
3646
2669
2960
3733
3663
3730
2752
3090
3664
3756
3659
2674
2880
3666
3661
3731
2935
3256
3653
3746
3663
2698
2904
3664
3654
3725
2764
3067
3665
3751
3668
2830
3106
3663
3662
3674
2738
3075
3659
3750
3667
2814
3156
3665
3667
3664
2877
3216
3669
3664
3673
2792
3053
3668
3668
3670
2567
2834
3658
3752
3662
2527
2761
3664
3662
3727
2511
2751
3659
3749
3662
2624
2986
3656
3746
3669
2609
2808
3671
3663
3733
2569
2816
3664
3753
3673
2527
2794
3664
3655
3732
2548
2861
3656
3746
3724
2919
3234
3730
3744
3726
2917
3221
3655
3744
3725
2821
3119
3663
3648
3719
2591
2801
3653
3744
3675
2504
2720
3660
3746
3732
2868
3093
3668
3656
3731
2854
3095
3672
3660
3660
2636
2881
3667
3668
3664
2668
3041
3668
3660
3729
2619
2903
3657
3749
3667
2577
2828
3669
3671
3658
2891
3226
3729
3741
3730
2915
3214
3660
3754
3669
2533
2845
3668
3662
3670
2531
2829
3663
3748
3674
2601
2847
3661
3664
3733
2567
2861
3667
3663
3670
2797
3097
3669
3665
3669
2827
3115
3669
3663
3667
2805
3222
3665
3666
3673
2779
3035
3671
3650
3722
2734
3052
3662
3740
3722
2875
3267
3665
3746
3729
2575
2885
3657
3752
3670
2900
3211
3662
3667
3673
2761
3049
3665
3665
3672
2814
3162
3664
3668
3663
2719
3041
3673
3661
3730
2850
3114
3662
3750
3661
2730
2957
3663
3663
3679
2923
3336
3661
3749
3676
2832
3142
3656
3750
3669
2944
3177
3667
3664
3665
2604
2954
3666
3666
3675
2907
3210
3649
3734
3723
2836
3127
3664
3664
3670
2603
2932
3673
3665
3663
2845
3139
3664
3661
3721
2984
3258
3659
3746
3668
2652
2994
3663
3748
3658
2852
3224
3664
3661
3722
2657
2970
3669
3640
3711
2673
3001
3665
3743
3673
2836
3111
3666
3644
3714
2990
3379
3669
3663
3667
2590
2866
3670
3662
3722
2862
3183
3670
3658
3725
2807
3213
3663
3746
3734
2921
3233
3659
3753
3667
2945
3221
3659
3745
3728
2466
2762
3664
3670
3670
2573
2945
3643
3735
3668
3092
3452
3648
3740
3666
2601
2877
3662
3745
3663
2943
3385
3667
3670
3668
2918
3254
3654
3736
3728
3025
3297
3663
3749
3654
2593
2869
3729
3735
3726
2701
3059
3671
3661
3729
2779
3053
3657
3741
3726
2707
3032
3661
3668
3670
2605
2949
3667
3666
3667
2601
2914
3659
3746
3734
2667
2982
3652
3749
3659
2820
3131
3667
3663
3726
2957
3296
3669
3661
3675
2606
2902
3670
3656
3732
2749
3082
3651
3747
3668
2860
3228
3670
3670
3671
2614
2828
3668
3665
3669
2751
3051
3655
3742
3717
2694
3050
3726
3743
3666
2827
3134
3668
3669
3678
2572
2872
3668
3651
3733
2651
3002
3659
3747
3664
2927
3180
3669
3666
3668
2945
3282
3666
3667
3661
3063
3494
3664
3745
3665
3096
3414
3650
3744
3659
3015
3303
3659
3744
3671
2566
2990
3667
3669
3669
3040
3423
3667
3669
3674
2976
3355
3665
3658
3733
3006
3453
3664
3752
3736
2931
3307
3671
3662
3668
3036
3263
3668
3661
3669
2839
3255
3671
3664
3734
2784
3106
3664
3752
3721
2785
3100
3735
3738
3718
2745
3105
3667
3745
3723
2734
3055
3666
3674
3668
2648
2994
3667
3662
3666
2993
3400
3675
3670
3672
3056
3330
3664
3664
3675
2682
3000
3664
3752
3670
3035
3359
3655
3747
3727
3006
3481
3661
3750
3665
2660
2986
3668
3661
3726
2708
3159
3666
3667
3665
2948
3374
3660
3736
3719
3062
3560
3642
3732
3719
2675
3011
3657
3744
3669
2646
2917
3660
3747
3659
3019
3334
3661
3667
3674
2968
3362
3668
3659
3726
3148
3438
3652
3747
3665
2833
3155
3651
3745
3669
2621
3076
3667
3654
3724
3061
3558
3657
3748
3672
2949
3405
3655
3751
3672
3079
3440
3667
3658
3734
2744
3146
3662
3748
3732
2756
3107
3663
3671
3679
2610
2920
3662
3663
3669
3037
3378
3667
3653
3719
3185
3519
3727
3738
3718
3235
3708
3725
3736
3717
3014
3325
3666
3664
3671
2618
2952
3654
3737
3654
2603
2933
3731
3662
3726
2742
3092
3652
3736
3719
2755
3056
3651
3737
3728
2881
3223
3659
3743
3728
3054
3512
3668
3655
3722
3076
3549
3656
3743
3721
2632
3003
3734
3746
3725
3110
3465
3661
3749
3661
3130
3571
3660
3747
3669
3003
3455
3665
3654
3720
3019
3461
3660
3739
3724
3297
3639
3661
3745
3728
2638
2951
3660
3745
3676
3003
3339
3659
3750
3669
3116
3474
3654
3751
3660
2792
3281
3653
3745
3667
3044
3449
3668
3666
3661
3046
3520
3672
3665
3676
3058
3438
3674
3646
3724
3045
3550
3664
3730
3715
3127
3574
3661
3665
3676
3154
3548
3666
3749
3655
2743
3231
3737
3658
3727
3187
3628
3669
3748
3723
3123
3665
1847
3660
3680
3674
3386
3664
2106
3750
3667
3737
3172
3672
1941
3758
3754
3731
3672
3237
3753
2037
3745
3773
3744
3683
3260
3673
2032
3664
3776
3684
3666
3197
3611
3749
3756
3740
3673
2832
3145
3666
3672
3683
3664
3136
3611
3753
3657
3728
2782
3109
3663
3743
3726
2927
3431
3655
3742
3662
3130
3452
3658
3738
3716
3234
3728
1883
3743
3759
3733
2831
3259
3673
3651
3723
3677
3207
3663
1914
3670
3676
3687
3067
3525
3663
3745
3725
3228
3645
1918
3738
3749
3722
2879
3286
3727
3736
3715
3671
3193
3667
1959
3671
3669
3730
3673
3322
3696
3746
3746
3721
3668
2741
3048
3747
3646
3720
3677
2538
2854
3666
3653
3720
3667
3114
3712
3740
3753
3733
3245
3661
1914
3752
3670
3739
3162
3675
1916
3656
3764
3664
3106
3664
3740
3661
3722
3096
3556
3664
3745
3724
2880
3132
3670
3652
3719
2783
3123
3667
3749
3677
2729
3093
3653
3750
3672
2831
3129
3665
3664
3665
3145
3442
3663
3734
3720
3248
3656
1991
3745
3647
3721
3310
3680
2115
3745
3751
3724
3240
3490
3666
3749
3665
3656
3153
3719
3738
3671
3721
3265
3659
2007
3747
3673
3728
3294
3736
2059
3753
3764
3733
3215
3667
2038
3758
3659
3727
3681
2895
3200
3657
3752
3722
3673
3174
3652
1949
3751
3756
3722
3733
3305
3751
2252
3760
3766
3749
3668
2853
3720
3751
3755
3731
3664
3168
3746
1982
3748
3767
3670
3676
3230
3598
3680
3668
3737
3672
3106
3689
3747
3737
3731
3248
3601
3660
3743
3721
2762
3159
3652
3734
3726
2677
3205
3657
3730
3705
3294
3724
2061
3741
3667
3668
3310
3684
1934
3662
3761
3684
3220
3660
2083
3752
3765
3737
3222
3536
3662
3749
3729
3663
3243
3746
1967
3751
3761
3732
3743
3032
3494
3750
3764
3734
3665
3170
3742
1941
3749
3761
3733
3671
3373
3758
3761
3681
3672
3672
2497
2773
3669
3655
3721
2481
2771
3671
3662
3664
3099
3663
1831
3657
3756
3665
3178
3723
3749
3673
3735
2839
3141
3665
3751
3734
3158
3648
1871
3745
3670
3722
3176
3532
3732
3740
3714
3369
3655
2009
3735
3751
3731
3313
3649
1980
3740
3755
3726
3656
3438
3746
2493
3753
3753
3729
3666
2727
3095
3745
3760
3734
3671
3219
3663
1970
3762
3668
3736
3662
2830
3492
3752
3757
3726
3733
2841
3323
3744
3760
3729
3662
3384
3746
2232
3668
3766
3741
3671
3228
3574
3754
3761
3736
3677
2855
3340
3651
3754
3675
3657
3175
3556
3741
3753
3729
3266
3650
2119
3737
3745
3726
3443
3671
2107
3664
3758
3727
3663
3067
3513
3741
3755
3735
3653
3154
3687
3737
3749
3728
3674
3237
3659
1959
3664
3763
3732
3659
2822
3284
3742
3743
3731
3662
2726
3307
3742
3668
3720
3727
3408
3736
2102
3752
3758
3740
3656
3252
3566
3752
3766
3727
3730
2917
3339
3743
3742
3721
3662
3382
3734
2001
3755
3673
3724
3673
2944
3454
3746
3757
3729
3661
3269
3667
3745
3661
3723
3676
2939
3643
3649
3755
3670
3653
3294
3740
1927
3667
3756
3741
2862
3372
3666
3751
3721
3733
3147
3509
3747
3760
3735
3663
2804
3161
3756
3648
3721
3667
3173
3743
1960
3754
3757
3735
3669
3461
3747
2554
3764
3663
3726
3676
2840
3224
3746
3659
3724
3673
3297
3737
2166
3747
3758
3738
3664
3460
3748
2150
3764
3754
3736
3669
3571
3747
2277
3750
3773
3676
3680
3198
3662
2078
3752
3759
3740
3677
3144
3660
2014
3768
3675
3733
3672
3191
3622
3749
3668
3731
3662
2901
3325
3745
3741
3715
2775
3294
3654
3737
3711
2710
3122
3662
3743
3667
2714
3073
3667
3666
3662
3009
3426
3649
3730
3725
2849
3217
3665
3739
3710
2872
3244
3728
3657
3722
3111
3629
3667
3670
3667
3050
3672
1881
3655
3758
3661
3214
3672
2015
3672
3665
3729
3296
3660
1902
3752
3670
3736
3258
3674
1976
3666
3667
3720
3196
3666
3668
3745
3722
3323
3661
1992
3752
3672
3742
2800
3272
3658
3749
3719
3275
3665
2062
3742
3662
3723
3488
3664
2071
3739
3747
3716
3441
3663
2153
3739
3754
3728
3674
2916
3287
3656
3755
3718
3725
2837
3181
3737
3749
3718
3669
3123
3689
3745
3761
3731
3652
3189
3747
2043
3665
3767
3735
3672
3711
3757
2346
3669
3766
3741
3673
3395
3661
2069
3761
3665
3741
3666
3371
3753
2122
3656
3759
3731
3668
2904
3482
3746
3758
3718
3721
2875
3319
3735
3741
3714
3673
2694
3160
3660
3741
3714
3675
2843
3171
3657
3745
3727
3655
2741
3173
3745
3653
3718
3670
3294
3736
2104
3750
3754
3732
3668
3033
3507
3757
3661
3723
3670
2834
3493
3736
3753
3729
3164
3659
3672
3647
3718
3337
3653
2135
3735
3748
3730
3663
1968
2706
3744
3756
3722
3676
3368
3670
2081
3654
3766
3666
3731
3563
3733
2266
3749
3753
3737
3683
2874
3182
3662
3755
3729
3667
3286
3740
2170
3666
3761
3727
3475
3663
2101
3749
3757
3730
3660
3347
3753
2088
3668
3757
3732
3668
3097
3461
3745
3745
3716
3678
2944
3298
3642
3736
3714
3668
2847
3445
3665
3663
3722
3656
3389
3725
1968
3738
3750
3731
3369
3657
2029
3745
3743
3724
3661
3419
3741
2327
3763
3672
3743
3681
3578
3748
2227
3745
3756
3737
3679
3097
3761
2049
3669
3761
3739
3674
3545
3749
2437
3763
3753
3737
3664
3564
3746
2269
3749
3759
3732
3677
3509
3661
2220
3748
3755
3724
3729
3332
3748
2095
3667
3748
3733
3676
3337
3663
2247
3753
3753
3724
3673
3322
3654
2131
3757
3680
3724
3733
3279
3642
3653
3752
3727
3657
2879
3549
3735
3744
3722
3199
3581
3667
3746
3660
2975
3727
1888
3731
3747
3733
3401
3673
2209
3750
3754
3726
3657
2854
3438
3734
3750
3730
3675
3663
1928
2387
3674
3669
3733
3675
2979
3351
3749
3750
3724
3667
2906
3614
3742
3754
3725
3653
3352
3742
2294
3668
3767
3676
3668
3095
3464
3742
3754
3724
3663
3229
3735
2187
3751
3761
3741
3666
3344
3754
2091
3667
3757
3722
3726
3742
2095
2699
3757
3766
3730
3736
3420
3658
2142
3756
3751
3727
3677
2853
3207
3655
3744
3707
3719
3322
3721
3730
3736
3708
3667
3237
3669
2028
3746
3755
3726
3661
2952
3442
3750
3673
3713
3724
2794
3154
3654
3748
3713
3657
3210
3726
1955
3745
3745
3725
3189
3491
3663
3747
3661
3723
2570
2937
3660
3740
3712
3667
1872
2262
3650
3749
3668
3245
3675
2043
3663
3744
3727
2951
3486
3677
3653
3716
3671
3025
3397
3735
3738
3707
3219
3725
2074
3730
3740
3720
3497
3665
2347
3739
3753
3723
3661
3459
3745
2165
3666
3770
3672
3670
3746
1982
2582
3656
3764
3688
3677
3504
3662
2145
3759
3753
3737
3673
3156
3494
3748
3760
3733
3674
3271
3651
2284
3748
3759
3728
3740
3416
3756
2390
3660
3774
3670
3733
3631
3659
2315
3752
3668
3724
3675
2912
3283
3744
3759
3723
3662
3703
3745
2497
3669
3769
3669
3679
3289
3665
2019
3765
3675
3735
3670
3754
1984
2592
3678
3760
3733
3662
3620
3734
2481
3745
3753
3727
3680
3141
3667
2030
3761
3676
3728
3670
2566
2984
3736
3752
3722
3651
3592
3734
2248
3746
3764
3737
3672
3315
3759
2021
3666
3747
3734
3687
2854
3326
3662
3754
3727
3666
3224
3668
2026
3670
3756
3735
3080
3496
3662
3752
3663
3729
1857
2177
3655
3754
3671
2769
3667
2004
3660
3754
3728
3572
3664
2213
3747
3757
3726
3667
2878
3318
3750
3746
3721
3665
3529
3733
2115
3745
3755
3729
3683
3538
3664
2420
3756
3760
3732
3662
3384
3744
2257
3679
3764
3735
3685
3662
2114
2670
3758
3756
3724
3728
3456
3744
2091
3752
3772
3744
3672
3458
3750
2069
3759
3758
3739
3672
3344
3750
2257
3745
3771
3734
3671
3583
3743
2232
3750
3749
3722
3733
2924
3468
3664
3756
3719
3711
3454
3728
2394
3737
3750
3721
3660
2869
3381
3741
3656
3716
3661
3174
3732
2021
3671
3740
3707
3672
2551
3034
3734
3747
3716
3672
3367
3741
2017
3761
3761
3730
3732
3399
3745
2128
3760
3749
3726
3675
3066
3728
3740
3754
3722
3643
3060
3514
3730
3660
3715
3662
3069
3723
2116
3738
3742
3714
3342
3730
2187
3749
3756
3724
3727
3453
3747
2590
3746
3762
3734
3662
3723
3727
2479
3742
3754
3726
3729
2899
3254
3745
3763
3672
3659
3414
3731
2075
3745
3755
3720
2878
3476
3738
3744
3719
3654
3200
3632
3734
3644
3706
3665
3320
3728
2131
3745
3757
3717
3733
3353
3743
2307
3759
3767
3732
3735
3456
3670
2293
3667
3777
3669
3724
3107
3547
3733
3735
3716
3665
3215
3599
3739
3748
3711
3727
3660
1961
2523
3749
3761
3733
3668
3040
3552
3752
3671
3731
3652
3380
3730
2188
3740
3749
3727
3320
3676
2121
3755
3671
3718
3731
3265
3747
2039
3759
3749
3734
3664
3589
3751
2842
3656
3752
3727
3671
3568
3740
2359
3753
3766
3736
3745
3467
3659
2511
3763
3667
3738
3676
3519
3743
2213
3751
3745
3732
3667
3347
3744
2307
3763
3757
3731
3732
3742
2096
2713
3760
3763
3732
3670
3725
3739
2687
3749
3740
3720
3666
3546
3734
2439
3747
3745
3721
3674
2927
3363
3733
3741
3714
3718
2871
3727
2130
3740
3747
3717
3669
3347
3741
2333
3757
3752
3734
3673
3388
3744
2193
3747
3752
3714
3708
3441
3731
2417
3673
3750
3725
3670
3735
2141
2601
3751
3756
3726
3659
3738
2224
3099
3751
3748
3730
3675
3666
2163
2793
3751
3753
3727
3660
2795
3136
3728
3747
3663
3718
3716
2092
2793
3731
3748
3718
3721
3742
2477
2865
3673
3775
3689
3659
3125
3683
3743
3677
3722
3668
3569
3739
2879
3657
3740
3714
3672
3369
3743
2064
3760
3729
3709
3722
2885
3214
3668
3756
3680
3664
2727
3619
3657
3735
3709
3251
3665
1981
3650
3740
3715
3717
1931
2489
3729
3735
3704
3714
2110
2760
3724
3734
3716
3665
3719
2132
2974
3720
3740
3716
3650
3460
3724
2622
3744
3765
3731
3661
3567
3739
2240
3750
3758
3733
3666
3490
3738
2249
3753
3759
3736
3674
3745
2092
2692
3748
3760
3737
3649
3739
2166
2666
3744
3753
3726
3683
3126
3606
3662
3754
3680
3663
3347
3735
2000
3744
3747
3732
2767
3272
3664
3734
3708
3657
3332
3716
2250
3736
3735
3707
3668
2990
3327
3742
3661
3703
3710
3417
3715
2193
3734
3660
3714
3681
3739
2380
3240
3750
3760
3724
3713
3690
3726
2352
3748
3750
3717
3674
3734
2161
2973
3749
3770
3689
3676
3654
2102
2642
3756
3659
3712
3670
3731
2107
3488
3751
3765
3731
3658
2801
3153
3741
3756
3726
3647
3356
3724
2268
3739
3723
3706
3680
3658
2260
2982
3732
3752
3730
3652
3279
3727
2027
3747
3739
3716
3725
3605
3663
2603
3753
3747
3718
3726
3661
2220
2772
3744
3756
3727
3661
3715
3068
3734
2493
3747
3766
3738
3668
3741
2678
3757
2350
3760
3768
3747
3686
3663
2585
3314
3753
3764
3710
3703
3448
3726
2345
3747
3756
3716
3721
3736
2416
3748
2185
3733
3762
3737
3655
3733
2273
3569
3751
3742
3723
3727
3439
3663
2421
3747
3760
3733
3659
3690
3729
2561
3745
3749
3718
3667
3593
3737
2465
3763
3654
3724
3683
3738
2343
2801
3743
3753
3731
3676
3419
3747
2632
3762
3758
3729
3721
3723
3736
2681
3745
3750
3719
3677
3732
2227
3727
3743
3750
3718
3654
3303
3725
2132
3738
3756
3722
3731
2904
3670
2111
3730
3744
3722
3663
3726
2163
2457
3743
3755
3725
3672
2936
3297
3736
3752
3717
3715
3735
2166
3196
3752
3736
3714
3672
3312
3660
3730
3746
3699
3700
3713
3349
3725
2350
3738
3750
3714
3728
3730
2513
3436
3740
3753
3735
3649
3707
2344
2761
3726
3735
3707
3718
3650
2578
3507
3734
3752
3703
3710
3668
2949
3582
3733
3752
3723
3724
3584
3742
2571
3753
3752
3717
3723
3726
3411
3733
3088
3750
3750
3726
3727
3736
2440
3611
3743
3758
3726
3658
3717
3185
3719
3719
3742
3666
3695
3712
2156
3079
3738
3659
3708
3714
3715
2128
2944
3736
3674
3709
3702
3722
3736
2139
2975
3753
3768
3729
3727
3741
2789
3369
3761
3667
3718
3722
3639
3008
3740
2620
3764
3677
3727
3724
3725
2729
3725
2687
3757
3757
3745
3686
3744
2865
3757
2477
3671
3762
3719
3719
3665
2455
3115
3743
3738
3703
3689
3721
3174
3658
2455
3741
3758
3732
3660
3729
2450
3321
3737
3749
3714
3710
3726
2076
2751
3735
3747
3710
3720
3641
2256
3720
2203
3743
3758
3718
3706
3716
3257
3725
2595
3675
3766
3739
3732
3745
2875
3523
3645
3759
3717
3719
3658
2256
3409
3741
3758
3676
3716
3729
2277
2709
3750
3752
3726
3681
3212
3738
2608
3742
3758
3728
3680
3241
3729
2535
3745
3738
3713
3721
3529
3723
2368
3759
3659
3708
3709
3734
2106
3664
2166
3717
3766
3679
3737
3678
2595
2866
3738
3758
3708
3698
3718
2758
3280
3732
3753
3717
3706
3619
3713
2508
3740
3684
3719
3715
3731
3023
3724
2351
3749
3768
3734
3682
3721
2240
3085
3719
3751
3719
3668
3727
2135
3070
3724
3755
2975
3130
1621
1584
1575
1947
1723
2580
2557
2672
2230
1973
2926
3264
3235
2183
2253
3448
3533
3551
3574
3612
3658
2429
2544
3673
3682
3678
3682
2692
2989
3656
3737
3659
2663
2869
3668
3668
3665
2472
2690
3660
3662
3652
2545
2861
3727
3661
3717
2662
2968
3652
3739
3724
2609
2955
3651
3741
3654
2670
3045
3719
3734
3726
3126
3652
1903
3740
3748
3728
2922
3456
3654
3744
3723
3656
3128
3640
3738
3751
3711
2602
3156
3726
3744
3719
3170
3650
1969
3737
3749
3711
3471
3731
2114
3650
3759
3675
3665
2849
3193
3739
3746
3719
3663
3269
3735
3739
3747
3705
3710
2914
2914
4048
3843
3511
2376
2487
434
506
588
1752
2275
1462
2116
2026
2077
2469
2275
434
507
560
1051
1568
1098
1800
1341
1463
1821
2214
2490
2731
2829
2469
2558
2822
2993
3166
3394
3494
3549
2196
2294
3618
