204
101
6
6
231
348
482
630
788
948
1122
1252
1354
307
424
578
759
940
1168
1285
1453
1637
1842
2033
1938
1185
1120
1423
1793
2083
2327
2464
2808
2908
3116
3275
2666
2285
2062
3164
3287
3328
3424
2765
3493
3529
3539
3597
3656
3676
3733
3461
3759
2438
3772
3776
3738
3677
3610
3650
3708
3735
3755
3753
2286
3106
3756
3782
3749
3693
3650
3699
3711
2481
3167
3725
3744
3704
3655
2973
3611
3683
3706
3660
3651
3691
2021
2927
3693
3706
3684
3631
3197
3651
3701
3720
3683
2093
312
321
357
2857
2253
2730
1908
1807
2581
3288
3386
1931
2150
2322
3552
3612
3602
3628
2486
2772
3657
3650
3648
2983
3498
3655
3650
3655
3049
3517
3631
3708
3685
2713
3289
3651
3632
3686
3633
3183
3686
3705
3720
3693
3637
1921
2531
3715
3728
3699
3203
3651
1875
3719
3726
3693
3650
2693
3139
3723
3660
3704
3650
3137
3536
3721
3736
3699
2732
3406
3648
3717
3693
3227
3639
1796
3706
3717
3696
2915
2915
4014
3880
3739
1653
1775
1712
1848
1663
1346
1549
1559
1643
2566
2599
2697
2520
2233
2584
3183
3223
3390
3446
3464
2850
3176
3566
3636
3594
3587
3175
3639
1949
3676
3701
3661
3690
2857
3429
3719
3737
3697
3659
2738
3269
3722
3660
3692
3707
3127
3717
2140
3735
3741
3700
3708
3365
3721
2177
3731
3746
3706
3715
3096
3498
3648
3729
3699
3672
3655
2067
2761
3729
3742
3701
3119
3723
1918
3653
3742
3711
3673
3098
3418
3664
3757
3674
3633
3259
3555
3725
3739
3718
3063
3575
3667
3728
3695
2941
3383
3703
3726
3653
3083
3709
2087
3719
3724
3711
2960
3338
3670
3736
3702
3651
2719
3169
3719
3740
3716
3531
3653
2249
3727
3739
3720
3263
3653
2128
3736
3667
3709
3667
3432
3730
2227
3745
3748
3720
3708
3357
3731
2428
3670
3753
3727
3668
2872
3466
3730
3740
3706
3719
2879
3323
3653
3741
3708
3653
3108
3720
2058
3731
3750
3719
3674
2000
2260
3748
3739
3707
3659
3729
2304
3234
3652
3754
3720
3674
3712
2277
3106
3720
3745
3716
3651
3736
3534
3648
2380
3742
3751
3715
3713
3728
2612
3056
3740
2575
3115
1840
1689
2622
2310
2054
2190
2736
2949
3017
3024
2707
2647
3021
3262
3254
3354
3389
3461
3532
2874
3206
3596
3653
3555
3541
3184
3598
1870
3643
3675
3632
3403
3659
2179
3699
3726
3670
3213
3561
3694
3714
3674
3530
3656
2198
3720
3734
3699
3115
3663
1916
3726
3738
3698
3670
3494
3732
2300
3748
3760
3716
3719
3735
3225
3739
2300
3748
3760
3731
3646
3412
3720
2281
3670
3750
3725
3667
3121
3737
2021
3662
3722
3691
3703
3723
2129
2487
3741
3725
3706
3646
3719
2359
2865
3657
3732
3696
3661
3497
3723
2255
3656
3732
3692
3705
3048
3048
4021
3931
3895
3337
2108
3130
1835
1655
1921
1717
2321
2730
2982
3179
3040
2793
2757
3183
3422
3403
3439
3530
2835
3104
3593
3642
3598
3627
2730
3198
3662
3694
3660
2776
3201
3664
3717
3685
2990
3710
1866
3647
3741
3717
3668
1962
2448
3746
3751
3704
3714
3725
2167
3110
3738
3755
3718
3669
3727
2100
2819
3739
3755
3703
3713
3694
3728
2610
3746
3757
3725
3656
3724
2136
2713
3748
3668
3721
3658
3122
3733
2320
3736
3758
3720
3727
3742
2264
3129
3736
3753
3726
3649
3721
2495
3607
3733
3745
3713
3652
3727
2716
3013
3740
3749
3723
3648
3726
2688
3680
3734
3749
3705
3713
3725
2558
3102
3740
3757
3714
3722
3676
2512
3248
3736
3040
3130
1831
1814
1539
2036
2744
2970
3018
2529
2400
3034
3323
3369
3455
3532
2789
3065
3591
3647
3614
3623
3323
3662
2144
3698
3726
3691
3667
2873
3457
3725
3743
3699
3663
2781
3307
3721
3732
3695
3697
3662
3718
2399
3730
3747
3713
3716
2729
3321
3729
3741
3711
3660
3722
2067
2616
3727
3746
3716
3730
2354
2810
3740
3758
3719
3729
3743
3262
3586
3760
3752
3723
3720
3717
2078
3361
3739
3753
3715
3709
3023
3348
3717
3739
3702
3687
3695
2267
3711
2256
3728
3030
3122
1875
1931
1660
2041
2065
831
712
782
1159
2590
1505
1823
1619
2086
2395
2701
3010
3137
3302
3199
2500
2302
3225
3473
3437
3482
3290
3559
2116
2154
3623
3675
3618
3636
1905
1938
3671
3671
3673
1840
1888
3671
3664
3672
1743
1752
3667
3668
3674
1767
1779
3665
3665
3672
1782
1797
3667
3666
3673
1775
1796
3670
3666
3671
1817
1837
3667
3666
3672
1839
1863
3667
3665
3672
1823
1851
3666
3661
3672
1897
1946
3669
3668
3669
1935
1987
3660
3668
3674
1838
1867
3667
3661
3671
1832
1906
3669
3663
3666
1937
2032
3668
3669
3673
1867
1918
3668
3663
3672
1876
1923
3668
3667
3675
1904
1940
3661
3669
3674
1891
1929
3670
3660
3671
1902
1943
3672
3662
3672
1901
1944
3668
3663
3675
1976
2054
3677
3661
3670
2049
2149
3664
3665
3675
1997
2101
3663
3667
3669
2057
2147
3667
3663
3661
2036
2093
3667
3668
3672
1958
2010
3667
3666
3674
1953
2021
3668
3667
3675
2035
2150
3665
3667
3674
2063
2159
3670
3667
3673
2069
2216
3664
3668
3664
2059
2207
3672
3671
3657
2048
2160
3671
3666
3674
2099
2210
3667
3666
3673
1991
2075
3670
3663
3671
2021
2100
3662
3665
3672
2001
2075
3660
3749
3670
1998
2079
3668
3666
3674
1984
2089
3669
3666
3673
2022
2131
3660
3753
3669
1982
2082
3667
3668
3674
2177
2295
3668
3664
3674
2126
2310
3668
3665
3673
2131
2239
3666
3659
3661
2171
2284
3669
3669
3672
2018
2106
3669
3664
3673
2023
2138
3668
3668
3674
1963
2064
3675
3665
3662
2036
2132
3672
3663
3672
2022
2131
3668
3663
3676
2128
2216
3666
3665
3676
1989
2160
3666
3668
3673
2151
2281
3672
3665
3672
2051
2158
3665
3666
3672
2232
2333
3670
3665
3673
2066
2213
3667
3666
3675
2241
2342
3662
3667
3668
2097
2197
3668
3666
3677
2146
2299
3668
3666
3672
2226
2334
3664
3666
3670
2148
2254
3668
3662
3671
2115
2223
3669
3653
3735
2281
2374
3669
3665
3674
2123
2213
3670
3667
3672
2166
2253
3671
3663
3671
2241
2378
3667
3665
3667
2129
2237
3670
3664
3673
2102
2210
3668
3657
3664
2109
2215
3671
3663
3729
2159
2309
3666
3656
3676
2305
2441
3663
3667
3674
2087
2233
3667
3667
3674
2145
2285
3669
3663
3670
2135
2250
3672
3665
3671
2057
2176
3669
3663
3673
2149
2322
3671
3651
3728
2367
2572
3671
3659
3671
2209
2342
3667
3661
3672
2105
2265
3669
3666
3670
2101
2222
3670
3669
3665
2186
2399
3665
3664
3671
2197
2411
3670
3669
3671
2321
2522
3660
3744
3729
2430
2529
3658
3754
3671
2371
2475
3669
3668
3670
2402
2639
3672
3657
3739
2444
2636
3668
3661
3673
2359
2559
3669
3669
3671
2418
2532
3669
3671
3667
2254
2364
3673
3662
3665
2214
2377
3666
3666
3673
2164
2313
3665
3662
3674
2101
2197
3668
3669
3669
2215
2387
3668
3669
3673
2162
2311
3670
3673
3673
2308
2426
3661
3744
3723
2281
2494
3648
3743
3652
2262
2416
3728
3661
3728
2469
2688
3661
3750
3668
2382
2555
3670
3657
3725
2493
2633
3659
3744
3729
2204
2481
3666
3670
3678
2179
2291
3668
3666
3668
2167
2294
3661
3671
3667
2190
2340
3664
3662
3727
2253
2412
3669
3665
3677
2417
2598
3671
3661
3674
2214
2370
3666
3658
3671
2472
2597
3671
3665
3667
2200
2432
3668
3663
3672
2293
2424
3663
3666
3669
2260
2430
3667
3654
3732
2177
2326
3669
3663
3663
2211
2354
3667
3665
3673
2261
2419
3669
3663
3671
2194
2368
3671
3662
3674
2201
2370
3661
3746
3670
2482
2686
3666
3669
3667
2293
2448
3669
3667
3658
2311
2442
3672
3667
3669
2264
2477
3662
3746
3663
2417
2591
3649
3738
3726
2459
2600
3657
3746
3678
2252
2401
3666
3666
3666
2237
2519
3670
3662
3650
2330
2558
3730
3664
3669
2239
2394
3672
3669
3677
2234
2400
3672
3665
3670
2248
2445
3674
3667
3667
2377
2543
3662
3664
3669
2247
2426
3666
3662
3666
2296
2511
3666
3646
3727
2674
2940
3660
3747
3673
2242
2386
3662
3669
3672
2244
2398
3674
3666
3661
2470
2725
3665
3664
3671
2577
2810
3665
3670
3674
2563
2700
3667
3660
3674
2273
2444
3671
3657
3725
2349
2527
3667
3666
3676
2367
2535
3663
3748
3668
2390
2512
3663
3662
3732
2274
2465
3666
3651
3719
2429
2599
3668
3658
3722
2495
2775
3663
3743
3667
2541
2701
3665
3673
3676
2299
2486
3670
3670
3677
2376
2577
3661
3748
3724
2427
2691
3737
3750
3730
2635
2899
3652
3749
3677
2639
2797
3664
3662
3672
2570
2800
3664
3662
3671
2482
2731
3667
3662
3669
2298
2506
3668
3663
3668
2485
2693
3662
3655
3727
2582
2903
3668
3666
3674
2426
2649
3667
3668
3670
2589
2818
3666
3664
3664
2612
2875
3668
3668
3669
2530
2711
3669
3666
3676
2430
2595
3658
3742
3730
2293
2468
3669
3663
3670
2487
2730
3670
3663
3672
2715
2934
3667
3665
3678
2529
2681
3670
3662
3675
2674
2920
3670
3663
3665
2318
2534
3676
3664
3674
2350
2541
3662
3749
3657
2531
2808
3668
3664
3663
2470
2640
3666
3666
3666
2407
2546
3671
3657
3721
2422
2628
3668
3664
3677
2430
2594
3672
3657
3668
2466
2674
3668
3661
3664
2381
2575
3666
3659
3666
2700
2966
3668
3662
3668
2756
3024
3667
3673
3667
2521
2751
3665
3666
3669
2553
2832
3654
3741
3670
2429
2671
3664
3662
3730
2490
2695
3665
3750
3668
2700
2900
3663
3668
3662
2499
2766
3669
3657
3727
2596
2772
3657
3743
3730
2596
2842
3658
3749
3727
2500
2786
3663
3671
3669
2351
2567
3671
3667
3649
2410
2625
3665
3671
3657
2642
2861
3657
3742
3667
2582
2894
3660
3671
3657
2544
2804
3663
3667
3672
2571
2883
3669
3664
3662
2505
2737
3673
3657
3732
2778
3020
3664
3756
3666
2564
2780
3666
3664
3672
2584
2791
3674
3661
3657
2497
2703
3669
3655
3726
2513
2748
3666
3753
3668
2473
2691
3665
3745
3727
2635
2862
3657
3755
3665
2505
2782
3656
3744
3668
2511
2732
3663
3663
3672
2473
2678
3656
3740
3672
2707
2896
3661
3669
3673
2591
2968
3659
3741
3722
2716
3029
3740
3663
3667
2544
2861
3660
3744
3669
2862
3060
3666
3663
3668
2437
2643
3670
3664
3664
2471
2722
3654
3743
3666
2468
2681
3661
3743
3733
2630
2954
3658
3751
3674
2498
2762
3663
3660
3669
2588
2880
3667
3659
3663
2850
3139
3660
3741
3728
2582
2794
3666
3745
3729
2740
2993
3658
3753
3667
2644
2910
3668
3649
3724
2614
2818
3666
3668
3672
2559
2856
3669
3659
3735
2602
2839
3662
3755
3672
2694
2908
3662
3754
3669
2512
2757
3663
3667
3676
2465
2690
3669
3662
3666
2711
3060
3667
3664
3675
2698
2905
3673
3659
3731
2562
2885
3663
3751
3671
2878
3086
3663
3666
3672
2596
2884
3666
3665
3665
2819
3085
3667
3658
3738
2747
2979
3664
3755
3673
2565
2771
3665
3664
3666
2505
2774
3669
3660
3724
2531
2821
3665
3751
3666
2565
2837
3661
3669
3675
2751
3001
3671
3658
3725
2607
2897
3663
3749
3676
2399
2633
3669
3659
3734
2816
3112
3666
3759
3665
2412
2610
3664
3668
3675
2781
3000
3671
3663
3675
2789
3068
3670
3657
3676
2475
2717
3669
3664
3664
2465
2681
3670
3663
3661
2474
2706
3670
3667
3671
2851
3238
3665
3743
3729
2949
3301
3654
3744
3721
2770
2973
3657
3745
3662
2514
2772
3653
3740
3670
2877
3087
3669
3667
3678
2599
2932
3663
3746
3729
2923
3158
3657
3747
3666
2868
3088
3666
3673
3670
2468
2702
3666
3658
3735
2635
2922
3653
3749
3738
2672
2937
3651
3747
3677
2825
3082
3669
3656
3731
2678
2892
3652
3741
3719
2834
3224
3662
3746
3729
2892
3230
3656
3747
3665
2845
3147
3669
3666
3668
2558
2764
3664
3663
3670
2826
3156
3659
3749
3667
2709
3015
3662
3665
3668
2757
2978
3666
3666
3670
2764
3091
3668
3662
3672
2812
3121
3668
3667
3668
2920
3159
3662
3670
3667
2651
3084
3661
3742
3728
2976
3268
3664
3756
3668
2879
3247
3657
3748
3657
2936
3248
3736
3659
3733
2662
3008
3665
3747
3728
2874
3176
3664
3742
3723
2652
2954
3664
3670
3663
2797
3084
3663
3661
3674
2564
2859
3665
3656
3721
2638
2947
3666
3744
3657
2949
3216
3667
3665
3669
2768
2983
3671
3660
3725
2653
2919
3662
3749
3672
2582
2929
3660
3744
3725
2661
2972
3667
3665
3666
2965
3302
3662
3742
3673
2910
3333
3665
3662
3720
2888
3280
3667
3754
3672
2937
3312
3662
3662
3663
2866
3233
3668
3665
3668
2834
3132
3672
3660
3729
2630
2831
3665
3665
3662
2348
2592
3666
3657
3728
2760
3167
3665
3660
3730
2669
2979
3658
3747
3669
2606
2975
3668
3661
3670
2913
3167
3661
3740
3726
2658
2962
3672
3661
3726
3006
3328
3658
3750
3655
2957
3358
3731
3750
3670
2909
3306
3669
3671
3676
2807
3129
3665
3653
3732
2982
3377
3666
3666
3670
2630
2942
3666
3654
3726
2679
2927
3654
3739
3730
2670
3055
3663
3752
3666
2949
3352
3665
3659
3660
2610
2896
3674
3669
3673
2612
2873
3660
3749
3669
2919
3225
3653
3748
3663
2991
3356
3657
3746
3671
2935
3384
3668
3665
3669
2958
3243
3666
3662
3667
2938
3228
3660
3746
3722
2806
3205
3736
3750
3728
2693
3041
3659
3748
3726
2711
3012
3650
3736
3719
2642
2976
3662
3659
3719
2633
2853
3671
3665
3664
3027
3427
3667
3662
3667
2986
3472
3662
3750
3671
2801
3231
3665
3660
3733
2844
3246
3671
3662
3665
2885
3239
3669
3659
3732
2686
3103
3665
3663
3668
2382
2688
3656
3743
3645
2652
2988
3726
3741
3726
3037
3415
3673
3673
3660
2545
2895
3663
3739
3671
2959
3395
3665
3668
3667
2940
3282
3648
3745
3663
3025
3465
3653
3745
3673
2746
3008
3662
3750
3667
2664
3001
3659
3664
3726
2656
2990
3658
3744
3723
2581
3045
3661
3667
3665
3160
3544
3662
3658
3722
3018
3473
3672
3653
3725
2988
3435
3665
3740
3724
2858
3203
3651
3743
3723
2687
2985
3657
3745
3733
3068
3506
3660
3753
3667
3009
3302
3663
3664
3737
2676
3032
3664
3670
3678
3083
3494
3657
3756
3662
2992
3504
3656
3748
3659
2661
3000
3662
3647
3722
2421
2866
3675
3666
3662
2659
2988
3667
3664
3667
3059
3496
3669
3661
3665
3054
3358
3656
3745
3658
2626
2984
3660
3741
3722
2761
3173
3663
3746
3721
3118
3405
3656
3746
3726
2627
2965
3661
3650
3713
3102
3513
3660
3741
3731
2596
2924
3662
3754
3663
2649
2967
3667
3659
3730
2678
3030
3654
3749
3673
3025
3338
3660
3751
3732
3093
3486
3665
3661
3672
3001
3479
3673
3668
3655
3152
3460
3652
3731
3719
3060
3473
3659
3737
3718
3239
3597
3651
3732
3714
3106
3446
3662
3744
3656
2419
2638
3662
3668
3666
3067
3603
3655
3741
3657
3078
3479
3736
3663
3733
2867
3211
3661
3752
3660
2377
2837
3733
3748
3677
3114
3427
3660
3743
3725
3036
3348
3660
3741
3720
2909
3205
3657
3745
3665
2990
3370
3670
3666
3666
3091
3538
3672
3669
3655
3076
3580
3652
3738
3729
2688
3023
3663
3741
3730
2673
2963
3663
3748
3663
2364
2681
3659
3744
3660
2677
3149
3659
3736
3725
2771
3547
3665
3746
3727
2700
2953
3656
3747
3673
2678
3061
3662
3656
3728
2651
3055
3657
3747
3669
3152
3627
3652
3741
3726
2479
2814
3665
3662
3672
2699
3225
3655
3740
3663
2633
3028
3659
3748
3678
3081
3623
3673
3654
3724
3141
3577
3663
3742
3723
3143
3622
3662
3661
3728
3195
3587
3645
3737
3662
3071
3445
3667
3656
3731
3101
3594
3673
3670
3665
2424
2673
3652
3740
3722
3261
3653
3659
3746
3669
2716
3100
3672
3660
3718
3178
3664
1891
3745
3763
3678
3156
3648
1965
3745
3746
3722
2757
3290
3669
3745
3720
3665
3170
3627
3663
3660
3713
3659
3164
3704
3736
3750
3727
3148
3641
3663
3750
3665
2711
3082
3655
3743
3673
2760
3113
3657
3735
3719
2581
2909
3663
3750
3656
3047
3474
3725
3731
3717
3187
3653
2017
3739
3675
3722
3278
3674
1958
3666
3680
3672
2680
2992
3666
3743
3725
3149
3661
2101
3753
3654
3721
3405
3665
2004
3751
3666
3730
2717
3065
3677
3662
3721
2754
3018
3668
3650
3713
3188
3658
2018
3735
3746
3727
2957
3336
3662
3751
3673
3659
2792
3246
3734
3748
3731
2858
3246
3646
3737
3721
2664
3016
3656
3744
3658
2661
3170
3729
3742
3727
3232
3657
1904
3752
3659
3729
2777
3195
3667
3745
3718
3265
3602
3647
3734
3720
2691
3129
3659
3745
3670
2812
3322
3654
3734
3728
3162
3624
3668
3646
3727
3071
3593
3665
3742
3723
2827
3309
3729
3736
3722
3170
3506
3666
3657
3715
2756
3148
3668
3650
3720
2748
3130
3664
3740
3724
3223
3596
3663
3666
3675
3215
3666
3669
3741
3730
2681
2968
3672
3654
3717
2754
3132
3668
3664
3662
3179
3649
3662
3743
3722
3162
3672
1896
3656
3757
3683
3339
3655
1975
3748
3746
3735
3268
3668
2133
3757
3766
3731
3671
3356
3758
2190
3658
3778
3669
3736
3299
3660
3668
3757
3725
3673
3249
3660
1989
3754
3760
3738
3287
3665
2079
3760
3674
3733
3670
3230
3620
3758
3672
3729
3664
2515
2883
3749
3658
3715
3238
3655
1882
3738
3736
3722
3000
3382
3664
3757
3669
3661
3196
3664
1893
3660
3757
3688
2858
3579
3666
3755
3667
3144
3651
1825
3736
3751
3733
2792
3432
3662
3752
3725
3655
3225
3735
1931
3747
3756
3730
2868
3248
3668
3753
3728
3662
2793
3196
3743
3743
3722
3662
3489
3745
2128
3673
3770
3678
3669
3181
3651
3753
3655
3731
3679
3230
3746
2022
3756
3768
3674
3681
3200
3676
2033
3673
3694
3691
3678
3213
3661
1999
3750
3748
3719
3726
3359
3736
3741
3751
3733
3660
3297
3649
3735
3746
3723
3662
3207
3745
2012
3761
3662
3739
3666
3329
3754
2218
3768
3675
3746
3671
3289
3749
2134
3766
3651
3725
3669
2953
3382
3733
3748
3729
3670
3136
3652
2025
3745
3759
3725
3664
3310
3744
2217
3745
3768
3738
3679
3386
3556
3656
3760
3651
3719
3246
3670
2049
3751
3668
3723
3665
3379
3747
2215
3664
3768
3672
3730
3254
3748
2063
3755
3756
3730
3676
2785
3181
3745
3761
3731
3661
2745
3197
3743
3663
3727
3669
3161
3689
3743
3754
3731
3670
2925
3300
3656
3751
3724
3657
3234
3617
3742
3672
3724
3669
3258
3648
2177
3755
3677
3734
3666
3387
3745
2219
3758
3761
3741
3668
3581
3754
2404
3765
3750
3737
3669
2848
3179
3750
3657
3730
3669
3410
3740
2301
3759
3663
3731
3421
3675
2149
3671
3756
3725
3318
3678
2009
3643
3754
3664
3733
3265
3663
2057
3757
3756
3739
3678
3428
3654
2066
3756
3747
3736
3676
3654
3661
2347
3757
3746
3734
3670
3477
3751
2438
3759
3760
3737
3682
2933
3415
3661
3767
3676
3669
3288
3654
1981
3739
3742
3718
3334
3728
1962
3746
3757
3728
3657
2629
3205
3748
3659
3728
3672
3193
3739
1991
3749
3756
3735
3316
3660
2343
3751
3656
3724
3669
3692
3746
2510
3662
3765
3685
3666
3363
3745
2190
3747
3754
3733
3677
3392
3662
2379
3755
3755
3738
3668
3381
3747
2038
3765
3664
3741
3684
3398
3660
2104
3759
3750
3735
3668
2959
3377
3753
3673
3732
3674
2928
3367
3662
3666
3739
3243
3607
3663
3749
3662
3277
3662
2033
3743
3755
3738
3253
3669
2171
3761
3668
3738
3672
3373
3755
2030
3670
3757
3731
3681
3537
3649
2358
3757
3757
3740
3656
3347
3703
3743
3748
3725
3671
2794
3366
3658
3747
3722
3657
2789
3145
3743
3661
3722
3657
3170
3542
3745
3675
3668
3290
3654
2032
3738
3659
3721
3431
3661
1992
3749
3669
3729
3677
3257
3757
2000
3666
3765
3745
3683
3487
3665
2139
3767
3676
3729
3680
3298
3664
2089
3758
3746
3722
3665
3249
3625
3745
3671
3720
3658
2805
3089
3733
3748
3727
3294
3664
1982
3742
3756
3737
3355
3663
2068
3751
3760
3735
3664
3409
3749
2324
3670
3772
3686
3675
3456
3662
2081
3757
3759
3725
3733
2865
3275
3747
3754
3713
3718
3665
1974
2379
3744
3756
3732
3668
3136
3736
3748
3748
3719
3675
2948
3310
3654
3741
3713
3664
2874
3282
3736
3748
3719
3662
3298
3744
1996
3756
3759
3739
3673
3614
3756
2452
3670
3766
3740
3676
3410
3656
2287
3757
3738
3719
3727
3647
3743
2308
3756
3753
3735
3679
2977
3458
3753
3661
3719
3675
2788
3195
3653
3750
3683
2828
3180
3655
3744
3725
2858
3394
3736
3749
3732
2883
3329
3673
3655
3737
2857
3197
3655
3743
3711
2753
3129
3727
3743
3722
2758
3128
3648
3739
3715
3389
3659
1991
3735
3746
3734
3105
3399
3653
3752
3669
3662
3313
3737
2027
3749
3752
3733
3483
3673
2241
3752
3764
3741
3656
3401
3747
2358
3762
3760
3742
3667
3240
3750
2054
3760
3754
3740
3672
3359
3747
2136
3744
3743
3715
3726
3664
3734
2444
3750
3740
3715
3725
3407
3669
2067
3754
3759
3737
3664
3495
3747
2072
3664
3763
3749
3653
3211
3691
3747
3669
3730
3668
3179
3487
3741
3656
3726
3664
3414
3746
2195
3655
3767
3685
3259
3653
2020
3750
3645
3719
2995
3510
3663
3741
3668
3331
3651
1967
3726
3738
3725
3663
2025
2659
3743
3750
3720
3672
3337
3669
2162
3754
3751
3731
3672
3442
3743
2377
3751
3758
3737
3671
3327
3687
3751
3751
3730
3666
3716
3737
2353
3753
3755
3742
3675
3612
3666
2497
3760
3751
3744
3664
3287
3725
3741
3754
3727
3672
3293
3655
2046
3750
3749
3742
3662
3381
3753
2011
3759
3737
3731
3661
3579
3749
2447
3670
3758
3730
3676
3524
3752
2322
3660
3776
3678
3676
3645
3675
2255
3662
3767
3687
3654
3723
3745
2747
3661
3759
3727
3673
3439
3755
2317
3667
3763
3740
3681
3348
3652
2063
3753
3754
3729
3671
3079
3447
3737
3751
3710
3725
3403
3665
2244
3752
3667
3725
3681
3294
3656
2177
3754
3656
3722
3675
2907
3261
3735
3735
3706
3722
3152
3531
3652
3744
3722
3661
2804
3240
3656
3741
3725
3638
1881
2321
3727
3648
3700
2795
3570
3715
3735
3650
3153
3657
3715
3726
3700
3714
1928
2314
3732
3748
3722
3320
3660
2119
3737
3742
3721
3662
3364
3742
2311
3755
3766
3746
3662
3006
3417
3750
3665
3719
3723
3310
3728
2356
3736
3748
3717
3663
3648
3736
2594
3749
3763
3723
3728
3454
3734
2369
3747
3752
3728
3687
3394
3656
2110
3750
3754
3734
3671
3412
3740
2261
3755
3755
3727
3728
2983
3373
3739
3752
3728
3672
2886
3304
3644
3732
3711
3716
3027
3433
3729
3743
3714
3720
3499
3735
2354
3750
3742
3713
3723
3575
3739
2503
3757
3765
3739
3676
3386
3670
2276
3670
3759
3727
3680
3558
3656
2472
3754
3761
3731
3734
3491
3741
2273
3753
3763
3730
3729
3162
3510
3736
3750
3724
3659
2796
3119
3728
3743
3714
3722
2898
3595
3734
3734
3710
3661
2736
3113
3730
3648
3699
3717
3313
3659
2202
3730
3739
3722
3672
3282
3643
3744
3753
3721
3734
3010
3418
3666
3760
3729
3675
3354
3666
2179
3657
3752
3727
3355
3672
2177
3745
3752
3725
3650
2906
3248
3746
3682
3673
3667
2991
3665
1889
3657
3731
3704
3712
3718
2376
3736
3733
3712
3103
3617
3675
3656
3708
3652
2850
3418
3714
3718
3693
2927
3515
3713
3719
3704
2872
3394
3668
3737
3664
3321
3643
1935
3730
3654
3717
2889
3363
3657
3745
3660
2784
3438
3650
3730
3709
2692
3477
3723
3731
3718
3184
3652
2042
3742
3657
3722
3273
3651
1899
3729
3737
3708
3505
3723
2416
3738
3746
3714
3728
3504
3746
2420
3751
3759
3731
3730
3285
3585
3745
3763
3658
3714
3670
3724
2538
3740
3742
3712
3674
2968
3736
2313
3753
3745
3735
3678
3212
3720
3750
3672
3725
3728
2910
3504
3738
3749
3715
3726
2759
3495
3733
3747
3723
3641
2938
3510
3727
3739
3707
3723
3349
3735
2458
3752
3758
3722
3726
3291
3739
2059
3748
3757
3734
3664
3611
3749
2476
3660
3761
3717
3727
3637
3727
2616
3746
3687
3729
3669
2887
3247
3745
3671
3721
3669
3556
3742
2461
3753
3761
3725
3739
3474
3752
2516
3768
3678
3745
3669
3750
2235
2602
3663
3747
3723
3666
3744
2068
2498
3756
3745
3724
3734
3359
3661
2218
3764
3661
3733
3660
3432
3736
2279
3657
3740
3717
3657
3099
3563
3733
3737
3723
3662
2743
2989
3736
3746
3729
3656
3514
3744
2291
3755
3755
3728
3667
3749
2093
3335
3763
3767
3732
3726
3741
2374
3000
3733
3761
3732
3683
3595
3659
2510
3750
3753
3711
3724
3662
1989
2388
3755
3661
3730
3662
3386
3716
2337
3731
3743
3704
3719
3457
3739
2266
3755
3766
3732
3726
3595
3739
2355
3757
3763
3740
3663
2918
3475
3739
3752
3719
3723
3384
3740
2335
3750
3754
3730
3663
3348
3742
2012
3756
3764
3729
3649
3293
3735
2714
3664
3760
3729
3664
3373
3739
2111
3756
3665
3719
3669
3707
3737
2408
3652
3748
3723
3660
3737
2283
3017
3739
3746
3712
3713
3733
2123
2871
3747
3770
3675
3723
2991
3503
3735
3750
3718
3718
3728
2437
3257
3746
3761
3733
3668
3079
3485
3747
3760
3724
3674
2908
3456
3660
3751
3714
3655
3735
2385
3477
3671
3763
3728
3671
3386
3744
2333
3759
3741
3716
3724
3654
3732
2510
3742
3749
3727
3671
3062
3429
3733
3747
3716
3674
2747
3142
3658
3748
3724
3661
3609
3747
2278
3667
3754
3718
3655
3736
2074
2658
3752
3744
3722
3663
3613
3741
2445
3662
3748
3725
3682
3743
2181
2566
3753
3740
3723
3670
3741
2170
2618
3664
3755
3717
3668
3275
3729
2057
3749
3674
3723
3725
2875
3263
3735
3749
3718
3666
3312
3634
3666
3742
3706
3653
3727
2059
2493
3743
3751
3724
3666
2906
3742
2032
3751
3743
3725
3669
3001
3411
3729
3742
3721
3661
3633
3735
2403
3641
3745
3730
3671
3740
2037
2659
3753
3756
3728
3739
3664
2098
3046
3758
3744
3731
3664
3585
3733
2474
3736
3754
3719
3732
3664
2247
3396
3759
3664
3721
3672
3663
2143
2591
3733
3736
3711
3669
3278
3689
3734
3687
3671
3676
3660
1941
3500
3730
3736
3720
3516
3662
2430
3742
3763
3671
3729
3157
3733
2031
3739
3748
3713
3720
3737
2053
2462
3747
3738
3726
3675
3239
3727
2468
3739
3745
3727
3667
3302
3627
3733
3744
3700
3715
3672
2023
2929
3739
3733
3701
3708
3724
2651
3215
3741
3753
3713
3718
3724
2187
2957
3745
3755
3723
3718
3736
2305
3178
3743
3760
3718
3714
3724
2770
3290
3738
3753
3713
3660
3728
2504
3564
3732
3749
3712
3713
3210
3559
3724
3738
3719
3633
3711
2296
3729
2047
3734
3744
3707
3725
3738
2692
3683
3752
3757
3727
3676
3729
2423
2915
3741
3754
3722
3669
3733
2266
3149
3742
3757
3704
3709
3727
2224
3175
3742
3733
3718
3667
3726
2059
2974
3741
3755
3721
3677
3598
3652
2602
3744
3673
3725
3657
3725
2307
2646
3742
3746
3724
3665
3249
3739
2079
3747
3765
3724
3666
3731
3494
3748
2380
3756
3760
3733
3738
3606
3724
2477
3747
3738
3723
3690
3664
2391
2686
3721
3738
3710
3716
3736
3525
3732
2883
3749
3764
3724
3735
2887
3222
3655
3762
3664
3721
3665
3722
2016
2724
3734
3754
3727
3669
3490
3728
2288
3746
3765
3723
3723
3304
3737
2093
3750
3762
3726
3676
2829
3723
2241
3727
3740
3714
3716
3733
2485
3748
2283
3748
3756
3731
3688
3745
2674
3744
2845
3749
3769
3737
3676
3228
3744
2314
3754
3773
3741
3670
3730
2021
2899
3748
3747
3712
3723
3736
2631
3751
2129
3755
3748
3734
3691
3736
2203
2795
3761
3677
3731
3725
3338
3736
2179
3751
3727
3715
3683
3722
2100
2690
3744
3680
3710
3721
3733
2269
2669
3753
3680
3713
3712
3725
2885
3745
2465
3753
3752
3735
3673
3732
2723
3264
3739
3752
3727
3688
3736
2068
2397
3746
3762
3734
3721
3733
2826
3741
2993
3757
3773
3742
3651
3729
3220
3748
2187
3766
3767
3742
3653
3325
3727
2398
3734
3743
3721
3655
3724
2287
2609
3733
3740
3707
3711
3726
2394
3740
2132
3760
3738
3733
3675
3739
2488
3649
3744
3763
3726
3711
3716
2259
3083
3731
3751
3718
3718
3189
3731
2122
3740
3759
3723
3663
3723
3061
3737
2537
3749
3764
3722
3729
3752
2204
3670
2186
3760
3765
3735
3662
3721
3637
3727
2805
3741
3750
3722
3676
3729
2104
2638
3741
3759
3726
3717
3451
3727
2719
3747
3742
3721
3663
3738
2563
3685
2087
3683
3757
3732
3668
3733
2049
2895
3751
3744
3719
3716
3730
2959
3710
3739
3752
3716
3676
3719
2732
3332
3738
3760
3723
3711
3309
3637
3719
3738
3714
3688
3647
2454
3031
3714
3731
3701
3708
3721
2229
2848
3572
3130
1832
2473
2635
2555
2005
2335
2798
2879
3054
3106
2381
2486
3337
3441
3438
3445
3506
3571
2422
2640
3626
3673
3606
3625
2731
2899
3669
3673
3653
3672
2705
2917
3651
3725
3691
2537
2785
3663
3665
3663
2505
2767
3663
3737
3667
2957
3273
3663
3662
3668
2860
3362
3664
3653
3725
3123
3643
1911
3733
3745
3721
3183
3537
3663
3751
3676
3646
3375
3727
2129
3740
3752
3722
3626
3662
2457
3741
3758
3731
3653
2766
3428
3746
3656
3718
3667
2726
3238
3734
3746
3700
3714
2199
2602
3727
3740
3717
3725
1961
2652
3739
3737
3713
3641
3127
3689
3725
3681
3723
3657
3585
3727
2435
3742
3722
3702
2838
2838
3989
3851
3451
2148
3224
1525
1854
2228
2629
2585
2393
2394
433
516
576
1076
1773
1106
1698
1605
1401
1807
2296
2511
2841
3142
2990
2600
2273
2694
3227
3353
3421
3474
3549
2183
2280
