Probes jOPS / Total jOPS
===================================
Domain Marker;critical-jOPS;4927.0
Domain Marker;max-jOPS;13007.0
Domain Marker;Last Success for SLAs;9686.0
Range Marker;Soft Limit;5.0
Range Marker;Hard Limit;3.0
jOPS;Percent of probes jOPS
0;NaN
138;91.20505811231357
277;93.23146425578202
415;94.51152088976094
553;95.03865016017348
692;94.58092059840784
830;96.13313655156745
969;96.04356053669585
1107;95.57588065849136
1245;96.0815044078614
1384;96.32489880876874
1522;96.48670136495042
1660;96.64946565607546
1799;97.11475448135238
1937;96.57728326078207
2076;97.05230511059767
2214;97.0827401150611
2352;97.30135368056249
2491;97.15719694082551
2629;96.77320182182036
2767;97.31954075524868
2906;97.33780490023562
3044;97.55335707299963
3183;97.5396737634175
3321;97.29981480662717
3459;97.73248850609977
3598;97.95380233932617
3736;97.75056886898393
3874;96.72029784077819
4013;97.61465819419273
4151;97.7419024156452
4289;97.91169787319629
4428;96.4503479494797
4566;96.53024449016516
4705;98.02767595072119
4843;98.19269115435674
4981;97.74758970296806
5120;96.87828300324199
5258;98.17836154414685
5396;98.13575484682733
5535;96.70573808420099
5673;98.091348689088
5812;97.91587109379758
5950;98.11597257589224
6088;98.20359098268734
6227;96.82173730988275
6365;98.43171902931444
6503;96.34878019481899
6642;94.98209563017205
6780;92.21802967722309
6918;91.4193931849742
7057;87.25169729460173
7195;88.2746418584829
7334;85.22010774636831
7472;85.09823870002458
7610;80.33638351227904
7749;81.86687022375973
7887;78.70715130023537
8025;78.1918701145994
8164;76.01200860136777
8302;75.87385349031872
8441;73.4380039338267
8579;73.29809637328779
8717;72.53462065006265
8856;71.44562047293593
8994;68.93765896651097
9132;68.88203675029908
9271;66.73188157565062
9409;64.96092515587888
9548;64.69078168060922
9686;65.173567618869
9824;62.54168134972128
9963;60.100949026356155
10101;62.53765483763224
10239;59.74749202671445
10378;59.06014668672231
10516;57.7033976384852
10654;56.60139206147579
10793;56.2746983943982
10931;57.259015444787046
11070;51.301403199157185
11208;52.560799853329925
11346;55.0996338982269
11485;54.58934449891887
11623;45.8329249607015
11761;49.28174221505978
11900;52.28009657559766
12038;50.955827280291295
12177;43.53332060275537
12315;46.56415502670486
12453;43.719188627920786
12592;40.9960136248467
12730;23.3293185291417
12868;12.370400970221338
13007;11.853381048881456
13145;3.423033570991308
13284;4.007831464671874
13422;3.0266796127787914
13560;2.9108386530752073
