
===================================
Domain Marker;critical-jOPS;4927.0
Domain Marker;max-jOPS;13007.0
jOPS;min;median;90-th percentile;95-th percentile;99-th percentile;max
0.0;NaN;NaN;NaN;NaN;NaN;NaN
138.0;300.0;400.0;500.0;600.0;800.0;3900.0
277.0;300.0;500.0;700.0;800.0;900.0;55000.0
415.0;300.0;600.0;800.0;900.0;1100.0;82000.0
553.0;300.0;700.0;1000.0;1100.0;1400.0;129000.0
692.0;300.0;800.0;1200.0;1300.0;11000.0;137000.0
830.0;300.0;900.0;1300.0;1400.0;1700.0;91000.0
969.0;300.0;1000.0;1500.0;1600.0;2100.0;135000.0
1107.0;300.0;1100.0;1600.0;1800.0;3800.0;152000.0
1245.0;300.0;1200.0;1800.0;1900.0;5527.999999999884;149000.0
1384.0;300.0;1300.0;1900.0;2100.0;31000.0;140000.0
1522.0;300.0;1400.0;2000.0;2200.0;3300.0;96000.0
1660.0;300.0;1500.0;2200.0;2400.0;3600.0;84000.0
1799.0;300.0;1500.0;2300.0;2500.0;3300.0;97000.0
1937.0;300.0;1600.0;2500.0;2700.0;4300.0;112000.0
2076.0;300.0;1700.0;2600.0;2900.0;47000.0;149000.0
2214.0;300.0;1800.0;2800.0;3000.0;4900.0;101000.0
2352.0;300.0;1900.0;2900.0;3200.0;5700.0;115000.0
2491.0;300.0;2000.0;3000.0;3300.0;6100.0;118000.0
2629.0;300.0;2100.0;3200.0;3600.0;15800.0;181000.0
2767.0;300.0;2100.0;3300.0;3600.0;7000.0;113000.0
2906.0;300.0;2200.0;3400.0;3800.0;8900.0;115000.0
3044.0;300.0;2300.0;3600.0;4000.0;10489.999999999418;124000.0
3183.0;300.0;2400.0;3700.0;4200.0;11200.0;130000.0
3321.0;300.0;2500.0;4000.0;4700.0;109000.0;269000.0
3459.0;200.0;2600.0;4100.0;4600.0;12800.0;135000.0
3598.0;300.0;2600.0;4200.0;4800.0;13792.00000000128;106000.0
3736.0;300.0;2700.0;4300.0;4800.0;13200.0;128000.0
3874.0;200.0;2900.0;5000.0;16700.0;234000.0;860000.0
4013.0;300.0;2900.0;4700.0;5500.0;16300.0;126000.0
4151.0;300.0;3000.0;4800.0;5600.0;21000.0;119000.0
4289.0;300.0;3200.0;5200.0;6200.0;24000.0;133000.0
4428.0;300.0;3300.0;5600.0;7500.0;23000.0;890000.0
4566.0;300.0;3300.0;5600.0;7100.0;21000.0;137000.0
4705.0;300.0;3400.0;5600.0;6800.0;25000.0;132000.0
4843.0;300.0;3500.0;5800.0;7000.0;31000.0;171000.0
4981.0;300.0;3600.0;6100.0;8700.0;295000.0;485000.0
5120.0;300.0;3700.0;6600.0;10600.0;111000.0;186000.0
5258.0;300.0;3700.0;6200.0;7700.0;29000.0;150000.0
5396.0;300.0;3800.0;6600.0;8300.0;31000.0;150000.0
5535.0;300.0;3900.0;7000.0;8700.0;35000.0;890000.0
5673.0;300.0;3900.0;6900.0;9200.0;39000.0;148000.0
5812.0;300.0;4200.0;7700.0;16500.0;157000.0;416000.0
5950.0;300.0;4200.0;7200.0;9600.0;38000.0;156000.0
6088.0;200.0;4200.0;7500.0;10200.0;38000.0;142000.0
6227.0;300.0;4600.0;8800.0;18700.0;183000.0;1000000.0
6365.0;200.0;4500.0;8300.0;13000.0;47000.0;158000.0
6503.0;300.0;4600.0;8600.0;18000.0;112000.0;251000.0
6642.0;300.0;4600.0;8400.0;12500.0;40000.0;155000.0
6780.0;300.0;4800.0;9800.0;23000.0;49000.0;910000.0
6918.0;300.0;4700.0;8900.0;14200.0;42000.0;196000.0
7057.0;300.0;5000.0;12300.0;39000.0;98000.0;960000.0
7195.0;300.0;4800.0;9200.0;16500.0;46000.0;162000.0
7334.0;300.0;5000.0;11800.0;35000.0;495000.0;1300000.0
7472.0;300.0;4800.0;9600.0;18800.0;50000.0;162000.0
7610.0;300.0;5300.0;18900.0;56000.0;247000.0;980000.0
7749.0;200.0;5200.0;12300.0;28000.0;62000.0;169000.0
7887.0;300.0;5100.0;15300.0;40000.0;180000.0;1100000.0
8025.0;200.0;4900.0;11000.0;25000.0;57000.0;166000.0
8164.0;200.0;5000.0;15900.0;40000.0;313000.0;960000.0
8302.0;300.0;5000.0;18700.0;46000.0;486000.0;770000.0
8441.0;300.0;5300.0;18400.0;42000.0;161000.0;910000.0
8579.0;300.0;5300.0;15800.0;37000.0;77000.0;207000.0
8717.0;200.0;5400.0;27000.0;62000.0;395000.0;1100000.0
8856.0;300.0;5700.0;30000.0;62000.0;499000.0;790000.0
8994.0;300.0;5800.0;30000.0;66000.0;318000.0;920000.0
9132.0;200.0;5500.0;22000.0;46000.0;84000.0;185000.0
9271.0;200.0;5800.0;37000.0;74000.0;351000.0;384000.0
9409.0;200.0;6000.0;38000.0;91000.0;287000.0;1100000.0
9548.0;200.0;6100.0;46000.0;92000.0;404000.0;1300000.0
9686.0;200.0;5900.0;31000.0;54000.0;100000.0;240000.0
9824.0;200.0;6000.0;48000.0;94000.0;366000.0;920000.0
9963.0;200.0;6800.0;85000.0;340000.0;890000.0;1400000.0
10101.0;200.0;6300.0;42000.0;65000.0;102000.0;201000.0
10239.0;300.0;6500.0;63000.0;110000.0;277000.0;1200000.0
10378.0;200.0;6800.0;67000.0;105000.0;880000.0;940000.0
10516.0;200.0;7300.0;83000.0;164000.0;690000.0;1100000.0
10654.0;200.0;7700.0;73000.0;115000.0;317229.9999999814;1100000.0
10793.0;200.0;8000.0;84000.0;191000.0;398000.0;1400000.0
10931.0;300.0;7900.0;54000.0;81000.0;126000.0;211000.0
11070.0;200.0;11500.0;238000.0;441000.0;820000.0;1200000.0
11208.0;200.0;9900.0;104000.0;321000.0;880000.0;1200000.0
11346.0;200.0;9500.0;81000.0;113000.0;162000.0;260000.0
11485.0;200.0;13600.0;132000.0;243000.0;549000.0;1200000.0
11623.0;200.0;23000.0;389000.0;630000.0;890000.0;1300000.0
11761.0;200.0;15400.0;146000.0;309000.0;545000.0;1300000.0
11900.0;200.0;12800.0;82000.0;111000.0;166000.0;308000.0
12038.0;300.0;26000.0;292000.0;456000.0;780000.0;1100000.0
12177.0;200.0;64000.0;550000.0;670000.0;870000.0;1200000.0
12315.0;300.0;28000.0;146000.0;288000.0;840000.0;1200000.0
12453.0;200.0;47000.0;297000.0;499000.0;760000.0;940000.0
12592.0;200.0;83000.0;407000.0;527000.0;710000.0;1300000.0
12730.0;200.0;371000.0;740000.0;850000.0;1200000.0;1500000.0
12868.0;300.0;562000.0;990000.0;1100000.0;1500000.0;2300000.0
13007.0;300.0;583000.0;1200000.0;1500000.0;1900000.0;2400000.0
13145.0;200.0;1300000.0;2400000.0;2800000.0;3600000.0;5300000.0
13284.0;2700.0;1300000.0;3000000.0;3800000.0;4000000.0;5500000.0
13422.0;500.0;1300000.0;2600000.0;2900000.0;3400000.0;3600000.0
13560.0;300.0;1300000.0;3200000.0;3900000.0;5000000.0;5200000.0
