0.00
0.00
0.00
0.00
0.01
0.03
0.06
0.11
0.14
0.22
0.24
0.06
0.12
0.29
0.28
0.13
0.06
0.09
0.30
0.43
0.71
0.04
0.06
0.05
0.06
0.05
0.05
0.05
0.06
0.06
0.07
0.07
0.07
0.07
0.08
0.08
0.09
0.09
0.08
0.09
0.10
0.10
0.10
0.10
0.11
0.10
0.10
0.10
0.11
0.12
0.15
0.11
0.12
0.12
0.10
0.14
0.11
0.11
0.12
0.10
0.15
0.10
0.11
0.11
0.11
0.10
0.11
0.11
0.10
1.15
0.06
0.32
0.13
0.09
0.07
0.07
0.08
0.07
0.08
0.08
0.09
0.09
0.09
0.08
0.09
0.10
0.09
0.10
0.09
0.10
0.10
0.10
0.09
0.10
0.10
0.10
0.10
0.10
0.10
0.10
0.10
0.10
0.11
0.11
0.12
0.11
0.11
0.12
0.11
0.12
0.10
0.16
0.10
0.16
0.10
0.11
0.10
1.11
0.07
0.10
0.10
0.10
0.20
0.08
0.30
0.26
0.24
0.14
0.07
0.07
0.07
0.07
0.07
0.07
0.07
0.07
0.07
0.08
0.08
0.08
0.08
0.09
0.08
0.09
0.10
0.09
0.09
0.14
0.10
0.10
0.10
0.09
0.10
0.10
0.11
0.10
0.11
0.89
0.07
0.10
0.10
0.09
0.11
0.10
0.09
0.10
0.10
0.10
0.14
0.09
0.15
0.09
0.11
0.11
0.10
0.14
0.10
0.14
0.09
0.10
0.10
0.09
0.10
0.09
0.09
0.11
0.10
0.11
0.11
0.10
0.10
0.11
0.11
0.11
0.16
0.10
0.11
0.11
0.10
0.92
0.08
0.10
0.11
0.10
0.09
0.11
0.10
0.15
0.10
0.09
0.12
0.12
0.10
0.10
0.10
0.10
0.10
0.15
0.11
0.10
0.11
0.10
0.14
0.10
0.10
0.10
0.10
0.11
0.11
0.15
0.10
0.10
0.10
0.11
0.11
0.11
0.12
0.11
0.99
0.08
0.09
0.10
0.10
0.10
0.11
0.12
0.10
0.17
0.09
0.33
0.30
0.24
0.14
0.07
0.07
0.07
0.08
0.08
0.07
0.08
0.07
0.08
0.09
0.09
0.09
0.08
0.09
0.09
0.10
0.09
0.09
0.10
0.09
0.11
0.10
0.14
0.11
0.10
0.10
0.11
0.10
0.11
0.12
0.11
0.11
0.12
0.11
0.10
0.10
0.10
0.15
1.01
0.08
0.10
0.10
0.08
0.34
0.30
0.05
0.27
0.26
0.31
0.20
0.05
0.05
0.05
0.05
0.05
0.06
0.05
0.06
0.05
0.06
0.06
0.06
0.81
0.04
0.06
0.08
0.09
0.11
0.12
0.12
0.12
0.12
0.12
0.11
0.10
0.08
0.07
0.07
0.86
0.04
0.07
0.09
0.11
0.11
0.14
0.13
0.14
0.14
0.15
0.15
0.15
0.15
0.15
0.16
0.16
0.16
0.15
0.79
0.04
0.06
0.08
0.08
0.10
0.11
0.11
0.12
0.13
0.13
0.15
0.14
0.15
0.14
0.14
0.14
0.14
0.13
0.13
0.12
0.11
0.10
0.09
0.07
0.07
0.07
0.07
0.09
0.10
0.11
0.12
0.11
0.12
0.11
0.10
0.08
0.87
0.05
0.08
0.09
0.11
0.11
0.11
0.11
0.11
0.11
0.09
0.07
0.08
0.09
0.08
0.08
0.08
0.08
0.08
0.08
0.08
0.09
0.08
0.09
0.08
0.09
0.08
0.08
0.09
0.09
0.08
0.09
0.09
0.10
0.09
0.10
0.10
0.10
0.10
0.10
0.90
0.06
0.09
0.09
0.09
0.09
0.09
0.09
0.09
0.09
0.09
0.09
0.09
0.09
0.09
0.09
0.09
0.09
0.09
0.09
0.09
0.09
0.09
0.09
0.09
0.09
0.09
0.09
0.09
0.09
0.10
0.09
0.10
0.09
0.10
0.10
0.10
0.09
0.10
0.10
0.10
0.09
0.89
0.06
0.10
0.09
0.80
0.06
0.09
0.09
0.09
0.09
0.09
0.10
0.10
0.09
0.09
0.09
0.09
0.10
0.09
0.10
0.10
0.10
0.09
0.09
0.10
0.10
0.10
0.09
0.09
0.10
0.09
0.09
0.10
0.10
0.09
0.10
0.10
0.10
0.10
0.10
0.10
0.10
0.10
0.10
0.10
0.10
0.90
0.06
0.09
0.09
0.10
0.10
0.10
0.09
0.10
0.09
0.09
0.09
0.10
0.10
0.09
0.82
0.07
0.09
0.10
0.10
0.09
0.09
0.09
0.09
0.09
0.09
0.09
0.10
0.09
0.09
0.09
0.09
0.10
0.09
0.10
0.10
0.09
0.10
0.10
0.10
0.10
0.09
0.10
0.10
0.09
0.09
0.10
0.10
0.10
0.10
0.10
0.10
0.10
0.10
0.10
0.10
0.09
0.92
0.06
0.09
0.09
0.09
0.10
0.09
0.09
0.10
0.10
0.10
0.09
0.09
0.10
0.09
0.10
0.10
0.10
0.10
0.09
0.09
0.10
0.10
0.10
0.10
0.09
0.93
0.06
0.10
0.09
0.09
0.10
0.09
0.09
0.09
0.10
0.09
0.09
0.09
0.09
0.09
0.09
0.09
0.09
0.09
0.09
0.09
0.10
0.10
0.09
0.09
0.10
0.09
0.09
0.09
0.10
0.10
0.10
0.10
0.10
0.10
0.11
0.10
0.10
0.10
0.10
0.10
0.10
0.91
0.06
0.10
0.09
0.10
0.10
0.10
0.10
0.10
0.10
0.10
0.10
0.10
0.10
0.10
0.10
0.10
0.09
0.09
0.10
0.09
0.10
0.10
0.10
0.10
0.10
0.10
0.11
0.10
0.10
0.09
0.09
0.10
0.10
0.10
0.09
0.10
0.89
0.07
0.08
0.09
0.09
0.09
0.09
0.09
0.09
0.09
0.09
0.10
0.09
0.09
0.09
0.09
0.09
0.09
0.09
0.10
0.09
0.09
0.10
0.09
0.09
0.10
0.09
0.10
0.09
0.09
0.09
0.10
0.09
0.10
0.10
0.10
0.10
0.09
0.10
0.10
0.10
0.09
0.09
0.93
0.06
0.09
0.09
0.09
0.10
0.10
0.10
0.09
0.09
0.11
0.10
0.10
0.10
0.09
0.09
0.10
0.10
0.09
0.10
0.09
0.10
0.09
0.10
0.10
0.10
0.10
0.10
0.10
0.09
0.10
0.10
0.10
0.10
0.10
0.10
0.10
0.10
0.10
0.11
0.92
0.06
0.09
0.09
0.09
0.10
0.09
0.83
0.06
0.09
0.09
0.10
0.09
0.10
0.09
0.10
0.09
0.09
0.09
0.10
0.09
0.10
0.09
0.10
0.10
0.10
0.09
0.09
0.10
0.10
0.09
0.09
0.10
0.11
0.10
0.10
0.10
0.10
0.09
0.10
0.10
0.10
0.10
0.10
0.10
0.10
0.09
0.10
0.10
0.90
0.06
0.09
0.09
0.10
0.10
0.10
0.10
0.10
0.09
0.10
0.10
0.09
0.09
0.10
0.10
0.09
0.10
0.09
0.11
0.09
0.10
0.10
0.10
0.09
0.10
0.10
0.10
0.10
0.10
0.10
0.10
0.10
0.09
0.10
0.10
0.10
0.10
0.11
0.10
0.93
0.06
0.09
0.10
0.10
0.09
0.09
0.10
0.09
0.10
0.10
0.10
0.10
0.10
0.10
0.09
0.10
0.10
0.11
0.84
0.06
0.09
0.09
0.09
0.09
0.09
0.10
0.09
0.09
0.09
0.09
0.09
0.09
0.10
0.09
0.09
0.09
0.09
0.09
0.09
0.09
0.10
0.10
0.10
0.10
0.09
0.10
0.10
0.10
0.10
0.11
0.10
0.10
0.10
0.10
0.10
0.11
0.10
0.10
0.10
0.09
0.92
0.06
0.09
0.10
0.09
0.10
0.09
0.10
0.11
0.09
0.10
0.10
0.10
0.09
0.10
0.10
0.09
0.10
0.10
0.10
0.09
0.09
0.10
0.10
0.09
0.10
0.10
0.10
0.10
0.11
0.10
0.10
0.10
0.10
0.10
0.10
0.10
0.09
0.10
0.10
0.93
0.06
0.09
0.09
0.09
0.09
0.10
0.09
0.09
0.10
0.10
0.09
0.11
0.09
0.10
0.10
0.10
0.10
0.09
0.10
0.10
0.10
0.10
0.10
0.10
0.10
0.10
0.10
0.10
0.09
0.10
0.83
0.06
0.09
0.08
0.09
0.10
0.09
0.09
0.09
0.09
0.09
0.09
0.10
0.09
0.10
0.09
0.10
0.10
0.09
0.10
0.10
0.09
0.10
0.09
0.10
0.09
0.10
0.10
0.09
0.09
0.10
0.09
0.10
0.10
0.10
0.10
0.10
0.10
0.10
0.10
0.10
0.10
0.93
0.06
0.09
0.09
0.09
0.10
0.10
0.09
0.10
0.10
0.10
0.10
0.09
0.09
0.10
0.10
0.10
0.09
0.10
0.10
0.10
0.10
0.09
0.10
0.09
0.10
0.09
0.10
0.10
0.09
0.10
0.09
0.10
0.10
0.09
0.10
0.10
0.10
0.10
0.10
0.93
0.08
0.09
0.09
0.09
0.10
0.12
0.09
0.10
0.09
0.09
0.10
0.10
0.09
0.10
0.09
0.09
0.10
0.10
0.10
0.09
0.09
0.10
0.10
0.10
0.10
0.10
0.10
0.10
0.10
0.10
0.10
0.09
0.09
0.11
0.10
0.10
0.10
0.10
0.10
0.93
0.07
0.80
0.07
0.10
0.09
0.09
0.10
0.09
0.10
0.10
0.10
0.10
0.10
0.10
0.10
0.10
0.09
0.09
0.10
0.10
0.10
0.10
0.10
0.10
0.10
0.09
0.10
0.11
0.10
0.10
0.10
0.10
0.09
0.09
0.11
0.09
0.10
0.09
0.11
0.10
0.11
0.10
0.10
0.93
0.07
0.08
0.10
0.10
0.10
0.10
0.09
0.09
0.10
0.10
0.10
0.10
0.10
0.10
0.10
0.10
0.10
0.09
0.10
0.10
0.10
0.10
0.10
0.09
0.10
0.11
0.10
0.10
0.10
0.10
0.09
0.09
0.09
0.10
0.10
0.10
0.10
0.10
0.10
0.94
0.07
0.09
0.09
0.10
0.10
0.10
0.10
0.10
0.10
0.10
0.10
0.10
0.10
0.10
0.09
0.10
0.10
0.10
0.10
0.10
0.10
0.10
0.10
0.10
0.11
0.09
0.10
0.10
0.10
0.09
0.11
0.09
0.10
0.11
0.09
0.10
0.10
0.10
0.10
0.93
0.07
0.09
0.09
0.10
0.10
0.10
0.10
0.10
0.09
0.10
0.10
0.10
0.86
0.07
0.09
0.09
0.10
0.09
0.10
0.10
0.10
0.10
0.10
0.09
0.09
0.10
0.10
0.09
0.10
0.10
0.10
0.10
0.10
0.10
0.11
0.10
0.10
0.10
0.09
0.10
0.10
0.10
0.10
0.10
0.10
0.10
0.10
0.10
0.10
0.10
0.10
0.11
0.10
0.10
0.93
0.06
0.09
0.09
0.10
0.10
0.09
0.10
0.10
0.09
0.09
0.10
0.11
0.09
0.10
0.10
0.09
0.10
0.10
0.10
0.10
0.10
0.10
0.10
0.09
0.10
0.10
0.11
0.10
0.10
0.10
0.10
0.10
0.11
0.10
0.10
0.10
0.10
0.11
0.10
0.94
0.06
0.09
0.09
0.10
0.10
0.10
0.10
0.10
0.10
0.10
0.10
0.11
0.09
0.10
0.10
0.10
0.10
0.10
0.10
0.10
0.10
0.10
0.10
0.10
0.10
0.10
0.10
0.10
0.11
0.11
0.10
0.09
0.10
0.10
0.10
0.10
0.10
0.10
0.10
0.94
0.07
0.09
0.10
0.08
0.10
0.09
0.09
0.09
0.09
0.09
0.10
0.09
0.10
0.10
0.10
0.10
0.10
0.10
0.10
0.09
0.10
0.92
0.07
0.09
0.10
0.09
0.09
0.09
0.09
0.10
0.09
0.09
0.10
0.11
0.10
0.10
0.09
0.09
0.10
0.09
0.09
0.10
0.09
0.10
0.10
0.10
0.10
0.11
0.10
0.10
0.10
0.10
0.10
0.11
0.11
0.10
0.10
0.09
0.10
0.10
0.10
0.11
0.10
0.94
0.08
0.09
0.09
0.09
0.09
0.09
0.10
0.10
0.10
0.09
0.09
0.10
0.10
0.10
0.10
0.10
0.11
0.11
0.10
0.10
0.10
0.10
0.10
0.10
0.10
0.10
0.10
0.10
0.11
0.10
0.11
0.11
0.10
0.10
0.10
0.11
0.10
0.10
0.92
0.07
0.10
0.10
0.09
0.10
0.10
0.10
0.10
0.10
0.10
0.10
0.10
0.10
0.11
0.10
0.09
0.09
0.11
0.10
0.10
0.10
0.10
0.09
0.09
0.09
0.10
0.10
0.10
0.10
0.09
0.10
0.10
0.10
0.10
0.11
0.10
0.11
0.11
0.11
0.93
0.07
0.09
0.09
0.09
0.10
0.11
0.10
0.10
0.10
0.10
0.10
0.10
0.10
0.11
0.10
0.10
0.10
0.10
0.10
0.09
0.10
0.10
0.10
0.10
0.10
0.09
0.09
0.11
0.10
0.10
0.10
0.10
0.10
0.11
0.91
0.07
0.10
0.10
0.10
0.10
0.09
0.10
0.10
0.09
0.10
0.10
0.09
0.10
0.09
0.09
0.10
0.10
0.09
0.09
0.09
0.10
0.10
0.09
0.09
0.11
0.10
0.09
0.09
0.10
0.09
0.10
0.09
0.09
0.09
0.10
0.10
0.09
0.10
0.10
0.10
0.10
0.94
0.06
0.10
0.09
0.10
0.09
0.10
0.10
0.10
0.10
0.10
0.10
0.10
0.10
0.10
0.10
0.10
0.10
0.11
0.11
0.11
0.10
0.10
0.10
0.10
0.09
0.10
0.10
0.10
0.10
0.10
0.10
0.10
0.09
0.11
0.11
0.10
0.10
0.10
0.10
0.95
0.07
0.10
0.09
0.09
0.10
0.10
0.11
0.10
0.10
0.10
0.09
0.10
0.10
0.10
0.10
0.10
0.10
0.11
0.10
0.10
0.10
0.10
0.11
0.10
0.10
0.10
0.10
0.10
0.11
0.11
0.10
0.10
0.10
0.10
0.10
0.10
0.10
0.10
0.10
0.96
0.11
0.10
0.09
0.09
0.10
0.10
0.10
0.10
0.10
0.10
0.10
0.09
0.10
0.11
0.10
0.10
0.09
0.09
0.10
0.10
0.11
0.10
0.11
0.10
0.10
0.09
0.10
0.10
0.10
0.10
0.10
0.10
0.09
0.10
0.09
0.11
0.10
0.10
0.10
0.93
0.07
0.09
0.10
0.10
0.81
0.08
0.10
0.08
0.09
0.09
0.09
0.10
0.10
0.10
0.10
0.10
0.10
0.10
0.09
0.10
0.10
0.11
0.10
0.10
0.10
0.10
0.10
0.11
0.10
0.09
0.10
0.10
0.10
0.10
0.10
0.10
0.10
0.11
0.10
0.10
0.10
0.11
0.10
0.09
0.11
0.10
0.94
0.07
0.10
0.10
0.09
0.09
0.10
0.10
0.10
0.10
0.10
0.10
0.09
0.11
0.10
0.10
0.10
0.09
0.10
0.09
0.10
0.10
0.09
0.10
0.11
0.10
0.10
0.09
0.10
0.09
0.10
0.10
0.10
0.10
0.11
0.10
0.10
0.10
0.11
0.11
0.94
0.07
0.10
0.10
0.10
0.09
0.11
0.10
0.10
0.10
0.10
0.10
0.10
0.09
0.10
0.10
0.10
0.10
0.11
0.10
0.10
0.11
0.10
0.10
0.10
0.10
0.11
0.10
0.11
0.10
0.10
0.11
0.10
0.10
0.10
0.10
0.11
0.10
0.10
0.10
0.94
0.07
0.10
0.10
0.09
0.10
0.09
0.10
0.10
0.10
0.10
0.09
0.10
0.10
0.10
0.10
0.10
0.10
0.10
0.10
0.11
0.10
0.09
0.11
0.10
0.10
0.10
0.11
0.10
0.10
0.10
0.10
0.10
0.10
0.10
0.10
0.10
0.10
0.10
0.11
0.94
0.07
0.09
0.10
0.09
0.09
0.10
0.11
0.10
0.11
0.10
0.10
0.10
0.10
0.93
0.08
0.10
0.10
0.09
0.09
0.10
0.09
0.10
0.11
0.09
0.10
0.09
0.10
0.10
0.10
0.10
0.09
0.10
0.11
0.11
0.09
0.10
0.10
0.10
0.11
0.10
0.10
0.10
0.10
0.10
0.10
0.10
0.09
0.10
0.10
0.10
0.10
0.10
0.10
0.10
0.11
0.93
0.08
0.09
0.09
0.10
0.10
0.09
0.10
0.10
0.10
0.10
0.10
0.10
0.10
0.10
0.10
0.11
0.11
0.10
0.10
0.10
0.10
0.11
0.11
0.10
0.10
0.11
0.10
0.10
0.10
0.10
0.11
0.10
0.10
0.10
0.10
0.10
0.10
0.10
0.10
0.96
0.07
0.10
0.10
0.10
0.10
0.11
0.10
0.10
0.10
0.11
0.10
0.09
0.10
0.10
0.10
0.10
0.10
0.09
0.10
0.10
0.10
0.11
0.10
0.10
0.10
0.10
0.10
0.10
0.11
0.10
0.10
0.10
0.10
0.11
0.10
0.11
0.10
0.10
0.10
0.94
0.07
0.10
0.09
0.10
0.10
0.10
0.10
0.09
0.11
0.10
0.10
0.10
0.10
0.11
0.10
0.10
0.10
0.09
0.11
0.10
0.10
0.10
0.10
0.11
0.10
0.10
0.10
0.10
0.11
0.10
0.11
0.10
0.11
0.10
0.10
0.11
0.10
0.11
0.93
0.07
0.10
0.14
0.10
0.10
0.10
0.10
0.11
0.10
0.10
0.11
0.09
0.10
0.10
0.10
0.11
0.10
0.11
0.09
0.11
0.11
0.10
0.11
0.82
0.07
0.10
0.10
0.10
0.09
0.10
0.09
0.11
0.10
0.10
0.10
0.10
0.09
0.10
0.10
0.09
0.10
0.10
0.10
0.10
0.10
0.10
0.10
0.10
0.10
0.10
0.10
0.11
0.09
0.10
0.10
0.10
0.11
0.09
0.10
0.10
0.10
0.10
0.10
0.11
0.11
0.93
0.06
0.10
0.14
0.10
0.11
0.10
0.10
0.10
0.10
0.10
0.10
0.09
0.10
0.11
0.10
0.11
0.10
0.10
0.10
0.09
0.10
0.10
0.10
0.10
0.11
0.10
0.10
0.10
0.09
0.10
0.10
0.10
0.10
0.10
0.11
0.11
0.10
0.10
0.10
0.94
0.07
0.16
0.09
0.09
0.09
0.10
0.10
0.10
0.10
0.10
0.10
0.10
0.10
0.10
0.10
0.10
0.10
0.11
0.10
0.10
0.10
0.10
0.10
0.09
0.09
0.10
0.10
0.10
0.10
0.10
0.11
0.10
0.11
0.10
0.10
0.10
0.11
0.11
0.10
0.96
0.08
0.10
0.09
0.09
0.10
0.15
0.10
0.09
0.10
0.10
0.10
0.10
0.11
0.10
0.11
0.10
0.10
0.10
0.10
0.10
0.09
0.11
0.10
0.11
0.10
0.10
0.10
0.10
0.10
0.11
0.10
0.11
0.11
0.10
0.10
0.10
0.10
0.10
0.94
0.06
0.09
0.14
0.09
0.09
0.10
0.11
0.10
0.10
0.10
0.10
0.10
0.10
0.10
0.10
0.11
0.10
0.10
0.10
0.10
0.10
0.10
0.10
0.10
0.10
0.10
0.12
0.10
0.10
0.10
0.11
0.09
0.85
0.07
0.10
0.08
0.09
0.14
0.09
0.09
0.09
0.10
0.10
0.10
0.10
0.10
0.10
0.09
0.09
0.09
0.10
0.10
0.10
0.09
0.10
0.10
0.09
0.09
0.10
0.09
0.10
0.09
0.10
0.10
0.13
0.10
0.10
0.11
0.09
0.11
0.10
0.10
0.11
0.11
0.95
0.06
0.10
0.09
0.10
0.09
0.10
0.11
0.10
0.10
0.09
0.10
0.10
0.09
0.10
0.10
0.12
0.10
0.10
0.10
0.11
0.10
0.10
0.09
0.10
0.10
0.10
0.11
0.09
0.10
0.14
0.11
0.11
0.10
0.10
0.10
0.11
0.10
0.10
0.10
0.97
0.12
0.11
0.09
0.11
0.10
0.14
0.10
0.11
0.10
0.11
0.10
0.11
0.10
0.10
0.10
0.11
0.10
0.10
0.10
0.10
0.10
0.10
0.10
0.10
0.11
0.10
0.09
0.10
0.10
0.10
0.10
0.10
0.10
0.11
0.11
0.10
0.09
0.10
0.98
0.08
0.10
0.15
0.10
0.15
0.10
0.10
0.11
0.11
0.15
0.10
0.11
0.10
0.10
0.10
0.10
0.10
0.11
0.09
0.10
0.10
0.10
0.10
0.10
0.10
0.11
0.10
0.10
0.10
0.10
0.10
0.11
0.10
0.11
0.11
0.10
0.11
0.10
0.93
0.12
0.09
0.10
0.10
0.10
0.15
0.09
0.10
0.10
0.10
0.10
0.09
0.10
0.10
0.10
0.09
0.10
0.15
0.10
0.10
0.10
0.12
0.10
0.10
0.10
0.10
0.10
0.10
0.11
0.10
0.10
0.10
0.11
0.11
0.10
0.10
0.10
0.11
0.14
0.94
0.07
0.09
1.00
0.08
0.11
0.10
0.15
0.09
0.09
0.10
0.10
0.10
0.10
0.11
0.11
0.10
0.11
0.15
0.10
0.11
0.11
0.10
0.10
0.10
0.11
0.10
0.10
0.10
0.10
0.12
0.10
0.16
0.10
0.11
0.11
0.11
0.11
0.11
0.16
0.10
0.10
0.10
0.10
0.11
1.00
0.07
0.10
0.10
0.15
0.09
0.10
0.10
0.10
0.16
0.10
0.10
0.11
0.10
0.10
0.10
0.15
0.11
0.11
0.10
0.10
0.10
0.11
0.10
0.10
0.14
0.11
0.10
0.10
0.11
0.10
0.10
0.15
0.10
0.10
0.10
0.11
0.11
0.11
0.94
0.07
0.10
0.14
0.10
0.10
0.10
0.09
0.15
0.10
0.10
0.10
0.10
0.10
0.10
0.11
0.10
0.10
0.09
0.10
0.16
0.10
0.11
0.11
0.11
0.10
0.10
0.15
0.10
0.11
0.10
0.10
0.11
0.10
0.10
0.10
0.10
0.16
0.11
1.01
0.07
0.09
0.09
0.11
0.10
0.13
0.10
0.10
0.11
0.10
0.15
0.12
0.11
0.14
0.10
0.10
0.16
0.10
0.10
0.10
0.09
0.10
0.10
0.09
0.12
0.10
0.10
0.09
0.10
0.15
0.10
0.10
0.10
0.11
0.10
0.10
0.14
0.10
1.01
0.13
0.10
0.09
0.10
0.10
0.10
0.10
0.10
0.10
0.10
0.10
0.11
0.11
0.14
0.10
0.10
0.12
0.10
0.10
0.10
0.11
0.10
0.11
0.09
0.10
0.10
0.15
0.12
0.10
0.15
0.10
0.10
0.10
0.10
0.16
0.09
0.10
0.10
0.97
0.07
0.10
0.10
0.14
0.10
0.10
0.09
0.10
0.11
0.11
0.11
0.15
0.11
0.93
0.08
0.11
0.10
0.09
0.09
0.10
0.10
0.16
0.10
0.09
0.10
0.09
0.10
0.15
0.10
0.11
0.11
0.10
0.11
0.10
0.11
0.10
0.10
0.10
0.15
0.10
0.11
0.16
0.10
0.10
0.10
0.10
0.10
0.10
0.11
0.12
0.11
0.15
0.11
0.12
0.11
0.97
0.08
0.11
0.09
0.11
0.10
0.10
0.10
0.10
0.10
0.16
0.10
0.10
0.11
0.11
0.11
0.11
0.11
0.10
0.11
0.10
0.11
0.10
0.12
0.12
0.10
0.11
0.10
0.10
0.10
0.11
0.11
0.15
0.11
0.09
0.11
0.10
0.15
0.11
1.00
0.06
0.10
0.10
0.10
0.10
0.10
0.10
0.12
0.09
0.11
0.10
0.11
0.10
0.10
0.15
0.10
0.11
0.10
0.09
0.12
0.10
0.10
0.14
0.09
0.11
0.15
0.10
0.10
0.10
0.10
0.10
0.15
0.10
0.10
0.11
0.11
0.10
0.12
0.98
0.07
0.12
0.09
0.09
0.11
0.11
0.11
0.10
0.09
0.15
0.10
0.11
0.10
0.10
0.10
0.10
0.10
0.10
0.11
0.11
0.09
0.09
0.10
0.11
0.11
0.10
0.11
0.11
0.10
0.11
0.17
0.11
0.14
0.10
0.10
0.10
0.10
1.01
0.07
0.10
0.10
0.11
0.09
0.10
0.09
0.10
0.11
0.11
0.09
0.15
0.11
0.11
0.15
0.10
0.15
0.10
0.12
0.10
0.10
0.12
0.10
0.10
0.16
0.10
0.10
0.11
0.11
0.11
0.10
0.11
0.11
0.12
0.11
0.09
0.10
0.10
1.00
0.13
0.11
0.09
0.10
0.09
0.15
0.11
0.11
0.10
0.12
0.11
0.12
0.11
0.09
0.15
0.11
0.11
0.15
0.11
0.11
0.99
0.06
0.10
0.09
0.09
0.12
0.11
0.09
0.09
0.10
0.15
0.10
0.11
0.09
0.11
0.10
0.10
0.11
0.09
0.12
0.11
0.09
0.15
0.18
0.11
0.11
0.09
0.10
0.11
0.10
0.10
0.11
0.11
0.10
0.15
0.10
0.11
0.10
0.12
0.13
0.99
0.06
0.09
0.14
0.09
0.09
0.10
0.10
0.09
0.10
0.12
0.11
0.15
0.10
0.10
0.11
0.11
0.15
0.10
0.12
0.10
0.10
0.11
0.16
0.12
0.12
0.10
0.09
0.10
0.11
0.10
0.15
0.11
0.12
0.11
0.10
0.10
0.10
0.99
0.07
0.09
0.10
0.12
0.11
0.12
0.10
0.10
0.09
0.12
0.11
0.10
0.10
0.10
0.11
0.11
0.12
0.10
0.10
0.11
0.09
0.09
0.12
0.12
0.11
0.12
0.13
0.33
0.29
0.25
0.13
0.07
0.07
0.07
0.07
0.07
0.07
0.07
0.07
0.07
0.08
0.08
0.08
0.08
0.08
0.09
0.08
0.08
0.09
0.08
0.09
0.09
0.10
0.10
0.09
0.09
0.10
0.10
0.09
0.10
0.10
0.10
0.10
0.10
0.10
0.10
0.10
0.11
0.10
0.11
0.99
0.08
0.09
0.10
0.09
0.10
0.10
0.09
0.10
0.09
0.10
0.10
0.11
0.09
0.11
0.09
0.10
0.99
0.07
0.10
0.10
0.10
0.15
0.10
0.11
0.10
0.11
0.16
0.08
0.36
0.26
0.07
0.27
0.30
0.37
0.19
0.04
0.03
0.03
0.03
0.03
0.03
0.02
0.03
0.02
0.02
0.02
0.03
0.03
