3.460
3.528
2.348
4.221
8.260
32.648
55.836
107.725
136.689
212.111
269.145
69.449
141.103
314.840
252.327
120.710
55.384
81.642
332.338
416.361
184.117
61.092
52.414
55.943
55.139
55.571
57.285
63.048
785.436
39.042
64.328
63.455
66.507
73.364
76.383
80.384
78.744
82.265
86.616
91.117
83.934
90.509
91.018
93.644
93.950
95.206
105.540
94.358
96.808
95.285
106.512
117.553
111.947
111.310
112.688
150.754
111.926
103.192
162.991
96.598
142.335
100.327
111.815
111.366
109.036
113.512
114.378
108.476
110.105
108.136
117.400
112.798
168.881
113.242
87.556
298.038
146.202
100.549
72.908
71.523
70.871
76.824
73.693
79.047
78.276
82.054
86.967
79.530
89.131
83.916
87.892
83.161
95.016
83.355
98.014
97.540
90.989
99.330
97.739
146.881
101.171
94.606
99.546
97.853
100.991
91.720
98.797
93.048
96.576
100.009
103.325
94.957
105.700
103.771
99.403
108.377
108.497
100.651
97.783
101.609
105.938
100.993
1088.069
73.699
157.661
71.043
297.706
331.050
205.965
123.963
75.842
70.652
66.724
71.538
71.653
70.152
72.745
73.883
74.080
78.032
80.892
84.337
83.462
78.994
87.950
90.539
93.728
93.963
94.735
89.455
96.867
139.234
97.806
97.049
103.874
95.637
99.671
101.309
102.452
115.201
98.527
104.655
160.325
103.999
153.404
107.800
101.696
109.397
146.380
106.618
1019.190
80.438
95.937
95.037
102.839
101.358
108.824
95.608
104.106
118.052
106.295
95.879
103.979
101.875
104.047
113.017
100.151
150.841
96.218
100.265
98.339
158.165
100.454
147.825
106.124
991.900
81.471
102.315
97.546
96.032
97.713
97.312
152.058
101.034
103.402
97.081
138.266
98.827
146.865
100.828
98.735
109.350
109.490
54.430
338.347
388.144
106.202
70.400
68.120
66.002
64.124
65.603
65.285
67.784
68.105
73.526
72.061
70.010
79.063
83.734
86.255
85.098
80.123
91.198
88.379
87.304
93.658
90.735
91.578
94.655
143.304
95.919
102.067
100.839
98.188
97.500
104.318
105.893
103.111
105.530
107.895
114.149
106.171
104.777
106.063
108.529
1030.456
67.236
105.793
112.845
111.354
148.091
99.538
104.870
102.204
99.326
101.945
128.529
104.998
109.179
103.613
90.668
146.551
108.431
97.223
109.381
100.833
110.883
108.429
156.733
105.168
151.205
103.043
157.695
124.992
120.859
107.803
110.301
108.193
107.797
147.908
157.079
104.862
280.087
292.540
271.439
170.296
65.363
64.104
62.703
68.079
71.831
70.872
66.731
69.890
67.795
74.273
76.536
74.452
81.296
75.625
81.036
78.542
83.815
82.694
87.697
91.341
90.337
92.896
97.361
90.587
93.468
87.297
93.477
100.154
93.188
98.228
92.999
111.218
107.391
94.509
102.072
111.897
152.604
107.459
152.167
101.705
1081.003
84.166
92.135
105.049
101.385
103.574
98.007
102.206
105.356
152.450
102.521
152.234
101.831
102.552
114.349
112.418
112.110
105.770
99.755
107.026
106.818
101.426
107.014
112.118
95.506
99.846
108.632
108.920
158.038
118.148
110.323
97.961
97.581
104.146
153.053
108.862
121.211
111.913
1098.973
948.280
71.672
105.749
107.195
105.047
97.342
145.431
104.673
105.655
95.500
102.734
97.395
96.385
109.333
111.193
125.622
113.443
76.577
329.352
262.037
271.044
140.292
59.458
63.391
62.376
62.251
64.548
64.549
70.331
65.616
72.380
71.511
74.119
72.338
74.892
76.950
83.581
80.160
90.469
85.430
86.175
93.856
93.713
96.320
95.001
140.669
104.613
102.570
97.659
105.444
143.268
105.586
121.224
109.686
108.218
103.735
112.195
105.809
108.392
154.902
107.843
152.344
102.849
1092.907
93.485
100.512
104.678
104.029
147.992
102.136
99.949
98.024
98.528
98.571
116.322
116.040
105.806
109.213
117.184
78.182
262.931
50.167
333.452
222.690
281.069
170.556
60.581
58.252
58.114
58.745
59.568
60.432
59.362
62.472
63.973
66.423
67.764
68.736
87.368
105.383
115.805
128.378
134.873
132.577
132.948
823.175
43.673
68.673
84.030
101.191
113.080
119.154
132.087
138.986
849.975
43.506
65.712
83.628
98.465
115.191
118.498
128.911
135.841
141.289
149.627
147.113
151.418
152.507
154.882
156.466
158.473
155.806
154.130
151.955
149.698
144.815
141.093
137.341
132.863
802.084
45.156
64.806
83.719
95.164
105.836
115.864
124.912
131.760
139.204
140.746
136.452
135.274
128.004
123.813
114.193
100.606
88.065
69.667
68.077
68.158
68.026
86.051
105.010
113.100
123.834
123.357
126.693
115.378
105.761
90.672
71.881
72.411
75.944
73.422
73.808
75.087
94.118
113.423
883.698
51.036
74.681
93.990
116.148
121.335
134.102
140.137
129.717
118.407
104.166
89.558
71.111
73.381
71.077
72.524
73.736
74.483
73.973
75.367
78.957
77.785
80.251
78.974
79.895
81.189
83.350
86.247
87.597
90.884
88.697
91.158
90.805
91.792
96.084
94.344
93.678
94.712
96.301
95.099
97.670
96.698
101.122
96.912
97.810
913.239
61.249
90.570
89.393
99.482
91.968
95.175
91.076
91.008
93.312
91.629
94.685
90.457
93.012
91.074
95.279
92.697
94.348
93.040
95.291
93.691
93.726
92.007
94.574
98.453
94.482
99.518
97.477
97.056
93.527
93.690
94.944
93.386
94.912
98.658
99.385
94.855
99.628
101.469
99.521
98.675
101.235
904.618
63.928
97.023
91.869
101.265
97.220
96.667
875.114
60.355
91.101
92.721
96.020
96.221
93.980
94.064
91.645
93.463
95.516
95.495
95.257
98.326
95.315
96.305
96.573
102.909
95.329
98.899
92.503
94.212
95.997
94.595
101.096
102.024
95.376
98.258
98.895
98.481
96.908
100.166
102.325
101.692
100.373
97.412
96.863
96.807
98.664
98.267
97.637
103.603
911.833
61.800
90.595
90.426
94.376
96.815
93.199
94.552
98.329
95.346
95.413
96.677
95.210
95.289
100.408
98.585
96.132
95.218
893.020
60.040
89.948
90.647
91.383
90.309
89.736
91.339
90.712
90.282
89.274
95.121
90.865
91.886
91.282
90.621
98.797
92.632
92.440
92.721
93.868
94.612
95.726
100.317
96.013
98.379
96.777
100.415
98.214
98.796
97.442
97.071
96.378
96.798
98.199
99.758
99.574
99.722
97.469
97.501
101.034
107.424
923.298
61.126
90.223
88.502
90.610
92.978
93.917
94.748
92.434
96.942
95.289
93.743
97.867
99.580
95.900
95.160
100.498
98.562
96.884
96.327
98.116
96.447
96.589
97.987
101.576
97.197
96.969
96.599
101.274
918.190
61.380
90.814
89.623
90.837
92.338
95.205
94.490
91.677
92.542
91.683
90.949
90.962
92.410
93.047
91.882
93.238
95.990
98.079
94.921
97.947
92.269
92.439
98.515
92.117
91.903
99.487
93.098
96.861
93.233
93.989
97.652
102.111
96.169
96.051
97.769
101.619
97.893
99.893
98.122
97.091
100.866
910.421
61.926
95.047
92.405
95.673
97.282
92.326
97.533
94.644
95.009
97.154
97.280
94.827
96.096
95.912
99.812
94.745
97.511
96.773
99.484
97.520
96.675
100.256
99.091
102.787
95.465
96.541
96.817
98.436
98.137
96.374
101.205
97.667
97.387
96.965
97.233
99.297
99.763
99.339
100.518
948.745
809.383
66.058
94.082
88.614
95.691
92.397
94.074
95.899
96.601
96.691
97.242
98.444
97.438
97.897
99.121
95.449
93.386
97.384
99.940
95.664
94.019
95.858
97.674
94.626
98.378
99.488
95.461
99.104
98.438
98.289
99.949
95.953
96.750
98.048
96.958
99.525
97.137
102.385
99.220
102.792
97.958
100.235
909.736
64.934
91.296
91.199
92.665
98.338
102.202
91.575
99.816
95.471
100.941
97.841
93.633
97.709
95.095
94.630
95.522
94.987
95.700
99.888
101.421
96.639
95.977
96.840
96.334
98.809
98.436
93.169
95.606
97.667
97.869
102.896
100.266
99.418
105.025
96.901
97.704
99.502
100.105
98.150
941.773
63.753
91.945
92.774
98.303
95.314
96.263
97.026
99.872
98.748
95.647
99.987
848.489
65.594
92.808
92.668
96.395
92.419
93.335
89.562
94.109
89.056
89.597
92.341
96.305
93.201
94.675
94.632
95.545
104.934
95.458
95.976
94.187
93.970
96.221
94.767
93.756
98.504
97.975
103.488
97.375
97.359
96.369
97.554
99.082
100.504
98.195
100.035
94.657
101.480
98.934
102.756
98.991
100.517
930.456
63.054
91.760
100.193
95.863
95.164
99.218
95.141
98.326
97.930
95.873
96.215
98.114
94.385
95.083
100.098
96.067
96.913
100.564
102.379
101.119
97.666
96.549
99.805
101.575
100.505
98.812
99.468
100.397
104.456
99.279
100.904
108.078
97.440
97.390
98.009
97.406
99.426
94.409
925.705
65.582
93.072
91.054
95.085
95.511
99.554
94.966
94.769
98.497
97.648
97.343
94.711
99.619
99.033
101.375
94.051
101.612
103.353
104.016
100.204
97.454
95.928
97.310
885.320
62.399
89.169
89.412
94.402
95.406
91.698
90.517
95.027
92.393
90.063
95.694
96.195
92.034
91.686
95.996
103.634
95.750
92.284
97.042
89.466
95.292
93.119
94.623
97.238
94.110
99.078
94.958
93.593
97.953
101.348
96.106
104.161
99.906
96.530
99.840
98.528
97.135
100.720
108.271
99.926
101.843
919.678
65.044
93.300
92.739
93.133
105.443
95.178
95.633
94.679
95.379
95.546
100.114
94.275
105.192
100.002
99.895
95.781
96.916
97.485
97.422
97.791
103.730
96.270
101.724
96.722
103.587
104.001
95.346
97.720
98.970
98.826
99.436
101.049
94.917
98.903
98.274
99.786
101.728
98.547
103.873
913.952
69.462
91.220
89.596
95.979
100.809
101.257
98.764
96.843
100.018
97.596
100.799
102.804
96.440
96.690
101.406
94.841
96.644
94.190
101.672
102.398
97.255
97.760
104.671
100.250
100.205
99.690
95.940
100.065
99.053
98.393
99.254
101.035
96.086
924.830
64.734
93.816
91.372
89.716
94.070
96.455
99.335
100.126
96.160
95.953
93.537
95.633
91.466
96.167
97.008
99.997
95.453
97.088
92.442
95.717
91.791
98.053
92.076
95.251
92.632
97.108
95.854
98.990
96.009
94.510
95.861
94.819
98.773
94.528
97.430
101.103
101.364
102.763
106.574
99.692
102.107
931.060
65.767
98.074
91.172
92.330
94.776
95.398
97.125
93.886
99.060
99.640
93.354
96.684
97.059
95.448
98.153
93.669
102.402
101.163
98.115
104.406
100.329
96.787
98.953
103.325
98.527
101.811
97.283
98.738
101.497
99.641
102.593
99.922
97.961
102.282
102.222
99.557
100.186
102.721
102.692
947.701
65.972
91.967
95.300
92.242
97.481
98.936
103.107
98.467
97.853
95.570
97.858
99.678
99.623
100.784
101.080
96.491
99.081
99.148
105.976
94.779
100.959
95.857
95.499
98.381
97.427
94.894
98.904
99.229
103.731
95.539
104.014
99.843
101.203
97.400
97.903
100.733
97.666
100.516
928.456
68.522
91.851
92.863
92.230
102.029
902.408
64.886
95.286
91.544
94.332
93.395
93.528
92.459
94.494
97.407
101.662
94.567
98.895
96.847
97.167
96.488
98.768
104.266
93.540
98.518
96.137
96.743
98.908
93.479
94.594
98.912
101.432
100.445
97.197
97.678
100.028
101.351
94.051
96.135
97.255
96.796
103.248
98.014
98.307
101.763
106.971
96.825
936.587
67.256
94.553
92.398
93.135
97.248
96.365
102.531
96.138
99.171
96.228
103.553
99.635
93.227
98.940
98.903
100.725
101.412
94.184
101.803
97.461
101.537
103.942
98.402
103.613
97.150
104.356
102.183
99.254
97.391
106.154
100.756
97.637
98.159
98.035
99.287
104.069
101.559
101.141
934.743
68.996
97.733
95.176
97.686
94.449
100.181
98.757
98.776
100.442
97.336
100.540
94.948
93.927
98.787
104.811
98.709
96.186
96.513
96.243
94.121
96.408
93.578
99.166
97.067
104.458
126.889
116.905
100.953
99.438
99.644
99.559
101.003
98.707
104.680
101.841
97.551
99.886
101.439
97.278
942.679
74.735
91.885
96.772
93.464
97.844
100.691
96.917
97.438
100.909
95.193
96.726
97.282
97.257
100.207
95.060
97.901
888.868
67.200
92.586
97.033
98.950
100.836
98.066
92.368
95.772
90.812
88.228
90.953
92.199
89.327
97.683
93.981
90.225
94.945
94.632
97.474
99.420
97.206
103.867
98.226
98.555
100.706
94.397
102.488
97.084
94.716
95.821
99.733
98.357
100.896
99.412
100.362
100.583
99.799
98.591
99.559
101.138
102.472
914.237
71.746
96.338
93.263
92.546
98.377
97.520
97.702
106.729
99.077
95.066
92.571
93.921
101.564
94.732
97.632
94.762
96.773
94.344
97.903
99.558
98.962
99.507
96.357
92.211
95.770
95.102
96.770
94.944
95.432
101.435
95.387
97.001
101.393
101.901
97.809
102.448
110.889
106.925
942.948
70.004
92.024
91.787
91.954
95.849
95.520
94.742
96.485
94.925
92.203
93.638
98.834
101.372
95.786
98.006
94.089
92.913
98.140
96.427
99.909
98.777
97.788
98.010
95.830
96.803
98.919
99.775
107.626
114.523
96.596
98.786
101.314
93.524
93.086
102.767
96.195
96.539
96.827
97.511
933.300
63.034
91.673
88.777
98.584
101.445
102.899
95.554
97.646
98.092
93.987
99.015
96.404
98.743
99.815
100.176
99.257
97.632
99.503
94.587
95.529
95.706
94.756
95.948
97.936
97.101
100.259
95.453
97.388
914.117
123.303
92.851
92.693
90.436
92.446
89.277
96.600
97.164
92.512
89.488
99.507
97.630
98.904
98.137
95.766
98.079
97.525
103.033
95.215
93.399
98.068
95.085
92.777
95.952
95.817
100.448
97.948
93.712
97.601
94.582
98.207
99.358
97.514
108.896
115.850
102.848
102.490
98.358
101.000
104.686
99.636
935.197
65.793
93.661
98.488
91.345
98.464
101.313
102.527
103.215
97.954
98.816
96.831
100.687
94.847
100.824
101.417
99.409
105.901
95.474
98.487
98.275
102.385
96.581
99.069
101.833
97.842
103.365
97.039
98.692
103.425
100.692
100.574
100.462
102.889
99.382
100.026
101.600
96.342
96.598
97.581
947.655
62.178
97.515
91.220
91.708
94.780
95.112
97.634
97.439
99.435
106.933
98.704
95.751
102.411
100.419
94.616
102.725
102.935
97.012
96.153
101.234
101.205
107.378
99.111
101.015
99.686
96.790
94.338
107.885
102.555
99.225
105.575
108.186
110.876
97.756
100.128
104.291
104.035
104.306
97.587
934.000
65.206
94.986
101.218
93.368
92.095
94.164
100.921
97.896
99.516
101.440
113.492
96.479
96.074
97.776
104.933
100.235
98.141
100.103
97.720
103.267
101.499
98.219
105.664
93.233
100.183
94.742
106.247
98.458
95.952
96.942
101.758
108.174
105.360
101.347
99.810
100.890
101.764
885.627
64.862
96.668
89.514
96.876
94.087
105.149
91.817
89.479
88.666
92.076
93.922
91.106
89.333
98.254
94.526
94.911
94.923
96.198
95.208
97.172
100.026
96.773
94.266
101.830
96.247
98.739
94.792
97.961
89.737
98.061
99.892
93.433
95.440
94.028
98.880
100.736
103.175
98.350
97.494
108.700
100.890
931.932
70.016
102.744
88.257
96.920
103.128
99.571
102.073
95.225
103.054
95.632
99.655
97.307
97.218
100.003
98.305
93.807
99.892
101.460
105.214
95.891
102.757
106.705
100.696
99.313
99.895
100.278
100.247
103.079
95.430
95.937
102.668
103.700
102.991
96.704
104.142
101.828
102.973
103.741
109.406
964.379
62.771
143.408
97.823
95.862
98.346
95.448
94.869
102.663
97.459
97.462
95.788
97.232
99.666
100.013
95.795
107.761
101.431
100.525
104.599
99.271
100.852
95.576
101.964
98.832
101.163
100.954
97.806
113.125
97.461
93.293
103.374
98.017
97.679
101.228
102.630
97.213
97.977
103.831
929.488
72.444
91.228
92.544
97.325
92.581
102.366
103.535
96.196
92.919
105.098
97.488
98.587
94.291
98.851
97.071
100.085
93.046
100.881
100.005
97.639
102.067
99.483
102.312
99.876
102.855
99.725
104.759
101.388
106.683
100.759
104.199
103.134
103.693
100.580
103.739
102.934
103.185
96.897
105.060
961.014
70.618
101.786
96.024
101.793
93.733
103.960
95.448
102.051
904.679
75.811
97.223
99.023
94.983
93.353
93.213
94.607
93.814
94.186
94.721
100.342
100.171
95.800
101.263
101.540
98.894
94.483
102.138
107.150
99.315
101.147
96.315
98.136
100.810
103.247
100.753
104.392
99.314
100.474
99.530
102.137
101.439
105.624
103.444
103.016
97.800
99.297
105.160
99.129
97.675
105.403
941.846
73.621
92.181
102.781
91.308
95.844
98.533
96.768
100.347
100.881
100.742
94.260
100.658
104.104
104.927
100.739
99.537
101.957
97.487
98.677
100.251
106.714
99.732
102.493
98.181
100.850
99.673
101.679
95.392
102.396
100.163
98.264
100.605
108.090
113.274
99.831
101.640
106.699
100.987
924.625
59.469
96.284
98.878
87.172
91.224
95.802
95.031
96.755
100.302
93.727
95.587
94.374
97.461
98.559
99.545
105.169
99.809
105.030
99.033
94.525
98.229
97.879
102.767
106.289
99.984
100.158
102.289
100.810
99.051
102.200
100.068
100.340
100.714
104.353
98.326
96.068
104.725
101.341
96.357
937.017
63.528
101.160
97.592
99.188
97.205
101.500
95.947
101.824
99.624
96.038
98.472
101.952
96.114
100.295
98.954
102.172
102.791
99.852
102.338
104.084
98.660
97.559
98.832
104.896
100.655
104.169
103.459
100.522
103.745
96.994
103.088
104.043
96.101
99.845
99.575
103.372
96.964
101.503
943.744
71.970
96.047
139.190
94.412
95.536
98.606
93.663
102.201
104.033
95.417
105.624
100.606
103.608
97.539
93.371
102.447
93.981
101.303
922.799
72.016
144.745
96.292
93.507
98.055
97.403
96.010
96.000
100.656
98.818
94.741
88.173
99.413
93.991
91.743
98.608
93.131
91.958
97.315
94.228
99.667
103.840
99.349
103.780
99.276
99.775
102.182
101.709
102.390
102.013
99.054
100.819
103.045
102.004
107.027
104.524
97.734
101.340
102.132
100.129
105.193
951.450
66.858
104.385
91.842
103.902
91.370
104.007
95.357
96.397
100.129
101.066
103.074
101.531
98.961
104.113
96.881
109.618
101.478
97.992
98.894
97.087
102.105
104.929
100.170
103.325
100.019
99.842
97.614
99.968
101.237
102.961
104.963
102.424
104.709
100.054
107.304
102.158
105.925
102.013
106.836
948.024
109.120
95.105
93.764
94.082
93.154
99.591
104.821
96.797
103.199
101.007
100.032
99.067
98.819
103.170
106.209
98.937
102.953
100.746
104.519
105.140
103.082
98.073
97.639
102.625
103.762
101.331
99.289
96.780
104.951
105.256
107.046
106.838
104.350
108.521
104.304
108.348
100.925
97.556
956.344
67.475
95.520
102.467
91.926
96.707
97.679
101.799
98.338
92.905
108.159
96.696
104.693
96.587
95.816
109.040
106.726
103.110
95.791
103.160
97.849
98.550
101.483
98.649
97.790
93.237
101.770
104.300
105.463
96.101
102.230
105.476
108.548
99.005
99.363
104.874
99.423
102.731
107.988
96.901
946.116
74.338
93.253
102.764
92.488
144.604
93.146
101.095
100.870
107.403
100.973
106.215
97.734
101.932
100.547
96.583
96.524
96.189
104.039
97.146
99.937
95.984
98.197
100.580
97.488
101.172
98.601
102.065
909.227
65.817
104.962
90.575
90.962
98.226
92.654
93.182
92.505
93.872
101.485
94.659
95.862
97.656
96.279
93.710
93.740
97.722
92.806
98.060
97.646
100.006
94.427
101.872
93.123
100.885
92.994
102.744
95.055
108.213
99.131
102.126
97.474
101.784
103.157
104.457
104.457
98.208
101.860
99.377
107.277
100.027
960.375
81.332
98.377
97.806
96.917
91.647
95.750
132.595
107.988
103.597
97.595
102.704
102.357
98.912
93.796
101.998
98.475
105.000
101.964
107.804
102.713
109.549
103.584
98.768
102.557
107.279
101.173
109.274
101.654
104.967
106.842
100.381
101.707
101.818
114.086
97.145
109.427
102.986
108.726
937.720
107.693
102.015
95.819
92.905
96.455
141.334
98.597
104.805
95.000
106.910
103.140
110.389
102.916
102.927
104.865
99.400
100.548
101.961
105.044
97.250
97.089
97.021
102.908
103.013
98.815
98.669
100.924
104.381
110.193
103.449
108.075
100.180
104.251
104.949
99.826
105.749
103.951
102.756
105.903
953.037
69.782
96.647
92.584
92.072
148.401
99.855
102.751
105.598
96.104
107.917
96.729
102.115
100.525
103.101
103.154
106.960
94.299
104.385
96.079
101.367
101.345
98.863
101.306
105.848
97.191
101.088
99.983
100.667
104.011
99.450
97.795
107.353
100.865
102.159
103.356
103.339
97.835
108.114
932.315
68.458
95.221
98.909
97.991
86.060
144.778
97.596
100.751
104.703
98.191
100.275
102.383
99.118
98.836
103.765
99.015
103.853
102.636
102.205
105.165
98.605
103.956
104.894
107.912
100.356
100.667
102.948
108.164
105.728
102.808
103.429
105.330
101.352
106.260
101.317
104.280
99.086
100.491
1116.555
73.138
101.276
95.574
92.226
98.211
95.373
96.964
143.846
101.242
99.172
100.262
94.278
100.819
100.465
105.951
97.220
98.133
98.415
100.529
94.678
94.496
96.547
98.450
90.815
97.405
96.221
102.785
103.666
99.977
92.968
97.344
99.095
97.940
101.869
103.694
96.266
102.492
97.650
99.900
101.239
98.106
948.044
70.754
98.276
90.750
95.239
98.346
99.198
101.170
102.290
99.760
97.358
105.347
99.965
99.635
98.458
99.645
101.214
99.499
101.947
95.040
106.682
101.930
105.139
111.837
94.674
96.157
95.815
99.261
103.171
96.577
97.881
102.602
102.821
100.234
105.919
104.187
104.420
97.319
102.922
960.952
66.930
93.264
93.143
92.913
95.346
106.259
101.758
101.402
103.241
102.527
100.391
99.096
94.585
105.223
100.085
103.567
98.191
130.474
102.646
96.200
107.139
95.602
104.597
100.181
100.978
96.018
119.348
96.365
113.203
104.303
96.723
103.626
103.013
100.622
108.583
101.529
100.456
107.579
945.687
70.702
92.694
100.990
92.299
93.983
94.014
99.653
104.568
105.906
94.101
97.072
100.452
155.914
106.962
104.879
94.874
98.666
104.388
104.433
96.902
103.299
105.800
98.508
100.617
98.878
105.038
105.535
106.302
97.921
99.672
102.841
106.100
101.806
105.946
99.514
104.541
106.233
102.019
971.901
65.322
102.700
98.708
96.544
95.332
109.653
143.678
98.760
101.954
108.941
101.375
109.568
103.649
93.893
94.929
99.824
102.462
110.741
95.819
104.356
99.856
152.286
101.407
108.509
105.789
104.415
102.502
101.447
151.957
100.827
140.649
100.305
101.000
98.497
97.349
103.262
98.910
105.350
940.915
63.001
142.313
103.022
101.909
95.957
91.746
96.748
936.599
75.769
106.596
101.814
94.919
98.423
146.025
96.348
104.862
103.516
97.220
99.864
100.732
99.392
142.424
109.845
109.889
99.799
101.635
105.361
109.439
108.295
104.150
106.589
101.444
108.517
103.525
101.130
103.344
106.043
109.930
105.106
95.470
107.900
101.668
105.988
108.477
101.713
105.847
162.003
102.277
103.829
937.594
72.116
99.047
103.467
95.978
92.820
104.060
107.231
97.577
113.621
114.922
106.705
105.552
102.457
105.716
105.683
106.081
109.048
102.498
101.732
98.535
108.014
105.492
105.624
114.141
101.821
105.601
105.543
107.415
109.149
106.894
107.763
107.826
100.377
119.978
101.531
95.544
101.599
147.805
1006.993
80.058
102.135
96.018
102.941
97.753
93.201
98.675
92.532
105.356
111.991
106.313
107.021
96.969
95.885
104.309
102.651
107.430
97.220
99.542
106.957
101.354
106.699
103.727
99.895
104.175
149.304
100.824
107.995
108.785
114.471
102.552
116.042
109.144
97.720
104.843
110.032
111.132
109.938
947.241
81.869
101.596
148.801
101.437
101.634
98.060
104.930
148.011
98.420
116.175
101.357
96.548
110.740
105.281
102.924
104.863
107.443
111.775
95.263
104.423
109.697
98.019
105.471
156.394
109.199
109.977
104.543
103.578
101.694
102.481
115.620
119.093
99.633
145.275
115.473
108.339
107.350
954.681
72.609
103.018
110.004
112.762
147.005
94.349
102.863
115.502
98.260
155.978
111.035
123.775
105.810
98.838
100.739
166.463
95.075
103.113
116.399
103.841
103.850
108.017
108.343
160.945
98.953
99.767
111.496
104.893
97.064
117.219
105.260
108.909
109.076
111.544
113.382
111.239
977.381
114.854
100.185
99.221
89.328
109.489
96.573
102.366
117.314
112.077
102.760
94.011
95.150
99.713
142.233
95.498
105.650
96.856
96.539
111.747
935.008
73.505
113.985
106.552
103.906
93.904
98.299
101.836
154.169
116.612
89.855
107.532
117.063
111.143
102.387
105.982
98.520
108.060
102.893
102.968
100.814
110.390
107.819
107.906
148.280
110.357
105.438
115.786
105.054
107.777
153.580
103.702
98.337
109.565
103.365
156.531
107.466
118.562
159.796
936.218
70.584
111.452
104.961
112.979
81.433
263.011
321.652
208.277
123.902
71.441
70.232
71.333
71.861
71.477
70.050
70.441
72.899
77.266
82.632
78.845
79.519
85.110
83.401
82.488
86.764
87.325
88.387
92.923
89.970
89.691
94.138
95.254
94.846
93.897
104.565
100.206
94.056
97.376
105.341
94.735
95.797
114.644
102.533
105.222
102.661
103.407
104.742
112.463
949.717
61.339
95.270
142.047
88.817
95.562
92.709
100.663
99.606
99.025
101.761
100.012
100.619
98.819
103.435
104.337
101.119
105.268
97.713
105.058
104.431
103.089
106.497
107.502
102.117
105.026
106.493
154.176
102.673
100.663
103.750
109.289
111.645
294.162
303.571
86.871
212.251
271.157
269.406
206.968
68.204
31.921
33.804
29.407
29.778
28.301
29.793
29.041
30.098
30.966
862.336
