0.01
0.02
0.01
0.01
0.02
0.10
0.19
0.37
0.62
0.84
0.86
0.28
0.68
1.29
1.33
0.63
0.30
0.34
1.22
1.76
1.08
0.36
0.30
0.29
0.31
0.30
0.32
0.34
0.35
4.64
0.27
0.38
0.40
0.46
0.43
0.44
0.46
0.48
0.45
0.49
0.48
0.49
0.55
0.56
0.55
0.51
0.54
0.58
0.51
0.60
0.61
0.59
0.59
0.59
0.55
0.59
0.61
0.64
0.60
0.61
0.55
0.58
0.59
0.65
0.66
0.54
0.65
0.58
0.58
0.60
0.60
0.64
0.59
0.62
5.19
0.51
0.74
0.66
0.28
1.84
0.77
0.52
0.42
0.41
0.43
0.44
0.45
0.44
0.48
0.46
0.50
0.48
0.50
0.52
0.50
0.48
0.52
0.48
0.52
0.53
0.50
0.55
0.54
0.53
0.57
0.52
0.58
0.57
0.56
0.60
0.57
0.57
0.56
0.55
0.56
0.56
0.57
0.58
0.57
0.57
0.59
0.61
0.61
0.58
0.60
4.89
0.53
0.36
1.75
1.87
0.57
0.45
0.43
0.41
0.42
0.42
0.40
0.42
0.44
0.42
0.44
0.44
0.48
0.48
0.49
0.49
0.52
0.52
0.52
0.54
0.58
0.49
0.58
0.54
0.55
0.57
0.55
0.58
0.55
0.58
0.57
0.62
0.55
0.55
0.59
0.58
0.61
0.57
0.61
0.58
0.56
4.87
0.43
0.60
0.60
0.60
0.60
0.57
0.52
0.59
0.54
0.60
0.60
0.59
0.57
0.57
0.59
0.57
0.61
0.57
0.59
0.57
0.62
0.63
0.64
0.55
0.60
0.61
0.59
0.60
4.92
0.39
0.60
0.57
0.59
0.60
0.56
0.60
0.56
0.61
0.58
0.55
0.62
0.59
0.56
0.56
0.56
0.57
0.59
0.60
0.55
0.57
0.58
0.60
0.61
0.59
0.61
0.54
0.58
0.62
0.59
0.58
0.59
0.57
0.59
0.57
0.64
0.60
0.62
0.59
0.57
0.58
4.47
0.40
0.61
0.55
0.60
0.59
0.59
0.59
0.61
0.61
0.59
0.57
0.60
0.57
0.59
0.60
0.59
0.50
0.65
0.60
0.58
0.56
0.58
0.67
0.24
1.54
1.56
1.14
0.71
0.45
0.44
0.46
0.45
0.47
0.46
0.45
0.45
0.49
0.47
0.52
0.51
0.51
0.52
0.53
0.50
0.54
0.54
0.55
0.55
0.61
0.55
0.60
0.56
0.56
0.56
0.59
0.61
0.64
0.59
0.60
0.65
0.60
0.62
0.62
0.60
0.70
0.64
0.67
0.60
4.83
0.43
0.64
0.65
0.23
1.58
2.05
0.19
1.67
1.81
2.01
1.18
0.30
0.29
0.28
0.26
0.28
0.27
0.28
0.31
0.27
0.31
0.32
0.36
0.34
0.35
0.35
0.39
0.49
4.67
0.27
0.42
0.53
0.63
0.68
0.76
0.78
0.82
0.82
0.85
0.86
0.87
4.64
0.21
0.33
0.41
0.49
0.57
0.63
0.67
0.71
0.78
0.79
0.82
0.85
0.86
0.86
0.90
0.91
0.91
0.92
0.88
0.88
0.87
0.87
0.85
4.38
0.23
0.35
0.45
0.53
0.61
0.67
0.71
0.76
0.78
0.81
0.87
0.84
0.83
0.81
0.79
0.75
0.73
0.66
0.59
0.52
0.42
0.39
0.40
0.39
0.50
0.58
0.66
0.67
0.69
0.68
0.64
0.54
0.42
0.43
0.44
0.44
4.54
0.30
0.44
0.55
0.67
0.71
0.71
0.72
0.65
0.55
0.45
0.44
0.44
0.44
0.45
0.44
0.47
0.46
0.46
0.49
0.47
0.47
0.48
0.48
0.48
0.47
0.49
0.51
0.51
0.51
0.50
0.55
0.52
0.51
0.52
0.52
0.52
0.53
0.54
0.56
0.53
4.82
0.35
0.54
0.55
0.53
0.53
0.53
0.55
0.54
0.54
0.56
0.54
0.53
0.53
0.54
0.56
0.57
0.56
0.54
0.56
0.56
0.55
0.57
0.54
0.55
0.56
0.54
0.54
0.56
0.54
0.54
0.56
0.55
0.55
0.55
0.56
0.55
0.54
0.57
0.55
0.56
0.56
4.28
0.38
0.55
0.53
4.85
0.38
0.54
0.56
0.53
0.52
0.57
0.51
0.54
0.52
0.55
0.53
0.51
0.55
0.53
0.55
0.53
0.56
0.55
0.55
0.53
0.54
0.54
0.55
0.53
0.52
0.54
0.55
0.55
0.55
0.55
0.54
0.55
0.56
0.55
0.57
0.55
0.55
0.54
0.56
0.55
0.54
4.32
0.38
0.54
0.57
0.52
0.54
0.53
0.52
0.57
0.54
0.51
0.53
0.53
0.52
0.53
4.82
0.38
0.52
0.52
0.52
0.56
0.55
0.54
0.53
0.56
0.53
0.55
0.55
0.55
0.56
0.54
0.54
0.57
0.52
0.56
0.54
0.57
0.55
0.52
0.54
0.53
0.54
0.55
0.52
0.53
0.54
0.54
0.55
0.55
0.55
0.53
0.56
0.56
0.57
0.55
0.58
0.57
4.32
0.36
0.53
0.54
0.54
0.52
0.55
0.53
0.54
0.55
0.56
0.52
0.53
0.55
0.54
0.55
0.54
0.54
0.54
0.54
0.53
0.56
0.54
0.55
0.53
0.54
4.78
0.36
0.54
0.53
0.55
0.58
0.53
0.53
0.52
0.54
0.53
0.52
0.55
0.54
0.54
0.55
0.54
0.55
0.54
0.55
0.53
0.53
0.54
0.53
0.55
0.54
0.56
0.55
0.56
0.54
0.56
0.56
0.54
0.54
0.56
0.57
0.56
0.59
0.57
0.55
0.55
0.54
4.36
0.36
0.54
0.58
0.53
0.51
0.54
0.52
0.53
0.52
0.53
0.53
0.54
0.53
0.55
0.52
0.54
0.54
0.57
0.51
0.55
0.55
0.54
0.57
0.53
0.56
0.54
0.56
0.54
0.53
0.56
0.55
0.56
0.54
0.54
0.56
0.54
0.54
4.81
0.37
0.53
0.56
0.57
0.53
0.56
0.53
0.57
0.53
0.56
0.54
0.55
0.55
0.53
0.53
0.56
0.54
0.59
0.56
0.57
0.55
0.56
0.55
0.55
0.56
0.56
0.56
0.56
0.56
0.57
0.54
0.55
0.54
0.56
0.57
0.57
0.57
0.58
0.57
0.57
0.54
4.30
0.37
0.55
0.56
0.55
0.55
0.57
0.54
0.52
0.56
0.55
0.56
0.53
0.54
0.54
0.55
0.55
0.53
0.54
0.53
0.53
0.55
0.55
0.54
0.55
0.55
0.56
0.53
0.54
0.53
0.57
0.55
0.54
0.54
0.57
0.58
0.55
0.55
0.58
4.39
0.38
0.52
0.55
0.55
0.55
0.54
0.55
0.51
4.81
0.36
0.55
0.56
0.56
0.55
0.53
0.56
0.56
0.56
0.55
0.62
0.52
0.53
0.53
0.53
0.52
0.52
0.53
0.54
0.54
0.54
0.55
0.52
0.54
0.58
0.56
0.53
0.54
0.54
0.54
0.54
0.54
0.56
0.54
0.55
0.55
0.58
0.56
0.56
0.54
0.55
4.33
0.37
0.56
0.54
0.55
0.53
0.52
0.53
0.54
0.53
0.55
0.52
0.54
0.52
0.54
0.54
0.55
0.58
0.52
0.54
0.53
0.53
0.53
0.54
0.52
0.58
0.57
0.54
0.54
0.55
0.54
0.54
0.53
0.52
0.53
0.55
0.55
0.57
0.57
0.57
4.36
0.36
0.57
0.52
0.60
0.52
0.54
0.51
0.51
0.58
0.51
0.52
0.52
0.52
0.51
0.54
0.54
0.54
0.54
0.54
0.52
4.87
0.37
0.57
0.58
0.55
0.53
0.57
0.56
0.54
0.56
0.57
0.55
0.55
0.56
0.53
0.58
0.54
0.54
0.53
0.56
0.56
0.53
0.54
0.55
0.54
0.57
0.56
0.56
0.57
0.57
0.54
0.53
0.61
0.56
0.56
0.56
0.57
0.56
0.54
0.55
0.56
0.54
4.38
0.40
0.54
0.54
0.55
0.53
0.51
0.55
0.57
0.53
0.53
0.55
0.53
0.52
0.55
0.55
0.54
0.55
0.53
0.53
0.55
0.54
0.54
0.55
0.57
0.53
0.55
0.53
0.53
0.54
0.53
0.54
0.53
0.57
0.54
0.52
0.56
0.57
0.56
4.36
0.36
0.56
0.53
0.54
0.56
0.54
0.53
0.52
0.52
0.52
0.58
0.55
0.54
0.57
0.58
0.56
0.52
0.57
0.55
0.55
0.56
0.55
0.53
0.54
0.56
0.56
0.54
0.54
0.54
0.58
0.54
0.57
4.62
0.43
0.54
0.58
0.55
0.54
0.54
0.56
0.53
0.57
0.58
0.57
0.54
0.56
0.54
0.57
0.56
0.55
0.60
0.55
0.56
0.57
0.56
0.54
0.59
0.56
0.55
0.57
0.60
0.54
0.54
0.56
0.58
0.56
0.57
0.54
0.57
0.55
0.57
0.57
0.54
0.56
4.40
0.37
0.55
0.53
0.57
0.55
0.58
0.54
0.52
0.57
0.53
0.54
0.56
0.55
0.56
0.55
0.55
0.54
0.58
0.57
0.53
0.56
0.56
0.54
0.56
0.54
0.53
0.53
0.57
0.57
0.54
0.59
0.53
0.56
0.57
0.55
0.55
0.57
0.53
0.56
4.32
0.38
0.55
0.56
0.57
0.56
0.57
0.56
0.58
0.55
0.59
0.57
0.56
0.54
0.55
0.56
0.57
0.53
0.55
0.54
0.55
0.58
0.57
0.54
0.56
0.52
0.53
0.57
0.55
0.55
0.55
0.54
0.55
0.55
0.57
0.57
0.54
0.58
0.58
0.57
4.38
0.41
0.60
4.63
0.40
0.54
0.59
0.59
0.52
0.57
0.54
0.53
0.50
0.51
0.55
0.53
0.53
0.54
0.52
0.55
0.50
0.56
0.56
0.56
0.50
0.56
0.57
0.55
0.57
0.55
0.55
0.56
0.58
0.57
0.57
0.55
0.54
0.55
0.55
0.59
0.56
0.53
0.57
0.55
0.55
4.49
0.45
0.55
0.58
0.53
0.57
0.55
0.56
0.57
0.54
0.55
0.55
0.57
0.55
0.52
0.54
0.56
0.56
0.54
0.55
0.58
0.60
0.55
0.57
0.56
0.56
0.55
0.51
0.57
0.53
0.56
0.56
0.55
0.59
0.56
0.59
0.60
0.58
0.53
4.42
0.37
0.54
0.56
0.54
0.54
0.56
0.52
0.55
0.55
0.53
0.54
0.56
0.56
0.56
0.54
0.57
0.58
0.54
0.54
0.57
0.57
0.57
0.54
0.55
0.55
0.53
0.55
0.59
0.54
0.56
0.55
0.57
0.57
0.56
0.57
0.59
0.57
0.56
4.43
0.43
0.57
0.58
0.56
0.55
0.56
0.53
0.53
0.59
0.59
0.52
0.54
0.56
0.54
0.61
4.48
0.41
0.57
0.53
0.54
0.55
0.55
0.57
0.55
0.60
0.59
0.57
0.60
0.57
0.56
0.56
0.57
0.57
0.56
0.55
0.56
0.54
0.55
0.54
0.56
0.56
0.60
0.60
0.54
0.55
0.55
0.55
0.54
0.58
0.52
0.53
0.56
0.54
0.57
0.57
0.56
0.57
4.41
0.46
0.56
0.55
0.56
0.54
0.53
0.54
0.56
0.56
0.56
0.57
0.56
0.54
0.53
0.52
0.57
0.54
0.55
0.57
0.56
0.54
0.58
0.58
0.56
0.56
0.58
0.55
0.53
0.52
0.53
0.54
0.54
0.55
0.58
0.55
0.57
0.59
0.56
0.59
4.35
0.38
0.52
0.54
0.55
0.54
0.54
0.57
0.55
0.55
0.53
0.55
0.54
0.54
0.55
0.52
0.53
0.54
0.56
0.55
0.57
0.54
0.56
0.59
0.56
0.56
0.55
0.58
0.55
0.54
0.54
0.53
0.55
0.60
0.56
0.58
0.54
0.55
0.58
0.59
4.57
0.38
0.55
0.55
0.56
0.57
0.54
0.50
0.52
0.55
0.55
0.55
0.56
0.52
0.56
0.57
0.54
0.53
0.57
0.52
0.54
0.57
0.56
4.90
0.45
0.62
0.56
0.55
0.53
0.54
0.56
0.55
0.53
0.55
0.55
0.57
0.53
0.54
0.54
0.54
0.53
0.54
0.56
0.60
0.54
0.57
0.58
0.55
0.60
0.54
0.57
0.58
0.56
0.56
0.54
0.54
0.55
0.56
0.58
0.56
0.56
0.54
0.55
0.54
0.55
4.42
0.40
0.53
0.58
0.56
0.55
0.52
0.55
0.55
0.56
0.53
0.53
0.54
0.55
0.54
0.52
0.53
0.55
0.53
0.53
0.58
0.57
0.55
0.57
0.55
0.58
0.57
0.54
0.57
0.53
0.55
0.59
0.54
0.54
0.54
0.55
0.54
0.58
0.60
4.41
0.44
0.57
0.54
0.53
0.53
0.55
0.52
0.54
0.54
0.55
0.55
0.55
0.55
0.58
0.53
0.57
0.54
0.55
0.54
0.56
0.56
0.54
0.56
0.53
0.53
0.56
0.53
0.56
0.57
0.59
0.53
0.58
0.55
0.56
0.54
0.56
0.53
0.55
0.57
4.35
0.38
0.55
0.53
0.52
0.57
0.57
0.54
0.56
0.53
0.54
0.54
0.57
0.54
0.54
0.58
0.56
0.53
0.59
0.53
0.53
0.56
0.55
0.57
0.55
0.55
0.53
0.52
0.59
0.58
0.55
0.57
0.54
0.56
0.56
4.82
0.35
0.58
0.59
0.54
0.53
0.56
0.57
0.55
0.56
0.57
0.58
0.58
0.55
0.55
0.58
0.57
0.57
0.54
0.54
0.56
0.54
0.61
0.57
0.58
0.56
0.59
0.54
0.59
0.57
0.58
0.56
0.58
0.56
0.57
0.58
0.58
0.57
0.61
0.55
0.57
0.53
4.42
0.41
0.55
0.54
0.58
0.57
0.54
0.53
0.53
0.53
0.56
0.60
0.55
0.55
0.58
0.55
0.54
0.53
0.59
0.55
0.54
0.61
0.56
0.56
0.56
0.56
0.55
0.54
0.57
0.57
0.59
0.55
0.56
0.58
0.61
0.57
0.57
0.58
0.54
0.55
4.43
0.39
0.55
0.57
0.53
0.52
0.54
0.53
0.55
0.56
0.56
0.52
0.53
0.53
0.54
0.58
0.56
0.53
0.59
0.59
0.58
0.56
0.56
0.56
0.56
0.57
0.58
0.55
0.55
0.63
0.55
0.58
0.52
0.55
0.56
0.53
0.59
0.55
0.56
0.55
4.54
0.40
0.61
0.57
0.53
0.55
0.56
0.54
0.54
0.54
0.59
0.54
0.56
0.57
0.54
0.56
0.54
0.56
0.55
0.55
0.57
0.54
0.57
0.55
0.56
0.56
0.56
0.58
0.58
0.54
0.59
0.56
0.55
0.55
0.59
0.56
0.60
0.55
0.54
4.52
0.42
0.57
0.61
0.52
0.63
4.62
0.40
0.59
0.58
0.54
0.56
0.56
0.57
0.54
0.55
0.56
0.52
0.53
0.62
0.55
0.53
0.55
0.53
0.58
0.51
0.60
0.56
0.52
0.55
0.56
0.53
0.59
0.52
0.58
0.55
0.54
0.55
0.59
0.58
0.59
0.58
0.58
0.54
0.54
0.54
0.55
0.56
4.52
0.36
0.59
0.57
0.57
0.58
0.57
0.54
0.54
0.62
0.57
0.55
0.53
0.55
0.59
0.56
0.54
0.61
0.55
0.60
0.54
0.55
0.54
0.56
0.55
0.60
0.55
0.62
0.62
0.56
0.52
0.57
0.56
0.54
0.53
0.55
0.55
0.56
0.57
4.40
0.43
0.59
0.54
0.56
0.59
0.56
0.56
0.54
0.52
0.58
0.56
0.52
0.54
0.59
0.58
0.55
0.54
0.55
0.55
0.52
0.57
0.56
0.56
0.58
0.56
0.56
0.55
0.56
0.56
0.54
0.58
0.57
0.60
0.54
0.54
0.54
0.58
0.56
0.57
4.54
0.41
0.58
0.56
0.57
0.53
0.56
0.56
0.56
0.57
0.58
0.56
0.52
0.62
0.56
0.56
0.56
0.54
0.55
0.53
0.56
0.52
0.59
0.55
0.59
0.59
0.55
0.54
0.59
0.54
0.56
0.57
0.56
0.57
0.56
0.54
0.58
0.57
0.57
4.56
0.39
0.56
0.56
0.57
0.57
0.51
0.56
0.53
0.54
0.57
0.55
0.53
0.59
0.55
0.55
0.58
4.80
0.39
0.54
0.54
0.61
0.55
0.53
0.57
0.51
0.56
0.57
0.54
0.59
0.54
0.58
0.55
0.59
0.61
0.53
0.56
0.57
0.55
0.57
0.53
0.57
0.55
0.53
0.53
0.55
0.56
0.56
0.56
0.59
0.56
0.56
0.53
0.56
0.56
0.57
0.58
0.54
0.61
4.40
0.44
0.57
0.57
0.51
0.57
0.55
0.56
0.51
0.57
0.54
0.55
0.57
0.56
0.53
0.58
0.55
0.57
0.54
0.56
0.58
0.53
0.55
0.59
0.56
0.55
0.56
0.54
0.58
0.57
0.57
0.60
0.58
0.54
0.57
0.57
0.57
0.57
0.54
0.56
4.51
0.38
0.58
0.54
0.56
0.52
0.55
0.57
0.54
0.58
0.55
0.58
0.55
0.54
0.56
0.55
0.55
0.55
0.56
0.56
0.56
0.57
0.63
0.55
0.55
0.54
0.53
0.58
0.53
0.56
0.54
0.56
0.55
0.60
0.55
0.55
0.62
0.57
0.59
0.56
4.44
0.41
0.56
0.57
0.59
0.54
0.55
0.58
0.58
0.58
0.59
0.54
0.57
0.56
0.54
0.52
0.54
0.51
0.58
0.57
0.57
0.57
0.55
0.57
0.57
0.58
0.55
0.56
0.59
0.56
0.56
0.57
0.58
0.56
0.58
0.56
0.58
0.60
0.53
4.49
0.40
0.56
0.59
0.57
0.57
0.55
0.52
0.57
0.55
0.59
0.55
0.56
0.54
0.57
0.54
0.53
0.54
0.58
0.55
0.56
0.52
0.54
0.57
0.54
0.54
0.58
4.81
0.43
0.58
0.56
0.64
0.56
0.54
0.53
0.53
0.53
0.58
0.54
0.57
0.55
0.61
0.57
0.60
0.55
0.59
0.57
0.55
0.60
0.58
0.61
0.56
0.60
0.55
0.54
0.55
0.59
0.59
0.58
0.58
0.57
0.54
0.55
0.55
0.57
0.56
0.57
0.57
0.65
4.45
0.45
0.55
0.56
0.54
0.53
0.52
0.59
0.54
0.58
0.57
0.60
0.54
0.55
0.54
0.55
0.55
0.54
0.55
0.58
0.58
0.56
0.52
0.56
0.55
0.58
0.59
0.59
0.60
0.56
0.57
0.53
0.55
0.60
0.57
0.55
0.58
0.61
0.59
0.59
4.55
0.37
0.59
0.57
0.53
0.59
0.54
0.58
0.55
0.57
0.53
0.58
0.56
0.53
0.56
0.53
0.55
0.56
0.55
0.56
0.57
0.54
0.54
0.56
0.57
0.57
0.59
0.57
0.58
0.59
0.57
0.58
0.58
0.54
0.56
0.53
0.57
0.59
0.59
4.49
0.45
0.58
0.57
0.58
0.55
0.61
0.56
0.54
0.51
0.55
0.55
0.57
0.53
0.54
0.58
0.56
0.56
0.60
0.57
0.56
0.56
0.59
0.54
0.60
0.61
0.59
0.56
0.59
0.55
0.60
0.56
0.59
0.56
0.55
0.57
0.56
0.57
0.56
4.52
0.42
0.60
0.56
0.57
0.57
0.57
0.58
0.60
0.55
0.55
0.52
0.55
0.55
0.57
0.54
0.56
0.53
0.59
0.51
0.56
0.55
0.56
0.54
0.59
0.51
0.56
0.58
0.57
0.58
0.55
0.57
0.59
0.60
0.56
0.61
0.56
4.89
0.40
0.57
0.61
0.56
0.55
0.57
0.59
0.57
0.59
0.57
0.58
0.60
0.58
0.56
0.58
0.60
0.60
0.57
0.58
0.56
0.53
0.56
0.60
0.59
0.55
0.56
0.54
0.57
0.56
0.59
0.53
0.57
0.58
0.63
0.56
0.57
0.55
0.56
0.58
0.58
0.55
4.42
0.41
0.55
0.61
0.58
0.55
0.52
0.59
0.55
0.57
0.58
0.55
0.56
0.53
0.57
0.55
0.59
0.56
0.56
0.55
0.55
0.54
0.56
0.57
0.59
0.53
0.61
0.58
0.55
0.58
0.58
0.56
0.56
0.56
0.56
0.58
0.60
0.55
0.58
0.56
4.44
0.39
0.58
0.61
0.55
0.59
0.56
0.56
0.57
0.59
0.55
0.58
0.52
0.55
0.56
0.58
0.58
0.53
0.56
0.57
0.60
0.55
0.56
0.57
0.59
0.54
0.57
0.56
0.60
0.55
0.57
0.55
0.63
0.55
0.58
0.60
0.55
0.57
0.55
4.45
0.40
0.61
0.52
0.56
0.58
0.54
0.62
0.55
0.56
0.52
0.57
0.59
0.53
0.57
0.54
0.56
0.54
0.55
0.56
0.56
0.59
0.60
0.61
0.54
0.58
0.54
0.57
0.53
0.57
0.53
0.59
0.59
0.55
0.56
0.55
0.56
0.55
0.57
0.64
4.51
0.41
0.61
0.59
0.55
0.55
0.58
0.57
0.59
0.55
0.58
0.55
0.54
0.57
0.56
0.57
0.62
0.57
0.56
0.55
0.55
0.60
0.57
0.59
0.53
0.59
0.57
0.57
0.55
0.58
0.57
0.58
0.54
0.57
0.56
0.59
0.55
0.59
0.56
0.56
4.49
0.39
0.58
0.58
0.61
5.47
0.43
0.56
0.60
0.65
0.53
0.61
0.56
0.58
0.60
0.59
0.53
0.58
0.60
0.57
0.53
0.57
0.53
0.59
0.58
0.56
0.56
0.54
0.54
0.56
0.55
0.55
0.56
0.58
0.58
0.57
0.53
0.58
0.54
0.54
0.60
0.57
0.60
0.58
0.58
0.54
0.60
4.38
0.41
0.59
0.61
0.59
0.59
0.55
0.55
0.54
0.55
0.55
0.53
0.54
0.53
0.59
0.59
0.59
0.54
0.58
0.60
0.60
0.61
0.64
0.55
0.58
0.56
0.58
0.54
0.59
0.58
0.55
0.57
0.56
0.61
0.57
0.56
0.60
0.56
0.59
4.47
0.38
0.60
0.57
0.57
0.53
0.54
0.59
0.57
0.54
0.51
0.57
0.57
0.56
0.57
0.54
0.54
0.57
0.54
0.64
0.58
0.56
0.53
0.56
0.58
0.53
0.53
0.61
0.57
0.55
0.56
0.55
0.58
0.56
0.57
0.55
0.59
0.59
0.57
0.58
4.43
0.46
0.55
0.54
0.62
0.62
0.58
0.53
0.58
0.55
0.62
0.54
0.56
0.60
0.58
0.53
0.52
0.55
0.57
0.59
0.58
0.58
0.60
0.55
0.58
0.61
0.53
0.59
0.54
0.57
0.53
0.57
0.57
0.59
0.55
0.56
0.59
0.55
0.56
4.57
0.45
0.62
0.58
0.57
0.53
0.58
0.59
0.55
0.57
0.59
0.53
0.58
0.52
0.53
0.62
0.57
0.57
0.60
0.56
0.61
0.61
0.53
0.61
0.53
0.58
0.54
0.57
0.53
0.54
0.65
0.57
0.56
0.56
0.58
0.55
0.55
0.57
0.57
4.48
0.49
0.58
0.55
0.62
0.58
0.56
0.60
0.55
0.57
0.60
0.54
0.62
5.02
0.44
0.56
0.64
0.58
0.57
0.54
0.52
0.58
0.59
0.60
0.61
0.58
0.60
0.57
0.59
0.52
0.56
0.58
0.58
0.58
0.57
0.56
0.65
0.56
0.57
0.54
0.56
0.58
0.52
0.59
0.58
0.58
0.59
0.55
0.58
0.65
0.55
0.57
0.56
0.60
0.58
4.63
0.37
0.57
0.59
0.58
0.60
0.56
0.61
0.68
0.58
0.59
0.55
0.58
0.54
0.58
0.57
0.63
0.58
0.63
0.63
0.62
0.58
0.62
0.53
0.56
0.57
0.62
0.55
0.59
0.61
0.56
0.58
0.59
0.56
0.58
0.57
0.56
0.61
0.56
4.46
0.38
0.54
0.59
0.56
0.62
0.63
0.61
0.53
0.58
0.62
0.55
0.60
0.58
0.56
0.58
0.55
0.57
0.56
0.55
0.55
0.58
0.55
0.58
0.56
0.57
0.60
0.59
0.58
0.58
0.57
0.59
0.53
0.59
0.64
0.59
0.55
0.59
0.62
4.52
0.50
0.63
0.56
0.53
0.53
0.57
0.63
0.57
0.52
0.58
0.57
0.59
0.56
0.52
0.54
0.56
0.55
0.58
0.56
0.53
0.59
0.56
0.62
0.62
0.60
0.58
0.56
0.56
0.56
0.59
0.59
0.62
0.57
0.62
0.57
0.58
0.57
0.56
4.59
0.40
0.63
0.56
0.59
0.61
0.56
0.61
0.57
0.59
0.65
0.60
0.59
0.56
0.59
0.56
0.57
0.66
0.57
0.57
0.59
0.61
0.56
0.61
0.52
0.58
0.59
0.57
0.61
0.62
0.61
0.61
0.60
0.62
0.64
0.56
0.61
0.56
4.59
0.53
0.61
0.54
0.59
0.48
0.60
0.57
0.60
0.63
0.62
0.63
0.58
0.61
0.59
0.65
0.52
0.62
0.61
0.58
5.30
0.45
0.61
0.58
0.56
0.61
0.57
0.60
0.62
0.58
0.56
0.60
0.54
0.62
0.58
0.59
0.64
0.62
0.60
0.65
0.61
0.59
0.59
0.56
0.60
0.58
0.57
0.58
0.59
0.56
0.57
0.61
0.58
0.59
0.57
0.57
0.55
0.61
0.60
0.60
0.61
4.53
0.41
0.58
0.61
0.60
0.66
0.56
0.61
0.57
0.55
0.59
0.62
0.59
0.58
0.57
0.57
0.55
0.56
0.59
0.69
0.59
0.54
0.56
0.59
0.55
0.60
0.65
0.53
0.55
0.59
0.56
0.57
0.57
0.58
0.57
0.60
0.55
0.56
0.60
4.58
0.43
0.62
0.53
0.50
0.52
0.52
0.58
0.61
0.61
0.64
0.59
0.54
0.65
0.58
0.59
0.65
0.57
0.58
0.55
0.57
0.58
0.55
0.59
0.66
0.56
0.62
0.63
0.55
0.67
0.58
0.65
0.61
0.58
0.57
0.53
0.55
0.64
4.57
0.46
0.63
0.54
0.55
0.55
0.58
0.62
0.62
0.56
0.55
0.64
0.58
0.53
0.56
0.56
0.56
0.58
0.60
0.62
0.55
0.56
0.67
0.64
0.56
0.59
0.62
0.63
0.62
0.61
0.56
0.67
0.68
0.55
0.58
0.63
0.62
4.89
0.36
0.56
0.61
0.66
0.63
0.62
0.57
0.64
0.71
0.59
0.56
0.63
0.67
0.56
0.51
0.54
0.66
0.70
0.63
0.58
0.57
0.56
0.58
0.57
0.65
0.58
0.58
0.59
0.71
0.67
0.57
0.57
0.45
0.57
4.81
0.43
0.57
0.56
0.65
0.58
0.62
0.56
0.67
0.67
0.62
0.51
0.61
0.65
0.52
0.53
0.55
0.59
0.62
0.63
0.54
0.61
0.58
0.64
0.71
0.62
0.53
0.46
0.68
0.89
4.90
0.49
0.55
0.50
0.58
0.71
0.63
0.57
0.56
0.62
0.60
0.72
0.74
0.65
0.59
0.56
0.59
0.60
0.62
0.64
0.64
0.68
0.64
0.61
0.60
0.58
0.64
0.63
0.66
0.75
0.52
0.49
0.64
0.66
0.59
0.55
4.86
0.46
0.69
0.58
0.59
0.62
0.61
0.61
0.58
0.66
0.56
0.51
0.58
0.62
0.58
0.61
0.53
0.56
0.62
0.60
0.60
0.61
0.60
0.62
0.52
0.58
0.64
0.58
0.68
0.68
0.63
0.64
0.62
0.60
0.71
4.55
0.40
0.57
0.56
0.54
0.46
1.90
1.76
1.41
0.77
0.41
0.40
0.41
0.40
0.40
0.44
0.42
0.42
0.44
0.44
0.51
0.44
0.47
0.47
0.49
0.47
0.50
0.52
0.49
0.52
0.50
0.55
0.56
0.53
0.56
0.54
0.57
0.60
0.57
0.61
0.56
0.57
0.57
0.58
0.56
0.56
0.58
0.57
0.58
4.81
0.39
0.57
0.58
0.58
0.59
0.55
0.57
0.56
0.57
0.59
0.56
0.62
0.56
0.61
0.57
0.58
0.59
0.58
0.57
0.56
0.61
0.56
0.60
0.62
0.62
0.62
0.98
0.51
1.22
1.36
0.43
1.26
1.68
1.87
1.15
0.29
4.89
0.11
0.17
0.16
0.16
0.16
0.17
0.17
0.17
0.18
0.19
0.26
