62
65
66
66
63
129
203
371
517
833
1103
1337
540
876
1482
1783
1626
1921
1272
1641
2238
2388
2474
2538
2673
2742
2878
2953
3116
3191
3374
3453
3645
3743
3937
4026
4222
4310
4491
4591
4757
4868
5011
5110
5264
5372
5470
5581
5709
5811
5949
6034
6144
6256
6370
6444
6570
6669
6769
6898
6970
7098
7199
7285
7406
7500
7604
7701
7782
3744
3905
4007
4144
3402
2429
2812
2987
3071
3150
3257
3339
3458
3540
3688
3778
3931
4041
4185
4285
4442
4534
4692
4791
4924
5020
5174
5274
5388
5499
5610
5720
5838
5954
6062
4795
3484
3660
3761
3830
3961
4059
4152
4262
4376
4462
4581
4694
4802
4915
5015
5115
5216
5268
2666
3261
3190
3237
3329
3403
3530
3604
3742
3833
3979
4071
4236
4323
4496
4597
4746
4855
5025
5105
5272
5374
5535
5636
5785
5877
6021
6120
6258
6351
6482
6585
6713
6810
6934
7030
7151
7249
7365
7457
7577
7673
7776
7878
3925
4095
4195
4316
4388
4515
4603
4700
4818
4913
5029
5124
5246
5358
5426
5527
5648
5742
5854
5940
6044
6156
6274
6367
6471
6582
6680
6784
6891
6998
7109
7206
7307
7409
7523
7629
7729
7849
7939
3956
4110
4251
4247
4353
4450
4605
4667
4787
4897
4983
5092
5205
5311
5397
5528
5623
5722
5827
5953
6044
6156
6254
6355
6473
6566
6660
6780
6883
6977
7077
7178
7319
7332
7426
7534
7648
7769
7863
3911
4093
2988
2604
3314
3189
3258
3332
3407
3517
3586
3743
3803
3984
4053
4234
4331
4498
4576
4779
4858
5062
5144
5328
5428
5585
5691
5859
5980
6086
6198
6324
6438
6561
6660
6795
6637
3588
3786
3876
3987
4054
4182
4308
4387
4503
4598
4741
4155
2625
3287
2625
2609
2887
2990
2987
3055
3119
3202
3267
3391
3460
3624
3697
3880
3955
4152
4228
4425
4494
4609
4656
4586
4615
4593
4630
4677
4739
3844
2927
3032
3156
3229
3340
3385
3319
3347
3238
3259
3152
2547
2694
2723
2796
2884
2942
3020
3066
3178
3202
3211
3224
3179
3191
3146
3152
3127
3134
3146
3157
3200
3219
3310
3333
3426
3463
3520
3574
3587
3662
3716
3790
3298
2771
2870
2973
3041
3140
3181
3270
3300
3265
3299
3359
3401
3470
3542
3679
3763
3854
3943
4046
4129
4273
4345
4459
4515
4571
4630
4703
4790
4937
5034
5159
5243
5381
5487
5609
5706
5846
5944
6086
6188
6056
3446
3578
3688
3758
3731
3803
3859
3931
4010
4098
4208
4307
4425
4522
4645
4747
4872
4968
5111
5197
5329
5431
5556
5659
5780
5886
6008
6107
6227
6332
6446
6548
6662
6773
6878
6983
7088
7194
7302
7401
7518
7608
7720
7814
5917
3691
3836
3944
4055
4149
4254
4357
4461
4570
4665
4771
4872
4983
5080
5187
5287
5389
5493
5597
5701
5804
5905
6013
6115
6213
6313
6419
6522
6625
6738
6758
6859
6962
7060
7169
7269
7378
7482
7589
7690
7802
7909
3940
4092
4188
4292
4401
4501
4613
4720
4827
4922
3818
3707
3855
3957
4062
4167
4269
4373
4477
4589
4688
4787
4896
4991
5094
5201
5299
5404
5505
5608
5715
5815
5923
6021
6124
6232
6342
6359
6459
6561
6661
6767
6871
6988
7079
7194
7291
7399
7502
7610
7714
7819
7929
3954
4097
4204
4310
4415
4517
4619
4727
4827
4931
5044
5137
5242
5347
5451
5548
5657
5778
5777
5882
5981
5181
3624
3780
3880
3989
4093
4208
4307
4419
4519
4631
4726
4836
4945
5058
5145
5257
5353
5460
5561
5668
5779
5879
5983
6086
6185
6289
6394
6502
6607
6708
6806
6903
7013
7118
7217
7326
7421
7527
7631
7732
7829
7933
3971
4118
4225
4324
4440
4530
4635
4736
4837
4947
5043
5150
5256
5362
5463
5566
5668
5770
5872
5975
6077
6184
6285
6391
6489
6597
6705
6739
6838
6943
7041
7151
5395
3651
3803
3903
4006
4114
4217
4316
4420
4530
4639
4735
4848
4958
5061
5152
5267
5360
5463
5565
5674
5766
5880
5978
6020
6101
6212
6303
6418
6517
6619
6723
6833
6941
7056
7162
7253
7365
7467
7580
7672
7775
7884
7988
3958
4111
4207
4320
4424
4524
4628
4729
4833
4937
5037
5144
5248
5358
5462
5555
5664
5764
5866
5972
6075
6173
6282
6382
6487
6594
6696
6797
6829
6925
7024
7120
7225
7331
7441
7543
7656
7748
7863
7961
3951
4105
3914
3677
3828
3932
4036
4153
4248
4356
4448
4561
4663
4768
4862
4973
5077
5187
5275
5385
5485
5584
5692
5796
5903
5999
6110
6204
6315
6413
6524
6621
6712
6818
6921
7019
7126
7230
7336
7439
7536
7642
7754
7853
7954
3982
4132
4234
4337
4448
4554
4574
4669
4772
4873
4984
5087
5192
5290
5398
5504
5613
5714
5818
5922
6026
6129
6241
6333
6447
6548
6653
6759
6864
6964
7072
7168
7276
7388
7487
7580
7687
7793
7892
7994
3978
4131
4230
4338
4437
4538
4643
4752
4850
4949
4985
5072
5180
5271
4727
3632
3777
3894
3994
4106
4198
4305
4406
4514
4613
4719
4820
4940
5037
5148
5244
5351
5451
5550
5657
5765
5867
5974
6077
6187
6286
6387
6487
6601
6710
6793
6895
6999
7098
7207
7311
7411
7539
7562
7651
7746
7852
3905
4063
4157
4262
4364
4462
4574
4681
4787
4887
5002
5097
5208
5307
5418
5517
5625
5734
5840
5937
6039
6151
6254
6345
6446
6561
6656
6762
6851
6957
7063
7160
7265
7379
7404
7484
7596
7694
7796
7907
3917
4077
4172
4279
4382
4487
4597
4692
4815
4909
5015
5126
5223
5319
5432
5529
5638
5747
5852
5943
6058
6150
6258
6357
6459
6561
5470
3709
3866
3961
4061
4173
4271
4374
4478
4577
4683
4791
4885
4999
5104
5197
5302
5408
5495
5606
5710
5812
5915
6023
6124
6232
6323
6361
6450
6545
6656
6751
6865
6958
7069
7175
7276
7378
7497
7590
7701
7808
7906
3941
4102
4196
4306
4409
4506
4620
4712
4817
4919
5029
5126
5238
5335
5438
5552
5651
5755
5852
5958
6059
6169
6263
6382
6404
6501
6595
6701
6814
6907
7034
7117
7226
7326
7430
7538
7661
7750
7848
7963
3945
4089
4203
4297
4400
4499
4617
4716
4814
4917
5021
5118
5232
5334
5439
5542
5649
5750
5846
5957
6057
6160
6269
6365
6472
6576
6673
6779
6876
6991
7077
7184
7219
7307
7407
7509
7612
6024
3638
3814
3898
3999
4102
4212
4313
4434
4524
4630
4721
4840
4947
5043
5160
5252
5352
5462
5562
5676
5767
5881
5976
6083
6191
6283
6400
6493
6595
6697
6794
6911
7010
7108
7213
7324
7423
7524
7633
7728
7837
7937
3985
4128
4243
4340
4456
4465
4571
4671
4763
4882
4984
5087
5189
5303
5403
5505
5607
5724
5821
5933
6040
6138
6239
6344
6449
6561
6671
6735
6840
6954
7041
7150
7261
7356
7459
7572
7683
7777
7869
7977
3960
4124
4207
4315
4409
4519
4626
4728
4850
4857
4954
5055
5158
5261
5368
5466
5578
5679
5785
5903
6007
6119
6217
6328
6411
6518
6626
6733
6837
6938
7048
7159
7251
7357
7473
7570
7672
7772
7871
7976
3966
4117
4217
4322
4436
4521
4624
4729
3095
3709
3865
3958
4065
4174
4207
4312
4393
4503
4598
4705
4808
4914
5025
5131
5238
5338
5452
5550
5668
5767
5860
5965
6071
6183
6275
6377
6481
6585
6693
6788
6899
7006
7112
7217
7319
7417
7524
7620
7728
7830
7924
3998
4157
4252
4349
4448
4559
4661
4697
4790
4905
4996
5098
5199
5312
5409
5524
5627
5738
5836
5940
6041
6153
6255
6372
6468
6577
6668
6772
6875
6988
7091
7192
7306
7396
7502
7605
7692
7801
7898
3975
4155
4225
4336
4441
4546
4643
4743
4844
4944
5061
5160
5268
5353
5461
5561
5666
5768
5879
5981
6086
6193
6295
6392
6506
6597
6703
6807
6914
7013
7049
7139
7242
7337
7448
7543
7651
7750
7862
3924
4094
4187
4289
4391
4508
4610
4716
4816
4925
5017
5126
5235
5338
5450
5543
5645
5751
5849
5962
6063
4527
3697
3850
3950
4063
4163
4260
4343
4444
4543
4650
4754
4861
4972
5064
5171
5279
5385
5484
5591
5697
5793
5896
5989
6092
6206
6310
6404
6509
6620
6713
6825
6933
7015
7123
7227
7336
7429
7528
7630
7735
7771
7863
3910
4073
4167
4279
4371
4475
4585
4685
4789
4892
5005
5112
5222
5309
5422
5521
5631
5731
5842
5938
6048
6153
6262
6363
6473
6569
6668
6778
6884
6996
7088
7178
7287
7385
7482
7589
7698
7808
7902
8001
3979
4131
4233
4335
4439
4545
4651
4751
4851
4964
5064
5159
5257
5362
5470
5565
5678
5771
5882
5975
6083
6174
6281
6389
6482
6586
6694
6789
6892
6999
7105
7198
7235
7329
7428
7535
7638
7737
7852
3924
4096
4177
4280
4386
4482
4610
4698
4799
4903
5017
5117
5222
5322
5423
5532
5632
5739
5836
5944
6063
6157
6262
6349
6449
6552
6660
6762
6857
6970
5183
3701
3863
3953
4051
4152
4265
4370
4466
4565
4670
4779
4885
4985
5083
5182
5289
5376
5479
5579
5683
5788
5895
6002
6101
6216
6307
6421
6504
6611
6708
6820
6913
7017
7121
7217
7324
7446
7459
7566
7657
7760
7859
3901
4057
4177
4259
4361
4474
4560
4676
4779
4894
4986
5095
5196
5311
5404
5503
5601
5717
5818
5936
6036
6128
6222
6314
6436
6528
6646
6737
6835
6927
7033
7134
7245
7349
7463
7558
7650
7763
7846
7967
3963
4130
4222
4315
4416
4515
4624
4730
4837
4945
5034
5141
5239
5359
5458
5557
5643
5756
5846
5965
6070
6150
6270
6365
6450
6571
6665
6766
6862
6957
7065
7179
7283
7382
7485
7600
7700
7804
7890
3966
4142
4208
4329
4420
4526
4617
4719
4829
4926
5047
5133
5246
5338
5452
5538
5650
5750
5850
5958
6069
6166
6274
6375
6475
6565
6668
6779
6885
6994
7082
7181
7278
7385
7497
7586
7690
7790
7832
3888
3658
3634
3806
3891
3996
4110
4211
4309
4409
4520
4626
4725
4825
4950
5037
5148
5245
5362
5464
5580
5668
5763
5886
5974
6078
6176
6286
6388
6496
6602
6691
6811
6918
7012
7109
7212
7320
7423
7517
7628
7729
7831
7927
3989
4163
4250
4349
4449
4535
4658
4743
4848
4941
5061
5167
5261
5343
5446
5540
5660
5751
5856
5947
6068
6178
6260
6373
6458
6572
6677
6778
6895
6983
7097
7195
7296
7400
7502
7604
7719
7808
7907
3967
4127
4238
4329
4420
4519
4654
4656
4749
4858
4955
5057
5181
5279
5388
5479
5589
5693
5800
5893
6004
6118
6220
6337
6439
6534
6629
6742
6851
6939
7044
7149
7262
7353
7473
7556
7657
7758
7869
7974
3962
4122
4238
4243
4337
4452
4544
4647
4762
4861
4972
5088
5175
5281
5394
5504
5606
5700
5824
5923
6004
6101
6214
6315
6415
6533
6637
6733
6827
6948
7045
7136
7269
7269
7369
7480
7576
7686
7796
7917
3918
4073
4190
4288
4373
4507
4593
4690
4802
4903
4998
5111
2982
3674
3841
3942
4047
4137
4248
4337
4458
4569
4665
4762
4864
4981
5058
5170
5281
5363
5469
5587
5681
5783
5883
5987
6093
6204
6306
6409
6502
6609
6707
6813
6916
7016
7117
7240
7251
7348
7454
7558
7659
7773
7876
3930
4084
4209
4300
4399
4497
4598
4722
4807
4906
5017
5117
5226
5335
5440
5540
5658
5754
5849
5959
6048
6157
6253
6364
6452
6569
6665
6767
6886
6971
7067
7186
7274
7372
7478
7587
7675
7792
7888
8000
3985
4147
4271
4272
4367
4472
4585
4673
4777
4892
4979
5096
5196
5305
5420
5514
5630
5720
5820
5929
6028
6141
6251
6340
6439
6557
6653
6755
6852
6958
7066
7168
7293
7292
7393
7507
7605
7713
7815
7928
3902
4083
4167
4279
4370
4468
4579
4693
4791
4912
4989
5102
5197
5311
5408
5523
5628
5722
5835
5930
6013
6129
6229
6321
6417
6535
6640
6732
6845
6937
7049
7154
7242
7363
7454
7559
7666
7773
7859
7973
3966
4130
4255
4232
4339
4436
4529
4644
4738
4876
4959
5067
5162
5296
5379
5487
5590
5699
5805
5912
5386
3657
3818
3929
4016
4127
4228
4338
4432
4546
4648
4742
4858
4967
5062
5167
5268
5386
5481
5579
5679
5780
5880
5997
6088
6186
6227
6304
6421
6511
6614
6725
6821
6936
7041
7148
7255
7360
7465
7566
7692
7778
7879
3948
4107
4220
4321
4407
4525
4617
4716
4821
4912
5025
5119
5239
5338
5430
5532
5641
5732
5847
5941
6043
6155
6251
6361
6461
6573
6660
6768
6870
6979
7095
7105
7186
7306
7391
7511
7601
7715
7822
7937
3918
4095
4206
4287
4385
4480
4591
4703
4803
4906
5001
5120
5221
5338
5435
5539
5641
5754
5846
5959
6054
6153
6246
6354
6449
6552
6646
6752
6851
6969
7055
7099
7187
7277
7372
7477
7587
7700
7798
7908
3925
4106
4178
4284
4379
4509
4600
4715
4799
4922
5001
5125
5218
5326
5422
5516
5627
5737
5842
5935
6046
6148
6246
6368
6448
6565
6667
6758
6876
6974
7079
7189
7288
7385
7486
7590
7693
7799
7893
3982
4155
4235
4352
4431
4543
4638
4750
4835
4957
5039
5151
5255
5371
5451
5557
5655
5756
5868
5975
6080
6184
6266
6386
6473
6586
6676
6815
6813
6878
3609
3764
3873
3976
4090
4188
4297
4408
4503
4614
4733
4823
4936
5033
5138
5243
5363
5453
5564
5638
5740
5845
5945
6057
6163
6275
6369
6481
6577
6690
6790
6892
6975
7086
7176
7291
7387
7496
7587
7710
7797
7896
3977
4132
4228
4343
4460
4458
4565
4663
4765
4868
4960
5096
5198
5289
5390
5496
5617
5710
5814
5917
6033
6119
6233
6331
6446
6526
6630
6737
6830
6951
7047
7160
7244
7361
7460
7573
7666
7768
7860
7982
3974
4125
4241
4329
4441
4478
4565
4671
4760
4874
4975
5086
5190
5306
5390
5512
5607
5722
5814
5931
6032
6149
6242
6346
6434
6548
6642
6761
6857
6970
7053
7169
7265
7371
7461
7582
7680
7778
7866
7977
3972
4134
4235
4342
4444
4537
4655
4759
4844
4961
5057
5163
5245
5357
5446
5559
5660
5768
5862
5981
6071
6184
6285
6325
6407
6511
6612
6721
6822
6937
7037
7139
7250
7357
7464
7573
7666
7782
7888
3972
4172
4239
4346
4429
4539
4653
4741
4854
4950
5061
5167
5282
5369
5482
5569
5691
5775
5887
5975
6090
6202
6299
6410
6504
6610
6693
6800
6895
7007
7111
7212
7256
7334
7442
7530
7658
7740
7863
3624
3657
3842
3935
4034
4144
4242
4355
4480
4570
4669
4783
4865
4987
5074
5181
5277
5374
5480
5583
5683
5798
5906
6001
6123
6204
6316
6418
6523
6612
6713
6827
6918
7022
7131
7223
7339
7424
7535
7633
7749
7836
7946
3983
4148
4279
4278
4386
4471
4594
4676
4794
4888
5010
5110
5202
5320
5429
5531
5637
5740
5851
5953
6048
6158
6275
6361
6474
6570
6671
6774
6885
6992
7076
7184
7282
7395
7489
7608
7706
7792
7914
3964
4137
4203
4314
4432
4537
4622
4721
4842
4916
5036
5134
5244
5346
5442
5558
5653
5760
5869
5965
6076
6175
6269
6392
6481
6582
6679
6788
6897
6989
7107
7175
7287
7380
7493
7592
7709
7798
7902
3973
4126
4236
4271
4343
4448
4556
4657
4780
4883
4972
5100
5184
5304
5411
5512
5628
5726
5822
5947
6029
6133
6239
6350
6454
6571
6664
6759
6864
6968
7081
7120
7201
7308
7398
7500
7629
7727
7816
3892
4054
4144
4269
4359
4462
4591
4690
4769
4871
4979
5083
5201
5320
5401
5497
5615
5696
5815
5942
6009
6115
6204
6316
6434
6534
6648
6737
6846
6956
7062
7157
7254
7378
7442
7554
7665
7757
7875
7969
3977
4153
4230
4316
4369
4429
4551
4667
4739
4856
4963
3915
3618
3795
3902
4022
4144
4228
4328
4424
4515
4638
4740
4864
4955
5052
5156
5277
5361
5482
5580
5677
5776
5892
6000
6106
6200
6311
6416
6534
6609
6726
6828
6935
7045
7123
7248
7318
7434
7532
7639
7746
7859
7962
3976
4149
4237
4349
4447
4545
4662
4757
4869
4977
5060
5167
5285
5380
5483
5587
5677
5759
5878
5998
6087
6178
6308
6382
6492
6590
6693
6748
6829
6914
7050
7127
7232
7325
7434
7551
7636
7757
7866
3909
4076
4189
4286
4393
4480
4599
4701
4809
4926
5021
5132
5243
5335
5442
5569
5641
5749
5861
5950
5998
6080
6199
6300
6409
6508
6625
6716
6835
6950
7032
7151
7249
7342
7465
7562
7668
7758
7874
3945
4113
4225
4322
4432
4511
4635
4740
4842
4940
5022
5143
5233
5350
5462
5561
5650
5758
5856
5976
6066
6187
6263
6322
6394
6491
6605
6722
6822
6931
7043
7135
7242
7366
7458
7578
7689
7793
7907
3917
4088
4195
4287
4404
4508
4622
4728
4836
4943
5040
5156
5115
5186
5281
5378
5486
5578
5676
5810
5925
6020
6153
6242
6354
6458
6569
6703
6804
6905
7011
7123
7225
7330
7455
7557
7662
7752
7870
3956
4136
4234
4333
4437
4553
4645
4700
4749
4869
4948
5084
5180
5268
5375
5511
5594
5724
5832
5931
4733
3636
3792
3935
4053
4145
4254
4353
4466
4579
4693
4768
4877
5040
5029
5130
5235
5336
5440
5550
5696
5774
5876
6013
6089
6220
6313
6423
6522
6645
6755
6827
6956
7059
7154
7302
7396
7502
7575
7694
7807
7918
3991
4153
4267
4397
4478
4556
4678
4778
4885
5010
5111
5242
5305
5407
5504
5611
5683
5797
5926
6029
6108
6256
6339
6453
6540
6656
6735
6845
6963
7057
7189
7277
7387
7481
7619
7735
7824
7916
3917
4077
4192
4287
4420
4498
4606
4712
4821
4918
5045
5149
5224
5370
5386
5490
5589
5697
5831
5938
6073
6183
6266
6395
6485
6587
6735
6807
6935
7049
7166
7301
7380
7485
7587
7669
7785
7918
3930
4095
4205
4301
4409
4552
4645
4727
4862
4980
5105
5227
5313
5417
5546
5633
5758
5850
5910
5985
6112
6230
6382
6426
6572
6691
6833
6911
7021
7127
7234
7337
7460
7562
7644
7781
7865
3943
4120
4199
4308
4415
4549
4718
4730
4812
4915
5008
5175
5275
5386
5487
5599
5734
5865
5942
6083
6190
6306
6421
6553
6654
6780
6890
6992
7110
7232
7335
7461
7539
7646
7746
7848
3927
4112
3591
2639
2963
3570
3482
3289
2905
3009
3092
3187
3266
3382
3466
3612
3702
3856
3949
4104
4195
4373
4464
4632
4712
4887
4990
5146
5232
5386
5490
5631
5731
5867
5979
6095
6201
6317
6419
6549
6637
6753
6876
6978
7072
7172
7280
7391
7487
7593
7708
7812
7913
3940
4098
4213
4314
4405
4526
4616
4704
4810
4920
5033
5124
5218
5319
5429
5520
5461
2690
3202
2690
2743
3125
3380
3384
3397
3437
3488
3528
3591
3630
3731
