0.01
0.01
0.01
0.01
0.03
0.09
0.17
0.41
0.57
0.89
0.87
0.27
0.63
1.22
1.39
3.90
0.82
0.34
0.94
1.51
1.27
0.69
0.32
0.34
0.32
0.35
0.35
0.37
0.35
0.39
0.39
0.41
0.46
0.46
0.50
0.48
0.49
0.48
0.50
0.50
0.52
0.52
0.52
0.55
0.57
0.50
0.55
0.56
0.56
0.63
0.56
0.57
0.61
0.67
0.59
0.64
0.61
0.59
0.65
0.59
0.61
0.62
0.58
0.61
0.58
0.57
0.58
0.72
5.16
0.41
0.57
0.61
0.60
0.38
1.76
0.88
0.60
0.42
0.43
0.41
0.44
0.45
0.48
0.49
0.49
0.55
0.50
0.51
0.52
0.50
0.54
0.54
0.50
0.49
0.55
0.56
0.54
0.56
0.52
0.54
0.54
0.58
0.54
0.61
4.97
0.45
0.62
0.53
0.62
0.60
0.56
0.59
0.62
0.52
0.55
0.60
0.59
0.61
0.60
0.58
0.58
0.57
0.40
1.64
1.92
0.61
0.48
0.42
0.46
0.44
0.43
0.45
0.43
0.45
0.47
0.46
0.49
0.52
0.46
0.52
0.53
0.51
0.52
0.53
0.56
0.58
0.58
0.56
0.56
0.57
0.57
0.55
0.56
0.57
0.59
0.57
0.57
0.59
0.61
0.59
0.61
0.57
0.63
0.61
0.60
0.61
4.78
0.44
0.59
0.63
0.57
0.61
0.60
0.54
0.59
0.56
0.60
0.57
0.63
0.63
0.59
0.54
0.61
0.60
0.60
0.56
0.55
0.59
0.64
0.58
0.57
0.61
0.58
0.57
0.58
0.58
0.61
0.59
0.58
0.58
0.60
0.60
0.59
0.64
0.61
4.86
0.39
0.66
0.57
0.56
0.54
0.67
0.58
0.59
0.62
0.58
0.55
0.59
0.57
0.54
0.59
0.60
0.56
0.57
0.65
0.61
0.63
0.60
0.57
0.63
0.59
0.57
0.60
0.60
0.56
0.57
0.57
0.66
0.63
0.60
0.57
0.62
0.60
0.60
4.96
0.46
0.69
0.42
1.98
2.32
0.71
0.41
0.37
0.39
0.38
0.43
0.39
0.43
0.40
0.43
0.46
0.44
0.42
0.48
0.46
0.53
0.52
0.53
0.53
0.49
0.53
0.58
0.62
0.53
0.56
0.58
0.61
0.57
0.57
0.59
0.60
5.29
0.45
0.58
0.59
0.53
0.57
0.63
0.58
0.58
0.54
0.67
0.71
0.23
2.06
0.21
2.00
1.24
1.69
1.05
0.35
0.34
0.32
0.32
0.33
0.34
0.34
0.35
0.37
0.38
0.40
0.40
0.41
0.54
0.61
0.69
0.78
0.78
0.75
0.76
0.69
0.65
0.53
4.88
0.27
0.42
0.54
0.62
0.70
0.75
0.79
0.83
0.86
0.86
0.90
4.57
0.24
0.36
0.46
0.57
0.61
0.71
0.74
0.79
0.83
0.84
0.87
0.89
0.91
0.92
0.92
0.92
0.90
0.89
0.87
0.85
0.81
0.78
0.74
0.70
0.65
0.60
0.51
0.39
0.38
0.39
0.37
4.58
0.26
0.38
0.51
0.60
0.66
0.73
0.78
0.80
0.78
0.74
0.68
0.61
0.55
0.41
0.41
0.42
0.46
0.44
0.43
0.43
0.56
0.65
0.66
0.65
0.68
0.57
0.46
0.47
0.48
0.49
0.46
0.47
0.50
0.47
0.48
0.49
0.50
0.51
0.52
0.51
4.73
0.33
0.50
0.63
0.68
0.62
0.61
0.60
0.64
0.49
0.48
0.51
0.50
0.50
0.49
0.51
0.51
0.51
0.55
0.50
0.53
0.53
0.52
0.53
0.53
0.55
0.54
0.55
0.54
0.55
0.54
0.54
0.55
0.57
0.55
0.56
0.55
0.55
0.54
0.54
0.57
0.53
0.57
0.54
0.53
4.77
0.35
0.54
0.55
0.53
0.54
0.53
0.55
0.56
0.53
0.54
0.54
0.56
0.55
0.56
0.55
0.55
0.55
0.56
0.55
0.54
0.54
0.57
0.57
0.55
0.55
0.56
0.56
0.56
0.59
0.55
0.56
0.56
0.55
0.55
0.56
0.55
0.55
0.55
0.55
0.55
0.58
4.30
0.38
0.52
0.53
0.53
0.52
0.53
0.56
0.55
0.51
0.51
4.97
0.37
0.53
0.54
0.53
0.53
0.53
0.54
0.56
0.55
0.54
0.55
0.55
0.53
0.55
0.54
0.54
0.53
0.53
0.55
0.53
0.55
0.53
0.55
0.55
0.58
0.55
0.55
0.53
0.54
0.53
0.54
0.56
0.53
0.55
0.54
0.54
0.55
0.54
0.55
0.54
0.57
4.33
0.35
0.54
0.55
0.54
0.54
0.52
0.53
0.52
0.52
0.55
0.53
0.53
0.56
0.55
0.52
0.54
0.60
0.52
0.55
0.53
0.54
4.78
0.37
0.54
0.53
0.52
0.56
0.55
0.55
0.54
0.55
0.53
0.54
0.56
0.56
0.53
0.56
0.54
0.55
0.54
0.54
0.57
0.55
0.56
0.56
0.53
0.52
0.55
0.55
0.56
0.56
0.55
0.53
0.56
0.55
0.57
0.57
0.56
0.58
0.57
0.57
0.56
0.54
4.30
0.36
0.55
0.54
0.59
0.54
0.56
0.53
0.53
0.55
0.52
0.53
0.54
0.54
0.55
0.54
0.54
0.55
0.54
0.53
0.54
0.55
0.55
0.56
0.53
0.55
0.57
0.55
0.56
0.57
0.55
0.56
0.54
4.79
0.36
0.54
0.52
0.54
0.54
0.53
0.53
0.55
0.56
0.53
0.55
0.57
0.58
0.54
0.58
0.53
0.56
0.54
0.56
0.54
0.55
0.56
0.61
0.54
0.56
0.54
0.55
0.55
0.54
0.54
0.56
0.58
0.58
0.60
0.55
0.56
0.56
0.59
0.54
0.53
0.56
0.57
4.34
0.38
0.54
0.56
0.55
0.53
0.54
0.56
0.52
0.53
0.51
0.55
0.53
0.56
0.56
0.53
0.56
0.54
0.55
0.55
0.55
0.54
0.54
0.56
0.54
0.56
0.55
0.55
0.57
0.55
0.54
0.53
0.54
0.56
0.54
0.56
0.57
0.53
0.55
0.53
4.43
0.38
0.53
4.88
0.40
0.54
0.55
0.58
0.55
0.55
0.52
0.53
0.55
0.55
0.53
0.53
0.54
0.57
0.54
0.55
0.55
0.54
0.54
0.55
0.56
0.54
0.56
0.53
0.56
0.57
0.59
0.60
0.54
0.55
0.56
0.53
0.55
0.55
0.56
0.55
0.54
0.54
0.57
0.57
0.56
4.39
0.37
0.54
0.55
0.55
0.57
0.56
0.54
0.54
0.55
0.54
0.56
0.54
0.54
0.53
0.54
0.57
0.55
0.55
0.56
0.54
0.54
0.57
0.54
0.56
0.56
0.55
0.57
0.56
0.56
0.57
0.55
0.55
0.57
0.56
0.56
0.57
0.56
0.54
0.56
4.35
0.39
0.54
0.56
0.54
0.54
0.54
0.56
0.53
0.54
0.57
0.54
0.55
0.52
0.52
4.75
0.36
0.57
0.56
0.57
0.54
0.53
0.54
0.55
0.54
0.53
0.53
0.58
0.56
0.58
0.56
0.58
0.56
0.53
0.54
0.55
0.54
0.54
0.55
0.56
0.56
0.53
0.53
0.58
0.58
0.54
0.55
0.55
0.55
0.54
0.57
0.53
0.62
0.58
0.54
0.54
0.53
4.38
0.40
0.53
0.55
0.53
0.51
0.52
0.54
0.54
0.53
0.57
0.54
0.54
0.54
0.55
0.53
0.54
0.56
0.54
0.54
0.53
0.56
0.56
0.53
0.52
0.57
0.55
0.56
0.53
0.54
0.55
0.55
0.54
0.58
0.60
0.53
0.56
0.56
0.54
0.56
4.44
0.41
0.55
0.54
0.52
0.53
0.55
0.53
0.55
0.54
0.54
0.57
0.53
0.52
0.55
0.55
0.54
0.55
0.56
0.54
0.56
0.54
0.56
0.56
0.55
0.54
0.56
4.79
0.39
0.55
0.53
0.56
0.54
0.54
0.55
0.54
0.54
0.55
0.55
0.57
0.59
0.55
0.56
0.58
0.55
0.56
0.56
0.56
0.55
0.56
0.55
0.58
0.55
0.60
0.55
0.54
0.57
0.52
0.56
0.52
0.54
0.54
0.54
0.53
0.57
0.54
0.54
0.55
0.56
4.30
0.41
0.54
0.56
0.56
0.54
0.56
0.53
0.52
0.53
0.55
0.52
0.54
0.53
0.52
0.56
0.55
0.56
0.54
0.53
0.54
0.55
0.54
0.58
0.57
0.55
0.52
0.54
0.55
0.53
0.59
0.52
0.54
0.54
0.54
0.54
0.60
0.57
0.56
0.59
4.37
0.36
0.57
0.55
0.54
0.53
0.56
0.56
0.52
0.54
0.52
0.52
0.56
0.55
0.56
0.54
0.56
0.56
0.52
0.54
0.56
0.54
0.56
0.55
0.55
0.56
0.55
0.55
0.54
0.58
0.55
0.55
0.59
0.54
0.54
0.55
0.54
0.57
4.66
0.43
0.56
0.53
0.54
0.54
0.55
0.57
0.56
0.56
0.53
0.55
0.58
0.53
0.58
0.55
0.55
0.55
0.57
0.57
0.55
0.58
0.56
0.56
0.57
0.54
0.60
0.56
0.57
0.56
0.55
0.57
0.57
0.56
0.56
0.58
0.56
0.56
0.59
0.56
0.59
0.56
4.45
0.36
0.57
0.55
0.59
0.54
0.58
0.55
0.50
0.56
0.57
0.53
0.54
0.56
0.55
0.52
0.53
0.57
0.56
0.56
0.58
0.56
0.55
0.55
0.56
0.58
0.61
0.52
0.53
0.57
0.54
0.55
0.56
0.56
0.54
0.58
0.60
0.57
0.55
0.57
4.36
0.43
0.54
0.56
0.54
0.55
0.57
0.56
0.60
0.53
0.54
0.53
0.55
0.53
0.54
0.50
0.54
0.52
0.54
0.57
0.57
0.57
0.56
0.58
0.54
0.53
0.55
0.55
0.56
0.54
0.57
0.56
0.54
0.54
0.57
0.57
0.56
0.57
0.54
0.55
4.36
0.37
0.54
0.54
0.58
0.51
0.53
0.55
0.55
4.75
0.38
0.55
0.54
0.56
0.60
0.60
0.53
0.56
0.53
0.54
0.53
0.54
0.54
0.56
0.56
0.56
0.55
0.53
0.57
0.58
0.52
0.53
0.54
0.58
0.53
0.55
0.53
0.55
0.56
0.53
0.54
0.57
0.56
0.59
0.58
0.56
0.57
0.55
0.56
0.58
0.57
4.55
0.41
0.56
0.55
0.53
0.55
0.55
0.57
0.55
0.61
0.56
0.53
0.54
0.54
0.55
0.55
0.56
0.55
0.54
0.55
0.55
0.56
0.56
0.57
0.55
0.55
0.55
0.54
0.55
0.56
0.58
0.56
0.61
0.58
0.58
0.58
0.55
0.56
0.55
4.49
0.44
0.56
0.56
0.57
0.57
0.57
0.54
0.52
0.53
0.57
0.57
0.60
0.54
0.56
0.55
0.54
0.53
0.55
0.57
0.56
0.58
0.55
0.54
0.57
0.54
0.54
0.55
0.55
0.55
0.59
0.55
0.56
0.55
0.55
0.53
0.54
0.53
0.55
4.42
0.42
0.57
0.56
0.56
0.58
0.58
0.56
0.54
0.54
0.54
0.52
0.54
0.55
0.56
0.54
0.54
0.54
0.53
0.55
0.56
0.60
4.65
0.37
0.55
0.58
0.59
0.57
0.53
0.53
0.53
0.55
0.55
0.56
0.58
0.55
0.56
0.58
0.56
0.56
0.57
0.58
0.56
0.56
0.55
0.54
0.56
0.56
0.54
0.55
0.59
0.55
0.59
0.61
0.55
0.57
0.58
0.61
0.58
0.57
0.57
0.57
0.62
0.56
4.48
0.41
0.55
0.58
0.55
0.55
0.54
0.55
0.53
0.53
0.54
0.58
0.58
0.53
0.54
0.54
0.55
0.55
0.57
0.54
0.55
0.55
0.58
0.58
0.58
0.56
0.55
0.58
0.58
0.59
0.59
0.55
0.56
0.56
0.54
0.55
0.57
0.60
0.59
0.58
4.41
0.38
0.55
0.56
0.55
0.54
0.56
0.54
0.52
0.57
0.56
0.54
0.54
0.54
0.56
0.54
0.57
0.54
0.58
0.56
0.57
0.55
0.57
0.59
0.54
0.55
0.57
0.53
0.54
0.55
0.57
0.55
0.60
0.58
0.54
0.57
0.56
0.57
0.57
4.44
0.41
0.54
0.54
0.55
0.53
0.59
0.55
0.55
0.54
0.58
0.57
0.58
0.55
0.54
0.56
0.57
0.56
0.54
0.55
0.58
0.58
0.58
0.56
0.55
0.55
0.57
0.57
0.56
0.58
0.55
4.67
0.42
0.56
0.54
0.55
0.57
0.58
0.56
0.54
0.55
0.57
0.59
0.58
0.58
0.57
0.58
0.54
0.55
0.55
0.54
0.56
0.56
0.58
0.57
0.59
0.57
0.61
0.56
0.58
0.56
0.61
0.58
0.58
0.57
0.57
0.56
0.60
0.55
0.60
0.55
0.55
0.54
4.34
0.38
0.61
0.54
0.56
0.57
0.51
0.54
0.55
0.57
0.54
0.54
0.55
0.57
0.55
0.53
0.53
0.54
0.56
0.61
0.60
0.57
0.56
0.55
0.58
0.55
0.61
0.59
0.55
0.56
0.55
0.53
0.57
0.56
0.60
0.57
0.56
0.61
0.55
0.60
4.41
0.45
0.60
0.57
0.57
0.54
0.55
0.55
0.58
0.57
0.54
0.55
0.56
0.59
0.58
0.57
0.54
0.58
0.54
0.58
0.60
0.54
0.60
0.59
0.53
0.59
0.59
0.58
0.55
0.55
0.55
0.56
0.57
0.56
0.58
0.59
0.59
0.61
0.55
4.53
0.44
0.57
0.60
0.57
0.57
0.54
0.54
0.55
0.55
0.60
0.55
0.58
0.55
0.58
0.52
0.55
0.54
0.54
0.55
0.59
0.56
0.58
0.56
0.57
0.53
0.53
0.55
0.58
0.58
0.59
0.57
0.55
0.56
0.59
0.56
0.56
0.55
0.61
4.45
0.41
4.99
0.43
0.54
0.55
0.56
0.57
0.54
0.54
0.53
0.55
0.53
0.54
0.57
0.54
0.54
0.55
0.56
0.56
0.59
0.57
0.53
0.58
0.56
0.55
0.54
0.57
0.56
0.58
0.57
0.53
0.56
0.59
0.58
0.57
0.57
0.59
0.57
0.56
0.59
0.59
0.58
0.54
4.59
0.45
0.59
0.59
0.58
0.54
0.58
0.54
0.55
0.54
0.57
0.60
0.61
0.55
0.54
0.53
0.57
0.55
0.57
0.52
0.56
0.59
0.55
0.58
0.54
0.55
0.55
0.56
0.60
0.56
0.59
0.58
0.56
0.59
0.57
0.56
0.60
0.55
0.57
4.41
0.40
0.59
0.57
0.54
0.52
0.61
0.55
0.54
0.55
0.53
0.53
0.58
0.56
0.59
0.54
0.56
0.55
0.57
0.52
0.55
0.56
0.56
0.59
0.60
0.56
0.53
0.56
0.57
0.54
0.54
0.55
0.60
0.55
0.60
0.56
0.56
0.56
0.56
0.57
4.43
0.40
0.61
0.55
0.53
0.56
0.55
0.52
0.55
0.54
0.56
0.58
0.53
0.52
0.55
0.56
0.56
0.53
0.58
0.58
0.53
0.53
0.54
0.54
0.55
0.57
0.58
0.56
0.53
0.58
0.58
0.53
0.61
0.56
0.57
0.57
0.56
0.56
0.58
0.60
4.45
0.37
0.58
0.56
0.52
0.59
0.57
0.57
0.56
0.54
0.54
0.54
0.64
4.63
0.40
0.57
0.57
0.53
0.56
0.54
0.56
0.59
0.58
0.56
0.57
0.60
0.55
0.57
0.59
0.54
0.53
0.58
0.55
0.57
0.54
0.57
0.56
0.58
0.56
0.57
0.55
0.54
0.55
0.56
0.54
0.54
0.54
0.60
0.57
0.57
0.54
0.57
0.55
0.58
0.58
4.45
0.37
0.60
0.56
0.56
0.54
0.55
0.58
0.54
0.54
0.56
0.53
0.57
0.55
0.57
0.56
0.59
0.57
0.58
0.60
0.57
0.57
0.55
0.57
0.55
0.60
0.55
0.57
0.62
0.56
0.56
0.59
0.57
0.55
0.56
0.58
0.55
0.58
0.56
0.59
4.50
0.41
0.64
0.57
0.55
0.55
0.58
0.52
0.56
0.57
0.53
0.55
0.53
0.55
0.59
0.57
0.58
0.56
0.54
0.55
0.56
0.58
0.60
0.56
0.55
0.58
0.57
0.58
0.57
0.57
0.58
0.55
0.65
0.55
0.56
0.59
0.59
0.58
0.57
0.58
4.39
0.43
0.56
0.58
0.55
0.55
0.57
0.57
0.55
0.57
0.54
0.56
0.55
0.57
0.55
0.58
0.59
0.56
0.60
0.58
0.55
0.56
0.56
0.56
0.54
0.56
0.58
0.54
0.57
0.53
0.58
0.59
0.54
0.60
0.57
0.58
0.58
0.59
0.56
0.59
4.42
0.42
0.66
0.53
0.56
0.54
0.51
0.54
0.51
0.60
0.56
0.56
0.54
0.58
0.54
0.55
0.56
0.55
0.55
0.56
0.59
4.79
0.38
0.57
0.53
0.56
0.56
0.58
0.54
0.57
0.56
0.55
0.56
0.58
0.56
0.56
0.56
0.61
0.59
0.58
0.56
0.56
0.57
0.59
0.57
0.55
0.61
0.54
0.55
0.55
0.53
0.55
0.51
0.56
0.57
0.56
0.56
0.58
0.54
0.56
0.61
0.57
0.56
4.40
0.38
0.60
0.59
0.55
0.60
0.57
0.55
0.56
0.52
0.54
0.54
0.59
0.57
0.55
0.55
0.57
0.53
0.57
0.53
0.56
0.58
0.56
0.57
0.57
0.58
0.54
0.55
0.56
0.60
0.63
0.58
0.53
0.57
0.53
0.57
0.55
0.57
0.59
0.60
4.46
0.43
0.63
0.58
0.57
0.56
0.56
0.58
0.57
0.55
0.54
0.55
0.56
0.58
0.56
0.57
0.56
0.59
0.57
0.60
0.58
0.57
0.56
0.58
0.56
0.53
0.52
0.53
0.54
0.58
0.56
0.63
0.60
0.55
0.54
0.53
0.55
0.59
0.58
0.54
4.51
0.46
0.55
0.55
0.54
0.61
0.57
0.59
0.54
0.59
0.53
0.58
0.57
0.56
0.57
0.51
0.56
0.57
0.58
0.53
0.56
0.55
0.55
0.59
0.53
0.56
0.57
0.54
0.58
0.56
0.58
0.59
0.58
0.56
0.56
0.57
0.57
0.57
0.56
4.49
0.44
0.55
0.58
0.54
0.56
0.55
0.55
0.53
0.57
0.53
0.56
0.58
0.58
0.54
0.57
0.55
0.54
0.55
0.57
0.56
0.59
0.53
0.57
0.54
0.57
0.56
0.64
0.56
0.59
4.89
0.38
0.57
0.56
0.57
0.54
0.56
0.58
0.55
0.55
0.62
0.56
0.58
0.58
0.57
0.58
0.61
0.61
0.62
0.58
0.56
0.57
0.56
0.59
0.59
0.60
0.57
0.61
0.58
0.62
0.60
0.60
0.54
0.57
0.54
0.57
0.55
0.58
0.54
0.60
0.56
0.57
4.54
0.39
0.55
0.57
0.61
0.56
0.57
0.55
0.54
0.52
0.51
0.59
0.60
0.54
0.56
0.56
0.59
0.57
0.56
0.56
0.59
0.53
0.58
0.58
0.61
0.54
0.56
0.57
0.55
0.58
0.56
0.59
0.54
0.57
0.56
0.59
0.58
0.57
0.55
0.59
4.52
0.36
0.59
0.56
0.59
0.62
0.57
0.57
0.55
0.54
0.55
0.54
0.56
0.58
0.54
0.56
0.56
0.58
0.54
0.56
0.56
0.59
0.57
0.56
0.55
0.56
0.55
0.57
0.57
0.60
0.56
0.57
0.57
0.57
0.55
0.60
0.59
0.59
0.57
0.58
4.48
0.40
0.57
0.56
0.57
0.54
0.58
0.59
0.53
0.58
0.57
0.58
0.54
0.57
0.53
0.57
0.56
0.56
0.53
0.57
0.54
0.57
0.56
0.61
0.55
0.56
0.55
0.57
0.56
0.56
0.58
0.53
0.55
0.56
0.58
0.58
0.54
0.56
0.59
4.59
0.52
0.61
0.61
0.52
0.56
0.57
0.53
0.54
0.53
0.53
0.58
0.58
0.54
0.57
0.52
0.59
0.56
0.57
0.54
0.55
0.56
0.57
0.60
0.59
0.60
0.56
0.56
0.55
0.57
0.59
0.57
0.63
0.55
0.57
0.54
0.59
0.54
0.58
4.49
5.57
0.48
0.60
0.56
0.57
0.54
0.56
0.64
0.60
0.59
0.61
0.54
0.62
0.59
0.59
0.56
0.54
0.54
0.54
0.54
0.57
0.59
0.56
0.62
0.56
0.58
0.60
0.59
0.56
0.54
0.59
0.56
0.58
0.58
0.56
0.59
0.54
0.54
0.56
0.59
0.56
0.57
4.59
0.41
0.66
0.58
0.60
0.54
0.60
0.56
0.59
0.56
0.61
0.57
0.56
0.58
0.59
0.56
0.58
0.56
0.59
0.56
0.55
0.54
0.61
0.57
0.58
0.57
0.58
0.58
0.61
0.60
0.56
0.57
0.57
0.58
0.58
0.62
0.60
0.54
0.62
4.52
0.44
0.54
0.54
0.60
0.59
0.56
0.55
0.61
0.55
0.59
0.59
0.58
0.58
0.55
0.59
0.56
0.59
0.58
0.57
0.60
0.58
0.55
0.60
0.59
0.57
0.57
0.58
0.62
0.57
0.64
0.53
0.57
0.56
0.59
0.58
0.62
0.57
0.57
4.55
0.38
0.58
0.61
0.53
0.54
0.56
0.56
0.59
0.58
0.54
0.58
0.54
0.57
0.57
0.56
0.58
0.56
0.56
0.60
0.56
0.55
0.57
0.57
0.59
0.62
0.58
0.57
0.56
0.56
0.59
0.64
0.56
0.57
0.56
0.53
0.61
0.63
0.57
4.39
0.40
0.55
0.57
0.55
0.52
0.64
0.62
0.54
0.54
0.55
0.56
0.59
0.62
0.57
0.54
0.59
0.53
0.57
0.64
0.54
0.55
0.54
0.54
0.58
0.57
0.58
0.55
0.57
0.59
0.60
0.58
0.56
0.60
0.54
0.56
0.57
0.55
0.60
0.58
4.50
0.47
0.60
0.56
0.64
0.52
0.55
0.63
0.54
0.57
0.55
0.58
5.08
0.39
0.57
0.61
0.65
0.61
0.59
0.56
0.55
0.57
0.58
0.63
0.60
0.58
0.58
0.58
0.56
0.63
0.60
0.57
0.56
0.57
0.59
0.60
0.56
0.58
0.60
0.63
0.54
0.59
0.58
0.62
0.61
0.54
0.63
0.54
0.59
0.57
0.58
0.58
0.59
0.59
4.53
0.48
0.58
0.60
0.57
0.56
0.59
0.59
0.59
0.60
0.58
0.57
0.63
0.60
0.61
0.61
0.57
0.53
0.56
0.62
0.57
0.55
0.61
0.58
0.59
0.58
0.56
0.64
0.61
0.52
0.61
0.58
0.57
0.53
0.56
0.57
0.54
0.57
0.57
4.48
0.41
0.60
0.61
0.59
0.56
0.56
0.58
0.55
0.57
0.58
0.59
0.60
0.57
0.60
0.63
0.57
0.58
0.61
0.60
0.65
0.58
0.61
0.59
0.61
0.57
0.58
0.60
0.59
0.62
0.55
0.60
0.59
0.58
0.59
0.61
0.58
0.56
0.57
4.58
0.42
0.60
0.58
0.58
0.54
0.58
0.65
0.61
0.62
0.55
0.60
0.58
0.61
0.63
0.62
0.59
0.59
0.58
0.60
0.59
0.64
0.57
0.67
0.59
0.54
0.58
0.62
0.59
0.56
0.60
0.55
0.55
0.58
0.56
0.59
0.61
0.58
0.60
4.37
0.43
0.60
0.58
0.58
0.60
0.59
0.61
0.60
0.58
0.58
0.61
0.67
0.58
0.56
0.55
0.57
0.56
0.49
0.59
0.63
0.60
0.60
0.58
0.55
0.55
0.58
0.63
0.59
0.59
0.58
0.60
0.58
0.58
0.61
0.63
0.59
0.57
0.58
4.66
0.44
0.60
0.57
0.61
0.60
0.58
0.69
0.53
0.55
0.52
0.62
0.61
0.54
0.57
0.62
0.55
0.58
0.61
0.61
0.58
5.13
0.37
0.63
0.67
0.60
0.59
0.58
0.60
0.60
0.64
0.57
0.58
0.72
0.64
0.62
0.60
0.61
0.56
0.58
0.67
0.62
0.56
0.63
0.58
0.63
0.58
0.59
0.54
0.60
0.60
0.52
0.58
0.59
0.56
0.64
0.63
0.60
0.54
0.56
0.57
0.60
4.83
0.41
0.61
0.67
0.62
0.54
0.58
0.59
0.59
0.64
0.67
0.69
0.60
0.56
0.55
0.57
0.50
0.57
0.62
0.63
0.55
0.65
0.63
0.63
0.55
0.58
0.54
0.58
0.58
0.59
0.63
0.61
0.59
0.58
0.63
0.66
0.65
0.61
4.46
0.40
0.60
0.59
0.65
0.57
0.59
0.60
0.59
0.55
0.58
0.60
0.52
0.64
0.72
0.64
0.59
0.60
0.61
0.61
0.66
0.66
0.55
0.60
0.57
0.55
0.63
0.56
0.60
0.63
0.62
0.67
0.61
0.57
0.56
0.53
0.55
0.63
4.69
0.41
0.60
0.56
0.55
0.64
0.63
0.58
0.65
0.64
0.62
0.64
0.58
0.57
0.60
0.54
0.57
0.56
0.69
0.59
0.60
0.60
0.64
0.51
0.59
0.63
0.67
0.61
0.55
0.56
0.56
0.58
0.59
0.60
0.54
0.62
0.56
4.65
0.45
0.58
0.56
0.56
0.61
0.75
0.68
0.59
0.54
0.52
0.69
0.65
0.58
0.59
0.52
0.57
0.65
0.55
0.62
0.61
0.62
0.63
0.63
0.58
0.61
0.65
0.58
0.59
0.62
0.63
0.67
0.59
0.57
0.58
0.57
4.55
0.47
0.64
0.47
2.00
1.86
1.34
0.73
4.96
0.27
0.43
0.42
0.41
0.40
0.41
0.42
0.46
0.44
0.47
0.44
0.46
0.49
0.50
0.49
0.48
0.49
0.53
0.52
0.52
0.52
0.54
0.54
0.55
0.53
0.59
0.54
0.54
0.54
0.54
0.60
0.55
0.55
0.61
0.60
0.57
0.56
0.58
0.59
0.57
0.53
0.60
0.58
0.58
4.38
0.40
0.63
0.60
0.57
0.61
0.61
0.58
0.59
0.61
0.61
0.58
0.57
0.54
0.58
0.54
0.56
0.44
1.60
0.46
2.02
1.35
1.67
0.95
0.22
0.22
0.21
0.21
0.21
0.20
0.21
0.20
