62
65
66
66
63
129
200
369
515
825
1126
1356
544
880
1492
1792
2223
1682
1278
2204
1826
2666
2333
2387
2465
2530
2676
2743
2914
2989
3180
3258
3462
3543
3752
3847
4044
4139
4334
4422
4610
4720
4880
4994
5122
5240
5340
5447
5571
5679
5819
5897
6008
6123
6242
6320
6430
6555
6664
6774
6865
6968
7082
7216
7317
7429
7506
7615
7723
7839
3832
2528
3458
3041
3117
3200
3289
3399
3485
3616
3714
3862
3958
4117
4200
4376
4466
4608
4723
4856
4970
5108
5208
5334
5449
5577
5673
5784
5887
6018
6113
6229
6315
6445
6555
6663
6760
6862
6982
7061
7174
7263
7385
7462
7571
7680
7776
7876
3798
3967
4077
4173
4273
3256
2364
2991
2781
3176
3158
3231
3316
3398
3503
3578
3720
3795
3953
4033
4209
4304
4465
4564
4745
4830
5001
5116
5273
5356
5533
5623
5784
5876
6033
6136
6264
6388
6504
4735
3572
3737
3839
3964
4048
4174
4267
4375
4487
4601
4702
4821
4912
5036
5116
5243
5340
5443
5551
5654
5751
5852
5971
6071
6171
6275
6379
6476
6599
6688
6801
6898
7003
7105
7218
7327
7418
7458
7539
7660
7756
7857
3878
4069
4137
4257
4353
4455
4580
4669
4786
4889
4984
5114
5213
5295
5401
5501
5596
5701
5819
5931
6014
6133
6216
6332
6428
6549
6638
6757
6872
6975
7080
7189
7289
7389
7500
7608
7702
7744
7840
3862
4054
4108
4256
4332
4437
4579
4699
4800
4419
2605
2929
3494
3446
3480
3562
3644
3736
3821
3930
4022
4173
4244
4418
4514
4667
4760
4913
5021
5182
5284
5439
5530
5699
5791
5965
6033
6176
6306
6413
6519
6650
6742
6880
6997
7080
7182
7298
7394
7491
7592
7711
7827
3904
4097
4166
3425
2631
2951
1947
2226
2286
2586
2694
2667
2726
2777
2829
2887
2998
3063
3228
3290
3480
3550
3749
3329
2623
2841
2914
3110
3167
3232
3269
3240
3270
3271
3305
3385
3437
3537
3619
3248
2947
3052
3207
3280
3372
3415
3333
3353
3239
3254
3150
3160
3069
3075
3024
3032
3003
3005
2564
2516
2597
2632
2694
2761
2801
2908
2931
3062
3079
3178
3203
3191
3207
3215
3229
3262
3280
3347
3375
3472
3516
3577
3641
3671
3749
3824
3904
3996
4050
4148
4196
4307
4350
4454
4516
4446
3079
3196
3313
3383
3446
3499
3582
3636
3716
3771
3856
3945
4058
4157
4257
4354
4462
4551
4687
4776
4908
5004
5141
5237
5376
5480
5609
5707
5845
5944
6074
6178
6307
6410
6539
6646
6767
6871
6985
6810
3634
3793
3901
3940
4045
4149
4245
4361
4462
4579
4677
4794
4895
5009
5111
5224
5325
5437
5543
5646
5747
5852
5958
6060
6167
6274
6377
6477
6577
6683
6790
6888
6999
7091
7195
7302
7402
7501
7611
7714
7808
7908
3963
4111
4223
2804
3699
3853
3953
4056
4162
4261
4366
4469
4574
4675
4782
4883
4985
5098
5116
5224
5321
5420
5529
5634
5750
5842
5954
6051
6161
6263
6367
6470
6587
6686
6787
6901
6991
7093
7200
7302
7410
7506
7618
7720
7825
7931
3969
4114
4218
4320
4427
4529
4636
4737
4845
4942
5048
5148
5256
5359
3310
3714
3878
3966
4078
4169
4271
4381
4472
4574
4678
4781
4888
4991
5094
5202
5302
5405
5512
5617
5718
5825
5922
5956
6054
6154
6254
6359
6464
6572
6671
6777
6881
6990
7094
7200
7298
7410
7515
7620
7724
7827
7937
3958
4111
4210
4310
4419
4520
4628
4732
4839
4926
5035
5135
5234
5340
5443
5554
5645
5749
5854
5957
6055
6160
6266
6370
6475
4815
3713
3860
3966
4068
4171
4203
4298
4399
4500
4618
4709
4817
4926
5030
5129
5240
5339
5454
5552
5659
5764
5864
5966
6071
6172
6280
6380
6489
6593
6699
6804
6907
7008
7118
7216
7324
7416
7523
7625
7733
7831
7937
3977
4128
4233
4340
4434
4543
4636
4735
4847
4951
5048
5154
5257
5355
5457
5560
5659
5771
5871
5973
6072
6184
6283
6388
6494
6593
6694
6733
6815
6922
7017
7128
7231
7331
7436
7544
6197
3645
3804
3897
4014
4113
4222
4326
4432
4536
4646
4748
4862
4953
5064
5158
5268
5366
5472
5574
5680
5783
5892
5991
6098
6197
6231
6326
6427
6541
6628
6733
6853
6937
7048
7146
7261
7360
7463
7571
7671
7775
7883
7980
3958
4116
4204
4316
4415
4519
4619
4723
4826
4930
5043
5145
5247
5347
5441
5544
5655
5750
5861
5970
6064
6167
6267
6372
6479
6583
6678
6786
6886
6988
7093
7194
7300
7398
7506
7600
7702
7805
7914
8016
3976
4123
4229
4332
4441
4545
3704
3706
3856
3959
4067
4169
4263
4375
4470
4579
4686
4780
4875
4983
5084
5189
5297
5396
5506
5603
5700
5803
5901
6002
6110
6208
6314
6422
6516
6618
6720
6829
6924
7032
7129
7167
7253
7360
7452
7559
7658
7765
7887
3919
4066
4176
4282
4390
4494
4595
4693
4798
4904
5009
5117
5222
5315
5424
5525
5623
5734
5831
5949
6045
6152
6249
6356
6454
6563
6659
6759
6864
6965
7072
7179
7281
7375
7481
7595
7693
7782
7893
7982
3973
4121
4219
4330
4441
4533
4636
4740
4839
4949
5054
5136
5252
5354
5455
5553
5661
5772
5198
3700
3844
3952
4054
4159
4259
4362
4485
4492
4608
4704
4802
4911
5013
5122
5220
5334
5432
5541
5637
5758
5851
5964
6058
6168
6274
6371
6476
6588
6689
6779
6901
6991
7092
7190
7302
7399
7526
7525
7638
7725
7826
3897
4039
4139
4253
4360
4461
4568
4675
4794
4874
4995
5089
5195
5297
5411
5509
5619
5726
5838
5928
6033
6137
6246
6347
6455
6559
6664
6760
6863
6976
7064
7162
7270
7367
7474
7577
7683
7779
7894
7986
3974
4129
4229
4325
4431
4541
4642
4736
4835
4947
5044
5144
5257
5348
5458
5554
5654
5763
5869
5973
6074
6172
6276
6381
6481
6582
6687
6799
6884
6996
5501
3706
3860
3957
4055
4166
4262
4371
4476
4576
4672
4765
4877
4984
5083
5186
5290
5394
5497
5605
5701
5802
5895
6008
6099
6211
6302
6406
6509
6618
6715
6824
6919
7028
7135
7215
7321
7428
7529
7630
7737
7843
7948
3992
4141
4249
4347
4381
4468
4574
4668
4784
4883
4998
5098
5204
5308
5414
5524
5634
5723
5835
5943
6042
6137
6247
6354
6456
6569
6663
6768
6865
6973
7086
7173
7284
7383
7491
7594
7696
7801
7901
8011
3979
4146
4226
4326
4431
4532
4571
4657
4757
4852
4957
5059
5165
5261
5378
5479
5582
5692
5807
5897
6016
6121
6231
6333
6442
6542
6637
6747
6840
6945
7049
7155
7260
7358
7475
7575
7666
7764
7871
7966
3982
2055
3707
3859
3969
4048
4157
4267
4358
4474
4573
4664
4779
4886
4971
5087
5174
5280
5383
5495
5586
5700
5796
5904
5999
6106
6200
6308
6428
6437
6538
6650
6748
6852
6952
7072
7164
7268
7371
7497
7586
7694
7793
7891
3942
4104
4196
4316
4416
4515
4611
4720
4819
4926
5030
5141
5239
5351
5460
5546
5647
5756
5852
5956
6060
6171
6269
6365
6466
6565
6685
6701
6791
6898
7000
7104
7207
7306
7416
7529
7631
7738
7837
7945
3944
4110
4203
4300
4411
4515
4626
4729
4828
4937
5035
5151
5247
5348
5455
5560
5664
5756
5868
5969
6075
6175
6273
6378
6479
6589
6679
6791
6891
6992
7087
7202
7296
7403
7520
7521
7630
7723
7828
7935
3923
4081
4174
4284
4396
4504
4597
4716
4820
4907
5017
5126
3667
3676
3842
3944
4042
4149
4241
4338
4446
4547
4652
4763
4867
4954
5071
5164
5265
5374
5479
5572
5681
5789
5890
6002
6094
6204
6281
6386
6497
6590
6702
6805
6903
7009
7109
7208
7315
7430
7521
7627
7730
7831
7931
3979
4138
4229
4337
4433
4539
4635
4741
4851
4944
5053
5160
5258
5338
5451
5550
5647
5762
5859
5958
6063
6171
6281
6378
6468
6579
6677
6788
6883
6990
7092
7200
7300
7407
7496
7607
7705
7808
7917
8018
3990
4138
4241
4347
4453
4554
4650
4758
4851
4962
5056
5166
5270
5356
5461
5553
5660
5765
5861
5966
6068
6177
6275
6312
6400
6499
6604
6709
6815
6929
7039
7128
7226
7337
7437
7543
7654
7757
7860
7964
3959
4107
4221
4315
4408
4523
4614
4718
4818
4925
5036
5143
5234
5340
5442
5555
5649
5758
5852
5959
6057
6068
3715
3877
3970
4083
4172
4272
4371
4473
4581
4688
4786
4893
4923
5011
5112
5199
5314
5424
5518
5614
5731
5827
5935
6052
6159
6253
6372
6467
6575
6667
6773
6873
6988
7085
7188
7290
7392
7501
7603
7704
7820
7914
3970
4145
4217
4318
4420
4521
4626
4736
4841
4941
5044
5142
5253
5353
5465
5567
5659
5774
5877
5984
6073
6170
6280
6377
6474
6580
6683
6787
6887
6994
7096
7207
7304
7407
7505
7605
7715
7806
7911
3969
4123
4233
4321
4435
4536
4630
4737
4846
4950
5048
5151
5252
5348
5453
5561
5650
5757
5885
5888
5990
6087
6206
6295
6391
6501
6600
6723
6823
6927
7023
7139
7235
7350
7459
7570
7672
7769
7869
7972
3946
4112
4205
4297
4396
4512
4618
4727
4824
4919
5016
5118
5229
5326
5441
5547
5647
5745
5847
5936
6035
6157
6260
6342
6452
6543
6642
6741
6855
6947
7063
7171
7264
7372
6336
3703
3863
3967
4066
4162
4270
4363
4483
4582
4676
4781
4877
4979
5080
5182
5296
5407
5494
5602
5689
5795
5900
6005
6110
6210
6248
6335
6434
6529
6655
6746
6848
6948
7056
7152
7268
7367
7476
7577
7695
7783
7886
3952
4108
4214
4317
4418
4523
4638
4737
4830
4939
5041
5146
5254
5358
5459
5559
5664
5761
5882
5898
5998
6087
6188
6287
6417
6494
6601
6703
6800
6921
7020
7125
7228
7330
7442
7553
7646
7750
7852
7951
3960
4109
4222
4318
4424
4530
4639
4744
4839
4935
5041
5139
5253
5349
5449
5550
5662
5749
5872
5957
6055
6163
6261
6304
6390
6481
6594
6703
6794
6920
7015
7134
7223
7339
7446
7557
7648
7759
7851
7956
3966
4130
4234
4321
4428
4544
4631
4736
4832
4944
5048
5160
5243
5362
5467
5563
5658
5759
5854
5964
6068
6178
6269
6312
6395
6494
6582
6702
6802
6910
7015
7125
7231
7324
7444
7540
7650
7746
7861
7962
3950
4108
4224
4322
2504
3685
3855
3937
4024
4140
4237
4345
4456
4550
4663
4758
4877
4970
5073
5168
5287
5377
5416
5485
5609
5709
5795
5905
6021
6117
6224
6334
6432
6530
6660
6753
6859
6948
7075
7165
7281
7364
7482
7579
7670
7783
7885
3957
4124
4219
4327
4425
4530
4636
4739
4840
4935
5044
5150
5245
5360
5469
5488
5571
5679
5785
5873
6002
6092
6189
6305
6416
6517
6604
6723
6829
6926
7040
7151
7245
7343
7462
7561
7666
7762
7879
7975
3960
4114
4220
4324
4430
4512
4636
4724
4823
4925
5029
5136
5226
5331
5453
5541
5641
5750
5861
5955
6056
6164
6259
6364
6465
6572
6684
6768
6880
6978
7068
7186
7270
7378
7478
7585
7686
7799
7895
8002
3970
4123
4242
4249
4345
4459
4551
4670
4771
4873
4974
5083
5193
5301
5397
5515
5600
5725
5812
5915
6027
6134
6220
6342
6420
6521
6621
6742
6829
6945
7044
7140
7230
7354
7445
7541
7643
7756
7850
7970
3965
4126
4220
4331
4421
4513
4630
4737
4833
4943
5039
5141
5246
4584
3722
3902
3983
4088
4174
4277
4392
4485
4594
4710
4800
4907
4985
5109
5198
5305
5406
5504
5600
5727
5822
5898
6013
6115
6205
6327
6421
6520
6629
6723
6839
6948
7036
7122
7242
7334
7432
7542
7642
7739
7849
7965
3965
4133
4217
4314
4433
4520
4610
4722
4832
4935
5040
5135
5242
5343
5452
5556
5664
5754
5841
5951
6046
6150
6262
6368
6460
6565
6668
6758
6870
6968
7067
7184
7279
7372
7490
7581
7693
7793
7892
7987
3982
4151
4238
4342
4429
4539
4648
4735
4848
4936
4983
5060
5147
5265
5381
5470
5566
5678
5785
5897
5998
6112
6217
6315
6421
6524
6638
6734
6850
6950
7052
7158
7257
7370
7471
7565
7672
7769
7869
7979
3974
4129
4238
4325
4445
4534
4635
4742
4843
4962
5047
5160
5245
5355
5464
5558
5641
5748
5850
5970
6052
6168
6255
6351
6471
6550
6670
6766
6868
6978
7061
7182
7268
7370
7482
7571
7692
7789
7891
3953
4119
4220
4329
4421
4521
4631
4728
4841
4939
5032
5142
5223
5339
5438
5545
5641
5745
5855
5945
6061
6157
6272
4873
3695
3844
3954
4054
4165
4244
4361
4450
4567
4656
4751
4862
4964
5061
5179
5278
5379
5483
5520
5621
5715
5820
5925
6019
6129
6240
6341
6432
6554
6637
6752
6856
6970
7064
7156
7277
7365
7481
7577
7671
7792
7896
3959
4115
4212
4323
4421
4543
4626
4725
4833
4932
5025
5148
5232
5329
5447
5542
5654
5738
5849
5943
6028
6154
6242
6354
6453
6567
6649
6758
6862
6949
7070
7163
7281
7370
7464
7583
7687
7780
7873
7991
3966
4134
4238
4315
4422
4514
4615
4723
4832
4930
5034
5139
5240
5353
5457
5548
5668
5761
5801
5884
5974
6090
6188
6290
6394
6506
6614
6718
6826
6939
7038
7147
7248
7369
7454
7555
7657
7771
7868
7971
3969
4147
4226
4329
4434
4546
4650
4742
4838
4951
5048
5159
5265
5376
5453
5560
5661
5753
5859
5958
6074
6159
6277
6368
6481
6561
6665
6767
6871
6976
7087
7191
7295
7417
7429
7531
7629
7722
7836
3900
4057
4171
4273
4357
4476
4575
4695
4781
4896
4988
5106
5196
5310
5412
5519
5629
5733
5827
5937
6034
6150
6239
6347
6449
6557
6654
6694
6769
6890
6973
6711
4948
3623
3771
3883
3963
4074
4200
4285
4408
4497
4615
4713
4821
4939
5031
5136
5240
5342
5445
5564
5663
5760
5862
5968
6070
6173
6265
6389
6470
6580
6674
6788
6895
6990
7088
7199
7300
7388
7500
7589
7702
7804
7910
3974
4134
4239
4340
4462
4469
4585
4694
4766
4889
4980
5091
5203
5298
5398
5515
5640
5715
5808
5923
6026
6130
6224
6334
6430
6546
6642
6764
6845
6956
7078
7163
7277
7356
7463
7560
7667
7760
7871
7980
3979
4151
4247
4341
4465
4541
4650
4731
4854
4937
5057
5149
5249
5356
5456
5550
5674
5756
5868
5957
6077
6154
6270
6373
6482
6592
6685
6778
6892
6997
7097
7192
7302
7397
7516
7613
7715
7816
7920
3994
4172
4258
4359
4446
4557
4660
4759
4864
4966
5069
5160
5267
5344
5457
5551
5660
5754
5868
5960
6066
6158
6275
6373
6484
6571
6686
6772
6876
6984
7090
7199
7298
7405
7495
7600
7695
7800
7887
3961
4128
4226
4334
4454
4466
4562
4652
4768
4859
4978
5075
5175
5294
5389
5511
5594
5704
5827
5902
6021
6112
6248
6221
6330
6423
6533
6655
6734
6864
6945
7073
7178
7295
7403
7492
7598
7702
7819
7927
3927
4092
2630
3690
3868
3964
4061
4168
4277
4361
4493
4581
4691
4773
4904
4990
5096
5205
5316
5413
5526
5616
5727
5814
5920
6040
6131
6234
6344
6433
6557
6635
6754
6828
6945
7048
7150
7249
7364
7478
7559
7675
7753
7879
7960
3954
4110
4231
4319
4433
4540
4633
4731
4848
4955
5034
5140
5249
5359
5441
5549
5659
5752
5865
5963
6065
6157
6272
6363
6479
6580
6690
6781
6875
6993
7072
7180
7297
7380
7494
7580
7701
7802
7900
3948
4120
4211
4329
4425
4533
4623
4704
4827
4923
5025
5147
5248
5339
5444
5561
5646
5742
5838
5949
6065
6139
6263
6360
6453
6543
6664
6769
6863
6983
7075
7168
7216
7290
7408
7508
7615
7729
7842
3914
4079
4183
4286
4417
4515
4583
4708
4811
4917
5001
5112
5252
5245
5336
5454
5557
5677
5754
5870
5986
6079
6177
6290
6381
6512
6608
6712
6801
6926
7047
7127
7242
7341
7460
7548
7652
7764
7857
3967
4165
4235
4321
4439
4530
4633
4732
4833
4949
5044
5152
5277
5385
5447
5573
5650
5799
5853
5968
6076
6184
6288
6411
6480
6606
6688
6796
6919
6985
7110
7186
7288
7383
7503
7604
7693
7807
7909
3933
4105
4207
4308
4416
4523
4633
4717
4832
4948
5036
5145
5241
4313
3693
3870
3976
4074
4156
4272
4301
4388
4520
4610
4674
4799
4892
5010
5112
5233
5347
5454
5540
5657
5770
5862
5962
6073
6172
6267
6384
6489
6603
6698
6795
6885
7008
7093
7207
7313
7440
7547
7620
7733
7845
7942
3932
4129
4219
4302
4425
4500
4621
4736
4827
4941
5068
5162
5256
5368
5477
5591
5677
5779
5888
5980
6099
6196
6301
6431
6456
6533
6647
6737
6846
6959
7069
7191
7276
7382
7478
7595
7696
7785
7929
3915
4065
4185
4298
4386
4516
4619
4730
4855
4912
5045
5134
5245
5346
5445
5569
5650
5768
5871
5941
6101
6088
6179
6274
6365
6503
6591
6703
6809
6933
7038
7146
7242
7365
7453
7582
7667
7775
7890
3922
4093
4219
4298
4392
4562
4563
4677
4758
4853
4971
5079
5215
5296
5414
5491
5630
5731
5842
5955
6077
6146
6263
6376
6495
6577
6677
6804
6885
6997
7125
7234
7297
7380
7503
7583
7715
7803
3918
4079
4191
4285
4406
4474
4592
4678
4800
4939
5002
5086
5202
5325
5435
5527
5628
5724
5835
5953
6040
6141
6263
6346
6462
6563
6659
6746
6879
6962
7072
7167
7284
7388
7428
7515
7602
7717
7804
3868
4066
4165
4249
4347
4447
4567
4707
4798
4912
5035
5161
5284
5348
5440
5551
5662
5774
5898
5992
5107
3640
3802
3910
3995
4099
4174
4264
4363
4452
4593
4711
4813
4960
5025
5201
5241
5359
5476
5561
5736
5808
5916
6045
6201
6289
6403
6480
6617
6717
6828
6932
7047
7158
7280
7376
7502
7590
7709
7826
7854
3845
3994
4098
4179
4287
4390
4501
4618
4718
4851
5008
5084
5195
5278
5401
5553
5631
5747
5852
5985
6045
6176
6296
6400
6530
6626
6710
6789
6899
7028
7080
7201
7315
7446
7523
7608
7728
7834
3897
4083
4157
4277
4441
4508
4643
4716
4836
4912
5071
5082
5220
5304
5396
5545
5658
5818
5884
5995
6118
6184
6290
6434
6556
6686
5662
2578
2912
3413
3403
3432
3515
3591
3696
3774
3909
3989
4133
4232
4387
4472
4638
4732
4894
4990
5162
5253
5415
5511
5666
5771
5919
6029
6164
6258
6405
6504
6630
6741
6863
6961
7069
7172
7289
7393
7521
7621
7724
7834
7938
3919
4083
4165
4280
4379
4489
4586
4683
4802
4888
4999
5099
5222
5306
5428
5502
5170
3680
3843
3941
4050
4135
4248
4370
4458
4545
4662
4434
2672
2983
1976
2247
2332
2665
2841
2824
2844
2871
2898
2924
2952
2984
3066
3097
3243
3273
3419
3455
