0.02
0.01
0.01
0.01
0.03
0.10
0.17
0.40
0.55
0.85
0.82
0.28
0.68
1.26
1.30
0.61
0.31
0.33
1.26
1.74
1.09
0.36
0.30
0.32
0.31
0.30
0.31
0.35
4.51
0.23
0.37
0.37
0.39
0.43
0.44
0.44
0.44
0.46
0.48
0.50
0.46
0.49
0.49
0.52
0.52
0.53
0.59
0.53
0.53
0.51
0.59
0.60
0.60
0.62
0.62
0.57
0.63
0.56
0.65
0.54
0.52
0.56
0.62
0.61
0.60
0.63
0.63
0.59
0.60
0.60
0.64
0.62
0.69
0.63
0.30
1.78
0.88
0.59
0.43
0.42
0.42
0.44
0.44
0.46
0.45
0.47
0.50
0.46
0.52
0.49
0.51
0.48
0.56
0.49
0.57
0.57
0.53
0.57
0.57
0.60
0.58
0.56
0.57
0.57
0.58
0.54
0.58
0.53
0.57
0.58
0.58
0.55
0.59
0.60
0.58
0.63
0.62
0.59
0.58
0.60
0.61
0.58
5.16
0.43
0.89
0.37
1.77
1.98
1.22
0.73
0.42
0.39
0.38
0.40
0.40
0.38
0.40
0.41
0.41
0.43
0.45
0.48
0.46
0.45
0.49
0.50
0.54
0.53
0.54
0.50
0.55
0.51
0.55
0.54
0.59
0.53
0.55
0.55
0.57
0.62
0.55
0.59
0.64
0.57
0.59
0.60
0.57
0.62
0.56
0.61
4.87
0.44
0.57
0.56
0.58
0.58
0.60
0.52
0.58
0.64
0.59
0.55
0.58
0.58
0.60
0.63
0.56
0.58
0.53
0.56
0.56
0.63
0.55
0.58
0.60
5.19
0.48
0.61
0.57
0.57
0.57
0.57
0.62
0.60
0.60
0.57
0.54
0.58
0.60
0.59
0.58
0.65
0.65
0.21
2.02
2.31
0.63
0.41
0.41
0.39
0.38
0.39
0.38
0.40
0.41
0.43
0.43
0.41
0.47
0.50
0.51
0.50
0.47
0.54
0.53
0.52
0.55
0.54
0.54
0.56
0.58
0.55
0.58
0.56
0.56
0.53
0.59
0.58
0.58
0.58
0.61
0.62
0.60
0.58
0.59
0.61
5.05
0.40
0.63
0.65
0.63
0.58
0.54
0.59
0.58
0.55
0.58
0.71
0.59
0.62
0.57
0.52
0.55
0.61
0.55
0.61
0.57
0.62
0.61
0.63
0.60
0.58
0.58
0.63
0.71
0.68
0.60
0.62
0.61
0.61
0.57
0.84
0.41
1.67
1.75
1.62
1.02
0.39
0.38
0.37
0.40
0.43
0.42
0.39
0.41
0.39
0.44
0.45
0.44
0.47
0.45
0.48
0.46
0.50
0.48
0.52
0.53
0.53
0.55
0.57
0.54
0.55
0.51
0.55
0.59
0.55
0.58
0.55
0.61
0.63
0.55
0.59
0.62
0.62
0.63
0.62
0.60
5.08
0.47
0.54
0.61
0.57
0.58
0.54
0.57
0.59
0.59
0.57
0.61
0.56
0.57
0.64
0.62
0.63
0.59
0.55
0.60
0.61
0.57
0.60
0.63
0.52
0.56
0.60
0.62
0.61
0.66
0.62
0.54
0.54
0.59
0.59
0.60
0.66
0.61
5.25
5.19
0.41
0.63
0.63
0.63
0.58
0.58
0.59
0.58
0.52
0.58
0.54
0.54
0.60
0.61
0.69
0.63
0.39
1.82
1.56
1.62
0.84
0.36
0.38
0.36
0.37
0.38
0.39
0.42
0.38
0.43
0.42
0.43
0.43
0.44
0.45
0.50
0.47
0.51
0.49
0.48
0.52
0.52
0.55
0.53
0.54
0.59
0.58
0.55
0.59
0.55
0.58
0.63
0.61
0.60
0.58
0.63
0.59
0.61
0.62
0.60
0.58
0.56
5.14
0.50
0.59
0.62
0.59
0.57
0.57
0.55
0.55
0.54
0.56
0.65
0.65
0.58
0.61
0.66
0.40
1.57
0.21
1.98
1.33
1.68
1.02
0.36
0.34
0.34
0.35
0.35
0.36
0.35
0.37
0.37
0.39
0.40
0.40
0.51
0.63
0.69
0.77
0.80
0.79
0.79
4.66
0.26
0.40
0.49
0.60
0.68
0.70
0.78
0.83
4.88
0.25
0.39
0.49
0.59
0.69
0.71
0.77
0.80
0.84
0.90
0.87
0.90
0.91
0.92
0.93
0.95
0.93
0.92
0.91
0.89
0.86
0.84
0.82
0.78
4.51
0.27
0.39
0.49
0.56
0.63
0.69
0.74
0.79
0.83
0.84
0.81
0.81
0.76
0.74
0.68
0.60
0.52
0.41
0.41
0.41
0.41
0.51
0.62
0.67
0.74
0.73
0.76
0.69
0.62
0.53
0.42
0.42
0.45
0.44
0.43
0.45
0.55
0.66
4.62
0.30
0.44
0.56
0.69
0.73
0.78
0.83
0.77
0.70
0.62
0.53
0.42
0.44
0.42
0.42
0.43
0.43
0.43
0.45
0.47
0.46
0.48
0.47
0.47
0.48
0.49
0.47
0.49
0.49
0.49
0.50
0.50
0.51
0.54
0.53
0.51
0.53
0.54
0.52
0.52
0.55
0.55
0.53
0.54
4.80
0.36
0.52
0.53
0.57
0.54
0.56
0.54
0.54
0.55
0.54
0.56
0.54
0.55
0.54
0.56
0.55
0.55
0.54
0.56
0.55
0.55
0.55
0.56
0.57
0.56
0.58
0.57
0.57
0.55
0.55
0.56
0.55
0.56
0.58
0.59
0.55
0.54
0.57
0.56
0.54
0.55
4.26
0.38
0.58
0.54
0.57
0.54
0.53
4.74
0.36
0.54
0.55
0.56
0.57
0.56
0.57
0.54
0.54
0.53
0.53
0.53
0.54
0.52
0.55
0.55
0.56
0.54
0.54
0.52
0.52
0.53
0.52
0.57
0.57
0.53
0.55
0.55
0.54
0.55
0.57
0.57
0.57
0.56
0.54
0.55
0.54
0.55
0.54
0.54
0.57
4.30
0.37
0.54
0.53
0.54
0.54
0.53
0.52
0.55
0.53
0.54
0.54
0.53
0.53
0.56
0.54
0.54
0.51
4.66
0.35
0.53
0.54
0.54
0.54
0.53
0.54
0.53
0.53
0.52
0.56
0.53
0.54
0.54
0.54
0.59
0.55
0.54
0.55
0.55
0.51
0.53
0.56
0.54
0.56
0.53
0.55
0.54
0.56
0.53
0.54
0.53
0.54
0.55
0.54
0.56
0.55
0.54
0.53
0.54
0.59
4.28
0.36
0.53
0.53
0.51
0.52
0.51
0.53
0.50
0.55
0.54
0.52
0.53
0.56
0.53
0.53
0.57
0.55
0.54
0.53
0.55
0.54
0.53
0.54
0.56
0.54
0.54
0.53
0.56
4.84
0.36
0.53
0.53
0.54
0.54
0.56
0.56
0.54
0.54
0.54
0.54
0.54
0.54
0.55
0.54
0.55
0.56
0.58
0.56
0.57
0.54
0.54
0.58
0.54
0.53
0.59
0.55
0.57
0.55
0.55
0.54
0.56
0.53
0.53
0.53
0.56
0.54
0.56
0.53
0.54
0.56
4.29
0.36
0.56
0.55
0.55
0.54
0.53
0.54
0.52
0.53
0.56
0.54
0.53
0.54
0.53
0.56
0.53
0.55
0.54
0.56
0.54
0.53
0.57
0.56
0.58
0.53
0.53
0.54
0.55
0.55
0.53
0.56
0.54
0.53
0.54
0.55
0.55
0.56
0.55
0.56
4.49
4.52
0.39
0.55
0.53
0.57
0.54
0.55
0.53
0.54
0.53
0.54
0.55
0.55
0.55
0.57
0.53
0.52
0.55
0.57
0.53
0.52
0.54
0.53
0.53
0.56
0.55
0.53
0.56
0.54
0.54
0.55
0.53
0.54
0.54
0.54
0.54
0.54
0.57
0.56
0.58
0.55
0.55
4.32
0.38
0.54
0.53
0.54
0.55
0.59
0.52
0.55
0.53
0.57
0.56
0.52
0.54
0.53
0.53
0.52
0.54
0.54
0.56
0.57
0.54
0.53
0.54
0.52
0.56
0.55
0.52
0.52
0.54
0.54
0.57
0.57
0.56
0.59
0.54
0.55
0.55
0.55
0.55
4.40
0.37
0.55
0.55
0.56
0.53
0.53
0.54
0.56
0.54
0.53
0.56
4.62
0.39
0.55
0.54
0.57
0.54
0.56
0.53
0.55
0.52
0.53
0.54
0.56
0.55
0.55
0.53
0.52
0.58
0.55
0.52
0.52
0.52
0.53
0.52
0.53
0.56
0.55
0.58
0.54
0.55
0.53
0.54
0.56
0.55
0.55
0.55
0.51
0.56
0.55
0.57
0.55
0.55
4.35
0.36
0.54
0.59
0.55
0.53
0.56
0.53
0.54
0.54
0.53
0.54
0.55
0.53
0.54
0.57
0.53
0.53
0.56
0.59
0.55
0.54
0.53
0.55
0.56
0.57
0.55
0.57
0.55
0.59
0.55
0.56
0.59
0.54
0.54
0.54
0.54
0.56
0.52
4.32
0.38
0.55
0.54
0.56
0.54
0.56
0.54
0.53
0.55
0.54
0.55
0.52
0.56
0.55
0.57
0.52
0.57
0.58
0.58
0.55
0.54
0.53
0.54
4.72
0.36
0.53
0.52
0.56
0.56
0.54
0.53
0.56
0.54
0.53
0.56
0.57
0.54
0.53
0.57
0.61
0.56
0.54
0.57
0.53
0.56
0.55
0.56
0.57
0.56
0.58
0.53
0.53
0.54
0.56
0.53
0.60
0.56
0.54
0.54
0.54
0.53
0.56
0.60
0.55
0.57
4.29
0.38
0.55
0.54
0.54
0.59
0.53
0.52
0.54
0.54
0.53
0.57
0.52
0.59
0.57
0.56
0.54
0.53
0.54
0.54
0.54
0.57
0.53
0.56
0.53
0.58
0.58
0.52
0.54
0.54
0.54
0.55
0.56
0.52
0.55
0.54
0.55
0.57
0.53
0.59
4.34
0.41
0.54
0.53
0.56
0.57
0.57
0.54
0.55
0.55
0.54
0.57
0.56
0.52
0.55
0.58
0.53
0.53
0.53
0.56
0.57
0.53
0.54
0.57
0.55
0.56
0.56
0.52
0.54
0.56
0.54
0.54
0.56
0.53
4.87
0.37
0.56
0.53
0.54
0.55
0.57
0.59
0.59
0.57
0.56
0.56
0.57
0.54
0.56
0.57
0.59
0.56
0.57
0.54
0.56
0.54
0.57
0.55
0.57
0.54
0.57
0.57
0.58
0.56
0.56
0.56
0.56
0.58
0.55
0.57
0.58
0.57
0.57
0.59
0.55
0.57
4.36
0.38
0.59
0.53
0.54
0.52
0.53
0.55
0.52
0.56
0.54
0.52
0.53
0.54
0.53
0.56
0.53
0.57
0.56
0.56
0.58
0.55
0.54
0.55
0.57
0.54
0.56
0.54
0.56
0.56
0.55
0.57
0.55
0.54
0.57
0.57
0.56
0.56
0.56
0.57
4.48
0.38
0.54
0.56
0.54
0.55
0.55
0.58
0.55
0.55
0.54
0.54
0.55
0.57
0.57
0.55
0.55
0.55
0.55
0.60
0.51
0.56
0.54
0.54
0.55
0.54
0.52
0.54
0.55
0.59
0.53
0.58
0.57
0.56
0.54
0.54
0.58
0.55
0.55
4.38
0.40
0.55
0.55
0.54
0.57
4.98
0.38
0.56
0.54
0.56
0.55
0.55
0.55
0.54
0.55
0.55
0.53
0.55
0.54
0.54
0.53
0.54
0.58
0.52
0.55
0.53
0.55
0.55
0.52
0.53
0.56
0.57
0.56
0.54
0.54
0.56
0.57
0.51
0.52
0.56
0.54
0.57
0.55
0.55
0.56
0.59
0.54
4.41
0.40
0.56
0.55
0.55
0.55
0.54
0.56
0.55
0.56
0.53
0.59
0.56
0.53
0.56
0.54
0.57
0.57
0.52
0.56
0.56
0.57
0.59
0.54
0.58
0.55
0.58
0.57
0.55
0.55
0.59
0.57
0.54
0.53
0.55
0.55
0.57
0.56
0.56
4.46
0.40
0.57
0.56
0.58
0.53
0.55
0.55
0.54
0.56
0.54
0.56
0.53
0.53
0.56
0.58
0.55
0.54
0.55
0.55
0.52
0.53
0.52
0.54
0.54
0.58
0.72
0.64
0.56
0.56
0.56
0.55
0.57
0.55
0.58
0.58
0.53
0.57
0.57
0.54
4.46
0.44
0.55
0.57
0.55
0.55
0.56
0.55
0.54
0.55
0.53
0.54
0.54
0.54
0.56
0.54
0.54
4.68
0.39
0.55
0.57
0.58
0.59
0.58
0.55
0.56
0.54
0.52
0.53
0.54
0.53
0.58
0.55
0.53
0.56
0.56
0.58
0.54
0.53
0.57
0.55
0.56
0.56
0.53
0.58
0.53
0.53
0.54
0.56
0.55
0.56
0.55
0.56
0.57
0.56
0.55
0.56
0.57
0.57
4.38
0.42
0.57
0.55
0.55
0.55
0.55
0.55
0.61
0.56
0.53
0.54
0.55
0.60
0.56
0.58
0.57
0.57
0.56
0.56
0.58
0.59
0.59
0.57
0.53
0.55
0.56
0.56
0.56
0.56
0.60
0.55
0.58
0.57
0.57
0.54
0.57
0.60
0.59
4.41
0.41
0.55
0.54
0.55
0.56
0.53
0.55
0.55
0.55
0.53
0.53
0.57
0.58
0.54
0.56
0.51
0.52
0.56
0.54
0.57
0.56
0.56
0.54
0.55
0.55
0.58
0.57
0.59
0.63
0.55
0.55
0.57
0.52
0.52
0.57
0.53
0.55
0.54
0.55
4.38
0.37
0.54
0.53
0.58
0.58
0.57
0.54
0.55
0.55
0.53
0.55
0.55
0.54
0.54
0.57
0.55
0.54
0.55
0.53
0.54
0.53
0.53
0.54
0.56
0.54
0.57
0.54
0.56
4.84
0.44
0.55
0.54
0.54
0.55
0.53
0.57
0.57
0.55
0.52
0.59
0.58
0.58
0.58
0.57
0.58
0.58
0.61
0.56
0.55
0.58
0.56
0.54
0.57
0.56
0.59
0.58
0.55
0.57
0.55
0.56
0.55
0.54
0.57
0.59
0.56
0.58
0.56
0.56
0.58
0.56
4.35
0.39
0.56
0.58
0.54
0.55
0.56
0.58
0.58
0.55
0.54
0.54
0.56
0.53
0.58
0.56
0.55
0.59
0.54
0.56
0.55
0.58
0.54
0.53
0.57
0.54
0.58
0.53
0.55
0.58
0.56
0.56
0.57
0.57
0.55
0.56
0.56
0.53
0.53
0.54
4.41
0.37
0.58
0.54
0.54
0.54
0.53
0.56
0.55
0.56
0.59
0.55
0.53
0.58
0.57
0.53
0.57
0.58
0.54
0.52
0.56
0.56
0.60
0.55
0.56
0.55
0.54
0.53
0.60
0.57
0.56
0.59
0.60
0.62
0.54
0.54
0.58
0.59
0.57
0.53
4.45
0.38
0.56
0.60
0.54
0.53
0.52
0.56
0.55
0.55
0.58
0.63
0.53
0.54
0.55
0.59
0.56
0.53
0.55
0.54
0.58
0.57
0.54
0.60
0.53
0.56
0.52
0.59
0.54
0.53
0.53
0.56
0.61
0.58
0.57
0.57
0.57
0.57
4.64
0.39
0.56
0.53
0.57
0.56
0.62
0.54
0.53
0.53
0.54
0.56
0.54
0.53
0.58
0.55
0.56
0.56
0.57
0.56
0.57
0.59
0.56
0.55
0.59
0.57
0.58
0.56
0.58
0.53
0.57
0.58
0.55
0.56
0.55
0.58
0.58
0.60
0.58
0.57
0.63
0.55
4.39
0.41
0.61
0.53
0.57
0.60
0.56
0.56
0.52
0.58
0.53
0.55
0.56
0.55
0.55
0.55
0.52
0.56
0.56
0.60
0.54
0.57
0.59
0.56
0.56
0.55
0.55
0.56
0.58
0.52
0.53
0.57
0.58
0.57
0.54
0.58
0.55
0.57
0.57
0.60
4.52
0.37
0.58
0.58
0.57
0.58
0.53
0.53
0.57
0.54
0.54
0.52
0.53
0.55
0.56
0.53
0.60
0.56
0.55
0.59
0.55
0.57
0.54
0.57
0.54
0.56
0.56
0.54
0.62
0.54
0.52
0.57
0.54
0.55
0.57
0.56
0.55
0.54
0.59
4.41
0.42
0.53
0.54
0.58
0.55
0.57
0.58
0.54
0.52
0.59
0.54
0.55
0.53
0.55
0.54
0.56
0.52
0.58
0.55
0.53
0.56
0.56
0.57
0.56
0.56
0.56
0.59
0.57
0.60
0.56
0.58
0.57
0.58
0.55
0.58
0.57
0.58
0.53
0.59
4.46
0.42
0.60
0.56
0.60
0.55
0.58
0.53
0.57
4.86
0.45
0.58
0.58
0.56
0.55
0.55
0.56
0.56
0.56
0.56
0.58
0.56
0.54
0.57
0.57
0.56
0.53
0.57
0.61
0.56
0.58
0.53
0.54
0.56
0.59
0.57
0.58
0.57
0.56
0.55
0.56
0.57
0.60
0.59
0.57
0.55
0.56
0.59
0.54
0.54
0.59
4.45
0.44
0.55
0.61
0.54
0.57
0.55
0.54
0.57
0.57
0.56
0.54
0.57
0.59
0.58
0.57
0.56
0.56
0.54
0.55
0.55
0.60
0.55
0.58
0.55
0.55
0.56
0.58
0.53
0.57
0.56
0.55
0.56
0.60
0.64
0.56
0.57
0.60
0.56
4.35
0.35
0.57
0.59
0.52
0.54
0.56
0.54
0.55
0.56
0.52
0.54
0.53
0.55
0.55
0.55
0.59
0.56
0.59
0.55
0.54
0.55
0.56
0.58
0.60
0.56
0.56
0.58
0.56
0.55
0.58
0.56
0.56
0.56
0.58
0.54
0.53
0.59
0.57
0.53
4.40
0.38
0.59
0.58
0.58
0.58
0.58
0.54
0.57
0.56
0.53
0.56
0.58
0.54
0.57
0.55
0.58
0.58
0.56
0.58
0.60
0.55
0.53
0.55
0.59
0.56
0.59
0.59
0.56
0.59
0.53
0.58
0.59
0.53
0.56
0.57
0.58
0.53
0.58
4.51
0.43
0.57
0.55
0.56
0.57
0.56
0.52
0.58
0.58
0.52
0.58
0.57
0.57
0.54
0.52
0.58
0.51
0.57
4.83
0.43
0.58
0.57
0.55
0.58
0.57
0.56
0.57
0.59
0.58
0.55
0.52
0.59
0.55
0.55
0.58
0.55
0.54
0.57
0.56
0.58
0.58
0.55
0.58
0.55
0.55
0.56
0.57
0.57
0.57
0.55
0.56
0.58
0.57
0.60
0.58
0.54
0.57
0.56
0.56
0.59
4.42
0.40
0.62
0.54
0.61
0.53
0.60
0.53
0.54
0.56
0.57
0.59
0.57
0.56
0.59
0.53
0.61
0.57
0.55
0.55
0.54
0.56
0.58
0.56
0.58
0.56
0.56
0.55
0.55
0.57
0.58
0.59
0.57
0.58
0.56
0.60
0.57
0.59
0.57
0.60
4.43
0.37
0.56
0.55
0.55
0.55
0.57
0.58
0.54
0.59
0.56
0.56
0.56
0.54
0.58
0.59
0.55
0.57
0.56
0.59
0.58
0.57
0.54
0.55
0.57
0.58
0.57
0.55
0.53
0.57
0.59
0.60
0.60
0.59
0.61
0.59
0.60
0.54
0.54
4.56
0.40
0.57
0.61
0.54
0.57
0.57
0.57
0.54
0.50
0.56
0.54
0.58
0.53
0.53
0.62
0.61
0.58
0.54
0.57
0.54
0.55
0.58
0.55
0.55
0.53
0.58
0.59
0.59
0.52
0.57
0.59
0.61
0.55
0.54
0.58
0.55
0.57
0.60
0.54
4.48
0.44
0.55
0.60
0.55
0.58
0.55
0.57
0.56
0.60
0.56
0.59
0.53
0.57
0.55
0.53
0.54
0.53
0.57
0.54
0.55
0.52
0.56
0.56
0.54
0.56
0.55
0.58
4.75
0.39
0.62
0.54
0.54
0.59
0.55
0.55
0.54
0.55
0.60
0.56
0.57
0.58
0.57
0.56
0.56
0.57
0.55
0.58
0.58
0.59
0.55
0.60
0.55
0.59
0.54
0.60
0.56
0.64
0.58
0.57
0.54
0.58
0.58
0.59
0.58
0.55
0.58
0.55
0.58
0.55
4.53
0.47
0.58
0.58
0.58
0.54
0.56
0.57
0.61
0.58
0.55
0.59
0.58
0.55
0.52
0.57
0.53
0.60
0.57
0.61
0.57
0.60
0.57
0.56
0.58
0.60
0.57
0.61
0.58
0.59
0.59
0.56
0.56
0.58
0.58
0.54
0.61
0.57
0.62
4.42
0.36
0.60
0.57
0.55
0.57
0.57
0.55
0.59
0.53
0.59
0.57
0.62
0.56
0.58
0.59
0.56
0.55
0.57
0.59
0.54
0.54
0.54
0.57
0.57
0.55
0.54
0.57
0.58
0.61
0.58
0.62
0.57
0.58
0.58
0.55
0.60
0.58
0.55
0.60
4.50
0.41
0.57
0.55
0.55
0.60
0.59
0.58
0.60
0.53
0.60
0.54
0.57
0.56
0.58
0.57
0.60
0.52
0.59
0.53
0.57
0.56
0.56
0.56
0.58
0.55
0.56
0.56
0.56
0.59
0.56
0.54
0.60
0.57
0.56
0.57
0.58
0.53
0.60
4.40
0.40
0.56
0.58
0.58
0.51
0.58
0.56
0.57
0.59
0.55
0.56
0.56
0.55
0.55
0.57
0.55
0.58
0.57
0.57
0.59
0.55
0.59
0.58
0.60
0.56
0.57
0.57
0.60
0.59
0.57
0.58
0.59
0.55
0.61
0.57
0.58
0.55
0.56
5.43
0.43
0.60
0.56
0.55
0.57
0.57
0.58
0.58
0.60
0.59
0.60
0.56
0.60
0.59
0.62
0.57
0.58
0.59
0.60
0.55
0.56
0.56
0.58
0.53
0.58
0.57
0.61
0.61
0.58
0.55
0.58
0.59
0.58
0.60
0.61
0.57
0.60
0.58
0.59
0.60
0.57
4.49
0.42
0.58
0.54
0.56
0.59
0.59
0.58
0.57
0.55
0.55
0.59
0.56
0.56
0.55
0.55
0.56
0.55
0.57
0.53
0.60
0.57
0.58
0.64
0.52
0.53
0.53
0.55
0.58
0.52
0.54
0.56
0.58
0.55
0.59
0.58
0.58
0.54
0.57
4.41
0.39
0.56
0.55
0.55
0.56
0.62
0.60
0.56
0.57
0.58
0.57
0.55
0.54
0.60
0.56
0.58
0.55
0.54
0.59
0.54
0.61
0.54
0.60
0.56
0.55
0.53
0.53
0.54
0.56
0.58
0.54
0.58
0.57
0.56
0.60
0.58
0.56
0.60
4.47
0.42
0.55
0.59
0.55
0.56
0.56
0.59
0.57
0.59
0.52
0.55
0.56
0.62
0.61
0.59
0.54
0.54
0.59
0.58
0.54
0.59
0.59
0.56
0.57
0.55
0.59
0.58
0.60
0.55
0.57
0.56
0.60
0.56
0.61
0.57
0.58
0.59
0.57
4.54
0.38
0.60
0.59
0.57
0.56
0.65
0.57
0.56
0.57
0.61
0.57
0.61
0.58
0.52
0.54
0.57
0.58
0.61
0.53
0.58
0.55
0.59
0.57
0.60
0.59
0.58
0.56
0.57
0.59
0.55
0.56
0.57
0.57
0.55
0.53
0.59
0.55
0.59
4.45
0.37
0.57
0.61
0.60
0.57
0.54
0.57
5.11
0.44
0.62
0.60
0.55
0.59
0.59
0.57
0.61
0.61
0.56
0.56
0.56
0.56
0.53
0.61
0.62
0.55
0.56
0.59
0.63
0.60
0.57
0.61
0.57
0.61
0.58
0.57
0.58
0.59
0.61
0.59
0.53
0.60
0.56
0.59
0.61
0.57
0.59
0.64
0.57
0.58
4.40
0.43
0.59
0.61
0.57
0.55
0.61
0.63
0.55
0.63
0.62
0.61
0.58
0.57
0.58
0.59
0.60
0.62
0.56
0.57
0.54
0.60
0.59
0.59
0.64
0.57
0.59
0.58
0.60
0.62
0.60
0.60
0.61
0.56
0.66
0.57
0.53
0.57
0.57
4.60
0.47
0.60
0.57
0.61
0.58
0.55
0.59
0.53
0.61
0.62
0.59
0.59
0.55
0.53
0.59
0.58
0.59
0.55
0.56
0.60
0.54
0.59
0.58
0.55
0.59
0.58
0.57
0.59
0.60
0.64
0.56
0.65
0.61
0.55
0.58
0.61
0.63
0.62
4.43
0.48
0.60
0.60
0.60
0.60
0.58
0.62
0.57
0.55
0.64
0.55
0.54
0.62
0.60
0.57
0.58
0.59
0.63
0.52
0.59
0.62
0.54
0.60
0.62
0.62
0.63
0.59
0.57
0.58
0.58
0.65
0.66
0.56
0.55
0.63
0.60
0.59
4.52
0.43
0.61
0.64
0.66
0.60
0.56
0.61
0.68
0.55
0.61
0.63
0.69
0.59
0.54
0.56
0.66
0.53
0.57
0.66
0.58
0.58
0.61
0.62
0.62
0.55
0.55
0.62
0.59
0.54
0.65
0.59
0.61
0.61
0.62
0.61
0.62
4.52
0.41
0.60
0.59
0.52
0.64
0.57
0.60
0.69
0.63
0.58
0.52
0.53
0.55
0.53
0.53
0.60
0.53
0.54
0.62
4.89
0.44
0.68
0.63
0.62
0.56
0.59
0.60
0.63
0.70
0.53
0.64
0.68
0.65
0.61
0.62
0.59
0.64
0.60
0.61
0.60
0.62
0.61
0.62
0.56
0.63
0.60
0.65
0.58
0.60
0.59
0.58
0.54
0.61
0.57
0.62
0.60
0.67
0.62
4.50
0.42
0.67
0.62
0.68
0.42
1.47
1.88
1.24
0.74
0.42
0.41
0.43
0.43
0.42
0.41
0.42
0.42
0.43
0.47
0.44
0.44
0.46
0.46
0.45
0.49
0.48
0.48
0.50
0.50
0.49
0.53
0.53
0.54
0.52
0.59
0.57
0.52
0.54
0.59
0.53
0.53
0.61
0.57
0.59
0.57
0.58
0.57
0.63
4.67
0.36
0.56
0.56
0.52
0.57
0.55
0.58
0.59
0.57
0.57
0.55
0.58
0.56
0.59
0.58
0.57
0.59
0.55
0.57
0.60
0.58
0.59
0.61
0.56
0.59
0.60
0.60
0.56
0.56
0.59
0.58
0.51
1.54
1.81
0.43
1.21
1.62
1.61
1.23
0.41
0.19
0.20
0.17
0.17
0.17
0.18
0.17
0.17
0.18
4.90
