5
95
198
1123
1514
198
1424
315
1570
1299
1577
315
1597
315
314
1265
1261
1266
1273
1280
1550
1284
1555
1293
1557
1286
1564
1295
1565
1569
1298
1565
1568
1301
1572
1567
1304
1577
1568
1573
1308
1581
1579
1580
1304
1572
1569
1593
1324
1578
1577
1575
1310
1583
1589
1595
1586
1306
1593
1573
1599
1600
1309
1581
1587
1584
1589
1315
1588
1596
1593
1595
1319
1582
1587
1581
1597
1588
1340
1584
1587
1583
1597
1585
1317
1615
1592
1594
1604
1613
1337
1600
1599
1598
1662
1645
1415
1649
1603
314
1558
325
324
1408
