3.377
2.931
1.507
1.522
2.460
1.846
0.817
0.016
2.492
2.848
30.883
6.916
10.453
8.519
1.035
0.036
52.827
30.269
21.215
17.375
13.647
122.381
1.128
94.793
0.038
56.932
59.749
45.181
48.644
21.962
130.554
93.348
50.508
34.463
1.105
0.043
113.812
402.026
22.403
46.906
61.631
35.346
51.049
54.660
3.004
53.648
0.050
40.631
35.396
109.756
46.613
77.594
67.582
1.615
0.051
125.752
60.116
42.625
59.090
67.347
69.402
2.497
0.105
69.740
89.326
96.534
108.878
113.601
115.123
136.103
95.599
8.041
0.128
109.942
139.808
123.688
110.555
5.157
0.114
103.536
117.710
106.485
7.184
0.098
109.240
134.903
86.595
6.446
0.098
114.115
131.843
93.076
6.759
0.118
169.074
131.799
111.496
126.117
5.760
0.129
125.680
148.561
114.474
7.449
135.748
0.112
113.508
110.304
125.611
7.457
133.789
0.140
105.371
207.328
139.295
4.614
0.084
127.872
146.298
130.121
6.797
114.485
0.120
203.569
148.611
141.163
88.599
31.220
1.642
0.035
164.544
125.696
77.812
72.533
25.801
2.156
0.059
214.506
81.373
46.868
4.583
0.071
59.179
71.847
64.685
9.873
0.110
74.194
118.213
116.280
91.858
98.106
10.188
729.259
51.951
90.890
3.038
0.087
106.851
103.431
112.457
2.055
0.118
112.510
110.950
82.774
2.896
0.106
174.366
145.942
134.994
2.038
0.129
116.064
145.405
135.745
2.259
0.098
134.130
162.759
134.506
3.199
0.119
145.027
153.415
135.057
2.621
0.128
195.619
161.920
147.955
135.335
3.489
0.132
143.687
167.353
152.408
142.428
2.526
0.107
146.055
45.666
23.237
1.689
0.047
126.210
112.674
46.804
57.286
1.815
0.043
219.228
327.178
152.110
103.501
2.256
0.094
36.556
44.920
55.603
58.768
55.041
54.423
5.725
0.123
49.782
95.992
92.077
107.354
74.521
10.182
54.236
0.092
59.204
76.427
72.265
72.764
78.445
3.973
0.112
58.404
83.128
114.843
82.386
3.889
66.081
0.111
65.739
89.630
95.708
95.070
4.799
0.106
96.613
145.790
97.574
101.899
3.531
0.096
94.114
124.461
142.629
127.798
100.466
3.571
0.147
129.869
137.943
108.356
134.775
2.716
0.127
144.902
156.718
146.494
147.702
3.304
0.128
149.220
153.927
146.344
2.598
0.130
146.348
154.754
154.048
3.086
0.119
150.483
150.501
148.035
3.704
0.104
146.706
153.514
146.692
2.685
0.127
147.778
154.937
148.041
3.470
0.119
150.276
157.344
149.104
3.782
0.098
148.615
208.470
152.502
3.801
0.115
158.036
147.580
133.600
143.769
2.356
157.902
0.137
157.845
159.610
156.966
164.637
153.431
151.429
3.307
0.110
152.058
169.017
146.208
3.215
0.119
152.695
162.924
146.985
3.067
0.120
149.145
206.615
159.554
3.107
0.114
151.455
153.242
148.786
202.282
151.667
147.970
2.962
0.152
156.404
148.065
140.617
152.197
149.592
4.331
0.145
152.241
165.450
165.608
198.408
152.002
2.577
0.117
165.710
199.116
704.351
94.470
2.139
0.076
109.704
134.383
148.314
4.225
0.104
116.814
120.748
170.987
45.139
22.961
1.636
0.034
125.139
107.222
245.076
170.444
44.793
0.051
237.067
226.657
70.435
43.744
2.655
0.093
52.321
69.443
74.322
3.053
0.109
79.546
92.901
105.856
123.387
135.346
122.639
135.705
120.193
122.928
2.731
0.175
100.361
97.373
132.282
131.902
3.372
140.495
0.122
108.157
123.557
111.665
3.245
136.062
0.106
114.914
122.277
106.496
139.922
8.161
0.148
134.219
131.388
114.502
7.500
0.105
135.041
156.914
129.949
8.772
185.303
0.111
203.055
161.427
133.010
6.580
0.100
128.048
44.735
29.464
1.610
0.054
133.504
117.204
100.982
35.706
0.041
203.701
311.980
166.205
191.706
2.036
0.071
36.720
22.939
1.510
0.038
67.483
74.987
46.831
65.896
22.617
46.586
0.042
193.968
274.873
175.504
1.837
0.065
139.405
49.650
38.010
51.688
57.214
63.583
78.179
79.764
81.714
83.666
2.055
0.153
83.730
108.667
109.800
110.475
138.824
92.898
3.055
0.108
74.622
119.266
135.601
99.980
3.105
0.075
102.093
136.732
617.172
60.778
2.104
0.064
90.724
116.903
111.216
2.523
0.069
598.276
64.820
2.923
0.057
90.854
118.834
108.231
2.654
0.084
106.022
113.756
105.557
2.465
0.076
102.868
113.813
104.559
2.973
0.081
106.604
117.179
102.912
2.825
0.075
106.075
116.226
670.777
64.466
2.731
0.066
96.248
123.052
111.519
2.465
0.081
106.848
117.524
104.902
2.459
0.090
104.449
119.778
106.811
2.718
0.080
102.323
115.533
104.054
2.528
0.089
107.242
114.618
104.994
3.309
0.087
103.091
115.919
102.256
3.208
0.082
106.402
115.688
106.095
2.692
0.088
103.607
115.633
104.223
2.665
0.094
102.688
635.277
63.397
3.196
0.070
97.703
122.245
86.632
3.518
0.089
105.621
120.254
104.602
2.495
0.093
104.596
119.290
107.181
2.601
0.080
106.454
117.277
103.633
2.500
0.089
102.343
117.123
102.850
2.632
0.093
104.964
114.530
103.136
2.586
0.099
102.262
113.178
103.263
2.498
0.095
103.840
120.746
102.763
2.687
0.079
103.978
114.190
106.377
3.037
0.088
106.149
117.249
104.305
2.917
0.079
104.465
119.347
103.459
2.691
0.078
102.538
118.485
105.209
2.934
0.081
103.342
582.697
63.047
3.286
0.065
93.104
118.664
111.465
2.398
0.080
107.510
114.148
106.735
2.625
0.091
107.837
115.686
106.246
2.794
0.091
102.959
114.389
103.871
2.758
0.079
104.475
112.435
103.729
2.431
0.086
104.851
117.967
104.202
2.717
0.096
102.760
113.311
103.728
2.577
0.084
103.828
116.640
102.801
2.893
0.085
103.790
117.608
107.800
2.788
0.087
101.664
94.918
106.737
2.435
0.092
103.028
120.238
102.406
2.956
0.080
104.323
118.240
104.355
2.656
0.090
102.844
119.611
102.725
2.702
0.089
107.098
118.424
103.154
2.859
0.087
107.104
115.297
81.886
3.496
0.098
104.539
119.838
102.426
2.856
0.086
646.904
67.931
3.045
0.075
92.875
95.577
107.926
2.718
0.090
107.920
116.846
105.881
2.662
0.083
105.122
114.817
102.248
2.844
0.082
101.700
115.800
103.309
2.530
0.087
103.584
117.198
106.031
2.872
0.079
103.298
117.547
104.149
2.822
0.087
102.592
114.854
105.836
2.965
0.084
102.611
122.885
108.152
2.989
0.087
103.454
117.959
105.485
3.122
0.092
102.671
116.756
102.263
2.882
0.087
108.286
117.527
104.180
2.890
0.096
103.163
114.409
102.770
3.340
0.073
107.424
118.871
83.294
2.738
0.097
103.247
122.573
108.371
3.177
0.091
101.552
97.451
102.809
3.090
0.082
104.157
117.195
102.320
2.702
0.084
103.779
113.515
104.144
3.023
0.088
101.917
115.315
104.515
3.752
0.091
106.596
118.148
104.600
3.110
0.092
107.362
116.834
663.906
65.451
94.808
119.542
3.548
0.088
107.462
117.986
107.483
3.869
0.088
102.752
112.374
102.400
3.067
0.081
104.533
121.447
102.881
3.067
0.089
103.121
116.781
102.014
2.898
0.095
106.419
116.229
105.183
2.941
0.080
103.023
114.329
102.131
3.136
0.080
105.827
121.913
106.807
2.817
0.091
105.486
113.384
110.394
105.908
3.605
0.090
86.003
115.622
84.206
3.741
0.095
101.115
126.957
107.372
102.881
3.439
0.089
102.822
119.909
105.330
103.227
3.163
0.089
103.132
116.050
106.749
102.145
84.824
3.750
0.116
103.143
92.421
89.534
106.665
102.315
98.118
3.483
0.119
99.112
103.299
89.111
104.187
101.609
81.732
3.992
0.121
96.042
89.392
108.412
104.382
103.341
104.432
3.991
0.114
98.987
96.482
103.175
101.212
106.615
99.923
3.435
0.108
79.062
111.902
87.332
106.568
102.375
3.642
0.106
671.125
67.289
92.241
91.451
3.764
0.096
108.622
123.385
103.729
3.044
0.089
106.270
118.307
106.668
3.225
0.103
103.623
120.873
105.182
3.331
0.096
102.121
113.633
103.822
4.032
0.091
107.192
116.372
105.766
3.960
0.085
102.761
112.727
111.425
3.828
0.078
101.680
98.627
106.379
104.794
4.173
0.097
103.921
117.657
107.949
104.392
84.480
4.752
0.106
101.358
92.360
109.948
103.756
105.364
98.396
4.197
0.104
98.298
108.304
104.136
103.165
101.055
80.603
4.244
0.124
99.164
90.138
110.927
100.585
101.734
101.919
4.012
0.122
99.564
108.196
104.865
99.832
102.564
98.774
3.615
0.106
97.318
108.917
108.769
105.709
103.578
106.061
3.305
0.106
102.571
91.136
89.016
104.520
103.803
98.672
3.439
0.118
78.167
107.108
89.421
101.984
104.486
103.747
4.179
0.111
98.498
109.738
109.263
99.526
103.827
99.949
4.321
0.101
98.589
110.591
103.494
108.197
100.013
81.064
3.931
0.127
96.803
89.092
656.170
66.624
91.963
92.802
4.871
0.078
109.749
121.922
106.216
3.302
0.080
106.490
116.635
108.947
3.501
0.082
103.814
115.545
105.778
101.498
3.256
0.110
109.772
113.487
81.376
3.874
0.082
102.459
115.150
105.507
104.633
3.218
0.085
102.004
113.679
103.236
103.466
101.988
3.943
0.107
98.959
112.427
101.392
104.780
104.156
103.354
4.301
0.109
98.277
107.083
106.595
106.455
105.105
101.949
3.912
0.128
104.673
110.151
87.274
99.921
102.305
102.349
3.406
0.128
105.129
112.385
89.241
105.542
107.142
80.537
5.160
0.112
81.524
89.898
96.716
104.715
83.726
79.049
4.241
0.130
76.741
103.777
86.459
103.823
100.784
79.415
5.327
0.119
100.294
112.197
111.075
103.576
103.880
101.544
4.366
0.104
99.727
108.149
101.917
105.623
100.885
100.503
4.221
0.110
100.059
109.342
105.617
105.701
105.720
82.636
3.907
0.111
97.462
91.247
110.250
103.689
100.743
101.559
3.825
0.113
103.562
108.084
89.061
102.327
101.728
103.028
4.625
0.104
98.018
90.157
111.437
100.305
103.037
103.807
4.056
0.105
97.890
89.267
601.789
64.981
96.269
112.433
3.747
0.066
87.879
117.760
107.917
4.561
0.079
104.103
115.251
104.301
102.511
3.596
0.088
104.199
114.547
102.249
106.334
108.649
4.543
0.103
97.187
94.715
107.525
100.462
81.999
4.003
0.101
100.371
110.151
106.659
103.138
104.590
100.677
3.986
0.101
106.068
105.044
86.308
103.114
105.235
97.263
3.713
0.107
99.982
108.265
106.911
106.739
105.016
81.809
5.354
0.094
78.734
94.574
86.007
98.715
101.153
99.082
3.069
0.099
95.340
103.883
103.289
98.109
107.827
100.144
3.546
0.088
76.549
108.501
105.783
98.217
103.040
99.136
3.891
0.095
96.199
106.020
109.108
101.896
101.601
101.184
4.502
0.093
97.528
106.748
104.762
103.911
107.646
77.379
4.551
0.090
83.151
104.171
89.751
101.386
88.767
4.774
0.111
78.360
89.905
86.600
102.979
98.660
95.614
3.907
0.107
94.965
105.854
108.769
100.771
102.477
102.644
3.693
0.096
94.289
92.027
108.413
105.696
99.477
79.224
4.828
0.097
103.375
108.223
88.669
100.551
101.783
99.752
4.711
0.099
97.249
110.117
107.924
99.713
101.065
100.910
5.001
0.088
99.846
108.001
104.879
101.946
107.777
97.342
3.920
0.094
81.131
110.417
655.383
66.646
92.831
91.746
3.932
0.090
110.458
120.296
104.359
104.466
3.678
0.087
104.136
112.646
107.977
101.742
83.125
4.080
0.099
102.816
112.894
89.714
99.828
82.693
3.980
0.082
101.743
93.531
106.462
103.769
103.216
102.593
4.102
0.091
96.286
107.947
103.752
102.807
105.310
101.090
4.833
0.090
99.967
115.704
103.682
100.633
102.593
100.858
4.156
0.090
97.397
89.884
108.659
100.304
102.791
99.676
3.875
0.095
96.361
112.437
103.267
100.538
101.057
99.478
4.281
0.095
99.129
106.412
85.795
104.376
99.199
83.922
5.257
0.115
96.702
93.464
110.384
99.010
99.689
101.674
4.824
0.096
95.409
87.352
101.910
100.965
99.585
100.614
4.311
0.086
96.686
105.604
106.874
100.367
103.976
100.535
4.510
0.108
96.219
105.855
111.975
100.411
83.120
97.936
3.692
0.113
78.594
104.675
89.642
101.581
100.603
102.340
2.833
0.095
97.895
90.054
88.716
106.894
100.639
79.725
6.010
0.094
95.950
87.655
108.642
100.877
103.654
100.327
4.435
0.093
102.964
107.473
89.633
100.337
83.824
4.483
0.090
98.057
91.206
106.664
101.597
100.407
101.760
5.281
0.093
100.402
90.934
85.296
101.897
105.146
97.160
4.953
0.099
97.320
106.868
112.448
98.363
102.285
97.841
4.688
0.087
102.212
107.556
94.778
98.320
82.427
5.689
0.114
650.489
60.252
98.964
109.229
4.532
0.068
83.350
119.132
112.752
5.501
0.074
106.619
91.221
83.895
101.810
101.600
3.518
0.099
97.668
111.448
109.892
99.875
82.692
4.642
0.087
99.791
94.062
108.050
103.091
100.032
99.923
4.613
0.087
96.215
104.668
104.961
100.973
102.912
101.082
3.971
0.090
99.353
107.436
88.270
102.169
100.311
97.173
4.736
0.104
100.168
106.632
90.676
98.827
101.890
100.060
3.884
0.098
99.788
105.137
84.767
100.677
104.489
104.107
5.584
0.095
96.627
86.411
107.371
105.224
105.637
83.801
5.446
0.104
78.018
91.432
85.567
97.386
98.668
99.505
4.355
0.104
99.163
103.831
89.179
106.997
109.346
102.288
6.090
0.094
98.584
106.799
106.903
98.823
102.584
101.117
4.499
0.096
99.970
109.095
106.842
100.561
107.270
100.238
5.363
0.100
79.200
108.854
86.072
100.239
105.954
98.976
4.092
0.101
78.559
109.314
87.534
103.518
99.632
84.981
5.360
0.107
99.903
94.045
90.671
99.556
100.897
99.197
4.284
0.097
101.578
106.650
85.622
105.496
106.303
84.191
4.590
0.099
77.617
96.804
85.665
84.484
98.857
77.336
2.960
0.101
95.107
85.422
111.893
103.306
99.062
86.990
5.426
0.091
97.672
88.149
107.597
106.786
100.037
84.288
4.425
0.097
97.836
86.479
113.342
100.161
84.875
96.424
5.068
0.103
78.185
112.270
91.346
101.891
85.432
5.913
0.100
82.721
92.613
89.036
101.135
101.374
98.882
5.342
0.101
646.937
69.919
89.552
88.635
3.936
0.085
108.072
118.578
104.179
5.616
0.097
107.473
115.007
109.217
112.367
4.361
0.119
107.891
103.816
105.669
105.168
106.019
4.515
0.097
104.438
120.422
112.223
105.528
106.213
104.973
5.174
0.101
105.936
110.065
86.346
107.619
109.263
110.959
4.725
0.093
101.565
91.400
115.472
102.893
107.732
107.535
4.842
0.115
99.747
89.296
112.435
107.222
115.559
105.483
5.127
0.117
82.924
110.368
94.091
107.346
102.796
88.223
4.524
0.103
110.406
89.781
89.979
104.527
111.828
111.140
4.068
0.121
80.491
89.594
90.188
104.142
106.473
102.663
5.550
0.102
82.390
110.549
93.092
103.498
109.396
108.778
5.661
0.100
86.141
98.749
91.040
108.406
103.952
87.530
6.359
0.101
102.987
88.275
97.675
102.741
86.585
107.496
4.806
0.102
89.956
112.621
93.458
100.771
106.084
102.703
5.433
0.098
100.966
111.456
113.439
104.825
105.118
103.405
4.196
0.093
102.186
119.255
106.986
108.453
102.524
83.017
4.755
0.108
100.915
109.150
111.803
108.664
106.942
105.521
4.744
0.095
105.410
115.191
87.676
104.458
105.823
108.182
4.972
0.092
106.620
96.062
94.490
107.899
107.504
104.905
5.212
0.093
101.434
108.577
113.546
104.445
107.483
107.308
6.025
0.109
108.525
110.889
89.437
105.554
106.161
105.474
4.106
0.107
105.646
109.748
92.705
107.090
107.938
107.986
3.198
0.114
87.597
90.917
89.632
105.105
110.930
100.173
3.133
0.099
79.964
110.570
93.938
655.850
66.175
102.504
115.928
4.116
0.076
97.141
124.542
93.866
4.997
0.084
111.154
103.500
112.264
110.222
112.581
5.493
0.102
107.905
101.071
118.903
114.628
87.539
87.669
4.903
0.119
106.142
116.371
112.685
106.478
110.622
108.937
3.914
0.091
106.878
117.508
116.275
115.878
110.508
108.170
3.993
0.090
111.131
118.663
94.714
111.527
108.503
110.062
4.971
0.094
104.393
115.847
116.586
108.647
109.415
115.770
4.970
0.100
114.298
100.210
89.391
109.338
116.608
110.421
4.750
0.107
85.730
96.315
94.166
107.291
115.970
113.595
4.536
0.100
83.162
90.657
92.929
109.787
112.678
109.747
5.429
0.094
86.306
111.712
92.977
117.363
112.050
92.428
6.734
0.101
105.215
94.810
115.495
107.927
112.573
109.728
4.013
0.110
109.461
112.343
93.068
107.444
115.095
107.584
4.308
0.102
107.536
117.157
114.619
112.676
112.080
111.191
3.995
0.120
110.110
115.342
92.141
115.861
108.408
87.895
4.213
0.095
109.431
91.066
97.827
109.930
115.325
109.344
4.874
0.101
83.080
112.943
114.678
110.978
114.230
118.174
5.143
0.107
89.188
95.387
93.204
107.721
111.287
107.467
5.034
0.103
106.007
116.996
113.423
113.500
116.395
85.915
5.688
0.128
91.404
116.264
97.252
110.034
86.344
105.058
4.611
0.110
102.508
116.653
121.990
116.079
111.134
87.727
7.049
0.119
105.795
120.792
114.458
111.531
113.733
107.860
4.247
0.095
90.115
115.011
93.187
106.442
108.648
109.751
2.845
0.108
104.966
90.879
120.113
669.682
67.141
104.794
122.790
3.367
0.076
94.910
102.714
93.917
4.416
0.097
110.763
110.712
122.100
129.908
125.676
3.524
0.089
128.111
135.200
126.877
130.405
130.046
3.887
0.102
124.564
136.454
126.155
126.458
127.510
4.777
0.114
126.108
133.262
134.605
125.881
130.112
4.595
0.108
127.081
130.590
122.918
130.122
128.010
4.129
0.102
126.911
134.002
122.297
137.655
136.458
99.505
4.214
0.102
103.900
131.130
134.816
133.881
131.715
126.648
3.918
0.098
122.630
125.875
126.051
131.537
128.369
126.386
4.053
0.126
126.396
134.375
125.017
127.144
130.625
125.387
2.729
0.107
124.482
134.810
130.261
131.712
128.296
125.947
3.693
0.129
128.595
135.480
124.044
127.882
128.015
126.106
3.714
0.118
125.807
132.124
124.734
123.984
133.585
130.564
5.072
0.139
125.486
129.364
126.736
130.192
129.469
130.180
4.329
0.107
128.836
130.378
130.254
125.870
130.540
128.478
4.473
0.129
127.631
136.194
123.302
126.511
124.572
128.186
4.517
0.103
128.925
134.762
122.079
131.526
127.928
129.490
4.390
0.128
127.351
131.805
121.283
136.577
125.498
103.242
4.970
0.139
125.939
131.192
130.579
128.370
128.598
130.331
3.553
0.121
127.617
130.881
126.681
128.691
127.426
127.136
4.751
0.105
122.751
131.575
140.121
559.381
69.423
7.126
0.065
101.475
132.115
120.607
123.577
126.113
4.905
0.093
152.601
100.484
120.964
119.321
92.663
5.908
0.098
98.045
129.624
101.092
111.157
92.999
119.034
3.415
159.647
0.135
109.623
113.846
95.548
109.569
117.771
112.828
3.739
0.131
95.165
117.517
101.258
117.018
116.682
116.458
4.853
0.113
111.892
118.754
116.874
113.184
114.800
122.167
3.779
0.103
164.771
101.765
97.421
117.003
118.417
113.973
4.773
0.115
161.165
126.357
98.962
113.517
117.776
114.398
3.732
0.110
115.252
122.638
114.360
114.079
118.684
117.473
5.055
0.107
113.457
120.447
118.369
115.528
115.725
116.873
5.146
116.206
0.089
110.298
121.148
123.714
110.060
97.106
114.753
3.882
0.134
92.834
93.745
99.029
114.316
114.329
115.131
4.503
0.144
113.683
116.145
104.095
111.280
118.454
115.282
4.721
0.142
96.942
117.245
100.598
112.142
118.449
111.484
3.800
0.125
111.266
124.944
120.573
112.622
115.590
116.858
4.361
0.125
111.950
126.430
114.736
117.621
116.779
116.245
3.212
0.120
110.668
122.877
116.114
116.400
115.484
112.459
4.115
0.096
112.962
124.463
115.602
111.562
119.392
117.369
5.099
0.125
88.286
121.122
123.244
113.664
117.090
114.022
4.581
111.900
0.128
109.760
120.595
117.169
117.756
113.058
92.829
4.797
0.143
111.314
102.304
121.959
114.810
113.534
112.606
4.182
0.113
115.071
119.277
111.784
116.316
115.859
112.394
5.272
157.777
0.115
120.564
120.492
97.220
113.825
116.251
109.009
6.117
0.117
162.553
117.650
101.951
113.445
120.369
111.843
5.566
0.128
115.591
122.361
107.037
673.010
73.677
105.471
107.442
7.189
0.100
141.975
137.134
118.701
120.473
4.232
0.097
126.146
122.814
96.199
125.318
120.219
4.061
0.089
95.124
121.437
100.598
117.468
102.055
4.499
0.116
118.816
106.637
96.649
121.794
117.540
113.599
4.969
0.124
113.713
115.513
120.639
114.031
121.992
114.768
4.884
0.112
115.556
124.779
120.333
113.584
122.012
115.348
3.411
0.113
92.496
118.415
114.571
118.407
113.849
123.214
4.214
0.147
121.534
101.699
99.973
121.069
116.228
96.882
4.685
0.103
111.621
104.289
123.702
120.286
115.325
93.372
6.727
0.128
116.338
124.561
115.572
121.001
118.831
119.001
4.753
0.127
121.893
127.457
99.332
120.792
118.331
115.062
4.132
0.128
120.744
119.818
98.358
114.345
115.828
119.545
5.404
0.097
139.374
105.357
117.914
113.997
121.670
115.908
6.517
115.616
0.119
113.188
99.470
101.674
117.758
91.055
99.725
4.325
0.147
109.811
98.954
124.979
120.826
115.488
116.656
4.111
0.116
114.838
131.755
119.154
125.275
121.588
98.182
4.888
0.118
94.685
100.641
101.311
112.287
116.581
112.503
6.181
112.635
0.124
109.128
116.600
114.841
111.078
126.464
112.078
5.399
0.123
92.361
121.291
105.281
114.380
102.427
116.436
2.842
0.137
97.944
120.238
97.823
111.557
119.933
116.150
3.674
0.107
121.144
115.094
106.201
118.520
92.245
115.076
4.010
0.138
164.123
124.406
107.854
119.946
96.748
92.305
4.150
0.124
91.342
120.572
97.688
116.181
119.095
118.637
4.333
0.130
121.257
116.798
101.568
118.899
121.068
110.505
5.069
0.136
110.557
124.145
127.664
116.530
96.865
118.153
5.028
0.132
95.882
122.873
95.455
113.621
662.409
69.971
111.782
137.671
137.928
137.535
139.575
141.616
142.676
133.733
4.923
0.146
176.050
136.858
143.949
139.819
135.652
137.350
135.379
4.300
0.123
134.532
138.658
138.384
133.934
138.657
134.750
137.373
5.294
0.138
133.719
140.007
139.932
140.946
135.387
133.894
136.744
2.677
0.119
131.784
141.482
139.122
136.518
136.617
135.928
135.203
132.647
4.713
0.127
136.239
131.855
132.173
132.519
134.447
137.823
134.984
4.991
0.131
135.924
135.826
133.839
139.583
137.502
142.502
136.593
136.468
5.691
0.177
134.006
140.057
134.081
133.275
136.572
143.326
132.161
142.691
4.270
0.141
131.301
116.595
141.603
138.729
134.340
137.254
131.286
4.030
0.135
130.061
138.818
138.745
137.885
140.653
139.142
139.713
127.633
4.836
0.145
133.814
135.776
144.616
135.511
132.992
140.431
140.396
131.388
3.843
0.150
132.217
139.164
147.395
139.286
139.927
139.995
134.232
133.337
4.188
0.142
140.132
136.108
141.043
137.620
136.025
143.790
133.935
139.422
3.399
0.148
135.616
138.254
134.159
135.401
137.553
139.744
137.113
134.263
3.747
0.149
139.923
138.932
132.983
139.083
140.309
142.235
141.131
143.133
4.516
0.185
143.334
114.995
112.741
134.071
134.669
137.444
3.524
0.140
139.628
139.512
691.106
78.687
5.577
0.079
104.872
125.367
113.931
138.276
132.134
135.572
138.490
4.223
0.143
141.672
145.108
109.229
134.477
139.071
138.734
3.831
0.113
135.358
145.238
130.731
133.032
138.668
131.270
129.180
4.011
0.135
132.576
132.111
128.241
132.434
134.072
137.259
131.599
3.828
0.145
133.020
132.840
132.431
127.831
136.227
137.253
135.319
4.347
0.103
181.822
133.539
134.223
132.662
130.762
134.070
135.485
3.774
0.129
134.270
136.722
131.546
129.206
138.241
129.294
135.990
4.496
0.103
131.461
141.629
140.214
133.615
139.785
136.507
131.347
4.988
0.151
132.573
136.328
130.824
134.307
132.553
141.400
128.684
3.823
0.136
109.291
138.917
136.716
140.768
127.281
113.071
4.303
0.147
132.030
143.321
138.911
130.059
138.370
133.085
132.658
4.929
0.134
180.976
138.080
135.894
135.732
139.292
135.189
132.439
4.682
0.132
136.460
134.216
131.898
135.692
133.565
131.723
133.730
4.385
0.140
178.618
131.136
134.011
134.136
134.710
131.522
133.335
4.190
0.111
135.877
132.690
143.147
134.328
135.115
134.285
135.179
3.800
0.126
132.399
136.503
129.205
134.365
140.310
135.628
133.158
2.935
0.115
128.761
144.304
133.952
133.182
142.065
145.152
135.220
4.732
0.156
111.377
133.222
133.267
146.993
135.872
147.318
143.144
140.999
3.094
0.145
148.027
148.970
123.095
138.578
135.479
140.446
143.744
134.594
5.173
0.153
742.618
82.989
113.752
4.505
0.065
98.225
110.327
125.173
119.289
104.313
5.162
0.133
118.496
102.742
118.333
124.440
120.496
117.570
4.083
0.131
118.468
121.738
129.607
124.359
121.154
117.836
3.623
0.109
168.946
127.981
133.616
121.913
106.645
119.136
5.034
0.105
95.597
132.357
126.545
132.564
131.903
130.142
2.813
0.110
125.364
185.397
130.663
136.361
134.985
136.252
3.585
0.102
134.021
136.880
131.026
128.101
129.490
138.104
2.883
0.143
132.534
140.196
132.223
141.511
136.108
133.260
3.789
0.093
137.454
140.338
112.919
135.029
142.771
139.030
136.936
148.041
3.476
0.148
184.027
141.506
142.013
134.115
145.027
142.669
141.898
137.681
141.595
4.909
0.150
135.373
136.966
142.415
139.568
143.863
140.423
141.188
139.278
142.162
3.721
0.134
138.710
144.727
142.108
140.748
145.446
141.688
138.791
136.466
140.723
4.278
0.169
141.509
136.259
142.284
147.081
140.034
143.817
145.387
134.856
140.832
3.757
0.123
140.014
142.741
139.657
141.693
153.304
137.617
140.652
144.955
138.058
4.713
0.159
143.298
141.051
146.633
137.107
142.022
143.226
142.160
135.676
139.786
5.347
0.121
136.924
143.111
139.023
144.544
138.972
142.631
146.244
138.988
134.761
4.242
135.908
0.113
142.131
139.305
151.315
139.510
145.814
140.503
142.506
139.049
4.200
0.142
144.541
141.469
144.169
141.905
143.880
146.669
137.605
140.507
153.481
3.443
0.155
141.473
551.030
80.178
4.311
0.055
118.794
106.965
103.916
172.365
5.443
0.083
99.317
113.967
93.647
150.607
123.722
3.511
0.127
107.038
134.623
112.658
138.393
142.291
131.261
4.024
0.130
113.687
184.373
112.495
141.627
148.184
142.795
147.178
137.344
4.682
0.150
143.857
152.787
145.359
149.359
139.714
141.064
147.767
142.683
139.049
3.990
0.130
194.404
198.062
139.506
150.499
145.359
142.585
150.741
139.949
142.296
4.095
0.170
186.039
141.410
149.166
145.642
145.401
148.858
146.022
147.555
151.592
2.610
0.157
143.281
144.330
150.445
149.874
155.211
142.615
143.798
146.939
141.418
3.584
0.116
148.532
148.492
142.661
145.463
152.131
146.769
148.022
143.132
144.475
3.569
0.156
154.314
149.440
128.321
146.449
139.250
144.115
149.868
144.266
143.330
3.889
0.162
152.224
145.384
123.557
141.251
151.961
146.006
144.992
146.365
139.528
3.740
0.168
142.456
147.766
145.003
144.656
145.754
143.093
145.957
148.075
140.514
144.895
3.968
0.159
146.069
151.918
143.459
145.570
148.545
145.059
145.107
151.736
141.222
147.976
4.665
0.140
142.296
145.527
147.723
148.642
147.335
151.003
148.437
146.036
144.881
142.625
3.283
0.131
141.670
143.023
151.640
135.584
146.370
146.719
152.826
140.723
141.965
141.898
3.641
0.164
146.272
145.394
193.602
143.483
146.218
143.249
718.516
78.397
4.280
106.123
0.083
105.418
105.842
93.620
170.956
5.068
0.120
111.889
101.053
117.570
120.578
94.094
103.237
4.751
0.142
88.785
104.715
116.978
128.564
115.931
101.365
2.900
0.121
117.131
96.229
108.628
166.783
100.540
122.791
147.598
3.842
0.147
123.760
128.490
143.357
134.152
112.567
130.345
3.149
0.141
132.350
141.853
112.314
133.372
137.941
143.830
4.868
0.113
185.637
152.564
147.735
146.850
148.584
138.927
137.259
3.051
0.121
144.337
134.693
118.612
137.019
144.217
140.022
5.197
0.122
139.907
190.008
179.829
186.462
142.195
140.032
145.287
142.000
137.454
4.992
0.140
143.910
148.334
143.813
187.551
143.712
148.197
141.657
142.821
146.418
4.608
0.117
148.339
144.214
196.038
145.748
150.922
149.589
149.291
145.393
144.796
3.405
0.133
137.196
143.026
151.952
145.813
143.483
144.338
143.814
151.345
137.575
4.013
0.139
142.054
144.935
147.766
146.308
195.350
144.528
143.801
145.957
148.713
3.530
0.150
186.004
187.505
145.423
149.914
147.388
147.181
149.153
148.912
144.013
152.666
2.660
0.135
139.070
147.926
157.216
148.579
148.428
143.733
139.028
147.983
144.289
142.198
4.071
0.164
141.575
148.846
148.923
142.719
152.127
193.521
147.542
152.189
153.752
145.317
3.698
0.184
186.563
150.034
146.024
145.110
145.328
149.753
146.370
150.140
153.784
149.039
4.417
0.160
145.191
139.407
159.086
152.549
143.409
141.412
148.989
155.203
143.541
708.944
81.291
3.572
0.082
105.132
107.557
151.885
124.412
97.053
7.737
123.963
0.099
155.379
105.089
150.458
123.043
127.898
103.433
4.466
0.140
95.230
100.289
107.167
168.737
96.418
131.272
116.646
6.065
0.137
102.087
122.025
101.997
127.047
132.482
132.197
103.900
4.164
0.129
126.459
107.499
129.080
128.636
132.362
184.895
108.558
3.307
0.145
109.381
117.106
119.567
133.160
111.759
139.165
4.230
0.158
108.566
113.690
120.347
134.132
145.465
141.385
3.353
0.127
104.540
170.328
141.999
135.065
132.067
135.236
3.420
0.127
136.108
141.878
150.707
139.546
123.940
142.426
146.176
3.687
0.149
155.913
199.781
127.658
149.433
148.738
151.658
146.267
150.559
4.344
0.124
204.085
188.234
131.427
150.344
151.498
146.224
195.544
148.824
153.840
3.781
0.172
190.668
149.938
147.582
167.063
146.689
128.158
149.343
152.344
158.288
148.658
4.497
0.164
149.262
204.502
149.103
144.967
152.533
155.014
149.064
152.961
154.755
148.616
151.941
2.721
0.143
146.352
156.830
151.963
203.630
146.527
153.058
149.107
154.092
154.405
154.111
155.799
4.018
0.150
150.932
160.169
150.005
149.033
151.921
178.877
148.994
143.963
150.155
160.434
140.961
3.946
0.163
150.582
147.490
155.982
147.536
151.990
145.950
156.396
151.944
154.638
152.793
143.090
3.881
0.166
159.870
199.891
132.161
151.690
196.620
151.060
161.375
144.817
153.058
153.581
148.593
4.486
0.140
150.566
711.886
76.154
104.157
2.222
0.081
103.788
126.993
117.414
4.902
130.563
0.092
121.084
117.609
104.627
122.498
147.438
3.764
0.110
126.813
115.661
132.509
148.932
133.686
115.441
4.762
0.140
140.872
156.740
148.534
150.227
151.485
160.685
154.699
153.920
153.550
4.195
0.120
142.216
137.612
143.462
151.982
195.267
155.520
193.718
3.695
0.131
127.716
148.507
176.542
157.518
161.442
152.821
122.249
155.098
3.212
143.259
0.156
154.446
197.548
126.343
138.972
149.941
153.367
146.177
2.839
152.446
0.121
151.536
145.082
148.373
145.377
199.447
155.000
139.535
154.101
4.231
0.117
154.094
166.840
156.729
148.320
152.162
198.927
150.073
148.541
151.145
151.009
2.889
0.156
148.168
155.981
160.867
190.282
153.231
149.842
146.150
150.869
149.709
149.954
3.473
0.141
147.519
153.433
147.295
148.166
157.342
159.014
145.024
153.718
149.521
143.128
3.485
0.160
157.498
195.093
150.881
148.829
146.408
152.243
145.926
156.406
153.813
153.144
148.874
4.156
0.164
147.817
149.013
146.990
145.892
157.208
152.500
195.530
151.835
152.797
185.197
149.139
4.341
0.154
200.990
194.663
149.239
153.719
147.479
133.262
148.849
150.565
156.027
154.417
145.673
3.161
0.133
159.116
156.641
147.239
156.392
149.499
153.168
150.747
199.738
150.091
153.983
199.307
2.749
0.138
150.439
200.302
194.983
148.489
648.032
73.471
7.423
121.709
0.088
129.467
118.590
135.568
113.664
5.196
106.576
0.072
116.388
126.690
97.753
136.291
132.131
118.287
5.994
0.118
132.040
151.961
139.345
131.590
112.907
135.194
117.358
6.152
0.122
108.283
112.734
117.287
184.054
118.356
111.455
126.743
5.059
0.131
105.345
143.488
160.349
113.721
121.517
144.079
169.924
3.261
0.159
108.069
163.625
145.792
137.716
122.776
142.200
142.333
114.740
113.251
5.688
0.183
182.489
159.312
141.194
138.867
135.628
123.129
142.568
197.596
141.810
5.287
0.133
115.926
124.695
153.798
160.586
148.584
130.336
144.359
7.841
0.127
124.234
118.594
147.593
147.436
151.787
151.164
3.081
0.116
144.589
153.732
200.318
142.475
139.124
144.945
159.225
3.633
0.114
154.543
127.185
140.155
148.148
171.120
159.431
135.134
157.196
152.404
2.832
0.172
150.017
154.442
209.540
139.329
125.496
156.592
207.367
149.792
134.980
154.692
3.559
153.709
0.139
152.853
174.784
146.557
171.108
151.412
157.513
158.011
152.260
160.991
4.627
152.846
0.168
155.403
149.120
173.932
141.287
204.926
152.911
141.122
162.418
205.170
153.063
4.532
0.153
126.438
140.640
122.498
180.200
146.893
121.537
150.220
158.097
4.135
0.176
157.081
161.384
149.040
137.918
158.693
164.786
160.252
164.229
159.756
202.044
155.366
5.403
154.276
0.164
158.545
159.402
202.334
157.141
158.648
160.451
164.633
161.866
671.186
86.599
4.280
0.080
103.915
97.798
128.404
4.715
125.108
0.084
157.746
113.079
115.988
131.200
100.081
83.580
5.234
0.132
95.765
133.762
124.107
132.324
104.024
99.111
99.929
4.015
0.150
120.641
107.492
138.357
132.135
107.622
126.807
5.373
0.117
145.389
140.218
122.438
159.527
195.266
127.407
6.093
113.748
0.141
123.709
162.607
124.434
129.816
152.204
144.051
114.330
6.259
0.126
130.670
123.193
214.727
193.439
182.267
146.074
4.847
0.120
112.759
131.607
122.976
192.277
140.059
126.035
136.840
3.638
0.147
130.073
162.998
133.720
155.969
153.238
201.264
2.715
0.144
145.665
147.283
153.811
122.714
157.150
3.946
0.137
147.615
159.213
160.902
148.301
128.195
2.640
0.126
153.501
167.187
194.852
153.457
152.073
150.560
172.392
5.883
0.128
198.441
149.261
121.505
150.663
150.717
154.726
2.057
0.130
156.553
161.878
122.203
148.767
152.432
148.657
162.485
152.931
4.760
0.147
116.692
206.638
199.280
149.266
162.299
145.543
129.407
5.429
0.156
149.667
157.571
133.289
147.573
159.660
163.309
158.132
153.461
180.736
156.787
2.456
141.679
0.143
171.416
146.237
123.831
166.973
150.442
159.246
156.204
3.679
0.144
176.320
154.110
186.953
155.811
160.317
167.196
155.563
158.045
154.490
171.104
209.406
3.221
0.180
128.373
146.013
159.079
143.887
179.787
140.839
144.727
183.914
137.339
145.800
3.287
0.195
131.026
199.406
139.182
149.961
150.882
138.124
156.954
153.149
556.492
78.902
117.985
4.060
0.080
154.060
102.859
109.011
125.807
9.102
0.102
82.426
104.915
144.142
140.910
124.841
2.764
0.119
150.041
151.213
167.516
152.532
130.834
146.911
122.018
2.060
0.140
146.903
193.117
128.469
146.381
120.570
4.185
0.143
143.442
145.175
151.377
150.757
161.302
46.034
22.980
1.671
0.036
116.627
115.610
71.617
29.365
0.079
280.018
217.219
214.274
1.811
0.069
45.326
47.560
53.656
3.449
0.080
55.038
90.209
92.831
69.034
4.673
0.102
62.396
82.596
95.076
69.279
5.699
0.089
55.655
112.794
90.438
74.718
5.035
0.089
57.521
79.962
76.003
76.835
5.542
0.090
57.895
83.937
103.596
76.756
7.369
0.080
63.759
85.156
85.956
75.435
7.759
0.082
56.133
85.675
84.691
83.720
80.746
7.824
0.081
59.554
87.036
80.968
61.002
57.980
7.327
0.095
56.667
76.156
86.980
77.437
6.910
0.082
72.618
107.992
79.646
82.769
9.174
72.180
0.093
68.591
92.344
97.324
105.701
7.546
0.117
89.102
137.355
117.329
120.895
5.166
0.095
109.738
112.771
128.012
6.533
0.092
135.958
147.511
139.669
6.261
0.069
135.928
145.613
138.966
6.101
0.071
140.275
142.702
145.032
5.868
0.091
195.433
145.375
142.609
6.568
0.102
149.460
204.555
193.165
5.964
0.098
140.420
150.212
193.203
150.487
5.782
0.125
166.639
141.475
129.702
200.029
141.941
178.985
134.034
4.985
0.124
121.322
155.155
47.974
30.468
1.164
0.035
128.462
128.895
112.117
12.351
0.046
210.561
290.555
175.106
180.683
1.358
0.060
38.034
23.234
1.097
0.047
85.517
86.592
29.270
50.944
11.359
46.347
0.048
216.888
175.246
157.831
242.252
48.417
2.353
0.075
24.305
33.586
42.731
55.190
68.232
57.899
52.258
1.903
0.113
757.249
26.598
1.654
0.051
44.101
