3.335
3.001
1.645
1.190
2.591
1.784
0.751
0.016
2.919
2.671
2.383
35.445
13.786
8.955
5.877
1.039
0.031
51.630
39.660
26.468
17.647
15.261
1.160
121.570
0.040
101.249
69.344
45.269
19.847
27.252
20.440
99.512
71.540
47.202
32.369
0.977
0.071
124.913
55.742
30.254
31.368
1.679
0.051
35.742
29.759
1.562
0.038
74.210
62.909
38.779
33.370
18.169
0.038
186.722
184.638
61.225
1.720
0.063
25.628
53.050
40.352
1.926
0.057
41.978
49.397
39.610
2.523
0.098
39.641
83.392
92.800
45.448
4.335
0.076
46.245
81.862
57.117
49.794
6.043
0.073
47.963
77.734
56.031
52.920
4.469
0.076
50.021
85.568
71.743
55.382
6.119
0.070
55.046
70.025
62.642
70.551
7.495
0.084
57.461
86.909
74.126
72.796
7.187
61.942
0.091
60.114
86.201
81.752
68.394
86.913
8.274
0.108
74.473
93.094
88.819
67.791
8.252
92.835
0.110
98.184
100.788
86.439
79.820
86.504
10.149
0.128
69.586
96.688
120.374
89.580
5.889
0.115
125.678
114.230
119.840
91.107
6.766
0.113
95.267
143.614
137.818
110.753
153.968
7.916
0.131
170.106
123.474
134.338
133.705
825.819
73.754
105.497
5.455
99.631
0.072
103.387
113.708
39.328
20.174
1.663
0.047
144.273
100.937
76.273
69.134
1.854
35.114
0.054
230.824
95.108
55.379
69.764
7.616
0.115
70.793
103.576
115.783
98.609
98.298
9.787
0.102
100.373
125.900
113.768
104.761
7.240
0.119
109.432
135.871
89.278
4.337
0.099
113.839
131.197
90.866
7.214
0.095
112.724
117.911
96.859
6.738
108.937
0.113
97.657
197.815
101.351
5.666
0.133
136.626
134.675
116.820
135.462
5.319
0.103
136.321
151.319
140.575
137.783
2.850
0.104
148.198
149.139
149.909
146.019
2.938
0.093
139.945
153.622
142.077
3.856
0.100
145.583
41.960
22.395
1.637
0.041
154.303
165.284
96.072
96.041
56.607
31.894
0.052
339.160
239.829
69.710
52.173
44.613
59.591
2.388
0.136
45.241
89.983
110.885
129.395
113.056
73.930
3.112
0.133
88.504
83.567
81.360
105.153
2.581
95.904
0.129
75.255
102.892
117.605
104.870
3.254
102.063
0.141
79.937
99.496
102.868
104.672
2.300
0.121
81.040
159.729
127.880
113.746
2.047
85.971
0.130
89.142
113.185
94.158
2.954
0.112
115.974
134.150
113.165
2.612
0.129
123.361
128.216
116.144
2.881
0.094
137.664
146.882
155.289
143.990
2.674
0.104
133.686
140.051
135.957
2.673
0.108
138.324
155.206
141.338
2.225
0.121
191.554
155.378
144.019
2.303
0.117
140.582
148.061
155.928
2.388
0.129
144.854
157.245
144.880
2.326
0.122
153.172
148.623
153.705
152.944
148.602
2.903
0.126
153.348
164.126
159.512
151.426
2.070
0.123
151.657
214.005
149.626
2.214
0.152
195.195
148.607
156.889
148.054
2.348
0.132
154.177
155.429
151.641
155.753
155.863
151.981
1.951
0.154
157.218
207.461
202.197
156.337
174.479
131.596
880.350
82.569
113.008
1.955
0.073
109.165
157.159
99.307
4.003
90.146
0.115
105.500
116.748
184.448
139.080
117.511
122.907
2.958
111.024
0.172
109.241
119.013
119.873
112.132
154.862
151.340
129.028
2.132
48.595
23.109
1.624
0.039
127.633
177.191
81.290
1.593
0.045
215.948
196.572
173.333
2.175
0.075
145.787
42.549
38.655
52.467
53.912
50.488
2.721
0.125
54.249
96.634
102.151
101.573
73.946
3.795
70.847
0.097
58.159
94.469
67.474
75.087
2.172
63.569
0.109
66.778
88.747
106.635
62.813
87.357
2.092
0.112
81.532
95.958
106.062
70.624
4.267
129.263
0.113
104.007
106.422
83.346
3.817
105.518
0.106
85.198
108.189
97.260
137.203
2.419
131.877
0.131
90.690
106.069
97.617
94.711
123.150
1.920
0.155
92.488
113.434
116.822
154.069
3.298
0.112
87.305
123.326
124.835
139.092
127.213
190.938
2.827
132.098
0.130
137.943
126.752
144.680
160.649
45.177
22.202
1.647
0.038
118.070
258.109
78.147
146.138
1.838
150.887
0.055
111.435
48.445
42.078
22.611
1.575
0.034
97.744
104.830
67.012
63.681
45.923
1.737
0.054
201.348
303.421
193.539
88.838
2.605
0.094
35.888
42.630
53.401
71.925
64.263
58.431
3.483
0.117
57.799
95.546
112.848
91.447
70.548
3.514
0.098
70.414
97.508
94.400
71.610
3.214
0.092
74.468
99.755
71.672
72.664
3.225
0.098
72.244
103.815
96.996
73.237
3.146
0.086
74.006
99.243
740.443
44.757
4.510
0.055
66.130
75.664
82.095
2.392
0.080
59.410
82.535
59.807
2.577
0.079
74.160
675.832
46.350
2.610
0.062
67.188
73.551
80.008
2.451
0.079
60.327
97.002
57.852
2.536
0.089
74.092
82.588
73.642
2.643
0.089
75.783
95.629
74.436
2.824
0.080
73.523
91.885
73.447
2.722
0.086
77.678
101.718
57.720
3.171
0.085
73.749
78.338
75.201
3.025
0.079
73.480
99.582
626.948
44.882
2.718
0.059
69.300
71.917
66.639
2.543
0.767
76.484
84.575
74.639
2.784
0.072
75.080
102.873
76.832
2.739
0.088
75.002
79.865
59.876
2.858
0.101
77.559
82.631
59.854
3.277
0.085
74.679
83.063
76.966
3.046
0.074
72.807
78.361
74.831
3.058
0.073
73.960
101.029
73.502
3.240
0.074
74.334
98.216
73.397
3.508
0.081
74.212
97.420
73.066
3.350
0.074
74.972
93.055
58.622
3.333
0.082
77.480
88.798
58.787
3.707
0.082
74.605
101.062
74.422
3.248
0.079
74.262
91.031
649.932
45.404
3.520
0.067
66.787
72.627
80.882
3.048
0.081
60.817
97.317
59.106
3.210
0.085
75.464
87.021
60.130
3.457
0.087
73.703
89.688
75.245
3.452
0.082
77.591
98.290
74.145
3.592
0.078
72.855
92.440
74.958
3.880
0.085
74.729
104.103
75.751
2.879
0.081
72.682
78.704
74.943
2.815
0.076
74.401
104.447
73.529
2.747
0.077
75.375
79.738
59.789
2.956
0.083
75.018
87.830
58.706
3.239
0.072
75.142
87.635
60.482
3.547
0.073
76.615
89.897
74.666
2.914
0.072
75.806
97.397
77.969
2.910
0.070
72.746
86.533
61.754
3.342
0.078
73.786
98.508
75.016
2.819
0.087
76.943
95.762
58.423
2.592
0.080
74.382
81.758
60.036
3.196
0.089
73.795
86.312
74.648
2.547
0.075
74.218
101.632
73.580
2.927
0.085
661.205
45.579
2.753
0.065
70.259
75.688
61.953
2.760
0.076
61.463
84.587
60.892
3.245
0.079
59.404
85.349
58.323
3.176
0.078
73.698
90.730
75.813
2.847
0.066
74.357
95.743
77.453
3.166
0.085
75.225
80.403
60.175
3.212
0.085
73.940
97.061
76.178
4.482
0.087
74.990
83.031
75.299
4.569
0.083
75.282
101.401
77.262
4.384
0.075
72.077
80.840
79.652
5.182
0.079
73.973
82.721
81.385
4.717
0.074
72.852
85.894
76.453
4.877
0.088
76.528
100.188
58.827
6.260
0.079
74.569
79.556
74.955
5.564
0.088
74.096
98.701
75.171
4.925
0.084
72.110
76.195
74.913
5.259
0.083
77.227
98.487
64.663
5.210
0.081
75.662
83.849
78.139
4.623
0.072
75.881
92.677
63.449
5.289
0.078
74.854
85.819
74.904
4.680
0.081
78.587
80.455
59.265
4.663
0.075
74.082
83.820
78.512
4.889
0.074
72.737
82.421
73.947
4.991
0.093
73.647
97.937
74.624
4.976
0.081
74.529
96.175
73.339
5.453
0.083
74.869
101.400
73.470
4.614
0.084
661.181
46.481
4.419
0.067
69.616
72.645
63.820
4.127
0.075
63.720
85.740
60.484
4.511
0.089
76.292
84.641
59.516
4.660
0.083
73.152
85.287
78.375
5.194
0.096
72.425
79.888
79.717
3.832
0.082
74.829
80.006
74.914
4.902
0.084
73.717
96.946
73.711
4.329
0.084
73.637
95.266
75.224
4.079
0.093
74.110
80.412
80.209
3.799
0.096
75.375
84.207
61.476
4.190
0.083
73.181
80.511
80.110
3.899
0.071
74.582
82.793
78.020
4.434
0.083
74.462
83.737
73.405
4.041
0.075
75.817
97.764
59.326
4.657
0.085
77.629
81.200
59.998
4.856
0.095
77.186
95.052
61.923
4.579
0.084
75.228
81.182
60.772
5.615
0.079
74.414
83.126
59.066
4.014
0.079
78.490
84.629
59.972
3.741
0.075
74.428
98.960
74.688
3.976
0.079
73.546
96.081
75.040
4.559
0.077
73.281
84.261
59.807
4.002
0.082
77.631
88.584
60.760
5.169
0.088
74.860
83.949
63.352
4.158
0.079
73.819
84.899
74.450
4.416
0.079
75.489
106.813
59.065
4.454
0.080
74.826
80.310
59.295
5.004
0.099
77.031
86.018
60.427
4.586
0.722
74.505
83.012
76.251
4.495
0.083
75.616
78.998
60.909
4.326
0.090
73.870
86.111
77.202
76.212
4.278
0.092
55.673
80.882
664.772
49.536
65.917
66.396
3.678
0.082
62.507
86.761
60.711
3.820
0.090
59.005
85.020
59.290
4.647
0.080
72.894
93.789
78.324
73.847
3.928
0.090
60.026
97.132
64.833
73.730
4.393
0.093
60.676
84.743
71.301
73.295
4.511
0.096
55.731
93.564
86.514
71.011
3.577
0.074
58.504
94.620
57.432
3.917
0.078
75.005
103.018
58.113
4.122
0.086
77.709
79.286
58.973
4.461
0.079
74.595
83.191
75.785
75.421
3.694
0.084
55.816
93.225
60.870
72.127
3.892
0.092
60.395
95.074
65.672
75.508
3.855
0.092
58.089
82.147
67.406
78.523
3.769
0.095
58.673
79.164
69.776
73.818
58.425
4.097
0.101
73.776
75.994
72.851
80.646
70.737
55.136
4.149
0.106
69.328
76.182
74.709
75.214
71.931
55.422
4.379
0.100
71.328
72.411
73.443
73.102
75.392
75.086
3.781
0.115
55.751
71.037
74.260
72.008
61.972
4.589
0.108
73.776
72.476
72.070
79.228
72.671
4.045
0.095
56.032
76.788
71.286
72.740
56.395
4.139
0.087
71.216
73.892
86.185
74.704
71.135
3.779
0.102
58.738
92.699
73.254
72.612
4.113
0.094
61.382
102.658
64.160
73.608
4.420
0.094
57.570
79.221
66.144
72.377
3.802
0.087
57.498
95.284
68.372
74.891
50.586
0.086
60.808
78.665
62.804
73.494
3.968
0.093
74.529
96.261
83.716
73.997
4.016
0.081
83.147
97.554
672.427
44.354
71.548
66.354
3.981
0.085
64.584
80.550
63.403
4.680
0.080
79.433
98.427
81.728
81.437
4.486
0.088
82.005
87.156
79.235
80.902
86.534
4.081
0.101
77.128
82.232
92.313
77.884
65.426
5.071
0.100
81.189
76.705
76.778
80.636
62.848
6.191
0.123
64.783
77.960
75.588
79.090
67.913
5.901
0.098
81.583
74.940
74.084
79.673
80.049
79.534
4.340
0.116
77.844
77.621
76.868
81.665
77.423
62.916
4.734
0.119
76.003
72.439
78.039
80.129
80.879
78.622
4.312
0.099
73.966
74.942
89.200
78.799
84.426
80.862
4.427
0.094
58.551
83.000
72.784
64.274
78.833
58.579
5.044
0.103
76.369
73.739
80.765
81.988
80.104
64.726
5.665
0.105
60.010
74.950
79.480
78.977
84.634
76.780
3.766
0.093
60.052
88.031
75.454
78.180
80.393
77.956
3.929
0.101
75.851
92.326
76.940
80.067
64.699
5.197
0.095
77.868
79.490
82.128
80.751
65.214
4.694
0.097
60.470
82.509
75.412
77.760
60.868
3.916
0.104
79.580
77.004
75.492
81.646
81.101
59.669
5.375
0.092
58.487
74.088
77.701
78.302
81.337
78.793
4.166
0.091
58.272
77.705
76.884
82.073
62.152
59.118
4.310
0.106
59.098
71.615
83.229
81.268
79.028
58.768
4.401
0.099
61.792
72.166
76.729
80.004
78.284
59.895
4.911
0.100
74.153
73.936
92.785
78.698
650.662
54.175
72.703
73.789
3.430
0.073
85.541
83.118
87.826
83.161
3.400
0.075
61.391
81.661
64.405
85.654
60.110
4.455
0.091
63.924
90.217
73.362
78.872
81.169
60.784
4.282
0.104
59.373
71.546
77.003
82.477
63.943
61.810
4.157
0.098
58.739
73.085
75.041
78.107
77.718
61.694
4.323
0.109
75.674
74.904
91.575
81.800
76.458
64.728
3.867
0.092
76.079
74.200
89.523
79.566
78.671
60.556
3.659
0.099
61.188
71.857
80.572
77.305
63.654
79.088
3.867
0.092
57.390
89.310
83.861
79.619
65.815
3.492
0.091
60.917
78.183
71.491
81.181
60.843
4.071
0.093
61.828
79.151
76.310
80.787
80.760
61.089
27.572
0.108
56.956
74.091
89.977
75.795
78.869
76.241
3.508
0.087
57.964
89.219
72.480
82.551
79.084
61.669
4.309
0.104
75.274
84.070
94.391
66.532
80.994
71.951
3.758
0.105
62.366
75.223
74.221
80.917
84.240
61.626
4.834
0.113
58.603
75.545
80.723
80.118
63.059
60.499
4.617
0.105
59.154
80.080
81.709
77.582
84.589
60.144
3.645
0.093
59.164
73.040
75.432
77.205
63.104
78.423
3.948
0.095
61.559
72.120
76.726
76.680
62.809
82.673
3.993
0.103
59.405
71.810
79.549
78.513
65.132
79.723
3.671
0.109
59.577
75.358
77.115
78.544
82.645
80.379
50.265
0.108
61.583
71.326
73.834
78.222
79.760
59.607
3.620
0.098
57.724
72.067
77.258
79.554
77.125
64.227
4.241
0.113
73.489
73.461
92.826
78.463
78.388
83.713
3.694
0.102
76.638
76.518
77.783
638.755
48.202
78.173
91.534
2.288
0.067
72.369
105.054
71.981
4.081
0.078
68.135
85.094
88.277
88.646
85.975
4.702
0.092
81.492
100.924
89.465
84.435
85.044
84.623
3.749
0.093
91.875
79.893
77.609
87.998
67.620
64.333
4.171
0.098
65.103
80.875
82.977
81.967
84.403
88.892
4.207
0.123
79.411
77.938
91.673
85.850
86.677
88.875
5.030
0.093
85.644
80.344
78.889
85.332
87.463
87.700
3.641
0.097
64.222
78.530
80.752
83.549
83.282
82.188
4.197
0.105
81.809
76.016
91.195
83.644
84.671
84.793
3.364
0.104
84.993
94.870
81.364
88.268
65.779
5.123
0.099
66.751
98.701
78.539
85.159
86.060
83.983
4.621
79.517
0.119
69.827
90.298
76.908
81.661
65.159
83.557
3.963
0.106
66.471
76.818
87.572
90.551
68.264
66.643
5.411
63.515
0.096
64.512
73.685
76.100
81.931
83.686
64.585
4.446
0.119
61.967
72.948
81.568
84.853
89.184
66.363
4.351
0.099
63.784
80.082
80.733
86.011
86.041
82.106
4.058
0.109
64.260
93.730
80.859
99.321
83.434
69.758
4.080
0.105
79.253
77.928
99.071
89.301
85.757
65.789
4.386
0.090
65.540
80.926
79.371
86.093
86.736
63.758
3.153
0.118
63.989
76.008
84.541
85.808
69.572
72.936
3.827
66.586
0.104
60.801
70.441
79.583
80.324
83.749
84.801
3.433
0.113
82.685
74.241
84.014
86.076
67.706
66.674
4.056
0.098
68.270
83.355
77.613
86.343
85.980
62.575
4.612
0.118
66.693
98.423
78.680
85.169
90.609
65.338
4.358
0.103
64.941
76.394
88.150
636.079
54.515
79.063
76.085
3.404
0.073
76.403
112.364
94.802
3.999
0.078
95.416
103.841
77.271
4.087
0.074
95.061
91.548
77.861
93.955
72.578
2.868
0.122
80.379
88.569
80.064
90.881
96.012
86.518
4.794
0.095
74.829
100.945
78.473
92.377
92.843
69.474
5.493
0.101
71.092
84.353
82.569
92.523
97.851
69.286
3.309
0.096
68.614
80.197
86.499
92.766
92.827
69.810
4.472
0.109
69.044
83.324
84.278
92.547
94.524
91.171
4.323
0.110
71.272
83.729
82.660
92.860
72.686
71.279
4.935
0.106
69.889
80.230
84.544
100.834
103.617
71.795
4.123
0.106
91.915
97.662
82.126
88.283
93.718
93.618
3.658
0.108
69.432
85.782
79.882
91.358
91.312
96.304
4.282
0.103
84.495
79.008
102.046
93.184
94.063
78.721
4.454
0.099
69.023
83.190
88.393
92.713
73.914
70.365
4.540
0.112
70.368
80.796
82.719
89.856
91.938
90.377
4.025
0.104
90.370
101.220
86.774
94.164
73.449
70.943
5.144
0.100
67.780
80.890
87.640
92.318
89.551
69.660
3.542
0.112
88.690
81.110
78.670
90.908
92.725
87.519
3.902
0.101
67.953
101.693
101.771
94.203
94.054
90.077
4.425
0.118
87.896
87.660
98.940
92.980
94.900
72.654
5.017
0.111
68.679
83.023
84.059
99.245
70.660
73.053
4.957
0.109
84.637
83.899
101.527
93.304
89.029
93.405
4.841
0.094
87.593
84.500
95.876
94.258
90.373
70.972
4.773
0.103
87.863
81.995
100.019
92.079
93.897
91.416
4.877
0.106
70.063
103.480
83.489
93.770
70.662
3.930
0.098
74.666
105.001
86.390
614.953
62.957
85.309
83.045
3.670
0.077
96.029
102.259
97.973
84.081
5.126
0.085
96.941
92.247
98.378
101.760
97.875
3.252
0.088
78.312
105.772
82.512
100.500
98.860
75.241
5.467
0.103
73.551
87.627
106.955
100.261
98.123
74.798
2.859
0.112
75.361
82.802
93.432
92.351
79.879
95.015
4.264
0.101
75.822
85.489
84.493
93.415
100.480
91.370
4.507
0.102
80.121
104.270
86.465
97.621
77.547
95.827
4.498
0.101
74.817
102.707
84.959
99.789
97.751
76.352
4.122
0.104
93.935
90.089
85.809
97.056
97.853
94.737
3.444
0.103
79.075
101.379
83.460
95.492
97.320
79.636
4.569
0.127
75.886
85.219
87.414
96.755
97.963
97.799
3.335
0.097
95.017
81.426
85.550
98.832
99.023
93.978
3.735
0.093
76.211
109.407
91.321
93.968
80.122
94.461
4.166
0.118
76.165
100.347
86.664
96.519
110.639
96.945
4.055
0.100
74.548
100.372
84.764
94.255
77.476
97.588
4.463
0.124
70.591
85.372
110.256
100.094
94.001
75.326
4.856
0.110
93.523
86.513
86.147
101.519
101.402
75.894
6.503
77.324
0.105
74.514
84.776
87.338
94.974
91.518
72.807
5.038
0.117
90.650
83.195
108.333
96.886
108.208
95.395
2.852
0.096
77.511
101.759
85.044
94.033
84.051
3.670
0.097
97.287
90.302
101.211
102.925
95.412
74.331
3.561
0.095
95.051
105.453
92.675
98.173
81.192
4.752
0.101
82.137
98.986
84.889
97.309
97.810
94.471
4.690
0.109
94.136
108.963
82.219
98.911
100.631
73.518
4.771
0.115
97.842
108.036
97.559
95.348
80.641
95.724
4.630
0.111
74.875
630.698
59.946
89.323
111.735
4.627
0.072
81.868
95.935
85.258
103.405
83.915
4.193
0.097
98.713
96.207
107.359
100.553
99.811
100.957
4.559
0.127
99.174
110.259
102.004
98.695
107.643
100.252
2.923
0.104
82.085
111.488
87.970
100.467
101.328
108.758
2.895
0.101
95.882
86.666
106.541
100.620
102.197
100.220
3.173
0.106
97.395
115.698
110.029
101.841
103.133
105.034
4.600
0.100
98.148
94.067
109.328
97.511
83.201
96.998
2.744
0.114
79.389
111.989
87.226
99.584
105.466
100.433
5.369
0.105
78.507
108.049
89.293
105.080
102.936
80.527
5.006
97.353
0.130
77.516
104.984
92.911
102.025
87.552
77.728
3.745
0.109
80.991
102.186
92.602
96.772
102.888
100.376
3.951
0.112
96.103
109.787
102.649
101.933
103.185
103.572
4.014
0.097
94.067
95.951
108.188
101.095
101.140
98.262
4.011
0.108
104.907
108.219
90.015
103.436
83.406
86.197
4.261
0.107
81.961
87.040
95.746
100.058
81.146
100.764
4.345
0.111
79.805
108.100
86.184
102.638
100.885
101.785
4.075
0.105
94.608
89.226
106.602
104.386
99.253
77.488
4.544
0.097
102.887
91.346
94.528
103.412
85.026
106.773
3.707
0.104
80.129
89.811
91.373
102.877
104.970
97.916
4.378
0.111
77.685
108.261
88.469
101.905
100.560
108.985
4.279
0.098
96.914
88.532
89.882
105.028
100.335
83.558
4.763
0.099
100.935
85.625
94.093
102.251
102.727
102.400
4.521
0.115
104.732
110.232
89.214
100.296
105.969
98.594
5.138
0.112
80.729
112.742
89.439
99.868
99.183
100.032
3.836
0.104
101.779
85.972
93.747
104.963
673.208
61.654
91.935
112.244
3.626
0.084
110.758
121.121
106.210
4.057
0.080
108.090
118.101
85.571
105.074
106.139
3.356
0.096
105.674
115.620
109.085
105.423
89.055
5.820
0.094
107.022
101.575
97.364
111.119
86.041
80.845
6.168
0.126
85.973
110.951
92.600
110.765
106.531
82.754
6.002
0.103
114.623
110.118
96.729
104.951
87.496
107.695
4.685
0.138
87.059
110.959
94.093
105.680
111.378
104.263
5.327
0.106
82.590
115.995
96.636
112.696
90.543
88.984
4.503
0.133
84.184
87.613
96.021
104.690
108.210
109.671
3.084
0.111
102.125
92.465
109.848
107.790
104.926
109.461
3.218
0.102
99.931
94.265
108.177
114.247
105.279
85.613
4.494
0.108
105.693
94.100
98.392
106.040
87.309
103.225
3.450
0.131
80.254
112.524
110.443
104.815
105.551
103.931
5.019
0.092
107.765
111.813
96.202
106.511
85.753
106.532
4.199
0.124
104.343
100.099
94.232
107.571
107.368
104.287
4.301
0.109
102.457
111.090
110.600
103.351
105.241
103.634
4.987
0.119
101.110
115.059
107.198
107.597
107.688
103.457
5.075
0.106
104.198
117.952
119.602
105.777
85.313
106.074
3.107
0.095
106.688
113.680
92.642
108.048
112.520
103.375
4.710
0.097
84.649
113.107
93.361
105.720
109.251
111.547
3.877
0.136
104.860
94.204
96.061
110.223
110.769
110.642
3.700
0.101
78.882
98.863
123.769
105.255
84.316
102.478
3.710
0.108
104.378
110.139
90.740
104.158
110.003
103.798
3.924
0.100
79.772
112.865
113.443
107.376
116.054
103.486
4.859
0.097
84.588
109.769
89.084
108.950
115.479
101.296
3.757
0.101
94.858
113.243
94.107
105.324
641.551
69.507
97.956
101.581
119.427
3.614
0.097
89.264
122.181
114.313
114.410
113.023
3.510
0.098
113.255
123.668
89.962
113.816
117.812
4.934
0.102
95.451
100.978
92.339
112.491
88.665
5.364
0.112
109.337
123.341
116.556
112.916
117.991
112.528
4.327
0.104
87.958
97.821
114.583
111.896
116.409
107.621
4.971
0.126
87.748
114.946
93.953
109.041
115.103
108.095
4.449
0.136
108.845
114.334
112.774
111.837
110.871
111.310
5.401
0.093
108.300
115.817
109.863
111.002
117.481
107.528
4.559
0.106
87.828
118.321
93.882
111.480
114.108
108.029
5.221
0.104
87.668
119.135
103.409
111.043
87.298
108.834
3.915
0.132
108.745
119.534
117.443
113.024
108.846
113.270
2.941
0.130
106.507
97.018
119.467
114.131
109.776
109.270
4.982
0.136
104.274
121.987
116.578
109.805
108.811
116.979
5.455
0.104
111.032
98.431
96.804
112.870
94.275
87.035
4.597
86.061
0.146
81.637
90.720
114.081
110.012
107.452
105.104
4.245
0.102
110.450
107.367
96.282
116.826
110.771
84.783
4.523
161.231
0.135
108.447
93.705
97.995
107.201
110.599
108.572
4.672
107.506
0.144
100.609
94.376
110.533
110.463
110.621
110.100
3.554
0.111
110.917
114.984
93.951
109.544
114.183
107.643
4.916
0.118
144.712
121.298
101.646
110.038
92.172
111.162
4.209
0.136
95.768
110.565
96.434
109.594
111.604
113.360
4.332
0.127
106.386
97.621
114.935
109.071
109.802
108.078
4.349
0.112
108.193
115.596
117.289
113.030
112.674
88.902
3.555
0.130
111.929
114.781
94.363
110.359
114.474
107.892
5.036
88.332
0.096
111.071
91.976
92.042
110.214
106.249
663.721
73.713
99.594
100.484
3.183
0.076
116.628
128.159
111.832
123.361
4.287
0.096
110.232
106.764
113.929
112.642
108.536
4.123
0.129
108.258
123.565
112.877
116.811
110.768
94.736
6.036
0.140
104.132
94.281
116.254
107.374
111.507
112.145
3.882
0.134
106.427
95.052
112.516
110.924
115.300
108.724
3.761
87.038
0.114
109.752
90.972
89.730
107.606
106.319
112.331
4.471
0.119
107.709
91.786
104.998
107.862
95.852
108.558
3.980
0.124
85.810
114.499
93.496
110.362
111.046
110.032
5.066
107.857
0.106
104.226
92.792
117.363
115.769
89.530
91.731
6.168
0.111
88.641
92.621
99.415
109.797
111.796
96.802
3.854
85.851
0.113
83.271
107.271
100.696
104.744
87.920
113.302
5.830
107.578
0.120
82.221
97.147
94.121
108.575
107.480
113.428
5.564
104.912
0.130
82.062
91.213
91.039
106.184
106.928
108.253
4.668
0.112
109.288
109.983
99.956
110.496
112.566
113.509
3.535
0.140
86.247
99.267
95.831
111.056
115.890
105.566
4.168
88.499
0.129
113.347
90.293
95.502
116.080
111.776
111.908
3.651
0.140
176.794
110.068
97.878
112.994
113.312
97.416
3.831
107.187
0.106
84.023
119.298
96.294
109.967
110.391
84.422
5.850
152.552
0.130
108.045
89.325
92.327
105.255
114.845
108.107
2.771
0.101
86.692
118.398
94.287
107.787
108.588
114.781
4.857
0.130
104.876
99.984
118.410
112.136
112.183
111.798
4.488
0.105
88.831
120.899
107.770
113.622
88.807
3.597
0.101
89.977
120.325
95.855
114.938
112.903
94.071
3.982
0.124
107.233
94.757
117.218
111.551
111.032
108.852
4.794
0.133
111.812
116.426
97.576
114.196
95.120
5.053
0.105
109.993
105.303
115.991
115.128
113.952
107.818
4.237
0.118
90.895
121.111
98.445
673.389
74.276
101.888
98.102
5.691
0.106
100.204
107.615
108.689
137.504
139.976
138.738
143.728
143.048
3.941
0.154
136.974
152.745
138.356
139.767
141.282
144.814
146.991
143.490
4.134
0.140
141.624
143.043
136.300
140.229
144.832
138.451
140.244
144.750
4.375
0.148
139.791
153.449
141.575
139.387
141.650
141.754
144.965
137.022
3.808
0.126
138.137
144.027
141.694
150.103
140.213
137.770
139.338
142.197
3.233
0.716
137.948
143.667
139.761
141.479
137.828
142.296
137.091
138.058
142.808
5.177
0.158
136.468
139.155
140.441
150.629
144.223
141.270
137.769
139.227
3.215
0.130
146.742
138.644
141.640
141.005
141.590
141.491
147.365
140.085
132.922
5.072
0.136
140.499
140.904
141.447
136.122
139.453
146.345
141.190
140.859
135.319
2.901
0.153
132.816
139.384
140.502
136.840
140.927
141.591
138.651
139.424
135.468
5.257
0.144
139.418
141.998
148.809
141.895
148.980
143.892
140.871
145.174
142.319
4.311
0.153
132.445
138.869
148.038
141.489
143.221
150.129
148.310
139.966
136.765
3.831
0.155
143.078
139.738
139.622
139.313
144.355
149.192
143.741
139.320
137.587
3.411
0.125
151.567
621.748
76.263
4.858
0.074
101.216
104.540
119.472
114.922
4.693
0.100
122.382
127.877
94.603
127.887
134.761
144.230
143.008
139.675
138.695
3.293
0.145
138.433
142.069
143.323
140.486
143.306
142.570
149.368
142.819
144.900
3.238
0.149
141.907
139.698
139.838
147.067
141.979
144.449
141.062
146.347
137.951
4.535
0.141
136.090
141.792
141.863
138.012
142.509
140.433
141.012
137.877
139.865
3.333
0.145
136.214
141.158
137.847
146.788
141.264
143.175
138.244
140.909
138.233
2.757
0.167
147.345
139.346
145.571
141.563
142.800
141.270
141.385
142.812
142.818
2.959
0.142
140.678
143.670
144.775
136.956
139.667
150.366
141.590
137.512
137.981
3.396
0.159
193.260
140.787
128.761
144.499
137.826
148.480
137.259
142.475
2.813
0.131
139.204
139.893
138.484
140.914
138.270
147.704
141.464
141.334
138.669
3.889
0.166
191.768
142.676
125.400
139.185
138.294
149.073
141.923
144.128
2.690
0.157
140.448
139.028
141.373
143.984
140.947
144.732
142.918
147.515
134.365
2.839
0.161
134.998
147.772
144.335
139.792
141.665
139.862
141.552
141.009
141.184
3.464
0.161
139.096
147.068
147.077
138.719
138.625
144.072
140.578
140.429
135.819
3.716
691.231
73.372
106.017
4.522
0.084
107.439
103.596
97.482
3.049
0.094
119.022
106.993
95.533
123.305
143.782
139.294
145.229
137.070
138.914
3.424
0.136
187.163
146.389
146.439
135.483
141.014
136.498
145.552
139.866
3.087
0.152
139.160
143.438
143.103
142.239
138.889
139.493
138.332
138.925
142.725
3.962
0.154
135.838
150.909
145.840
139.871
139.377
143.275
137.729
143.919
138.480
4.358
0.158
139.036
137.210
142.801
137.179
142.594
138.188
145.614
142.001
136.699
4.000
0.145
139.592
143.720
143.700
137.870
142.187
142.249
144.060
145.999
140.769
3.332
0.167
138.995
138.833
148.726
139.038
144.066
141.365
142.747
139.471
144.289
3.318
0.135
143.027
143.529
141.314
144.569
147.237
142.984
137.877
140.319
147.838
4.999
0.156
141.383
124.988
146.895
139.928
145.292
141.993
145.119
148.457
4.059
0.160
135.094
144.202
144.657
137.102
141.972
137.662
141.654
143.608
4.132
0.149
147.412
143.349
116.064
142.213
147.579
146.343
145.558
134.491
3.910
0.162
135.753
144.984
146.867
142.729
142.863
145.678
144.834
142.269
135.420
3.205
0.159
141.686
138.170
143.778
137.573
146.604
141.693
139.152
142.355
135.729
4.000
0.163
137.053
142.198
146.286
137.364
147.135
141.176
141.042
141.781
136.393
3.532
0.131
752.571
77.295
5.099
0.063
107.482
106.838
142.374
122.326
97.195
5.057
0.113
118.998
134.830
117.579
120.172
118.739
3.410
124.456
0.121
119.524
107.400
121.542
132.850
132.399
4.408
0.145
102.871
117.160
129.456
124.582
131.745
120.524
4.895
0.126
97.644
131.386
130.725
126.246
132.352
132.322
3.333
0.123
108.029
104.427
105.248
125.243
131.374
124.875
2.322
0.113
99.488
138.968
116.088
124.983
109.640
121.819
3.392
0.135
105.181
127.146
109.304
123.395
125.364
128.942
4.767
133.884
0.139
105.613
104.105
102.824
127.841
124.713
99.357
4.681
0.130
124.913
127.877
110.233
132.852
123.167
106.309
4.050
0.120
126.014
111.572
129.123
131.219
124.384
125.242
4.524
0.112
125.869
137.578
125.864
131.202
129.897
123.756
3.697
0.135
126.467
153.801
127.784
138.429
142.689
142.287
140.474
140.187
4.381
0.153
140.574
144.665
147.923
138.591
142.006
136.951
140.589
3.736
0.140
141.672
149.751
138.379
138.679
148.589
152.248
139.912
134.709
4.007
0.146
193.053
152.212
121.157
142.197
144.707
137.242
135.273
3.805
0.128
146.208
143.697
138.786
137.839
143.724
137.613
138.868
145.276
3.320
0.116
149.372
181.398
119.380
144.374
146.910
134.613
140.556
142.374
2.917
0.124
152.165
137.720
126.272
146.973
143.941
144.020
147.852
139.392
2.988
0.118
142.645
141.465
143.983
142.135
143.683
144.256
141.290
144.556
3.602
0.158
139.932
143.236
140.237
138.407
144.906
147.838
145.771
140.833
3.578
0.132
150.097
147.356
121.501
138.462
139.282
660.660
80.039
4.826
103.904
0.079
97.058
130.336
116.214
3.610
0.089
124.965
142.485
127.333
131.451
133.978
128.409
3.083
0.135
125.061
138.716
138.445
131.020
141.171
136.316
132.438
3.545
0.128
130.865
137.616
134.329
130.482
136.418
137.009
4.153
0.146
132.802
142.022
135.364
140.107
138.609
134.431
136.094
4.302
0.143
134.070
138.643
137.269
139.237
135.682
130.995
129.185
3.547
0.137
134.712
136.813
140.206
139.457
140.271
144.824
150.002
145.321
147.488
140.425
2.598
0.175
144.548
145.717
155.820
144.283
145.531
150.571
146.227
146.506
154.743
139.941
3.559
0.162
151.171
147.459
152.069
142.516
143.210
153.558
146.574
147.213
146.754
144.589
3.431
0.138
188.732
196.557
155.160
148.892
153.936
143.434
152.311
147.839
144.641
144.079
3.348
0.147
144.259
152.067
148.231
149.690
149.555
146.887
150.914
147.786
147.844
152.944
3.141
0.129
150.537
148.641
150.804
145.539
151.313
152.477
144.575
151.142
154.291
141.504
3.142
0.159
142.944
153.734
195.347
145.782
151.877
146.698
151.748
148.266
148.723
143.074
4.107
0.151
140.049
149.908
156.290
142.631
143.776
183.505
146.649
146.779
148.775
149.825
3.079
0.160
142.515
148.563
156.784
164.547
147.196
153.025
145.408
146.026
145.081
147.512
4.837
0.155
144.772
148.792
148.551
194.345
149.742
146.514
157.249
163.238
515.156
80.291
105.413
3.510
0.068
101.611
96.829
100.597
4.036
0.088
117.391
109.341
95.669
118.805
119.701
3.640
118.202
0.098
104.218
109.895
97.462
125.670
120.591
4.160
99.215
0.145
128.218
96.579
101.920
120.618
99.662
93.280
4.371
0.153
145.637
121.481
114.101
137.795
140.791
144.946
141.166
2.711
0.130
186.803
141.505
136.896
150.695
148.127
143.074
146.549
2.375
0.141
140.866
146.667
141.828
143.681
144.431
142.852
160.003
3.129
0.149
144.087
149.237
147.368
149.904
143.655
141.690
144.151
137.440
3.705
0.135
141.315
142.858
149.621
142.359
145.541
140.406
146.328
144.970
3.129
0.135
147.427
140.468
121.387
139.160
141.690
143.466
141.347
50.529
0.156
153.597
193.283
117.121
146.077
147.111
145.246
147.191
142.795
3.679
0.160
141.979
141.127
144.079
146.566
153.344
156.716
149.975
153.955
150.867
141.923
2.817
0.134
148.724
152.774
153.498
144.835
146.081
150.973
157.542
145.761
147.854
148.333
3.710
0.161
195.141
163.596
146.149
154.191
149.737
146.480
149.169
151.023
144.058
145.465
3.031
0.154
193.926
196.792
195.694
144.961
119.369
145.709
148.829
150.415
150.063
143.793
2.268
0.176
197.971
197.646
133.374
125.196
147.426
152.965
154.327
153.799
150.017
150.416
145.267
3.493
0.182
152.787
150.094
154.758
151.521
151.147
149.149
151.142
161.025
152.561
145.449
153.306
142.338
3.500
0.173
154.321
153.321
157.403
149.076
150.212
151.505
676.507
74.968
107.882
3.399
0.065
176.410
101.365
152.131
129.738
7.308
0.112
98.869
111.501
114.118
100.161
105.068
3.916
0.151
103.636
115.640
157.346
111.437
128.082
129.404
6.327
0.111
137.961
139.928
124.645
143.816
154.755
146.479
124.900
4.610
0.151
188.095
198.178
146.824
146.958
199.705
142.370
177.485
139.708
4.154
0.151
124.425
142.133
130.211
141.493
145.388
150.232
148.599
2.997
0.150
143.447
148.967
151.455
147.738
154.652
155.186
142.951
147.447
151.912
3.772
0.157
144.897
152.448
146.779
152.941
144.405
146.147
152.726
150.123
153.913
140.935
3.235
0.137
148.543
151.287
153.333
145.471
151.394
155.560
155.772
156.472
146.700
143.327
2.546
0.168
150.832
151.527
204.235
202.657
195.092
125.882
150.412
154.427
151.663
3.340
0.159
150.754
148.573
153.333
160.863
154.238
145.462
149.871
157.753
171.553
157.514
4.610
195.253
0.161
150.190
198.326
146.665
144.985
150.788
153.006
152.701
144.688
146.716
3.260
0.167
201.410
203.043
140.098
119.969
148.879
156.746
143.397
146.391
145.454
153.925
3.790
0.142
153.819
151.728
152.628
151.505
150.600
148.123
199.007
151.241
151.522
151.178
148.880
3.226
0.159
148.138
153.301
197.865
149.110
147.920
156.447
199.710
148.723
150.733
152.441
155.867
4.759
0.781
145.343
146.549
151.745
210.126
147.670
128.773
153.122
159.141
155.021
156.926
152.877
2.609
0.141
706.049
87.533
3.880
0.082
112.295
162.448
131.548
106.795
6.205
0.103
107.873
132.541
142.077
139.799
139.927
138.591
139.696
146.738
3.033
0.156
143.943
138.312
121.037
152.508
153.810
135.112
153.488
146.066
3.769
0.136
148.821
150.706
160.161
148.507
156.319
146.357
171.376
148.482
120.908
1.977
153.764
0.124
150.406
128.922
129.130
153.002
157.037
161.446
2.166
0.157
197.905
201.518
206.889
141.912
129.970
156.347
157.462
152.835
198.100
2.350
155.225
0.157
157.641
143.981
127.506
154.225
162.338
151.838
207.316
152.942
2.241
0.132
130.552
149.900
131.011
151.844
207.099
195.359
125.167
147.732
128.803
151.151
4.536
157.400
0.153
196.045
193.017
196.734
137.951
143.855
146.756
172.373
149.287
3.958
130.455
0.152
144.949
130.746
154.982
155.596
202.442
143.285
198.334
129.216
4.321
0.173
152.297
175.546
150.297
178.174
152.046
167.761
205.950
2.940
0.171
134.331
138.312
141.123
142.498
148.317
154.747
192.325
145.411
3.495
0.149
122.822
147.178
181.763
214.593
147.772
128.649
195.391
2.032
0.137
189.515
144.424
128.687
149.293
143.055
134.130
182.703
149.678
3.612
134.737
0.172
151.300
140.441
151.847
151.123
148.405
179.714
151.148
5.400
0.153
132.444
157.114
136.101
175.704
141.792
129.123
160.694
3.338
0.175
156.528
167.274
167.036
185.070
153.311
155.616
155.849
130.875
4.654
0.166
168.416
160.232
163.918
174.559
51.159
22.772
1.653
0.038
107.799
262.535
49.786
1.066
0.049
282.055
228.870
205.312
1.655
0.074
63.232
63.354
39.177
4.246
0.073
52.392
93.845
59.389
5.728
0.104
59.361
105.371
110.529
68.581
5.353
0.087
71.853
81.065
63.277
72.012
4.653
0.091
54.403
89.254
89.032
59.519
6.882
0.092
57.104
85.932
80.265
75.204
8.274
0.084
57.930
87.990
77.858
60.675
8.927
59.257
0.090
61.312
77.546
73.479
77.113
6.315
0.101
58.992
79.762
84.645
77.604
8.187
0.122
65.435
89.398
83.369
84.836
8.223
0.078
84.434
130.619
121.541
5.711
0.107
124.548
129.090
103.079
7.791
0.107
120.749
115.452
94.337
8.869
0.110
124.914
140.593
109.553
8.962
0.111
140.784
143.489
139.702
7.985
0.109
134.185
143.664
134.561
5.956
0.088
138.838
154.262
147.544
6.146
0.108
153.475
154.719
125.838
7.350
0.095
146.135
157.327
148.384
4.432
0.106
154.725
147.848
146.397
4.926
0.106
144.733
160.073
153.661
4.522
0.086
152.831
165.648
211.181
7.498
154.859
0.082
140.429
212.839
154.404
4.411
0.127
160.573
161.356
147.617
134.007
1.351
0.103
42.190
31.166
1.205
0.043
138.131
115.961
65.752
62.100
71.323
38.036
0.051
260.199
189.083
35.683
22.914
1.187
0.037
113.131
91.082
24.472
56.790
1.204
0.041
250.547
301.826
165.489
183.314
1.690
0.788
42.859
25.626
37.956
53.174
49.419
40.063
3.483
0.084
41.162
73.352
52.570
45.995
3.623
0.091
47.492
100.580
89.697
51.498
3.224
0.075
