20
23
59
72
104
33
7
7
25
11
113
94
128
145
154
175
322
334
386
418
437
777
981
994
1050
1142
1220
1266
1285
201
597
769
885
965
1458
1472
1491
1365
1557
1784
1596
1373
511
492
540
575
499
613
671
1093
921
1267
1287
1674
1618
2135
2105
2387
2561
2714
2893
1946
1812
2866
3090
3068
3177
3277
3371
3311
3475
2393
2559
3545
3607
3505
3423
2308
2557
3509
3573
3507
2455
2786
3543
3585
3535
2577
2926
3589
3579
3891
2311
2647
3891
3995
3979
4027
2517
2777
4073
4087
4391
4093
4217
1973
4397
4487
4445
4483
4511
3051
4551
4577
4445
3251
3643
4523
4571
4483
3763
4639
2777
4661
4617
4683
4122
397
374
427
924
974
1030
1138
1156
1579
1632
1968
2208
2399
1963
1946
2315
2499
2530
2342
2604
2624
2704
2712
2744
3450
2855
3012
3128
3232
2278
2550
3302
3356
3411
2953
3385
3437
3473
3453
3201
3701
4537
4599
4117
2800
3248
4693
4701
4483
3005
3395
4565
4647
4441
3033
3673
4653
4729
4613
2765
3109
4697
4777
4595
4675
3369
3841
4757
4841
4923
4797
2815
3390
4967
5282
456
457
491
992
1012
822
1074
953
1041
2054
2236
2306
2374
2402
1870
1978
2302
2274
2346
2396
2446
2210
2379
2515
2600
2656
2694
2732
2626
2802
2078
2866
2922
2864
2902
2946
2066
2661
2982
3014
3100
3102
3070
3146
2381
3174
3204
3162
3362
2908
3242
3340
3410
3364
3340
3488
4276
4284
4330
4344
4326
4378
2878
3263
4346
4338
4374
5162
3182
3970
5230
5296
5142
5156
3214
3602
5238
5318
5090
2982
3350
5174
5252
5084
2788
3460
5164
5248
5134
3190
3740
5216
5296
5140
2671
3146
5222
5302
5140
3146
3872
5220
5302
5138
2896
3200
5220
5298
5298
3162
3711
5306
5078
5570
5376
4846
5448
2278
5534
5614
5528
5498
5464
5536
3806
4295
5614
5622
5230
3458
4012
5298
5380
5214
2753
3468
5292
5378
5358
3338
3676
5338
5230
5474
5484
5038
5508
3320
4084
5592
5314
5896
5516
5568
4368
5276
5644
5730
5474
5440
5520
4268
4926
5600
4842
2296
4013
3979
4438
4499
4611
4583
3893
4385
4717
4739
4731
2561
475
509
558
989
996
2198
1730
1888
1786
2016
2454
2726
2807
2562
2321
2513
2897
2895
2343
2533
3127
3561
3694
3895
4013
4369
4417
4467
4521
3475
4335
4559
4593
4535
4493
3551
4507
2272
4539
4563
4527
3775
4501
2040
4563
4583
4547
4517
2030
2913
4493
4575
4553
3911
4421
4507
4499
4445
4589
5065
2039
5135
5199
4021
4229
5019
5333
4107
517
536
604
1019
1053
1149
1405
1493
1747
2261
2288
2348
2386
2034
2035
476
463
488
740
852
810
1034
935
976
1016
2064
2090
2338
2440
1932
2144
2302
2510
2613
2777
2967
3136
3277
3375
3435
2416
2445
3521
3605
3515
3497
3509
3549
2026
2061
3609
3669
3603
3625
1918
1942
3677
3691
1739
3568
1458
1461
3630
3650
3664
1727
1746
1986
3641
1549
1599
3681
3643
3661
1777
1824
3673
3677
3677
1787
1815
3681
3679
3681
1889
1930
3683
3673
3683
1882
1933
3679
3675
2352
3710
1578
1606
3724
3638
3663
1787
1843
3671
3677
3681
1859
1903
3681
3677
3683
1867
1911
3683
3681
3685
1877
1937
3679
3675
3689
1991
2053
3679
3675
3685
1983
2047
3687
3673
3681
1917
1967
3679
3675
3685
1891
1937
3679
2990
3714
1752
1874
3730
3638
3745
2001
2045
3669
3677
3679
1899
1975
3681
3675
3687
1921
1980
3675
3673
3687
1933
1971
3685
3681
3677
1928
1979
3687
3677
3691
1947
1993
3679
3683
3691
1932
1981
3685
3677
3677
1989
2062
3685
3683
3687
2115
2223
3677
3671
3681
2035
2131
3681
3683
3681
2158
2244
3687
3683
3675
2129
2254
3679
1995
3709
1851
1919
3727
3643
3663
1893
1959
3665
3677
3683
1983
2043
3679
3675
3683
1930
1987
3683
3683
3691
1997
2074
3683
3675
3683
1965
2030
3681
3675
3681
1983
2083
3683
3683
3687
2011
2085
3681
3685
3685
2031
2107
3681
3681
3683
2043
2117
3671
3771
3685
2050
2129
3675
3683
3695
1982
2040
3685
3677
3679
2035
2131
3681
3679
3681
2049
2141
3685
3671
3679
2048
2121
3685
3675
3757
2239
2304
3685
3673
3687
2029
2121
2379
3706
1832
1912
3720
3732
3665
2054
2151
3673
3673
3685
2041
2139
3675
3679
3685
2066
2163
3683
3685
3687
2115
2203
3687
3683
3683
2029
2183
3679
3677
3679
2053
2198
3685
3679
3687
2074
2199
3679
3681
3677
2074
2173
3677
3683
3685
2113
2203
3677
3681
3687
2121
2208
3681
3673
3683
2047
2171
3683
3683
3689
2051
2182
3683
3673
3749
2173
2266
3679
3683
3675
2131
2255
3673
3769
3683
2113
2202
3681
3683
3689
2141
2238
3687
3677
3685
2155
2251
3687
3681
3687
2262
2366
3687
3677
3683
2179
2277
3687
3671
3404
3711
3729
3643
2291
2501
3649
3665
3687
2371
2575
3677
3681
3689
2114
2241
3685
3681
3683
2157
2338
3683
3681
3683
2186
2289
3679
3671
3683
2169
2309
3685
3677
3683
2178
2275
3687
3677
3671
2197
2299
3679
3679
3691
3673
2304
2422
3765
3677
3751
2257
2397
3681
3681
3685
3677
2234
2362
3679
3685
3683
3683
2252
2361
3683
3683
3693
3675
3771
2321
2426
3681
3779
3759
3681
3677
3689
2347
2480
3703
3695
3771
3695
3673
3777
2428
2519
3687
3789
3695
3693
3679
3683
2592
2793
3685
3783
3687
3693
3683
3679
2465
2666
3783
3693
3761
3695
3669
2432
2602
3542
3700
3714
3728
2268
2362
3644
3657
3679
2129
2280
3681
3671
3681
2149
2303
3677
3681
3679
2317
2443
3681
3687
3693
2387
2603
3679
3671
3683
2249
2371
3679
3675
3689
2255
2455
3675
3771
3679
3671
2486
2711
3685
3683
3691
3675
3769
2656
2944
3677
3781
3697
3687
3675
3683
2654
2817
3697
3695
3703
3699
3675
3783
2695
2953
3685
3783
3703
3687
3679
3685
2632
2776
3689
3691
3709
3689
3679
3683
2450
2595
3691
3701
3705
3689
3675
3687
2572
2747
3677
3783
3761
3683
3680
3681
2517
2743
3791
3699
3771
3697
3677
3683
2785
2979
3687
3697
3699
3695
3681
3675
2559
2743
3699
3693
3703
3687
3669
3779
2614
2749
3689
3789
2907
3695
3715
3730
2422
2576
3646
3652
3677
2296
2435
3683
3677
3679
2303
2478
3679
3687
3683
3681
2275
2406
3681
3677
3747
2267
2412
3683
3677
3691
3681
2353
2529
3673
3689
3689
3685
3683
2443
2699
3691
3697
3697
3685
3677
3685
2493
2652
3689
3697
3705
3683
3679
3685
2498
2655
3691
3683
3747
3691
3681
3683
2589
2761
3689
3689
3751
3691
3673
3771
2896
3175
3771
3777
3761
3679
3767
3765
2754
2933
3781
3697
3767
3699
3683
3775
2923
3184
3693
3691
3699
3689
3671
3681
2807
3027
3689
3697
3705
3693
3671
3689
2673
2861
3691
3695
3705
3687
3679
3773
2567
2779
3683
3787
3695
3689
3685
3691
2596
2757
3689
3685
3755
3685
3675
3689
2801
3023
3685
3783
3699
3687
3691
3683
2572
2729
3681
3779
2070
3710
3724
3630
2386
2598
3744
3658
3677
2645
2833
3677
3681
3679
3685
2443
2597
3683
3683
3695
3685
3675
2849
3137
3673
3791
3695
3671
3773
2923
3181
3685
3688
3711
3687
3675
3683
2615
2791
3687
3679
3751
3683
3673
3679
2635
2878
3703
3697
3701
3687
3667
3769
3039
3219
3771
3781
3759
3695
3683
3691
2621
2854
3689
3701
3709
3697
3681
3675
2589
2783
3781
3695
3695
3689
3679
3681
2671
2861
3695
3695
3701
3685
3679
3679
2912
3168
3685
3697
3701
3699
3669
3759
3002
3194
3783
3677
3755
3689
3759
2963
3331
3761
3777
3759
3685
3679
3689
2785
3037
3701
3707
3701
3689
3683
3681
2688
2843
3687
3791
3689
3691
3673
3775
3003
3286
3687
3685
3765
3689
3679
3679
2996
3237
3687
3695
3705
3685
3683
3683
2989
3147
3689
3699
3699
3695
3677
3673
2659
2820
3783
3689
2721
3690
3710
3724
2302
2470
3642
3662
3681
3675
2535
2713
3679
3679
3693
3673
3769
2669
2865
3681
3679
3761
3685
3769
2638
2953
3683
3783
3689
3689
3677
3685
2757
2966
3689
3701
3695
3693
3677
3681
2948
3152
3685
3695
3689
3695
3677
3691
2569
2757
3685
3781
3693
3685
3689
3681
2692
2946
3693
3701
3693
3695
3675
3691
2725
2986
3693
3693
3757
3691
3675
3781
3104
3369
3681
3785
3693
3689
3687
3685
2852
3050
3689
3787
3697
3693
3679
3689
2730
2981
3693
3697
3701
3689
3683
3683
2969
3231
3691
3699
3709
3681
3769
3677
2722
2954
3791
3693
3769
3691
3671
3693
2789
2980
3689
3779
3759
3685
3675
3779
3086
3283
3691
3781
3695
3693
3679
3681
2696
2940
3693
3685
3761
3683
3773
2883
3114
3681
3783
3697
3691
3677
3693
3012
3219
3683
3783
3761
3689
3679
3687
3121
3341
3697
3699
3705
3683
3681
3681
2725
2984
3697
3689
3759
3679
3769
2729
2949
2984
3681
3709
3625
2339
2630
3731
3659
3673
2921
3197
3665
3765
3753
3677
3677
2741
2955
3683
3699
3707
3681
3769
2592
2849
3675
3777
3689
3677
3679
3689
2817
3051
3693
3703
3703
3689
3677
3687
2695
2989
3689
3693
3753
3691
3673
3695
3060
3289
3693
3695
3765
3683
3687
3691
2852
3042
3689
3689
3761
3693
3683
3679
3045
3371
3679
3787
3699
3693
3671
3765
2787
3094
3771
3777
3765
3687
3685
3689
2957
3229
3697
3693
3759
3695
3687
3691
2967
3290
3683
3691
3703
3693
3681
3685
3068
3335
3687
3693
3697
3691
3675
3671
3051
3406
3779
3695
3759
3689
3679
3677
2974
3307
3779
3697
3755
3695
3675
3775
2909
3093
3681
3777
3759
3693
3685
3683
2716
3002
3687
3691
3757
3697
3667
3773
3046
3382
3763
3775
3751
3757
3677
3775
2933
3205
3693
3787
3705
3685
3673
3775
3000
3236
3681
3789
3705
3679
3675
3777
2837
3104
3681
3785
3705
3677
3771
3673
3213
3485
3785
3695
3755
3685
3763
2792
3030
3771
3769
3759
3687
3681
3695
2918
3151
3299
3710
3722
3737
2373
2624
3653
3654
3685
2836
3209
3833
3823
3827
3823
2721
3017
3813
3925
3825
3829
3829
3165
3439
3835
3831
3833
3823
3831
3833
3204
3518
3833
3833
3897
3839
3823
3831
3111
3442
3823
3927
3841
3821
3831
3831
3268
3610
3827
3933
3845
3825
3829
3813
2818
3050
3929
3837
3903
3827
3821
3923
2991
3299
3823
3917
3897
3843
3827
3817
3088
3552
3917
3925
3905
3837
3833
3829
3243
3542
3931
3841
3917
3831
3831
3829
3292
3647
3923
3917
3901
3839
3821
3923
3266
3564
3829
3929
3917
3827
3921
3825
2901
3134
3929
3825
3901
3833
3835
3833
3267
3635
3843
3845
3849
3831
3819
3833
2887
3070
3835
3845
3837
3835
3819
3929
2882
3203
3837
3847
3857
3839
3821
3831
2891
3287
3833
3833
3897
3835
3827
3833
3304
3670
3823
3923
3897
3829
3821
3831
3202
3549
3837
3851
3853
3833
3821
3819
3175
3611
3835
3835
3893
3831
3825
3833
3213
3480
3837
3843
3895
3831
3821
3825
2661
3105
3921
3915
3907
3839
3825
3821
2649
2928
3937
3845
3909
3097
3838
3866
3782
2580
2893
4022
3944
4031
2766
3109
3961
4059
3963
3959
3971
3289
3694
3969
4075
3979
3957
4047
4065
3034
3287
3975
3985
3995
3981
3973
3969
2857
3121
3977
3979
3981
3969
3955
3973
2938
3223
3983
3971
4041
3975
3965
3971
3314
3658
3975
3989
3983
3971
3969
3969
3201
3681
3969
4061
4033
3977
3969
3961
3008
3276
4069
4069
4045
3981
3979
3965
3007
3332
4063
4079
4065
3981
3963
3967
3463
3857
4075
3981
4055
3983
3955
4063
3437
3753
3965
4083
3983
3973
3969
3971
3048
3293
3973
3975
4047
3979
3973
3975
2951
3291
3987
3979
3991
3973
3963
3975
2886
3157
3973
3975
4035
3979
3951
4067
3518
3945
3969
4073
4053
3973
3961
3961
3379
3849
4073
3991
3989
3979
3963
3961
3362
3833
4055
4065
4043
3973
3973
3973
3117
3413
3985
3985
3987
3983
3957
4055
3385
3915
4075
3971
4039
3969
4057
3977
3025
3533
3985
3993
3983
3965
3963
4057
3321
3609
3973
3985
3983
3971
3963
3961
2870
3206
4069
3971
4051
3979
3973
3983
2735
3079
3979
4087
3993
3055
3993
3997
3919
2439
2762
4019
4033
4045
2945
3273
3961
4063
4585
4655
4627
2883
3313
4647
4639
4567
4643
4633
3275
3743
4639
4651
4573
4645
4641
3329
3705
4637
4647
4569
4627
4635
3331
3788
4639
4641
4575
4651
4631
3279
3727
4635
4639
4575
4649
4619
4719
3479
3941
4739
4645
4625
4637
4625
4623
3403
3717
4643
4647
4587
4645
4633
4639
2943
3319
4647
4649
4577
4643
4633
4633
2739
3004
4651
4643
4581
4637
4633
4637
3513
3913
4645
4645
4587
4651
4631
4639
3121
3489
4641
4649
4581
4643
4641
4629
3401
3865
4637
4649
4577
4645
4629
4633
3282
3702
4641
4637
4577
4641
4637
4639
3407
3763
4643
4641
4585
4655
4637
4645
3793
4083
4641
4641
4581
4653
4629
4643
3463
3967
4635
4647
4587
4649
4615
4737
3079
3391
4639
4647
4607
4643
4629
4641
3029
3469
4633
4651
4575
4641
4633
4645
3397
3826
4637
4647
4573
2052
4036
3000
3582
4036
3988
4126
4134
4128
3334
3793
4130
4238
4165
4137
4235
3429
3886
4249
4139
4213
4151
4235
4147
3997
4157
2561
4161
4167
4237
4161
4153
4147
3165
3661
4257
4151
4223
4153
4149
4151
3247
3578
4155
4165
4171
4165
4149
4151
3005
3365
4141
4249
4217
4153
4141
4155
3022
3435
4163
4157
4211
4151
4143
4147
3449
3994
4163
4157
4169
4161
4139
4147
3488
3937
4153
4157
4159
4155
4143
4151
3654
4151
2096
4163
4169
4159
4143
4235
4145
2955
3323
4251
4251
4241
4161
4151
4159
3156
3591
4159
4159
4233
4153
4159
4143
3215
3595
4255
4145
4221
4155
4147
4155
3249
3565
4161
4167
4155
4157
4149
4151
2969
3297
4149
4161
4151
4157
4145
4143
2951
3395
4155
4165
4163
4157
4141
4149
3083
3430
4155
4159
4155
4159
4153
4145
3095
3407
4255
4167
4165
4149
4143
4147
3769
4161
2359
4159
4167
4165
4157
4135
4247
3534
4125
4157
4261
4161
4159
4147
4155
3043
3347
4155
4157
4169
4159
4145
4151
3894
4157
2404
4167
4145
4217
4159
4145
4159
3551
4073
4171
4147
4221
4155
4151
4149
3605
3997
4165
4151
4217
2445
4019
4031
4059
3013
3333
4237
4181
4169
4195
2991
3306
4183
4173
4245
4195
4173
3005
3394
4281
4193
4267
4187
4283
3157
3465
4177
4287
4245
4199
4183
4189
3432
3917
4201
4201
4215
4195
4189
4183
3013
3716
4197
4203
4205
4197
4195
4187
2765
3141
4297
4195
4213
4209
4181
4197
3166
3623
4179
4281
4245
4187
4177
4279
3092
3463
4191
4299
4199
4193
4179
4285
3579
4059
4195
4193
4205
4211
4179
4187
3426
3921
4193
4183
4247
4189
4177
4195
3435
3735
4195
4189
4249
4195
4191
4199
3519
3994
4195
4301
4193
4197
4197
4179
3721
4197
2187
4195
4301
4271
4187
4281
4299
3240
3537
4185
4311
4217
4193
4187
4191
3057
3708
4197
4195
4183
4193
4167
4269
3543
4212
4279
4295
4261
4193
4199
4195
3817
4205
2270
4205
4213
4227
4211
4203
4175
3681
4217
4305
4199
4273
4193
4279
4179
2909
3324
4293
4189
4263
4207
4191
4185
3039
3408
4199
4187
4263
4189
4277
4195
3581
4105
4201
4195
4261
4187
4265
4279
3621
4285
4297
4195
4269
4209
4183
4191
3275
3771
4199
4191
4255
4193
4177
4191
3400
4035
4203
4205
4201
4179
4269
4191
3127
3603
4291
4191
4273
4203
3327
4010
4730
4730
4798
4885
4968
5050
5056
5052
3490
3918
5070
5082
4921
4959
5037
5077
5075
3677
4140
5077
5081
4903
4961
5035
5067
5073
3627
4011
5071
5079
4899
4963
5037
5073
5077
2959
3191
5071
5089
4907
4951
5025
5075
5073
5067
3547
3980
5083
5081
4973
4973
5043
5083
5069
3625
4149
5077
5079
4913
4963
5037
5073
5065
5075
3397
3721
5081
5085
4979
4959
5039
5073
5051
5085
3678
4132
5053
5185
5007
4999
5065
5073
5075
3608
4341
5093
5091
4935
4953
5029
5071
5071
5067
3671
4183
5087
5091
4963
4959
5037
5081
5067
5065
3209
3565
5081
5087
4977
4961
5035
5077
5075
5075
3290
3630
5079
5075
4977
4963
5037
5075
5061
5085
3149
3437
5069
5087
4973
4961
5035
5071
5065
5077
3431
3755
5083
5073
4973
4963
5037
5071
5065
5063
3765
4334
5057
5165
5123
5035
5071
5081
3100
3445
5073
5071
4657
3995
3261
3741
4001
4019
4809
4809
4879
4911
4903
3689
4185
4901
4901
4875
4885
4901
4899
3241
3449
4901
4907
4767
4849
4909
4891
4915
3675
4279
4911
4913
4789
4845
4905
4905
4905
3583
3983
4915
4913
4801
4851
4911
4905
4901
3328
3804
4903
4909
4799
4849
4901
4917
4913
3240
3779
4903
4907
4801
4847
4907
4897
4915
3805
4056
4909
4913
4805
4847
4901
4899
4907
3649
4233
4921
4915
4807
4851
4899
4909
4895
3213
3713
5009
4913
4833
4879
4889
4997
3162
3565
4905
4921
4791
4837
4907
4901
4905
3959
4467
4911
4915
4787
4839
4899
4891
4911
3681
4153
4913
4907
4803
4851
4905
4901
4919
3635
4143
4915
4911
4807
4851
4901
4909
4913
3369
3697
4913
4903
4807
4853
4905
4907
4909
3732
4502
4899
4913
4807
4855
4901
4887
4911
3222
3966
4911
4923
4807
4849
4907
4883
4887
3835
4336
4995
4913
4831
5137
5211
5287
5289
5303
3755
4159
5315
5297
5243
5159
5233
5313
5305
5295
3487
4015
4587
4051
4049
1755
2196
4071
4087
4255
4247
4343
3071
3431
4243
4363
4275
4275
4247
4261
3073
3389
4269
4269
4275
4385
4375
4389
2982
3328
4393
4399
4401
4373
4459
4377
3099
3554
4487
4401
4387
4796
4815
4819
3864
4316
4829
4841
4703
4783
4807
4811
3835
4224
4811
4817
4705
4787
4821
4827
3634
4273
4809
4821
4705
4783
4797
4821
3675
4046
4827
4813
4827
5163
5229
5309
5329
5331
3408
3653
5309
5339
5127
5127
5203
5287
5327
5327
5339
4173
4885
5305
5351
5171
5137
5209
5291
5329
5327
5339
3910
4578
5297
5343
5181
5143
5221
5305
5335
5333
5341
3523
4019
5291
5325
5177
5137
5207
5293
5315
5319
5341
3257
3466
5305
5331
5183
5139
5213
5297
5339
5333
5323
3970
4791
5323
5325
5183
5137
5211
5293
5329
5335
5341
4087
4526
5327
5335
5191
5133
5209
5289
5327
5317
5341
3705
5325
2431
5341
5339
5263
5215
5291
5317
5329
5333
3363
3644
5335
5325
5195
5131
5205
5287
5319
5337
5335
3825
4445
5293
2581
4069
2989
3691
4089
4213
4243
4185
2279
2538
4259
4273
4249
4269
4191
4057
4785
4861
4791
4833
4787
4763
4765
3302
3831
4871
4779
4817
5331
5403
5477
5553
5547
3689
4349
5557
5555
5273
5283
5359
5443
5521
5547
5555
3820
4299
5533
5547
5023
5301
5377
5451
5531
5531
5561
4363
5467
5515
5549
5297
5283
5359
5437
5521
5547
5545
4615
5075
5491
5553
5279
5291
5367
5449
5533
5549
5551
3505
3802
5513
5541
5295
5285
5361
5443
5523
5539
5559
3335
3847
5519
5535
5413
5325
5397
5475
5553
5537
5553
3579
4063
5531
5533
5447
5323
5399
5475
5555
5553
5547
3983
4419
5515
5559
5325
5287
5359
5443
5523
5545
5545
5557
3507
4013
5473
5543
5335
5289
5361
5443
5523
5547
5535
5559
4071
4447
5471
5553
5337
5295
5369
5449
5529
5541
5543
5545
3414
3648
5489
5563
5359
5293
5369
5451
5533
5537
5557
5555
3797
4125
5493
5543
5355
5289
5365
5443
5522
4019
3739
4031
2047
4047
4051
4071
4011
2869
3617
3993
4101
4167
4145
4215
4231
2413
3081
4225
4251
4161
4319
4291
4385
3035
3705
4295
4399
4363
4291
4367
4749
4741
3517
4065
4733
4743
4749
4703
4785
4707
3081
3405
4725
4711
4759
5031
5097
5123
4019
4371
5119
5133
4917
4995
5077
5111
5131
3197
3542
5141
5113
5057
5057
5119
5123
4053
4605
5129
5133
4921
5007
5039
5429
5509
5523
5543
3795
4559
5507
5535
5263
5277
5351
5427
5509
5541
5535
4079
4605
5507
5529
5293
5277
5349
5431
5513
5529
5533
3561
3850
5497
5543
5283
5273
5345
5425
5501
5527
5519
3965
4533
5517
5541
5271
5275
5355
5435
5519
5529
5527
3622
3913
5469
5543
5263
5327
5405
5487
5569
5607
5601
5617
3259
3642
5527
5633
5373
5335
5411
5495
5577
5623
5607
5613
4623
5411
5575
5625
5413
5339
5413
5497
5577
5611
5601
5599
3421
3853
5537
5625
5369
5329
5405
5489
5569
5613
5599
5595
3793
4229
5545
5611
5383
5329
5409
5489
5573
5599
5591
4197
4012
2626
3090
4022
4034
4173
4095
4211
3815
4183
2192
4235
4243
4217
4353
4347
4409
2387
3183
4423
4451
4555
4487
4565
4499
4473
2999
3843
4595
4493
4559
4809
4769
4755
4859
2733
3450
4777
4883
4783
4769
4765
4761
4853
2558
3287
5023
5039
4989
4929
5001
4935
3468
4515
5027
5035
4993
4935
4915
4915
3786
4203
4999
5029
4677
4925
4915
4939
3675
4534
4935
4931
5129
5181
5379
5377
5413
3923
4883
5411
5393
5299
5453
5531
5611
5695
5751
3723
4131
5703
5519
5831
5471
5545
5627
5713
5749
5747
3358
4045
5689
5755
5805
5857
5573
5845
5847
5921
5971
5961
4745
4989
5869
5983
5175
5571
5653
5729
5807
5889
5965
5967
5977
3915
4303
5859
5989
5611
5575
5541
5741
5823
5899
5971
5983
5963
3831
4920
5839
5975
5609
5575
5655
5735
5815
5897
5977
5971
5955
4631
5047
5831
5983
5569
5573
5651
5731
5809
5895
5973
5969
5977
3635
4027
5839
5953
5715
5629
5707
5789
5869
5949
5983
5969
5967
4015
4271
5863
4699
4051
4071
2342
3522
4086
4016
4041
3531
4047
2124
4013
4115
4709
4717
4721
4357
4647
4661
4779
4703
4707
4647
4755
3432
3909
5613
5603
5245
5329
5415
5495
5569
5569
5579
2485
3004
5553
5663
5405
5443
5523
5589
5567
3752
4435
5641
5577
5457
5395
5475
5527
5757
5729
4430
5673
2623
5739
5385
5797
5165
5617
5697
5717
5113
5713
2456
5703
5711
5735
5537
5561
5565
5713
5733
3654
4675
5675
5703
5397
5415
5499
5583
5411
5851
5897
5889
3867
4399
5823
5897
5541
5521
5597
5681
5763
5845
5883
5893
3767
3947
5779
5903
5503
5511
5595
5679
5759
5841
5885
5903
3634
4341
5817
5877
5515
5513
5589
5671
5753
5837
5873
5881
5885
3981
4555
5743
5899
5523
5523
5597
5677
5757
5841
5883
5881
5883
4207
4475
5795
5885
5349
5659
5219
5905
5907
5979
6039
6031
6033
3571
3870
5911
6035
5655
5617
5693
5775
5857
5939
6023
6033
6033
4059
4308
5823
6041
5289
5623
2913
4019
4353
4393
2069
4393
4585
4539
4599
4099
4607
2107
4631
4527
4731
4715
4661
4771
2289
2919
4677
4785
4723
4779
4847
4791
4875
2926
3792
4989
5005
4967
4901
4965
4983
4909
2574
3157
5009
4929
4891
5127
5149
5079
5161
3479
3851
5167
5197
4853
4711
5271
5231
5223
5301
5413
2907
3771
5343
5347
5025
5351
4759
5379
5485
5483
5481
2595
2911
5567
5593
5483
5397
5433
5531
5459
2638
2870
5555
5573
5425
5417
5469
5449
3577
4291
5481
5489
5215
5243
5337
5427
5481
4547
5417
5439
5537
5755
5753
5831
5911
6107
6109
6157
3355
3887
6091
6021
6183
4727
5941
5975
6031
5481
6289
6217
5927
6059
2788
6227
6227
5267
6235
5969
6031
6109
6191
6217
5941
6089
3581
6213
5331
6293
5874
5959
5661
6225
6243
6245
5817
2775
3279
6271
5245
6351
5551
4767
6279
6317
6303
4503
5435
6251
5941
5915
6379
5925
6005
6083
6159
6233
6305
6133
6136
6205
2839
6415
6433
5917
5971
6049
6121
6197
6277
3827
4006
2924
3740
4028
4056
4019
3759
3979
2169
4073
4395
4379
4319
4385
4413
2241
2632
4447
4363
4401
4497
4589
4609
4637
3193
4121
4553
4661
4549
4531
5127
5093
3223
3747
5091
5063
5051
5001
5027
5241
5117
5257
2575
5283
5191
5219
5239
5179
5179
5277
2763
3124
5215
5317
5295
5231
5329
4183
4277
4747
5339
5331
5555
5351
4661
5663
5591
3642
4131
5691
5579
5571
5487
5569
5659
4011
4643
5335
5763
5123
5575
5575
3627
4923
5655
5711
5313
5401
5601
4077
5005
5597
5679
5313
5399
5481
5557
5639
3631
4451
5643
5741
5497
5497
5577
5659
3816
3936
5665
5685
5425
5425
5513
5589
5671
5657
4251
4811
5735
5727
5123
5589
5669
5743
5965
4897
5461
5901
5383
6263
5695
5865
5935
6011
6103
6181
6099
5825
6129
3009
6185
6249
6025
5995
6075
6155
6187
4105
4641
6149
5755
6235
5781
5851
5931
6019
6099
6175
6201
6163
3569
4341
6153
5645
6283
4869
6077
5061
6259
5427
6293
5371
3988
4785
6253
6265
5389
6327
5161
6247
5719
6371
2797
4001
4027
2309
3193
4033
4051
4073
3997
2815
3844
4091
4121
5169
5233
5389
3118
3465
5341
5335
5103
5147
5349
5329
5407
2347
3447
5347
5341
5321
5431
5579
3325
4145
5517
5535
5277
5285
5361
2898
475
471
494
984
1004
1022
1456
1616
2248
2424
2336
2280
1920
2214
2498
2465
2061
1984
2449
2596
2607
2671
2122
2216
2739
2795
2775
2777
2092
2272
2829
2877
2845
2875
2297
2473
2905
2939
2907
2877
2390
2610
2943
2953
2943
2863
2653
2842
2949
2937
2945
2877
2416
2682
2951
2951
2881
2883
2867
1823
2246
2947
2947
2941
2947
2945
1873
2237
2953
2949
3139
3053
2637
2985
3129
3045
3113
3051
3035
3127
2114
3109
3127
3961
3929
3307
3895
3987
3899
3899
3895
2635
3130
3871
3983
4649
3385
3789
4721
4759
4635
3013
3433
4721
4769
4643
3189
3723
4977
5059
4905
3181
3843
4993
5073
4899
3239
3751
4983
5063
4897
4117
4801
4961
5321
5247
5265
3223
3615
5347
4401
5579
5643
4745
5931
4627
3377
4053
6093
6191
4063
529
504
532
1004
1090
1269
1387
1468
1775
2136
2180
2236
2396
1940
1941
480
562
622
789
876
722
947
840
920
912
2024
1976
2366
2588
2850
2476
2235
2674
2805
2910
3038
3115
3146
3219
2285
2299
3053
2986
1708
1780
3088
