0.01
0.01
0.01
0.01
0.01
0.01
0.01
0.00
0.01
0.00
0.13
0.04
0.06
0.05
0.00
0.00
0.27
0.17
0.12
0.10
0.07
0.69
0.01
0.55
0.00
0.32
0.35
0.27
0.25
0.12
0.74
0.54
0.30
0.20
0.00
0.00
0.66
2.35
0.13
0.27
0.36
0.19
0.30
0.31
0.01
0.31
0.00
0.25
0.21
0.63
0.27
0.46
0.39
0.01
0.00
0.72
0.34
0.25
0.34
0.37
0.38
0.01
0.00
0.41
0.51
0.57
0.64
0.66
0.67
0.81
0.56
0.04
0.00
0.64
0.81
0.73
0.66
0.03
0.00
0.61
0.70
0.63
0.04
0.00
0.65
0.80
0.52
0.03
0.00
0.68
0.79
0.55
0.04
0.00
0.73
0.79
0.66
0.75
0.03
0.00
0.74
0.88
0.68
0.04
0.80
0.00
0.67
0.65
0.74
0.04
0.80
0.00
0.63
0.95
0.83
0.02
0.00
0.77
0.86
0.77
0.04
0.68
0.00
0.93
0.89
0.84
0.24
0.18
0.01
0.00
0.95
0.74
0.44
0.40
0.14
0.01
0.00
1.20
0.46
0.27
0.03
0.00
0.35
0.42
0.37
0.06
0.00
0.43
0.68
0.69
0.53
0.57
0.06
4.19
0.30
0.53
0.02
0.00
0.64
0.62
0.66
0.01
0.00
0.66
0.66
0.48
0.02
0.00
0.76
0.87
0.80
0.01
0.00
0.69
0.87
0.80
0.01
0.00
0.80
0.97
0.79
0.01
0.00
0.87
0.91
0.80
0.02
0.00
0.89
0.96
0.88
0.81
0.02
0.00
0.85
0.99
0.91
0.85
0.01
0.00
0.87
0.25
0.13
0.00
0.00
0.73
0.65
0.25
0.33
0.01
0.00
1.28
1.90
0.91
0.62
0.01
0.00
0.21
0.26
0.33
0.34
0.32
0.32
0.03
0.00
0.29
0.56
0.54
0.63
0.45
0.06
0.32
0.00
0.35
0.45
0.43
0.43
0.47
0.02
0.00
0.34
0.49
0.68
0.49
0.02
0.39
0.00
0.39
0.53
0.57
0.57
0.02
0.00
0.58
0.59
0.58
0.60
0.02
0.00
0.55
0.74
0.85
0.76
0.60
0.02
0.00
0.78
0.82
0.64
0.80
0.02
0.00
0.86
0.93
0.88
0.88
0.01
0.00
0.89
0.91
0.87
0.02
0.00
0.88
0.92
0.91
0.01
0.00
0.89
0.89
0.88
0.02
0.00
0.88
0.91
0.87
0.01
0.00
0.88
0.92
0.88
0.01
0.00
0.89
0.94
0.89
0.02
0.00
0.88
0.96
0.90
0.02
0.00
0.94
0.87
0.80
0.85
0.01
0.94
0.00
0.94
0.95
0.94
0.98
0.91
0.91
0.02
0.00
0.90
1.00
0.87
0.02
0.00
0.90
0.97
0.88
0.01
0.00
0.89
0.95
0.95
0.02
0.00
0.90
0.91
0.88
0.93
0.90
0.87
0.01
0.00
0.94
0.88
0.84
0.91
0.89
0.02
0.00
0.91
0.98
0.99
0.90
0.91
0.01
0.00
0.98
0.91
4.03
0.55
0.01
0.00
0.66
0.80
0.88
0.02
0.00
0.69
0.72
0.74
0.24
0.13
0.00
0.00
0.73
0.63
1.44
1.00
0.26
0.00
1.40
1.27
0.41
0.26
0.01
0.00
0.31
0.40
0.42
0.02
0.00
0.46
0.55
0.63
0.74
0.80
0.72
0.81
0.72
0.73
0.01
0.00
0.59
0.57
0.79
0.79
0.01
0.84
0.00
0.64
0.74
0.66
0.01
0.81
0.00
0.69
0.73
0.63
0.83
0.04
0.00
0.80
0.78
0.68
0.04
0.00
0.80
0.93
0.77
0.05
0.83
0.00
0.93
0.96
0.79
0.03
0.00
0.76
0.24
0.17
0.00
0.00
0.74
0.69
0.58
0.21
0.00
1.20
1.81
0.99
0.83
0.01
0.00
0.20
0.14
0.01
0.00
0.40
0.44
0.27
0.39
0.14
0.26
0.00
1.13
1.61
1.01
0.00
0.00
0.82
0.29
0.22
0.30
0.34
0.38
0.45
0.46
0.46
0.48
0.01
0.00
0.49
0.62
0.62
0.66
0.83
0.54
0.02
0.00
0.44
0.71
0.80
0.59
0.02
0.00
0.60
0.82
3.55
0.36
0.01
0.00
0.54
0.69
0.66
0.01
0.00
3.43
0.39
0.02
0.00
0.54
0.71
0.64
0.01
0.00
0.63
0.67
0.62
0.01
0.00
0.61
0.67
0.63
0.02
0.00
0.63
0.69
0.61
0.02
0.00
0.63
0.69
3.85
0.39
0.01
0.00
0.57
0.73
0.66
0.01
0.00
0.63
0.70
0.63
0.01
0.00
0.62
0.71
0.64
0.02
0.00
0.61
0.68
0.62
0.01
0.00
0.64
0.69
0.62
0.02
0.00
0.61
0.69
0.61
0.02
0.00
0.63
0.69
0.64
0.01
0.00
0.61
0.69
0.62
0.01
0.00
0.61
3.68
0.38
0.01
0.00
0.58
0.73
0.52
0.02
0.00
0.63
0.72
0.62
0.01
0.00
0.62
0.71
0.63
0.01
0.00
0.63
0.69
0.61
0.01
0.00
0.61
0.70
0.61
0.01
0.00
0.62
0.69
0.61
0.01
0.00
0.61
0.67
0.61
0.02
0.00
0.62
0.72
0.61
0.01
0.00
0.62
0.68
0.63
0.02
0.00
0.63
0.70
0.62
0.02
0.00
0.62
0.71
0.61
0.01
0.00
0.61
0.70
0.63
0.02
0.00
0.62
3.37
0.38
0.02
0.00
0.55
0.71
0.67
0.01
0.00
0.64
0.68
0.63
0.01
0.00
0.64
0.69
0.63
0.01
0.00
0.61
0.68
0.62
0.02
0.00
0.62
0.67
0.61
0.01
0.00
0.63
0.70
0.62
0.01
0.00
0.61
0.67
0.61
0.02
0.00
0.62
0.70
0.61
0.01
0.00
0.62
0.70
0.64
0.01
0.00
0.60
0.57
0.64
0.02
0.00
0.61
0.71
0.61
0.01
0.00
0.62
0.71
0.62
0.02
0.00
0.62
0.71
0.61
0.01
0.00
0.63
0.70
0.61
0.02
0.00
0.64
0.68
0.48
0.02
0.00
0.63
0.72
0.61
0.02
0.00
3.74
0.41
0.01
0.00
0.56
0.57
0.64
0.02
0.00
0.64
0.70
0.63
0.02
0.00
0.62
0.69
0.61
0.01
0.00
0.61
0.69
0.61
0.01
0.00
0.62
0.69
0.63
0.02
0.00
0.61
0.70
0.62
0.01
0.00
0.61
0.68
0.63
0.02
0.00
0.61
0.73
0.65
0.02
0.00
0.62
0.70
0.62
0.01
0.00
0.61
0.69
0.60
0.01
0.00
0.65
0.70
0.62
0.01
0.00
0.61
0.68
0.61
0.01
0.00
0.64
0.70
0.49
0.01
0.00
0.62
0.73
0.64
0.01
0.00
0.60
0.58
0.61
0.02
0.00
0.61
0.70
0.60
0.01
0.00
0.61
0.67
0.62
0.02
0.00
0.61
0.68
0.62
0.02
0.00
0.64
0.70
0.63
0.01
0.00
0.64
0.69
3.82
0.39
0.57
0.71
0.02
0.00
0.64
0.70
0.64
0.02
0.00
0.61
0.67
0.61
0.02
0.00
0.62
0.72
0.61
0.02
0.00
0.61
0.69
0.61
0.01
0.00
0.63
0.69
0.63
0.02
0.00
0.61
0.68
0.61
0.02
0.00
0.63
0.72
0.64
0.01
0.00
0.63
0.68
0.66
0.63
0.02
0.00
0.51
0.69
0.50
0.02
0.00
0.60
0.76
0.64
0.61
0.02
0.00
0.61
0.71
0.62
0.62
0.01
0.00
0.61
0.69
0.63
0.60
0.50
0.02
0.00
0.61
0.55
0.53
0.64
0.61
0.58
0.02
0.00
0.59
0.62
0.53
0.62
0.60
0.49
0.02
0.00
0.57
0.53
0.65
0.62
0.61
0.63
0.02
0.00
0.59
0.57
0.61
0.60
0.63
0.60
0.01
0.00
0.47
0.66
0.52
0.63
0.60
0.02
0.00
3.88
0.40
0.55
0.54
0.02
0.00
0.65
0.74
0.61
0.02
0.00
0.63
0.70
0.64
0.02
0.00
0.61
0.72
0.63
0.02
0.00
0.61
0.67
0.62
0.02
0.00
0.64
0.69
0.62
0.03
0.00
0.61
0.67
0.66
0.02
0.00
0.61
0.59
0.64
0.62
0.02
0.00
0.61
0.70
0.64
0.62
0.50
0.02
0.00
0.60
0.55
0.65
0.62
0.62
0.59
0.02
0.00
0.59
0.64
0.62
0.61
0.60
0.47
0.02
0.00
0.59
0.53
0.66
0.60
0.61
0.61
0.02
0.00
0.59
0.65
0.62
0.59
0.61
0.59
0.02
0.00
0.58
0.65
0.65
0.63
0.61
0.63
0.02
0.00
0.61
0.54
0.53
0.62
0.61
0.58
0.02
0.00
0.46
0.64
0.54
0.60
0.62
0.61
0.03
0.00
0.59
0.66
0.65
0.59
0.62
0.59
0.02
0.00
0.58
0.66
0.61
0.65
0.60
0.48
0.02
0.00
0.58
0.53
3.80
0.40
0.55
0.55
0.03
0.00
0.65
0.73
0.63
0.02
0.00
0.63
0.69
0.64
0.02
0.00
0.62
0.69
0.63
0.61
0.02
0.00
0.65
0.68
0.48
0.02
0.00
0.61
0.69
0.62
0.62
0.02
0.00
0.61
0.67
0.61
0.61
0.60
0.02
0.00
0.58
0.67
0.60
0.62
0.62
0.61
0.03
0.00
0.58
0.64
0.64
0.63
0.63
0.61
0.02
0.00
0.62
0.66
0.52
0.60
0.61
0.60
0.02
0.00
0.62
0.67
0.53
0.63
0.64
0.48
0.03
0.00
0.48
0.53
0.58
0.62
0.49
0.47
0.02
0.00
0.45
0.61
0.51
0.62
0.60
0.48
0.03
0.00
0.59
0.66
0.66
0.62
0.62
0.60
0.02
0.00
0.59
0.65
0.60
0.63
0.60
0.60
0.02
0.00
0.59
0.65
0.63
0.62
0.63
0.49
0.02
0.00
0.57
0.54
0.66
0.62
0.60
0.60
0.02
0.00
0.62
0.65
0.53
0.61
0.60
0.61
0.02
0.00
0.59
0.53
0.66
0.60
0.62
0.61
0.03
0.00
0.58
0.53
3.48
0.38
0.57
0.67
0.02
0.00
0.52
0.70
0.64
0.03
0.00
0.62
0.69
0.62
0.61
0.02
0.00
0.62
0.68
0.60
0.63
0.65
0.02
0.00
0.57
0.57
0.64
0.59
0.48
0.02
0.00
0.60
0.66
0.63
0.61
0.62
0.60
0.03
0.00
0.63
0.62
0.51
0.61
0.62
0.58
0.02
0.00
0.60
0.64
0.63
0.63
0.62
0.48
0.03
0.00
0.47
0.56
0.51
0.58
0.60
0.58
0.02
0.00
0.56
0.62
0.61
0.58
0.64
0.59
0.02
0.00
0.46
0.64
0.63
0.58
0.61
0.59
0.02
0.00
0.57
0.63
0.65
0.60
0.61
0.60
0.02
0.00
0.58
0.63
0.62
0.61
0.64
0.46
0.03
0.00
0.49
0.62
0.54
0.60
0.53
0.03
0.00
0.47
0.53
0.52
0.61
0.59
0.57
0.03
0.00
0.57
0.63
0.65
0.60
0.61
0.61
0.02
0.00
0.56
0.54
0.65
0.63
0.59
0.47
0.03
0.00
0.62
0.65
0.53
0.59
0.61
0.59
0.02
0.00
0.58
0.66
0.64
0.59
0.60
0.60
0.03
0.01
0.60
0.64
0.62
0.60
0.64
0.57
0.02
0.00
0.48
0.66
3.78
0.39
0.55
0.55
0.02
0.00
0.66
0.71
0.62
0.62
0.02
0.00
0.62
0.67
0.64
0.60
0.49
0.02
0.00
0.61
0.67
0.53
0.59
0.49
0.02
0.00
0.61
0.56
0.63
0.62
0.61
0.61
0.02
0.00
0.57
0.65
0.61
0.62
0.63
0.60
0.03
0.00
0.59
0.69
0.61
0.60
0.61
0.60
0.02
0.00
0.58
0.54
0.65
0.60
0.61
0.59
0.02
0.00
0.57
0.67
0.62
0.60
0.60
0.59
0.03
0.00
0.59
0.63
0.51
0.62
0.59
0.50
0.03
0.00
0.58
0.56
0.65
0.59
0.59
0.60
0.02
0.00
0.57
0.52
0.60
0.60
0.59
0.60
0.03
0.00
0.57
0.63
0.63
0.60
0.62
0.60
0.02
0.00
0.57
0.63
0.67
0.60
0.49
0.58
0.02
0.00
0.47
0.63
0.53
0.60
0.60
0.61
0.02
0.00
0.59
0.53
0.52
0.64
0.59
0.47
0.03
0.00
0.57
0.52
0.65
0.60
0.61
0.59
0.02
0.00
0.61
0.64
0.53
0.60
0.49
0.02
0.00
0.58
0.54
0.63
0.61
0.60
0.61
0.03
0.00
0.60
0.54
0.51
0.60
0.63
0.57
0.03
0.00
0.58
0.64
0.66
0.59
0.61
0.58
0.02
0.00
0.61
0.64
0.57
0.59
0.49
0.03
0.00
3.69
0.35
0.58
0.65
0.03
0.00
0.50
0.71
0.67
0.03
0.00
0.64
0.54
0.49
0.61
0.60
0.02
0.00
0.58
0.67
0.66
0.60
0.49
0.03
0.00
0.59
0.56
0.65
0.61
0.59
0.60
0.02
0.00
0.57
0.62
0.63
0.60
0.61
0.60
0.02
0.00
0.59
0.64
0.52
0.61
0.59
0.58
0.03
0.00
0.60
0.64
0.54
0.59
0.61
0.60
0.02
0.00
0.60
0.62
0.50
0.59
0.62
0.61
0.03
0.00
0.57
0.51
0.63
0.62
0.62
0.50
0.03
0.00
0.46
0.54
0.50
0.58
0.58
0.60
0.02
0.00
0.59
0.62
0.53
0.63
0.65
0.61
0.04
0.00
0.58
0.64
0.63
0.58
0.61
0.60
0.03
0.00
0.59
0.65
0.63
0.59
0.63
0.59
0.03
0.00
0.47
0.65
0.51
0.60
0.63
0.59
0.02
0.00
0.47
0.65
0.52
0.61
0.60
0.51
0.03
0.00
0.60
0.56
0.54
0.59
0.60
0.59
0.02
0.00
0.61
0.64
0.51
0.62
0.63
0.50
0.02
0.00
0.46
0.57
0.51
0.50
0.59
0.46
0.02
0.00
0.57
0.51
0.67
0.62
0.58
0.52
0.03
0.00
0.58
0.53
0.64
0.63
0.60
0.50
0.03
0.00
0.58
0.51
0.68
0.60
0.50
0.57
0.03
0.00
0.46
0.67
0.54
0.61
0.50
0.03
0.00
0.49
0.55
0.53
0.60
0.60
0.59
0.03
0.00
3.73
0.41
0.53
0.52
0.03
0.00
0.64
0.70
0.62
0.03
0.00
0.63
0.68
0.65
0.67
0.02
0.00
0.64
0.61
0.62
0.63
0.63
0.02
0.00
0.62
0.71
0.67
0.62
0.64
0.62
0.02
0.00
0.63
0.65
0.51
0.64
0.65
0.66
0.02
0.00
0.60
0.54
0.69
0.61
0.64
0.64
0.03
0.00
0.60
0.53
0.67
0.64
0.68
0.63
0.03
0.00
0.49
0.66
0.56
0.64
0.61
0.53
0.03
0.00
0.65
0.53
0.53
0.62
0.66
0.66
0.02
0.00
0.48
0.54
0.53
0.62
0.63
0.60
0.03
0.00
0.49
0.66
0.56
0.61
0.65
0.65
0.03
0.00
0.51
0.58
0.55
0.64
0.62
0.52
0.03
0.00
0.61
0.52
0.58
0.61
0.51
0.63
0.03
0.00
0.53
0.67
0.56
0.60
0.63
0.61
0.03
0.00
0.60
0.66
0.67
0.63
0.62
0.61
0.02
0.00
0.60
0.71
0.63
0.64
0.60
0.50
0.02
0.00
0.60
0.64
0.66
0.64
0.63
0.62
0.03
0.00
0.62
0.69
0.52
0.62
0.63
0.64
0.03
0.00
0.64
0.57
0.56
0.64
0.64
0.62
0.03
0.00
0.60
0.64
0.67
0.62
0.64
0.64
0.04
0.00
0.65
0.66
0.53
0.63
0.63
0.63
0.02
0.00
0.63
0.65
0.55
0.63
0.64
0.64
0.01
0.00
0.52
0.54
0.53
0.63
0.66
0.60
0.01
0.00
0.47
0.66
0.56
3.79
0.39
0.61
0.69
0.02
0.00
0.58
0.75
0.56
0.03
0.00
0.66
0.62
0.67
0.65
0.67
0.03
0.00
0.64
0.60
0.71
0.68
0.52
0.52
0.03
0.00
0.63
0.69
0.67
0.63
0.66
0.65
0.03
0.00
0.64
0.70
0.69
0.69
0.66
0.64
0.03
0.00
0.66
0.71
0.56
0.67
0.65
0.65
0.03
0.00
0.63
0.69
0.69
0.64
0.65
0.69
0.02
0.00
0.68
0.60
0.53
0.65
0.69
0.65
0.02
0.00
0.51
0.57
0.56
0.64
0.69
0.67
0.02
0.00
0.49
0.54
0.55
0.65
0.67
0.66
0.03
0.00
0.51
0.66
0.55
0.70
0.66
0.55
0.03
0.00
0.63
0.56
0.68
0.64
0.67
0.66
0.03
0.00
0.65
0.67
0.56
0.64
0.68
0.63
0.02
0.00
0.64
0.69
0.68
0.67
0.66
0.66
0.02
0.00
0.66
0.68
0.55
0.69
0.64
0.52
0.02
0.00
0.65
0.54
0.58
0.66
0.69
0.65
0.03
0.00
0.49
0.67
0.69
0.66
0.67
0.70
0.02
0.00
0.52
0.57
0.56
0.64
0.66
0.63
0.03
0.00
0.63
0.70
0.67
0.68
0.69
0.51
0.03
0.00
0.54
0.69
0.58
0.65
0.52
0.63
0.03
0.00
0.60
0.70
0.73
0.69
0.67
0.53
0.04
0.00
0.63
0.72
0.68
0.66
0.68
0.64
0.02
0.00
0.53
0.68
0.56
0.63
0.65
0.65
0.02
0.01
0.62
0.54
0.71
3.86
0.40
0.62
0.74
0.02
0.00
0.56
0.61
0.56
0.02
0.00
0.65
0.65
0.72
0.78
0.75
0.01
0.00
0.77
0.80
0.75
0.77
0.77
0.02
0.00
0.74
0.82
0.75
0.76
0.75
0.02
0.00
0.75
0.79
0.80
0.75
0.78
0.02
0.00
0.76
0.78
0.74
0.77
0.76
0.03
0.00
0.76
0.79
0.73
0.81
0.81
0.59
0.02
0.00
0.61
0.78
0.80
0.80
0.78
0.75
0.02
0.00
0.73
0.75
0.75
0.78
0.76
0.75
0.02
0.00
0.75
0.80
0.74
0.75
0.78
0.74
0.02
0.00
0.74
0.80
0.78
0.79
0.77
0.75
0.02
0.00
0.77
0.81
0.74
0.76
0.76
0.75
0.02
0.00
0.75
0.79
0.74
0.74
0.80
0.77
0.03
0.00
0.74
0.76
0.75
0.78
0.77
0.77
0.02
0.00
0.77
0.77
0.78
0.75
0.77
0.76
0.03
0.00
0.76
0.81
0.73
0.76
0.74
0.76
0.03
0.00
0.77
0.81
0.73
0.78
0.77
0.77
0.03
0.00
0.76
0.79
0.72
0.81
0.75
0.61
0.03
0.00
0.75
0.79
0.78
0.76
0.76
0.77
0.02
0.00
0.76
0.78
0.75
0.76
0.76
0.76
0.02
0.00
0.73
0.78
0.84
3.26
0.42
0.04
0.00
0.60
0.78
0.72
0.74
0.75
0.02
0.00
0.68
0.59
0.72
0.70
0.54
0.04
0.00
0.58
0.77
0.60
0.66
0.55
0.71
0.02
0.67
0.00
0.65
0.68
0.56
0.65
0.70
0.67
0.02
0.00
0.57
0.70
0.60
0.70
0.69
0.69
0.02
0.00
0.67
0.70
0.70
0.67
0.68
0.73
0.02
0.00
0.71
0.61
0.58
0.70
0.70
0.68
0.03
0.00
0.68
0.75
0.59
0.68
0.70
0.68
0.02
0.00
0.69
0.73
0.68
0.68
0.71
0.70
0.03
0.00
0.67
0.72
0.71
0.69
0.69
0.69
0.03
0.69
0.00
0.66
0.72
0.73
0.65
0.57
0.68
0.03
0.00
0.55
0.56
0.59
0.68
0.68
0.69
0.03
0.00
0.67
0.69
0.60
0.67
0.70
0.68
0.02
0.00
0.58
0.69
0.60
0.67
0.71
0.67
0.02
0.00
0.66
0.74
0.72
0.67
0.69
0.70
0.03
0.00
0.67
0.75
0.69
0.69
0.69
0.69
0.02
0.00
0.66
0.73
0.69
0.69
0.69
0.67
0.02
0.00
0.67
0.74
0.68
0.66
0.71
0.69
0.03
0.00
0.53
0.72
0.74
0.67
0.70
0.68
0.02
0.67
0.00
0.66
0.72
0.70
0.70
0.67
0.55
0.02
0.00
0.67
0.61
0.73
0.69
0.68
0.67
0.02
0.00
0.68
0.71
0.67
0.69
0.69
0.67
0.03
0.66
0.00
0.72
0.72
0.58
0.68
0.69
0.65
0.03
0.00
0.70
0.70
0.61
0.67
0.72
0.66
0.03
0.00
0.68
0.73
0.63
3.88
0.44
0.63
0.63
0.04
0.00
0.57
0.82
0.71
0.72
0.02
0.00
0.75
0.73
0.57
0.74
0.72
0.02
0.00
0.56
0.72
0.59
0.70
0.61
0.02
0.00
0.70
0.63
0.58
0.73
0.69
0.68
0.03
0.00
0.68
0.69
0.71
0.68
0.73
0.68
0.03
0.00
0.69
0.75
0.71
0.68
0.72
0.69
0.01
0.00
0.55
0.70
0.68
0.70
0.68
0.73
0.02
0.00
0.72
0.61
0.60
0.72
0.69
0.58
0.03
0.00
0.66
0.62
0.74
0.72
0.69
0.56
0.04
0.00
0.69
0.74
0.69
0.72
0.70
0.71
0.02
0.00
0.73
0.76
0.59
0.72
0.71
0.68
0.02
0.00
0.72
0.70
0.58
0.68
0.69
0.72
0.03
0.00
0.67
0.63
0.70
0.68
0.72
0.68
0.03
0.69
0.00
0.68
0.59
0.61
0.70
0.54
0.60
0.02
0.00
0.65
0.59
0.74
0.72
0.69
0.70
0.02
0.00
0.68
0.78
0.71
0.75
0.72
0.59
0.02
0.00
0.56
0.60
0.60
0.67
0.70
0.67
0.04
0.67
0.00
0.65
0.70
0.68
0.66
0.76
0.67
0.03
0.00
0.55
0.72
0.63
0.68
0.61
0.69
0.01
0.00
0.58
0.72
0.59
0.66
0.71
0.69
0.02
0.00
0.72
0.68
0.63
0.71
0.55
0.68
0.02
0.00
0.70
0.74
0.64
0.71
0.57
0.55
0.03
0.00
0.54
0.72
0.58
0.69
0.71
0.71
0.02
0.00
0.72
0.70
0.60
0.70
0.72
0.65
0.03
0.00
0.66
0.74
0.76
0.69
0.57
0.70
0.02
0.00
0.57
0.72
0.57
0.67
3.82
0.41
0.66
0.82
0.82
0.82
0.83
0.84
0.85
0.80
0.03
0.00
0.77
0.82
0.86
0.83
0.81
0.82
0.81
0.03
0.00
0.80
0.82
0.82
0.79
0.83
0.80
0.81
0.03
0.00
0.80
0.83
0.84
0.84
0.81
0.80
0.81
0.01
0.00
0.79
0.85
0.82
0.81
0.81
0.81
0.81
0.79
0.02
0.00
0.81
0.79
0.78
0.79
0.80
0.82
0.80
0.03
0.00
0.81
0.81
0.80
0.83
0.82
0.85
0.81
0.81
0.03
0.00
0.80
0.83
0.79
0.80
0.81
0.85
0.79
0.85
0.02
0.00
0.78
0.69
0.84
0.83
0.80
0.82
0.78
0.02
0.00
0.78
0.83
0.82
0.82
0.83
0.83
0.83
0.76
0.02
0.00
0.80
0.81
0.86
0.80
0.79
0.83
0.84
0.78
0.02
0.00
0.79
0.83
0.87
0.83
0.84
0.84
0.80
0.79
0.02
0.00
0.84
0.81
0.84
0.82
0.81
0.86
0.80
0.83
0.01
0.00
0.80
0.82
0.80
0.80
0.82
0.83
0.82
0.80
0.02
0.00
0.84
0.83
0.79
0.83
0.83
0.85
0.84
0.85
0.03
0.00
0.85
0.68
0.67
0.80
0.80
0.81
0.01
0.00
0.83
0.83
4.00
0.47
0.03
0.00
0.63
0.63
0.68
0.82
0.78
0.81
0.83
0.02
0.00
0.84
0.87
0.65
0.80
0.83
0.82
0.02
0.00
0.81
0.87
0.78
0.79
0.83
0.79
0.77
0.02
0.00
0.79
0.78
0.77
0.79
0.80
0.82
0.78
0.02
0.00
0.79
0.78
0.79
0.76
0.81
0.81
0.81
0.02
0.00
0.81
0.79
0.80
0.79
0.78
0.79
0.80
0.02
0.00
0.80
0.81
0.78
0.76
0.82
0.77
0.81
0.03
0.00
0.78
0.84
0.84
0.79
0.83
0.82
0.78
0.03
0.01
0.79
0.81
0.78
0.80
0.79
0.84
0.76
0.02
0.00
0.65
0.83
0.81
0.84
0.75
0.67
0.03
0.00
0.79
0.86
0.83
0.77
0.82
0.79
0.79
0.03
0.00
0.80
0.82
0.81
0.81
0.83
0.80
0.78
0.03
0.00
0.82
0.80
0.78
0.81
0.80
0.78
0.79
0.03
0.00
0.79
0.78
0.80
0.80
0.80
0.79
0.79
0.02
0.00
0.81
0.79
0.85
0.80
0.80
0.80
0.80
0.03
0.00
0.79
0.81
0.77
0.79
0.84
0.81
0.80
0.02
0.00
0.76
0.86
0.80
0.79
0.84
0.86
0.80
0.03
0.00
0.67
0.79
0.79
0.87
0.81
0.88
0.85
0.84
0.02
0.00
0.88
0.89
0.73
0.83
0.80
0.84
0.85
0.80
0.03
0.00
4.05
0.49
0.67
0.02
0.00
0.58
0.65
0.75
0.71
0.62
0.02
0.00
0.70
0.61
0.70
0.73
0.72
0.69
0.02
0.00
0.70
0.73
0.77
0.74
0.73
0.70
0.02
0.00
0.73
0.76
0.79
0.72
0.63
0.70
0.03
0.00
0.57
0.79
0.75
0.79
0.79
0.77
0.02
0.00
0.75
0.83
0.77
0.81
0.80
0.81
0.02
0.00
0.80
0.81
0.78
0.76
0.77
0.82
0.02
0.00
0.79
0.83
0.79
0.84
0.81
0.79
0.02
0.00
0.82
0.83
0.67
0.80
0.85
0.83
0.82
0.88
0.02
0.00
0.81
0.84
0.84
0.79
0.87
0.84
0.85
0.82
0.84
0.03
0.00
0.81
0.82
0.85
0.83
0.86
0.83
0.84
0.83
0.84
0.02
0.00
0.83
0.86
0.85
0.84
0.87
0.84
0.82
0.81
0.83
0.02
0.00
0.84
0.81
0.85
0.88
0.83
0.86
0.87
0.80
0.84
0.02
0.00
0.83
0.85
0.83
0.85
0.91
0.82
0.83
0.85
0.82
0.03
0.00
0.85
0.83
0.87
0.82
0.84
0.85
0.85
0.81
0.83
0.03
0.00
0.82
0.86
0.83
0.86
0.82
0.85
0.87
0.82
0.81
0.02
0.81
0.00
0.85
0.83
0.90
0.83
0.87
0.84
0.85
0.82
0.02
0.00
0.86
0.84
0.85
0.85
0.85
0.87
0.82
0.83
0.91
0.01
0.00
0.84
3.21
0.48
0.02
0.00
0.71
0.63
0.61
0.75
0.03
0.00
0.59
0.68
0.56
0.61
0.73
0.02
0.00
0.64
0.80
0.67
0.82
0.85
0.78
0.02
0.00
0.68
0.82
0.66
0.84
0.88
0.85
0.87
0.82
0.02
0.00
0.85
0.91
0.87
0.89
0.83
0.83
0.88
0.85
0.83
0.02
0.00
0.89
0.90
0.82
0.90
0.87
0.85
0.89
0.83
0.85
0.02
0.01
0.86
0.85
0.89
0.86
0.86
0.88
0.87
0.88
0.91
0.01
0.00
0.85
0.86
0.90
0.90
0.92
0.84
0.85
0.87
0.84
0.02
0.00
0.89
0.88
0.85
0.87
0.91
0.88
0.88
0.85
0.86
0.01
0.00
0.92
0.89
0.75
0.87
0.83
0.85
0.90
0.86
0.86
0.02
0.00
0.91
0.87
0.74
0.84
0.90
0.87
0.86
0.87
0.83
0.02
0.00
0.85
0.88
0.86
0.86
0.86
0.85
0.86
0.88
0.84
0.86
0.02
0.00
0.87
0.90
0.85
0.87
0.89
0.86
0.87
0.90
0.84
0.89
0.02
0.00
0.84
0.86
0.88
0.89
0.87
0.90
0.88
0.87
0.86
0.85
0.01
0.01
0.85
0.85
0.90
0.80
0.87
0.87
0.91
0.84
0.84
0.84
0.01
0.00
0.87
0.86
0.87
0.85
0.87
0.85
4.17
0.46
0.02
0.63
0.00
0.63
0.63
0.55
0.74
0.03
0.00
0.66
0.60
0.70
0.72
0.56
0.61
0.03
0.00
0.52
0.62
0.70
0.77
0.68
0.60
0.01
0.00
0.69
0.57
0.64
0.71
0.59
0.73
0.73
0.02
0.00
0.74
0.77
0.85
0.80
0.67
0.77
0.01
0.00
0.79
0.84
0.67
0.79
0.82
0.85
0.03
0.00
0.83
0.90
0.88
0.87
0.89
0.82
0.82
0.02
0.00
0.86
0.80
0.71
0.82
0.86
0.84
0.03
0.00
0.84
0.86
0.79
0.84
0.83
0.83
0.86
0.85
0.81
0.03
0.00
0.85
0.88
0.86
0.84
0.85
0.88
0.84
0.85
0.87
0.02
0.00
0.88
0.86
0.89
0.87
0.90
0.89
0.88
0.86
0.86
0.02
0.00
0.82
0.85
0.91
0.86
0.86
0.86
0.85
0.90
0.81
0.02
0.00
0.85
0.86
0.88
0.87
0.89
0.85
0.86
0.87
0.89
0.02
0.00
0.83
0.84
0.87
0.88
0.87
0.87
0.89
0.89
0.86
0.91
0.01
0.00
0.83
0.88
0.94
0.88
0.89
0.86
0.83
0.88
0.85
0.84
0.02
0.00
0.84
0.88
0.89
0.85
0.90
0.88
0.88
0.91
0.92
0.87
0.02
0.00
0.83
0.90
0.87
0.86
0.86
0.89
0.87
0.89
0.91
0.88
0.03
0.00
0.87
0.83
0.94
0.91
0.85
0.84
0.89
0.92
0.85
4.10
0.48
0.02
0.00
0.63
0.64
0.90
0.74
0.58
0.05
0.74
0.00
0.65
0.63
0.62
0.73
0.76
0.61
0.02
0.00
0.56
0.60
0.64
0.73
0.57
0.78
0.69
0.04
0.00
0.60
0.72
0.61
0.76
0.79
0.78
0.62
0.02
0.00
0.76
0.64
0.77
0.77
0.79
0.82
0.65
0.01
0.00
0.65
0.70
0.71
0.79
0.66
0.83
0.02
0.00
0.65
0.67
0.72
0.79
0.87
0.85
0.02
0.00
0.62
0.74
0.85
0.80
0.79
0.80
0.02
0.00
0.81
0.84
0.90
0.84
0.74
0.85
0.87
0.02
0.00
0.93
0.91
0.75
0.89
0.88
0.90
0.87
0.90
0.02
0.00
0.94
0.84
0.78
0.90
0.90
0.87
0.89
0.88
0.92
0.02
0.00
0.86
0.89
0.88
0.99
0.87
0.76
0.89
0.90
0.94
0.88
0.02
0.00
0.89
0.94
0.89
0.87
0.91
0.92
0.88
0.91
0.92
0.88
0.90
0.01
0.00
0.87
0.94
0.91
0.94
0.87
0.91
0.89
0.92
0.86
0.91
0.93
0.03
0.00
0.90
0.95
0.89
0.89
0.90
0.85
0.89
0.85
0.89
0.96
0.84
0.02
0.00
0.90
0.87
0.93
0.88
0.90
0.87
0.93
0.90
0.93
0.91
0.85
0.02
0.00
0.95
0.91
0.79
0.90
0.89
0.90
0.96
0.86
0.91
0.91
0.84
0.02
0.00
0.89
4.12
0.45
0.62
0.01
0.00
0.62
0.75
0.70
0.03
0.77
0.00
0.72
0.69
0.63
0.73
0.88
0.01
0.00
0.75
0.69
0.79
0.89
0.80
0.68
0.03
0.00
0.84
0.94
0.88
0.90
0.90
0.96
0.92
0.91
0.92
0.02
0.00
0.84
0.82
0.85
0.91
0.89
0.93
0.87
0.02
0.00
0.76
0.89
0.78
0.94
0.96
0.91
0.73
0.93
0.02
0.86
0.00
0.92
0.90
0.74
0.83
0.89
0.91
0.87
0.01
0.90
0.00
0.90
0.85
0.88
0.87
0.91
0.92
0.83
0.92
0.02
0.00
0.92
1.00
0.94
0.88
0.91
0.90
0.89
0.89
0.90
0.90
0.01
0.00
0.88
0.92
0.96
0.85
0.89
0.89
0.87
0.90
0.89
0.90
0.02
0.00
0.88
0.92
0.87
0.88
0.93
0.94
0.86
0.92
0.89
0.85
0.01
0.00
0.93
0.88
0.89
0.88
0.87
0.91
0.87
0.93
0.92
0.91
0.89
0.02
0.00
0.88
0.89
0.87
0.87
0.94
0.91
0.88
0.91
0.91
0.91
0.89
0.02
0.00
0.92
0.88
0.89
0.91
0.88
0.79
0.88
0.89
0.93
0.92
0.87
0.01
0.00
0.94
0.93
0.87
0.93
0.89
0.91
0.90
0.91
0.89
0.91
0.91
0.02
0.00
0.90
0.91
0.88
0.88
3.75
0.43
0.04
0.70
0.00
0.77
0.70
0.81
0.67
0.03
0.63
0.00
0.69
0.75
0.58
0.81
0.78
0.70
0.03
0.00
0.78
0.63
0.83
0.78
0.67
0.81
0.70
0.04
0.00
0.65
0.67
0.70
0.81
0.70
0.66
0.75
0.03
0.00
0.62
0.85
0.95
0.68
0.72
0.86
0.73
0.01
0.00
0.65
0.69
0.87
0.82
0.72
0.85
0.85
0.68
0.67
0.03
0.00
0.80
0.94
0.84
0.83
0.81
0.73
0.85
0.90
0.85
0.03
0.00
0.69
0.74
0.92
0.95
0.89
0.78
0.86
0.05
0.00
0.74
0.71
0.88
0.87
0.91
0.90
0.02
0.00
0.86
0.92
0.92
0.85
0.83
0.86
0.94
0.02
0.00
0.92
0.75
0.83
0.88
1.02
0.95
0.81
0.94
0.91
0.01
0.01
0.89
0.92
0.97
0.83
0.75
0.93
0.96
0.89
0.80
0.92
0.02
0.91
0.00
0.91
1.04
0.88
0.74
0.91
0.94
0.94
0.90
0.96
0.02
0.91
0.00
0.92
0.89
0.76
0.84
0.94
0.91
0.84
0.97
0.94
0.91
0.02
0.00
0.75
0.83
0.73
1.08
0.88
0.72
0.89
0.94
0.03
0.00
0.94
0.96
0.88
0.82
0.94
0.98
0.96
0.97
0.95
0.92
0.92
0.03
0.92
0.00
0.92
0.95
0.92
0.93
0.94
0.96
0.98
0.97
3.91
0.51
0.02
0.00
0.62
0.58
0.77
0.02
0.75
0.00
0.66
0.67
0.69
0.78
0.59
0.50
0.03
0.00
0.57
0.80
0.74
0.79
0.61
0.59
0.60
0.03
0.00
0.72
0.63
0.81
0.78
0.64
0.75
0.03
0.00
0.86
0.83
0.73
0.95
0.88
0.75
0.03
0.68
0.00
0.74
0.97
0.74
0.76
0.90
0.86
0.68
0.03
0.00
0.78
0.73
1.00
0.88
0.81
0.87
0.03
0.00
0.67
0.78
0.74
0.87
0.84
0.75
0.82
0.02
0.00
0.77
0.97
0.80
0.93
0.91
0.92
0.01
0.00
0.86
0.88
0.92
0.73
0.93
0.03
0.00
0.87
0.94
0.96
0.89
0.76
0.01
0.00
0.91
1.00
0.88
0.91
0.90
0.89
1.02
0.03
0.00
0.91
0.89
0.72
0.90
0.90
0.92
0.01
0.00
0.93
0.97
0.72
0.89
0.91
0.88
0.97
0.91
0.03
0.00
0.70
0.95
0.91
0.89
0.97
0.86
0.77
0.03
0.00
0.89
0.93
0.79
0.88
0.95
0.97
0.94
0.91
1.08
0.93
0.02
0.84
0.00
1.02
0.87
0.73
0.99
0.90
0.95
0.92
0.02
0.00
1.05
0.92
0.83
0.92
0.95
1.00
0.92
0.94
0.91
1.02
0.96
0.01
0.00
0.76
0.87
0.95
0.86
0.79
0.84
0.86
0.82
0.81
0.87
0.02
0.00
0.78
0.90
0.82
0.89
0.89
0.82
0.93
0.91
3.23
0.47
0.71
0.02
0.00
0.64
0.61
0.65
0.74
0.05
0.00
0.49
0.62
0.86
0.84
0.74
0.01
0.00
0.89
0.90
1.00
0.91
0.78
0.88
0.73
0.01
0.00
0.87
0.87
0.76
0.87
0.72
0.02
0.00
0.85
0.87
0.90
0.90
0.96
0.24
0.13
0.01
0.00
0.68
0.68
0.42
0.16
0.00
1.48
1.28
1.27
0.00
0.00
0.26
0.28
0.32
0.02
0.00
0.32
0.52
0.54
0.41
0.02
0.00
0.37
0.49
0.56
0.41
0.03
0.00
0.33
0.67
0.53
0.45
0.03
0.00
0.34
0.47
0.45
0.45
0.03
0.00
0.34
0.50
0.61
0.46
0.04
0.00
0.37
0.50
0.51
0.44
0.05
0.00
0.33
0.51
0.50
0.49
0.48
0.04
0.00
0.36
0.52
0.48
0.36
0.34
0.05
0.00
0.33
0.45
0.51
0.46
0.04
0.00
0.43
0.64
0.47
0.49
0.05
0.43
0.01
0.41
0.55
0.57
0.63
0.04
0.00
0.53
0.82
0.70
0.71
0.03
0.00
0.65
0.67
0.76
0.03
0.00
0.81
0.88
0.83
0.03
0.00
0.81
0.87
0.82
0.04
0.00
0.84
0.85
0.86
0.03
0.00
0.89
0.86
0.85
0.04
0.00
0.89
0.94
0.87
0.03
0.01
0.84
0.90
0.87
0.90
0.04
0.00
0.99
0.84
0.77
0.91
0.85
0.79
0.80
0.03
0.00
0.72
0.92
0.26
0.18
0.01
0.00
0.74
0.74
0.65
0.08
0.00
1.10
1.71
0.81
0.87
0.00
0.00
0.21
0.14
0.00
0.00
0.50
0.50
0.17
0.30
0.06
0.27
0.00
1.27
1.03
0.91
1.39
0.26
0.01
0.00
0.14
0.20
0.25
0.33
0.39
0.33
0.31
0.01
0.00
4.33
0.16
0.01
0.00
0.26
