20
23
59
72
104
33
7
7
25
11
28
114
141
159
164
174
197
338
390
436
468
494
792
890
986
1114
1264
1324
198
234
274
590
754
862
936
914
1128
1544
1562
1860
1488
1720
1714
1938
396
456
526
556
600
619
679
807
903
1483
1527
1711
1613
1407
1579
1807
1801
1414
1426
1866
1927
1964
1503
1536
2013
2068
2071
2093
1691
1745
2127
2136
2165
2159
1829
1923
2157
2165
2180
2177
1735
1841
2175
2186
2209
2213
1901
2043
2197
2247
2695
2539
2177
2339
2629
2687
2657
2693
2499
2723
1895
2755
2765
2741
2991
2983
1919
2451
3027
3041
2983
2989
2991
3373
1901
3349
3425
3345
3393
3451
2077
2717
3489
3521
3459
3609
2987
3461
3667
3739
3651
3651
3009
4071
4105
4167
4152
4243
4253
3243
3856
3999
4407
4361
3853
3443
3580
3616
3210
3632
1920
3656
3668
2305
343
402
469
859
891
913
1009
970
947
1007
2331
2413
2798
2698
2360
2368
2804
3152
3209
3283
3353
2857
3133
3411
3447
3427
3437
2643
2915
3427
3425
3453
2297
2648
3591
3585
3629
3029
3424
3589
3659
3643
3201
3573
1793
3665
3585
4409
3277
3673
4409
4375
4415
4361
3369
3932
4393
4393
4685
4731
2373
2732
4833
4919
4779
4783
2745
3169
4865
4947
4701
2769
3100
4781
3745
472
474
525
1165
1231
1253
1391
1421
1331
1465
2543
2473
2786
3034
3176
3034
2854
2580
2912
3306
3295
3353
3405
3457
3159
3490
3507
3539
3499
3493
3199
3487
2143
3547
3583
3521
3517
3345
3493
2221
3589
3599
3711
3657
2883
3350
3731
3753
3657
3629
3328
3709
2063
3719
3735
4223
2853
3352
4197
4253
4223
3293
3629
4157
4247
4777
3212
3683
4777
4795
4717
4731
2875
3176
4791
4817
4665
3067
3639
4751
4809
4921
3051
3389
4997
5073
4923
3107
3463
5003
5081
4917
3523
4086
5003
5085
5159
3159
3903
5179
5317
5339
5257
5331
3227
3574
5411
5495
5183
5251
2631
2911
5339
5421
5171
2525
2861
5257
5335
5311
5249
3573
4409
5329
5415
5441
5387
5489
5561
3739
5147
5679
5763
5101
4733
5677
4497
3101
4058
4072
1820
2334
4078
4090
4105
3675
4125
2083
4147
4029
4881
4833
4877
4897
4273
4905
2709
4933
4951
4897
4895
4853
4799
5009
3153
3710
478
461
495
1007
1087
1093
1481
1624
2093
1767
2347
2307
1891
1971
2167
2315
2343
2388
2445
2314
2466
2498
2641
2609
2747
2791
2827
2855
2076
2913
2961
2907
2941
2642
2981
1910
3009
3029
2989
3123
3145
1885
2355
3122
3213
3137
3165
3341
3625
2228
3621
3677
3641
3103
3615
1916
3693
3697
3659
3855
3368
3879
2307
3899
3903
3863
3875
3955
2185
3289
4021
4035
3991
3993
3615
3999
3999
4021
5105
4685
5195
4929
4442
5227
2321
4727
5241
5091
5157
4064
473
508
559
980
1746
1085
1835
1577
1833
1673
1989
2065
2506
481
477
503
864
962
965
1053
1047
1088
1332
2121
2179
2358
2594
2544
2111
2216
2482
2483
2555
2591
2661
2041
2087
2725
2785
2751
2731
2779
1918
1958
2829
2859
2827
2851
1832
1867
2843
2849
2873
2847
1827
1866
2839
2851
2857
2847
1803
1846
2839
2851
2412
2845
1644
1701
2873
2885
2820
1651
1661
2906
2902
2918
1727
1740
2840
2355
2869
1493
1526
2877
2889
2821
1705
1736
2909
2837
2909
1729
1750
2841
2917
2843
1721
1743
2849
2839
2851
1711
1741
2847
2845
2853
1744
1768
2845
2839
2913
1745
1781
2845
2917
2849
1780
1812
2841
2843
1843
2874
1538
1564
2880
2884
2905
1773
1806
2827
2919
2845
1795
1820
2845
2849
2851
1762
1793
2851
2919
2915
1817
1856
2849
2912
2923
1798
1841
2847
2917
2849
1788
1837
2841
2921
2853
1805
1845
2851
2849
2857
1786
1830
2855
2843
2849
1803
1856
2847
2851
2853
1804
1847
2855
2843
2925
1804
1874
2847
2913
2917
1848
1892
2845
2849
2855
1805
1842
2849
2849
2383
2885
1681
1723
2879
2893
2831
1827
1886
2915
2847
2921
1836
1908
2845
2913
2915
2004
2100
2847
2919
2849
1980
2083
2845
2851
2857
2003
2109
2847
2849
2859
1976
2076
2849
2845
2853
1868
1966
2849
2919
2853
1858
1910
2847
2849
2855
1858
1912
2847
2919
2917
1906
1999
2843
2915
2913
1839
1903
2849
2911
2915
2002
2146
2847
2917
2851
1892
1942
2849
2845
2855
1883
1982
2843
2917
2909
1991
2067
2847
2919
2849
1924
2003
2851
2847
2925
1902
1980
2847
2911
2919
2070
2169
2843
2921
2855
1920
1990
2849
2855
2851
1894
1965
2042
2882
1709
1784
2884
2883
2903
1867
1975
2909
2909
2909
1931
2019
2909
2913
2921
1919
2023
2851
2917
2849
1939
2041
2853
2853
2859
2087
2153
2847
2919
2917
1935
2013
2845
2927
2853
1935
2016
2855
2923
2853
1933
2031
2857
2853
2859
1937
2003
2857
2927
2857
2141
2214
2845
2929
2861
1953
2045
2841
2923
2851
1945
2042
2857
2853
2927
2125
2316
2853
2931
2863
2100
2195
2853
2857
2863
2014
2084
2855
2929
2857
1985
2094
2853
2851
2929
2010
2106
2839
2927
2855
1955
2060
2847
2919
2917
1982
2061
2845
2927
2857
1961
2089
2859
2913
2927
1978
2052
2853
2925
2861
1995
2112
2847
2925
2863
2030
2112
2855
2859
2863
1997
2165
2855
2851
2865
2137
2292
2861
2851
2861
1976
2086
2790
2880
1816
1894
2888
2890
2917
1953
2056
2917
2921
2925
1978
2062
2851
2919
2929
1997
2081
2853
2931
2861
2210
2301
2851
2931
2865
2032
2112
2843
2931
2863
2151
2359
2851
2855
2859
1987
2082
2863
2857
2861
2027
2131
2859
2925
2857
2029
2146
2849
2927
2921
2047
2149
2849
2927
2863
2032
2123
2845
2923
2855
2188
2343
2853
2923
2857
1973
2068
2861
2859
2929
2019
2180
2851
2917
2925
2066
2177
2853
2923
2915
2027
2188
2855
2931
2931
2238
2396
2853
2929
2927
2019
2102
2861
2925
2923
1960
2072
2855
2857
2867
1989
2102
2865
2863
2867
2236
2428
2863
2923
2925
2070
2218
2855
2925
2923
2113
2311
2857
2925
2931
2034
2140
2853
2931
2867
2019
2130
2863
2857
2923
2016
2124
2861
2927
2935
2090
2186
2859
2923
2935
2034
2158
2859
2933
2867
2019
2134
2867
2923
2933
2014
2160
2853
2933
2857
2857
2148
2338
2925
2929
2714
2886
2886
2893
1962
2087
2902
2904
2923
2113
2249
2921
2923
2929
2084
2203
2861
2931
2867
2849
2160
2288
2927
2855
2929
2867
2397
2541
2925
2925
2927
2867
2409
2535
2927
2863
2867
2863
2067
2256
2931
2859
2933
2087
2209
2865
2853
2933
2111
2216
2861
2925
2925
2172
2298
2857
2931
2867
2855
2214
2362
2923
2863
2933
2857
2179
2304
2931
2855
2937
2863
2144
2277
2925
2925
2931
2855
2181
2401
2917
2923
2933
2855
2929
2262
2391
2867
2929
2931
2873
2845
2939
2235
2372
2869
2935
2931
2873
2857
2935
2298
2429
2865
2935
2937
2869
2861
2863
2287
2498
2931
2931
2935
2863
2927
2274
2384
2857
2929
2937
2863
2855
2215
2357
2935
2923
2931
2865
2929
2300
2422
2865
2937
2873
2869
2851
2196
2408
2937
2861
2935
2857
2223
2360
2929
2851
2927
2867
2449
2647
2927
2927
2939
2865
2239
2373
2933
2867
2933
2863
2276
2432
2929
2919
2933
2859
2248
2374
2863
2865
2875
2871
2159
2278
2855
2851
2545
2869
2891
2896
2089
2263
2897
2907
2923
2249
2383
3043
3046
3052
3041
2289
2402
3031
3115
3043
3039
3041
2335
2524
3035
3123
3049
3047
3119
2311
2531
3041
3119
3123
3043
3109
2569
2811
3115
3115
3121
3035
3113
2529
2667
3039
3115
3125
3049
3043
3051
2447
2631
3051
3121
3121
3045
3037
3127
2467
2605
3045
3125
3127
3049
3047
3047
2348
2507
3049
3131
3063
3047
3047
3033
2382
2597
3117
3123
3111
3113
3041
3117
2421
2635
3059
3121
3125
3045
3037
3117
2730
2869
3113
3121
3125
3049
3041
3041
2305
2459
3125
3053
3129
3055
3043
3045
2331
2470
3047
3057
3123
3043
3111
2307
2454
3039
3121
3123
3037
3111
2373
2521
3109
3121
3111
3043
3123
2325
2463
3047
3121
3115
3047
3037
3113
2549
2689
3115
3125
3127
3051
3035
3043
2373
2595
3123
3117
3123
3049
3105
3111
2453
2635
3121
3119
3133
3051
3031
3113
2367
2527
3123
3117
3131
3057
3037
3119
2415
2609
3053
3127
3065
3049
2245
3071
3075
3091
2170
2319
3005
3101
3043
3025
2391
2655
3115
3117
3119
3035
3100
2517
2671
3121
3041
3123
3055
3037
3119
2743
2943
3121
3127
3129
3045
3101
3113
2607
2753
3121
3121
3125
3057
3039
3117
2539
2741
3049
3125
3061
3053
3031
3119
2581
2725
3045
3123
3055
3049
3035
3119
2525
2693
3121
3123
3129
3041
3115
3039
2479
2627
3125
3063
3131
3041
3115
2443
2635
3103
3117
3119
3047
3111
2501
2721
3117
3113
3121
3051
3041
3115
2423
2611
3115
3125
3057
3059
3049
3041
2495
2703
3127
3063
3133
3047
3027
3123
2535
2670
3047
3125
3055
3113
3037
3117
2547
2803
3095
3113
3119
3055
3035
3105
2827
3109
3115
3123
3121
3045
3113
3117
2857
3002
3123
3123
3117
3053
3045
3107
2543
2771
3119
3123
3129
3049
3119
3041
2540
2723
3123
3115
3129
3047
3119
3047
2531
2808
3111
3123
3127
3045
3115
3041
2783
3011
3123
3117
3127
3053
3041
3043
2545
2777
3119
3111
3127
3051
3037
3115
2477
2619
3121
3125
3123
3055
3041
3121
2609
2791
3039
3131
3063
3049
3041
3047
2531
2747
3035
3119
3119
2331
3048
3070
2996
2255
2492
3264
3192
3276
2586
2754
3276
3292
3210
3208
3208
2674
2878
3220
3228
3222
3220
3210
3210
2574
2758
3216
3282
3292
3216
3284
3290
2652
2918
3296
3294
3294
3214
3214
3222
2854
3074
3214
3304
3222
3220
3214
3218
2612
2768
3216
3290
3290
3216
3214
3214
2656
2879
3288
3296
3296
3216
3210
3220
2592
2786
3218
3302
3236
3228
3212
3212
2506
2715
3218
3220
3298
3208
3280
2858
3183
3290
3220
3296
3216
3208
3214
2892
3220
2036
3304
3216
3300
3222
3292
3220
2642
2899
3294
3282
3298
3218
3276
3284
2971
3296
2024
3300
3298
3308
3228
3218
3294
2861
3142
3290
3306
3300
3226
3216
3286
2738
2928
3282
3300
3290
3220
3208
3218
2720
2940
3296
3226
3306
3218
3184
3294
2662
2926
3212
3308
3228
3216
3202
3288
2652
2962
3298
3294
3296
3220
3206
3288
2656
2836
3290
3298
3300
3212
3282
3290
3086
3282
2160
3292
3298
3314
3232
3218
3224
2824
3054
3222
3298
3304
3210
3282
3288
2626
2865
3290
3292
3288
3230
3210
3288
2766
3026
3302
3222
3298
3220
3206
3288
2644
2890
3288
3298
3300
2579
3221
3241
3253
2358
2571
3431
3355
3371
2495
2704
3377
3367
3451
2641
2946
3373
3459
3453
3375
3457
2685
2929
3461
3447
3443
3379
3377
3379
2940
3208
3473
3383
3459
3391
3375
3457
2807
3109
3463
3465
3471
3385
3377
3455
2802
3038
3465
3473
3467
3385
3379
3465
2783
2981
3463
3475
3465
3389
3373
3377
2711
2938
3459
3467
3457
3381
3451
3455
2854
3076
3459
3465
3467
3389
3371
3467
2858
3067
3391
3387
3459
3389
3383
3377
2750
3033
3465
3465
3469
3383
3383
3387
2745
2977
3377
3479
3405
3383
3371
3463
2741
2988
3449
3469
3467
3381
3455
3453
2717
2961
3469
3463
3465
3395
3377
3381
2703
2926
3387
3391
3455
3377
3449
3461
2847
3158
3471
3471
3473
3391
3373
3471
2854
3089
3389
3471
3467
3395
3377
3383
2706
2934
3469
3395
3393
3383
3371
3381
2724
2917
3385
3469
3387
3381
3373
3457
2715
3083
3459
3471
3461
3383
3443
3465
2782
2985
3385
3477
3387
3391
3377
3385
2727
2944
3379
3469
3387
3383
3379
3463
2880
3212
3385
3473
3397
3389
3375
3377
3072
3342
3465
3389
3455
3381
3449
2654
2878
3467
3377
3455
2015
3381
3405
3422
2510
2777
3342
3609
3531
3609
2859
3088
3523
3635
3543
3537
3529
2856
3208
3631
3543
3617
3539
3529
3629
3118
3486
3627
3637
3551
3541
3529
3623
3089
3365
3625
3627
3633
3535
3631
3539
2893
3210
3627
3631
3623
3551
3541
3533
3045
3323
3641
3541
3621
3545
3621
3543
2935
3203
3631
3547
3623
3549
3529
3631
2829
3047
3545
3629
3623
3547
3537
3537
2765
3111
3633
3543
3617
3555
3537
3621
2943
3247
3623
3627
3619
3543
3537
3547
2830
3116
3541
3635
3617
3545
3531
3541
2845
3101
3633
3545
3607
3537
3617
3531
2656
2884
3632
3544
3621
3553
3541
3517
2803
3054
3633
3551
3623
3539
3631
3537
2853
3153
3629
3635
3557
3545
3527
3627
2890
3183
3543
3635
3617
3535
3529
3621
3225
3623
2097
3625
3633
3627
3555
3539
3637
3193
3535
3555
3639
3559
3551
3535
3519
2801
3082
3633
3539
3609
3541
3629
3217
3486
3529
3635
3555
3549
3523
3633
2759
3039
3543
3545
3611
3527
3613
2829
3097
3613
3619
3601
3537
3537
3543
3087
3396
3553
3555
3609
3551
3535
3631
2837
3128
3549
3547
3613
3533
3615
3527
3039
3317
3635
2526
3556
3580
3500
2870
3147
3592
3606
3763
3683
3781
3041
3305
3693
3789
3697
3701
3687
3691
2843
3109
3701
3701
3709
3699
3683
3689
3175
3624
3789
3693
3769
3695
3685
3687
2943
3233
3685
3793
3707
3699
3691
3693
3153
3487
3699
3703
3701
3693
3687
3691
3168
3514
3691
3793
3699
3683
3777
3687
3215
3535
3791
3705
3773
3695
3691
3687
3249
3625
3789
3701
3777
3703
3675
3779
3321
3697
2111
3791
3707
3785
3703
3777
3769
2780
3069
3793
3701
3785
3703
3697
3695
2907
3172
3697
3711
3707
3703
3691
3689
2897
3280
3691
3803
3699
3689
3697
3697
2891
3186
3703
3693
3763
3687
3771
3777
3371
3657
3771
3787
3777
3689
3783
3695
3246
3591
3783
3701
3771
3707
3685
3697
2945
3269
3697
3795
3707
3703
3681
3797
2899
3195
3699
3781
3769
3687
3775
3683
3051
3389
3771
3781
3777
3695
3695
3695
3262
3544
3793
3705
3779
3701
3683
3703
2927
3254
3683
3789
3779
3699
3683
3783
3073
3421
3693
3789
3769
3693
3685
3693
2937
3333
3699
3689
3757
3701
3685
3691
3261
3620
3789
3697
3765
3695
3691
3699
2912
3221
3697
3781
3777
3689
3027
3700
3726
3652
2557
2940
3656
3660
3681
2695
2968
3683
3681
3899
3837
3839
2845
3238
3839
3843
3861
3833
3933
3367
3632
3827
3933
3909
3821
3921
3931
3413
3793
3941
3837
3923
3851
3821
3935
3335
3724
3847
3829
3907
3833
3919
3833
3265
3629
3937
3841
3913
3839
3829
3831
3256
3545
3937
3849
3911
3835
3911
3921
3125
3407
3923
3939
3917
3841
3835
3831
2732
2991
3835
3935
3851
3839
3829
3841
2971
3393
3839
3941
3853
3845
3817
3937
3387
3706
3835
3937
3923
3831
3925
3831
3327
3811
3939
3859
3853
3855
3831
3839
3365
3652
3849
3845
3907
3835
3923
3843
3344
3798
3839
3933
3903
3841
3829
3831
2969
3423
3845
3847
3857
3847
3839
3841
3313
3670
3845
3855
3851
3847
3829
3841
3335
3836
3851
3847
3843
3825
3921
3835
3016
3312
3837
3843
3913
3841
3829
3831
2995
3398
3935
3839
3911
3843
3833
3833
3005
3557
3829
3939
3905
3839
3831
3833
3107
3350
3923
3943
3835
3817
3911
3837
3376
3672
3849
3845
3909
3851
3833
3829
3033
3346
3939
3851
3847
3845
3829
3821
3353
3820
3933
3841
3913
3847
3829
3827
3364
3908
3945
3843
3923
3845
3034
3862
3878
4022
3934
3118
3558
4042
3968
3971
3973
3965
3157
3515
3971
3975
4041
3973
3957
3332
3783
4057
4051
4039
3973
4061
3087
3435
3983
3979
3985
3981
3965
3963
2949
3301
4065
4075
3985
3973
3965
3967
3455
3787
4079
3983
4051
3981
3969
3969
3049
3353
3989
3989
3997
3981
3969
3975
3063
3490
3975
3993
3997
3983
3967
3967
3419
3908
4079
3981
4051
3981
3971
3977
3465
4022
4077
3985
4053
3969
4057
3981
3043
3447
3983
3987
3987
3977
3975
3979
2893
3241
3973
4085
3989
3969
3965
3987
3419
3875
3979
3991
3985
3977
3975
3981
3437
3877
3965
4067
4047
3973
4063
4059
3652
4079
2377
4077
4089
4001
3989
3975
3975
3499
3969
3991
3981
4065
3985
3957
4071
3545
3989
2187
3971
4085
4065
3981
3983
3981
3673
3985
2225
3985
4099
3991
3983
3979
3971
3013
3343
3983
3987
4053
3985
3975
3971
3491
3792
3991
3976
4051
3973
4067
3965
3043
3503
4079
3965
4061
3985
3969
3975
3033
3293
3973
4081
3985
3985
3971
3977
3019
3375
3987
3985
3991
3983
3955
4069
3271
3743
3975
3977
4047
3987
3971
3969
3433
4081
2125
3979
4073
4067
3989
3973
3781
3992
4002
4025
2780
3261
3939
3954
3973
3969
3277
3777
3953
4063
3965
3967
3967
3451
3921
3985
3981
3981
3979
3959
4065
3541
3945
3965
4089
3999
3973
3979
3977
3060
3533
3973
4081
3987
3981
3975
3967
3533
4081
2152
3979
4075
4069
3991
3977
3985
3407
3869
3983
4077
4071
3971
4069
3959
2891
3174
4075
3989
4051
3991
3969
3975
3395
3979
2124
3987
4089
3991
3973
4063
4069
3607
3973
4063
4073
4061
3985
3967
4063
3979
4059
2676
4081
3995
4067
3975
4069
3981
3735
3971
2300
4077
4091
4061
3991
3977
3987
3578
3973
2255
4079
4085
4063
3991
3983
3985
3283
3548
3987
3987
4061
3977
3963
3975
3131
3395
4067
4075
4053
3977
3975
3961
3585
4085
2208
3985
4085
4069
3979
3979
3983
3253
3821
3997
3961
4043
3983
3965
4065
3583
3959
2444
4081
3997
4053
3985
3971
4079
3729
3985
2373
3985
4083
4067
3993
3985
3969
3029
3385
4077
3987
4055
3985
3971
3989
3503
3847
3967
4085
3979
3973
3973
3969
3119
3583
4071
3981
4039
3953
4045
3069
3384
4065
3977
4043
3975
3957
4069
2872
3215
3971
4089
3999
3981
3973
3971
3189
3717
3985
3977
4037
3975
4057
3455
3828
3967
4077
3981
3975
3971
3967
3513
4021
4081
3979
4047
3636
3987
3999
4015
3149
3713
4025
4033
5157
5159
5219
5301
5335
5325
3729
4081
5325
5341
5135
5131
5209
5293
5323
5319
3659
3929
5299
5323
5097
5137
5213
5297
5327
5335
3769
4081
5317
5339
5123
5135
5211
5295
5327
5319
3447
3771
5319
5343
5105
5133
5209
5289
5331
5337
3339
3762
5319
5339
5121
5135
5207
5289
5319
5341
5339
3763
4162
5303
5345
5183
5141
5217
5301
5325
5337
3323
3754
5327
5321
5141
5145
5217
5303
5331
5311
5331
3803
4399
5327
5331
5195
5141
5217
5303
5319
5325
5339
4137
4593
5313
5353
5185
5135
5209
5291
5329
5331
5337
3665
4157
5333
5335
5197
5141
5215
5299
5317
5329
5321
3935
4298
5331
5353
5201
5139
5213
5301
5303
5315
5339
3852
4479
5319
5329
5201
5143
5217
5301
5307
5319
5337
3795
4403
5319
2646
4048
3048
3622
4054
4080
4024
4025
3408
3900
4036
4022
4099
5151
5212
5274
5359
5365
5371
3729
4193
5377
5371
5183
5157
5229
5315
5369
5355
5365
4007
4551
5347
5367
5211
5169
5243
5323
5365
5365
5357
3813
4216
5341
5387
5197
5165
5241
5323
5369
5369
5375
3387
3741
5343
5383
5207
5161
5239
5319
5365
5371
5367
3581
4053
5361
5363
5221
5169
5243
5327
5369
5365
5369
3553
4032
5349
5379
5223
5167
5243
5325
5343
5369
5381
3967
4411
5359
5361
5331
5209
5281
5369
5349
5371
3979
4494
5363
5381
5183
5161
5237
5315
5357
5367
5365
3929
4653
5361
5359
5337
5209
5281
5367
5353
5365
3389
3765
5361
5371
5189
5165
5239
5323
5353
5362
5351
3581
4009
5381
5381
5235
5171
5249
5329
5369
5363
5367
3577
3925
5349
5379
5223
5167
5241
5323
5361
5363
5363
3347
3475
4011
4015
2643
3019
4039
4041
4063
3483
3746
3995
4085
4061
5149
5209
5275
5345
5331
5355
4167
4830
5343
5343
5181
5153
5227
5305
5353
5337
3668
4219
5331
5355
5131
5147
5223
5307
5347
5351
5349
3489
3972
5321
5357
5199
5151
5227
5311
5337
5349
5347
3747
4247
5319
5349
5187
5153
5225
5307
5349
5331
5345
4107
4403
5319
5343
5187
5147
5221
5305
5337
5335
5335
3537
4073
5325
5351
5203
5153
5225
5309
5347
5337
5349
3819
4142
5315
5345
5199
5161
5235
5317
5341
5347
5343
3971
4479
5303
5451
5245
5189
5267
5339
5345
5337
3823
4155
5319
5359
5175
5151
5227
5309
5353
5347
3867
4367
5323
5331
5247
5193
5263
5329
5339
5333
3911
4255
5355
5355
5163
5147
5217
5301
5337
5335
5339
3571
4131
5351
5345
5193
5153
5227
5307
5339
5347
5347
3885
4173
5345
5357
5199
5151
5225
5309
5349
5345
5341
3337
3864
5057
4035
3185
3669
4033
4057
4267
4189
4285
3055
3351
4215
4209
4219
4215
4199
3922
4211
2363
4195
4315
4541
4527
4491
3513
4101
4601
4611
4515
4517
4523
4503
3655
4347
4619
4531
4523
4521
4513
4505
3219
3771
4603
4607
4575
4527
4521
4509
3240
3684
4625
4525
4579
4509
4589
4507
3367
3803
4607
4511
4581
4529
4515
4531
3955
4511
2392
4609
4615
4579
4539
4505
4617
3355
3671
4535
4525
4595
4529
4491
4599
3097
3454
4513
4619
4523
4521
4509
4527
4137
4426
4525
4519
4519
4523
4505
4509
2952
3477
4529
4527
4519
5079
5149
5221
5261
5267
3925
4429
5265
5259
5063
5097
5175
5255
5269
3699
4055
5259
5263
5021
5091
5167
5243
5237
5269
3579
4327
5267
5249
5203
5139
5211
5251
5269
3661
4092
5265
5251
5049
5089
5159
5243
5267
5265
3483
3762
5251
5247
5193
5137
5211
5247
5267
5261
3039
3392
5247
5239
5235
5135
5205
5249
5251
5253
3407
3754
5263
5263
5121
5091
5163
5243
5247
5263
3821
4249
5253
5257
5083
5093
5167
5245
5247
5253
3389
3637
5253
5249
5201
5139
5211
3443
4033
3545
4041
1955
4059
3999
4003
2759
3077
4727
4701
4619
4693
4687
4681
3194
3539
4691
4699
4631
4853
4899
4887
4893
4301
4769
4909
4915
4815
4859
4907
4897
4117
4693
4897
4913
4771
4847
4891
4893
4907
4285
4807
4907
4905
4807
4849
4889
4895
4909
3717
4293
4917
4905
4807
5337
5405
5479
5565
5629
5641
5631
3731
4047
5603
5651
5387
5353
5435
5519
5601
5637
5639
5627
3881
4521
5593
5629
5421
5355
5433
5515
5595
5635
5631
5635
4121
4570
5561
5649
5393
5351
5433
5517
5593
5629
5639
5643
4039
4535
5587
5649
5407
5351
5427
5507
5589
5631
5631
5643
4005
4439
5573
5637
5413
5349
5427
5507
5591
5643
5627
5621
4319
4863
5567
5649
5385
5355
5431
5513
5597
5627
5633
5637
3948
4666
5571
5659
5405
5357
5433
5511
5595
5641
5633
5627
3783
4039
5571
5647
5405
5349
5423
5507
5583
5639
5637
5643
4349
5116
5577
5651
5409
5355
5427
5511
5593
5623
2325
4029
4045
2247
3169
4055
4071
4093
3027
3505
4007
4101
4203
4161
4157
4069
4161
2361
4249
4247
4209
4303
4275
3761
4373
2413
4297
4373
4355
4301
4359
4379
3354
4233
4397
4287
5111
4987
4891
5061
5057
3092
3829
5069
5067
4913
5131
5187
5287
5319
2959
3495
5307
5327
5045
5129
5211
5291
5321
3195
3815
5307
5325
5053
5135
5213
5295
5319
5321
3283
4044
5315
5331
5111
5137
5211
5293
5327
5313
3587
3940
5303
5305
5235
5185
5253
5323
5321
3539
3974
5319
5303
5211
5179
5255
5317
5317
5313
3519
4587
5319
5329
5175
5377
5451
5531
5613
5679
5671
5679
3319
3748
5643
5689
5425
5393
5469
5549
5631
5669
5695
5689
3749
3872
5609
5685
5423
5387
5463
5543
5625
5681
5677
5701
3995
4168
5627
5691
5333
4885
5597
5597
5667
5685
5675
5693
4204
4653
5669
5689
4697
5841
5683
5565
5825
5905
5911
5927
5923
4273
4685
5865
5925
5665
5543
5621
5707
5787
5867
5901
5921
5929
5917
3950
4643
5807
5925
5651
5551
5629
5709
3817
4038
4052
1722
2113
3990
4078
4107
4019
2641
3141
4357
4373
4347
4353
4371
3507
3883
4383
4391
4347
4805
4783
4778
4045
4498
4777
4783
4823
5145
5215
5267
5345
4031
4571
5295
5309
4683
5341
5417
4891
5707
4583
3563
3903
5755
5583
5779
5319
5589
5671
5701
3348
4153
5709
5725
5369
5393
5469
5553
5639
5721
5715
3782
4305
5669
5721
5381
5395
5473
5551
5629
5697
5705
5703
4645
5095
5657
5709
5425
5405
5483
5561
5637
5693
5695
5711
3163
3703
5655
5715
5441
5409
5149
5757
5749
5799
5797
3955
4231
5727
5801
5601
5461
5537
5619
5701
5781
5785
5797
4543
5687
2483
5659
5805
5083
5549
5675
5753
5831
5867
5881
3537
4341
5805
5867
4835
5805
5647
5711
5793
5873
5871
5871
4075
4570
5783
5863
5597
5543
5621
5703
5777
5823
5929
5929
5927
3777
4844
5841
5943
5605
5545
5623
5707
5789
5839
5937
5929
5927
4173
4616
5809
5943
5931
5771
4771
5853
5939
5999
6047
6059
6055
3463
4138
5407
4063
2745
3413
4081
4093
4051
4109
3365
4376
4829
4815
4851
4845
4853
5147
5183
5183
3458
4775
5191
5179
5183
5105
5153
5621
5597
5611
5037
5545
5613
5619
5355
5347
5421
5505
5587
5563
5685
4635
5595
2507
5615
5715
5631
5521
5583
5607
3847
4371
5595
5617
5091
4923
5745
5747
5811
5901
5933
4537
5701
2555
5811
5129
6003
5689
5753
5839
5913
5369
3285
3605
5941
5861
6001
5657
5729
5177
5989
5621
6071
5997
5371
5927
2738
5989
6009
5181
4785
5935
5069
6131
5123
4651
6107
2725
5595
6175
5615
5855
5639
6125
5211
6143
3514
4123
5991
6157
4869
5989
5993
6053
6041
4711
5919
6095
4861
6453
5213
6181
5359
6343
4875
4101
4584
6433
5829
6495
5651
4501
6349
5769
4059
4570
6415
4845
6553
4761
6035
4823
6493
5081
4695
6531
3049
5569
6579
5073
6367
5107
6571
5203
5221
6316
6577
6279
6641
6181
4697
6453
6401
5111
5783
5991
6613
6405
6171
5629
6715
5723
6613
5419
6035
6651
6213
6825
5791
4464
478
523
574
956
1011
970
1606
1898
2106
2488
2312
2354
1974
2230
2470
2433
2124
2086
2400
2531
2519
2183
2273
2601
2670
2667
2693
2188
2287
2753
2795
2767
2809
2249
2383
2847
2877
2849
2857
2312
2502
2887
2901
2885
2839
2553
2813
2899
2905
2897
2897
2673
2897
1933
2909
2901
2911
2845
2425
2617
2901
2901
2909
2829
2578
2859
2903
2889
2899
2821
2857
3220
4013
4039
3993
3063
3367
4003
3987
4049
2653
2997
3989
4075
4059
2735
3015
3999
3987
4649
3315
3823
4647
4637
4561
3109
3545
4641
4657
4571
3217
3667
4649
4657
4923
3333
3645
5005
5075
5065
3177
3491
5065
5141
4927
2720
3763
5011
5097
5161
3792
4995
5235
5319
5179
3885
4529
5249
5333
5495
4845
4897
2425
5545
5545
5433
3529
4209
5513
5169
5727
3539
2484
2669
3842
535
507
534
1019
1068
1066
1161
1271
1208
1382
2275
2441
2433
486
487
511
939
945
701
1075
866
967
2328
2234
2332
2432
2442
1947
2066
2434
2474
2527
2552
2611
2184
2285
2676
2741
2708
2765
2079
2229
2823
2873
2867
2897
1948
2051
