0.01
0.01
0.01
0.01
0.00
0.01
0.00
0.00
0.01
0.00
0.01
0.14
0.08
0.05
0.03
0.01
0.00
0.25
0.22
0.16
0.10
0.05
0.76
0.01
0.00
0.56
0.46
0.27
0.26
0.27
0.11
0.17
0.12
0.12
0.55
0.05
0.44
0.30
0.00
0.20
0.15
0.57
0.33
0.28
0.35
0.11
0.20
0.20
0.01
0.00
0.50
0.32
0.21
0.01
0.00
1.01
1.03
0.40
0.01
0.00
0.15
0.29
0.22
0.00
0.00
3.42
0.13
0.01
0.00
0.21
0.27
0.27
0.01
0.00
0.26
0.36
0.27
0.01
0.00
0.26
0.45
0.36
0.30
0.01
0.00
0.21
0.46
0.33
0.30
0.03
0.00
0.31
0.50
0.46
0.34
0.01
0.00
0.32
0.42
0.42
0.55
0.03
0.00
0.56
0.58
0.58
0.02
0.00
0.61
0.74
0.65
0.02
0.63
0.00
0.47
0.60
0.65
0.03
0.65
0.00
0.58
0.67
0.57
0.68
0.02
0.00
0.52
0.62
0.66
0.76
0.64
0.62
0.01
0.62
0.00
0.61
0.66
0.62
0.72
0.02
0.00
0.58
0.73
0.85
0.72
0.62
0.03
0.00
0.62
0.69
0.76
0.73
0.01
0.00
0.71
0.86
0.78
0.22
0.15
0.01
0.00
0.57
0.41
0.32
0.01
0.00
1.28
0.98
0.53
0.01
0.00
0.18
0.23
0.18
0.02
0.00
0.17
0.20
0.31
0.04
0.00
0.37
0.43
0.51
0.55
0.62
0.64
0.74
0.74
0.56
0.66
0.05
0.00
0.67
0.72
0.74
0.70
0.04
0.00
0.74
0.89
0.83
0.72
0.03
0.00
0.72
0.84
0.75
0.04
0.00
0.79
0.86
0.68
0.02
0.00
0.77
0.82
0.79
0.04
0.01
0.84
0.84
0.89
0.88
0.84
0.04
0.00
0.86
0.90
0.85
0.04
0.00
0.83
0.90
0.75
0.01
0.00
0.22
0.14
0.01
0.00
0.84
0.97
0.57
0.53
0.33
0.08
0.00
1.78
1.37
0.60
0.31
0.26
0.33
0.03
0.00
0.25
0.55
0.66
0.70
0.57
0.04
0.00
0.55
0.55
0.51
0.57
0.05
0.00
0.58
0.68
0.67
0.58
0.04
0.46
0.00
0.51
0.58
0.54
0.59
0.05
0.59
0.00
0.53
0.78
4.15
0.37
0.04
0.59
0.00
0.56
0.62
0.54
0.03
0.00
0.67
0.79
0.69
0.02
0.00
0.82
0.92
0.81
0.03
0.00
0.81
0.84
0.82
0.02
0.00
0.80
0.89
0.81
0.02
0.00
0.81
0.87
0.86
0.02
0.00
0.82
0.87
0.88
0.02
0.00
0.87
0.88
0.86
0.03
0.00
0.84
0.94
0.86
0.01
0.00
0.86
0.89
0.88
0.02
0.00
0.89
0.93
0.88
0.02
0.00
0.94
0.96
0.79
0.03
0.00
0.99
0.88
0.78
0.90
0.91
0.95
0.94
0.88
0.02
0.00
0.86
0.96
0.91
0.90
0.02
0.00
0.97
0.97
0.91
0.01
0.00
0.94
0.94
0.87
0.01
0.00
0.94
0.95
0.88
0.04
0.00
0.93
0.99
0.94
0.04
0.00
0.98
0.97
0.76
0.02
0.00
0.92
1.01
0.94
0.01
0.00
0.96
0.93
0.79
0.98
0.94
0.78
0.02
0.00
0.95
0.95
0.77
0.79
0.80
0.91
0.80
0.93
0.02
0.91
0.00
0.82
0.86
0.78
0.86
0.84
0.76
0.83
0.01
0.00
0.76
0.99
0.92
0.90
0.88
0.02
0.00
0.77
0.22
0.13
0.01
0.00
0.74
0.56
0.15
0.30
0.07
0.00
1.94
1.26
1.08
0.01
0.00
0.27
0.31
0.30
0.04
0.34
0.00
0.30
0.61
0.48
0.45
0.05
0.00
0.50
0.65
0.63
0.66
0.61
0.64
0.05
0.00
0.61
0.60
0.59
0.64
0.03
0.00
0.63
0.68
0.64
0.65
0.02
0.00
0.50
0.68
0.62
0.65
0.03
0.53
0.00
0.54
0.59
0.68
0.74
0.02
0.00
0.60
0.80
0.82
0.66
0.04
0.63
0.00
0.63
0.94
4.73
0.50
0.63
0.04
0.61
0.00
0.64
0.66
0.55
0.62
0.03
0.00
0.62
0.64
0.74
0.77
0.03
0.00
0.66
0.84
0.22
0.13
0.01
0.00
0.70
0.65
0.28
0.01
0.00
1.17
1.20
0.47
0.36
0.00
1.10
0.87
0.20
0.17
0.01
0.00
0.51
0.42
0.12
0.08
0.30
0.00
0.37
0.23
0.60
1.03
0.14
0.00
0.94
1.19
0.75
0.28
0.03
0.00
0.23
0.35
0.46
0.47
0.52
0.59
0.62
0.64
0.59
0.02
0.00
0.50
0.72
0.77
0.79
0.84
0.93
3.63
0.39
0.01
0.00
0.57
0.74
0.70
0.01
0.00
0.70
0.70
4.02
0.40
0.01
0.00
0.59
0.73
0.68
0.01
0.00
0.68
0.72
0.66
0.01
0.00
0.64
0.69
0.65
0.01
0.00
0.66
0.71
0.69
0.00
0.00
0.63
0.60
0.64
0.01
0.00
0.65
3.40
0.39
0.00
0.00
0.57
0.72
0.69
0.01
0.00
0.66
0.70
0.66
0.01
0.00
0.64
0.70
0.65
0.01
0.00
0.65
0.70
0.67
0.01
0.00
0.64
0.70
0.65
0.01
0.00
0.66
0.70
0.65
0.01
0.00
0.66
0.72
0.65
0.01
0.00
0.65
0.70
0.67
0.01
0.00
0.64
0.71
3.67
0.39
0.01
0.00
0.58
0.74
0.69
0.01
0.00
0.68
0.74
0.66
0.01
0.00
0.65
0.73
0.65
0.01
0.00
0.64
0.71
0.65
0.01
0.00
0.65
0.71
0.63
0.01
0.00
0.64
0.70
0.66
0.01
0.00
0.66
0.70
0.64
0.01
0.00
0.66
0.72
0.65
0.01
0.00
0.64
0.73
0.65
0.01
0.00
0.65
0.71
0.64
0.01
0.00
0.65
0.71
0.66
0.01
0.00
0.64
0.71
0.65
0.01
0.00
3.93
0.41
0.01
0.00
0.57
0.77
0.67
0.01
0.00
0.66
0.70
0.66
0.01
0.00
0.66
0.71
0.66
0.01
0.00
0.64
0.73
0.66
0.01
0.00
0.64
0.69
0.65
0.01
0.00
0.66
0.72
0.65
0.01
0.00
0.67
0.70
0.64
0.01
0.00
0.64
0.73
0.64
0.01
0.00
0.64
0.70
0.64
0.01
0.00
0.63
0.72
0.64
0.01
0.00
0.64
0.72
0.63
0.01
0.00
0.65
0.77
0.64
0.01
0.00
0.65
0.71
0.64
0.01
0.00
0.64
0.72
0.65
0.01
0.00
0.66
0.72
0.65
0.01
0.00
0.64
0.71
3.65
0.42
0.00
0.00
0.58
0.73
0.68
0.01
0.00
0.66
0.70
0.67
0.01
0.00
0.65
0.72
0.65
0.01
0.00
0.64
0.70
0.65
0.01
0.00
0.65
0.70
0.65
0.01
0.00
0.63
0.70
0.64
0.01
0.00
0.66
0.70
0.65
0.01
0.00
0.66
0.69
0.65
0.01
0.00
0.63
0.70
0.65
0.00
0.00
0.66
0.70
0.66
0.01
0.00
0.65
0.72
0.65
0.01
0.00
0.65
0.71
0.65
0.01
0.00
0.65
0.70
0.64
0.00
0.00
0.64
0.71
0.65
0.01
0.00
0.66
0.72
0.64
0.01
0.00
0.64
0.72
0.65
0.01
0.00
0.63
0.70
0.65
0.01
0.00
0.65
0.72
0.64
0.01
0.00
0.65
0.70
0.64
0.01
0.00
3.78
0.43
0.01
0.00
0.57
0.61
0.67
0.01
0.00
0.66
0.75
0.64
0.01
0.00
0.64
0.71
0.64
0.01
0.00
0.65
0.73
0.65
0.01
0.00
0.65
0.69
0.64
0.01
0.00
0.66
0.75
0.68
0.01
0.00
0.66
0.72
0.68
0.01
0.00
0.65
0.64
0.63
0.01
0.00
0.66
0.72
0.67
0.00
0.01
0.64
0.58
0.64
0.01
0.00
0.65
0.71
0.65
0.01
0.00
0.64
0.68
0.64
0.01
0.00
0.65
0.70
0.63
0.01
0.00
0.66
0.73
0.64
0.01
0.00
0.65
0.71
0.65
0.01
0.00
0.64
0.71
0.65
0.01
0.00
0.65
0.71
0.64
0.01
0.00
0.66
0.70
0.64
0.01
0.00
0.67
0.72
0.65
0.00
0.00
0.65
0.75
0.64
0.01
0.00
0.63
0.70
0.64
0.01
0.00
0.65
0.71
0.67
0.01
0.00
0.65
0.70
3.20
0.39
0.02
0.00
0.59
0.75
0.70
0.01
0.00
0.66
0.72
0.63
0.01
0.00
0.65
0.70
0.64
0.01
0.00
0.65
0.70
0.64
0.01
0.00
0.64
0.69
0.65
0.01
0.00
0.65
0.71
0.65
0.01
0.00
0.65
0.71
0.66
0.02
0.00
0.66
0.72
0.70
0.02
0.00
0.65
0.57
0.64
0.01
0.00
0.64
0.72
0.65
0.01
0.00
0.64
0.70
0.67
0.01
0.00
0.66
0.69
0.65
0.01
0.00
0.66
0.73
0.64
0.01
0.00
0.64
0.71
0.68
0.01
0.00
0.65
0.69
0.67
0.01
0.00
0.64
0.72
0.65
0.01
0.00
0.67
0.74
0.64
0.01
0.00
0.64
0.72
0.63
0.01
0.00
0.68
0.74
0.66
0.01
0.00
0.64
0.69
0.66
0.01
0.00
0.64
0.78
0.66
0.01
0.00
0.65
0.74
0.65
0.62
0.01
0.00
0.65
0.72
0.67
0.63
0.01
0.00
0.64
0.72
0.64
0.63
0.64
0.01
0.00
0.63
0.76
3.73
0.41
0.57
0.70
0.01
0.00
0.69
0.73
0.64
0.01
0.01
0.66
0.70
0.65
0.67
0.01
0.00
0.64
0.62
0.65
0.64
0.64
0.01
0.00
0.62
0.69
0.66
0.63
0.65
0.65
0.01
0.00
0.61
0.71
0.64
0.61
0.64
0.62
0.01
0.00
0.64
0.67
0.54
0.64
0.65
0.65
0.02
0.00
0.61
0.57
0.69
0.64
0.63
0.64
0.01
0.00
0.63
0.71
0.69
0.64
0.65
0.62
0.01
0.00
0.61
0.66
0.66
0.66
0.64
0.62
0.02
0.00
0.62
0.68
0.64
0.63
0.65
0.63
0.01
0.00
0.61
0.68
0.68
0.68
0.66
0.50
0.01
0.00
0.61
0.67
0.68
0.64
0.65
0.62
0.01
0.00
0.61
0.66
0.65
0.63
0.65
0.64
0.01
0.00
0.63
0.70
0.65
0.65
0.68
0.63
0.02
0.00
0.50
0.67
0.53
0.62
0.63
0.61
0.02
0.00
0.63
0.67
0.56
0.62
0.62
0.62
0.02
0.00
3.64
0.39
0.59
0.70
0.01
0.00
0.56
0.70
0.54
0.01
0.00
0.65
0.71
0.68
0.64
0.51
0.02
0.00
0.62
0.57
0.66
0.65
0.62
0.64
0.01
0.00
0.62
0.65
0.53
0.64
0.66
0.62
0.01
0.00
0.49
0.65
0.67
0.63
0.63
0.62
0.01
0.00
0.61
0.66
0.68
0.65
0.65
0.62
0.01
0.00
0.60
0.67
0.65
0.69
0.65
0.51
0.02
0.00
0.60
0.54
0.66
0.63
0.64
0.61
0.01
0.00
0.64
0.70
0.54
0.62
0.52
0.02
0.00
0.65
0.77
0.68
0.63
0.65
0.66
0.01
0.00
0.64
0.56
0.53
0.63
0.65
0.61
0.01
0.00
0.61
0.66
0.64
0.64
0.64
0.62
0.01
0.00
0.61
0.71
0.68
0.64
0.52
0.02
0.00
0.66
0.70
0.54
0.62
0.64
0.66
0.02
0.00
0.62
0.55
0.66
0.63
0.65
0.62
0.02
0.00
0.66
0.64
0.53
0.62
0.66
0.62
0.01
0.00
0.48
0.69
0.68
0.67
0.62
0.53
0.02
0.00
0.61
0.52
0.65
0.64
3.76
0.42
0.59
0.56
0.02
0.00
0.68
0.74
0.64
0.01
0.00
0.64
0.69
0.64
0.69
0.01
0.00
0.63
0.58
0.69
0.64
0.54
0.01
0.01
0.61
0.57
0.67
0.66
0.62
0.62
0.02
0.00
0.60
0.67
0.64
0.63
0.65
0.63
0.01
0.00
0.63
0.66
0.69
0.67
0.51
0.50
0.01
0.00
0.48
0.66
0.69
0.65
0.65
0.48
0.01
0.00
0.50
0.64
0.59
0.62
0.50
0.62
0.01
0.00
0.60
0.66
0.66
0.63
0.64
0.63
0.02
0.00
0.63
0.68
0.64
0.65
0.68
0.66
0.01
0.00
0.52
0.57
0.53
0.63
0.66
0.64
0.01
0.00
0.51
0.52
0.56
0.63
0.63
0.61
0.01
0.00
0.63
0.64
0.56
0.64
0.62
0.64
0.01
0.01
0.64
0.69
0.56
0.62
0.64
0.61
0.01
0.00
0.61
0.65
0.65
0.65
0.62
0.66
0.01
0.00
0.61
0.55
0.65
0.63
0.65
0.63
0.01
0.00
0.60
0.69
0.68
0.64
0.65
0.68
0.01
0.00
0.60
0.56
0.66
0.63
0.63
0.62
0.02
0.00
0.60
0.68
0.63
0.63
0.64
0.64
0.02
0.00
0.61
0.67
0.68
0.64
3.63
0.41
0.56
0.60
0.01
0.00
0.66
0.60
0.66
0.65
0.63
0.01
0.00
0.62
0.71
0.65
0.65
0.52
0.02
0.00
0.63
0.57
0.66
0.65
0.66
0.64
0.01
0.00
0.62
0.67
0.69
0.65
0.51
0.61
0.02
0.00
0.64
0.68
0.57
0.66
0.52
0.62
0.01
0.00
0.51
0.70
0.58
0.64
0.53
0.62
0.02
0.00
0.48
0.66
0.54
0.66
0.63
0.50
0.02
0.00
0.61
0.56
0.67
0.63
0.64
0.63
0.02
0.00
0.67
0.67
0.52
0.64
0.64
0.64
0.01
0.00
0.60
0.67
0.67
0.63
0.66
0.62
0.02
0.00
0.62
0.69
0.65
0.63
0.66
0.62
0.01
0.00
0.52
0.69
0.57
0.65
0.50
0.02
0.00
0.50
0.71
0.52
0.62
0.64
0.61
0.02
0.00
0.63
0.69
0.54
0.62
0.70
0.65
0.02
0.00
0.50
0.54
0.53
0.64
0.62
0.64
0.02
0.00
0.64
0.55
0.60
0.63
0.51
0.61
0.01
0.00
0.62
0.66
0.66
0.65
0.64
0.49
0.02
0.01
0.51
0.71
0.54
0.62
0.63
0.62
0.02
0.00
0.59
0.72
0.68
0.63
0.62
0.63
0.01
0.00
0.61
0.67
0.66
0.66
0.64
0.52
0.02
0.01
0.60
0.54
0.67
0.65
0.63
0.64
0.01
0.00
3.69
0.39
0.59
0.69
0.01
0.00
0.70
0.72
0.68
0.02
0.00
0.63
0.70
0.66
0.63
0.01
0.00
0.67
0.72
0.54
0.62
0.54
0.02
0.00
0.62
0.60
0.64
0.68
0.63
0.52
0.01
0.00
0.59
0.55
0.65
0.65
0.63
0.67
0.01
0.00
0.60
0.59
0.62
0.64
0.64
0.64
0.01
0.00
0.62
0.68
0.55
0.64
0.67
0.60
0.02
0.00
0.51
0.68
0.57
0.66
0.61
0.51
0.02
0.00
0.60
0.54
0.67
0.66
0.65
0.52
0.01
0.00
0.63
0.56
0.66
0.64
0.63
0.63
0.01
0.00
0.62
0.67
0.66
0.61
0.65
0.64
0.02
0.00
0.61
0.57
0.71
0.61
0.54
0.63
0.01
0.00
0.49
0.67
0.55
0.64
0.65
0.62
0.02
0.00
0.66
0.68
0.54
0.65
0.62
0.61
0.02
0.00
0.63
0.65
0.57
0.64
0.51
0.62
0.01
0.00
0.62
0.68
0.66
0.65
0.63
0.53
0.02
0.00
0.59
0.57
0.69
0.64
0.65
0.63
0.02
0.00
0.53
0.66
0.53
0.64
0.69
0.61
0.02
0.00
0.50
0.66
0.57
0.61
0.65
0.60
0.02
0.00
0.48
0.66
0.66
0.62
0.65
0.64
0.01
0.00
0.62
0.65
0.67
0.62
0.55
0.63
0.02
0.00
0.48
0.68
0.65
0.64
0.63
0.65
0.01
0.00
0.61
0.65
0.64
0.63
0.63
0.66
0.02
0.00
0.62
0.58
3.68
0.47
0.58
0.55
0.02
0.00
0.69
0.76
0.71
0.69
0.01
0.00
0.53
0.60
0.71
0.66
0.52
0.01
0.00
0.64
0.69
0.70
0.68
0.73
0.67
0.01
0.00
0.54
0.56
0.53
0.67
0.67
0.51
0.02
0.00
0.56
0.68
0.58
0.65
0.65
0.64
0.02
0.00
0.63
0.70
0.67
0.66
0.69
0.68
0.01
0.00
0.63
0.62
0.68
0.68
0.69
0.63
0.01
0.00
0.57
0.71
0.54
0.67
0.67
0.63
0.02
0.00
0.63
0.68
0.70
0.65
0.69
0.65
0.02
0.00
0.63
0.68
0.68
0.65
0.66
0.65
0.01
0.00
0.65
0.68
0.69
0.64
0.68
0.64
0.02
0.00
0.63
0.68
0.68
0.69
0.67
0.55
0.02
0.00
0.62
0.61
0.69
0.70
0.66
0.52
0.02
0.00
0.65
0.68
0.67
0.68
0.68
0.71
0.01
0.00
0.65
0.57
0.68
0.66
0.68
0.67
0.01
0.00
0.66
0.59
0.69
0.66
0.66
0.65
0.02
0.00
0.64
0.70
0.67
0.70
0.68
0.53
0.02
0.00
0.71
0.71
0.59
0.66
0.66
0.66
0.02
0.00
0.65
0.73
0.63
0.67
0.55
0.68
0.06
0.00
0.53
0.72
0.57
0.67
0.66
0.67
0.02
0.00
0.68
0.66
0.54
0.68
0.69
0.58
0.01
0.00
0.55
0.58
0.60
0.65
0.54
0.63
0.01
0.00
0.52
0.69
0.57
0.67
0.68
0.56
0.02
0.00
0.63
0.58
3.54
0.43
0.63
0.61
0.02
0.00
0.56
0.64
0.71
0.68
0.53
0.02
0.00
0.65
0.72
0.68
0.67
0.73
0.70
0.01
0.00
0.52
0.72
0.69
0.69
0.71
0.69
0.01
0.00
0.69
0.58
0.56
0.71
0.72
0.55
0.03
0.00
0.51
0.61
0.70
0.67
0.69
0.66
0.02
0.00
0.68
0.76
0.69
0.69
0.72
0.65
0.01
0.00
0.67
0.70
0.69
0.69
0.73
0.65
0.02
0.00
0.59
0.69
0.62
0.69
0.57
0.71
0.03
0.00
0.54
0.60
0.65
0.68
0.56
0.68
0.01
0.00
0.66
0.68
0.69
0.73
0.71
0.54
0.01
0.00
0.56
0.71
0.69
0.72
0.68
0.55
0.01
0.00
0.68
0.58
0.59
0.69
0.69
0.70
0.02
0.00
0.68
0.70
0.70
0.69
0.70
0.70
0.02
0.67
0.00
0.67
0.67
0.59
0.65
0.55
0.65
0.01
0.00
0.64
0.75
0.76
0.69
0.69
0.72
0.02
0.00
0.69
0.58
0.60
0.75
0.55
0.52
0.02
0.00
0.54
0.71
0.65
0.67
0.57
0.72
0.02
0.00
0.66
0.59
0.69
0.70
0.70
0.71
0.01
0.00
0.67
0.62
0.70
0.73
0.69
0.55
0.01
0.00
0.68
0.62
0.62
0.70
0.58
0.64
0.02
0.00
0.55
0.70
0.58
0.67
0.68
0.67
0.02
0.00
0.65
0.71
0.74
0.69
0.70
0.68
0.01
0.00
0.68
0.69
0.57
0.69
0.72
0.68
0.02
0.00
0.68
0.72
3.83
0.49
0.63
0.59
0.01
0.00
0.76
0.78
0.72
0.71
0.71
0.01
0.00
0.72
0.78
0.68
0.70
0.72
0.02
0.00
0.68
0.75
0.70
0.70
0.74
0.01
0.00
0.69
0.67
0.70
0.73
0.74
0.01
0.00
0.70
0.65
0.75
0.73
0.58
0.02
0.00
0.59
0.61
0.59
0.69
0.69
0.68
0.02
0.00
0.66
0.71
0.69
0.72
0.72
0.70
0.02
0.00
0.71
0.71
0.59
0.71
0.74
0.70
0.01
0.00
0.57
0.63
0.59
0.67
0.69
0.68
0.01
0.00
0.65
0.74
0.69
0.71
0.70
0.68
0.02
0.00
0.68
0.72
0.73
0.74
0.68
0.59
0.01
0.01
0.69
0.62
0.61
0.72
0.70
0.69
0.02
0.00
0.68
0.70
0.63
0.70
0.57
0.67
0.01
0.00
0.70
0.72
0.63
0.73
0.70
0.56
0.02
0.69
0.00
0.53
0.59
0.74
0.72
0.70
0.53
0.01
0.00
0.68
0.70
0.61
0.72
0.69
0.58
0.03
0.66
0.00
0.52
0.72
0.73
0.70
0.69
0.69
0.02
0.00
0.66
0.59
0.71
0.70
0.70
0.55
0.01
0.00
0.68
0.72
0.62
0.69
0.71
0.70
0.02
0.00
0.55
0.74
0.61
0.67
0.57
0.71
0.01
0.00
0.67
0.58
0.71
0.68
0.69
0.68
0.02
0.00
0.68
0.74
0.71
0.69
0.73
0.70
0.02
0.00
0.57
0.73
0.58
0.72
0.72
0.68
0.02
0.69
0.00
0.68
0.70
0.59
0.71
0.67
0.54
0.01
0.00
0.68
0.69
0.75
3.79
0.41
0.62
0.76
0.73
0.01
0.00
0.73
0.78
0.70
0.72
0.72
0.02
0.00
0.70
0.73
0.69
0.68
0.71
0.01
0.00
0.71
0.72
0.56
0.69
0.68
0.01
0.00
0.67
0.78
0.70
0.69
0.70
0.01
0.00
0.68
0.74
0.69
0.71
0.71
0.01
0.00
0.72
0.73
0.58
0.71
0.71
0.02
0.00
0.74
0.76
0.59
0.74
0.76
0.01
0.00
0.72
0.64
0.71
0.71
0.75
0.02
0.00
0.73
0.63
0.61
0.69
0.60
0.02
0.00
0.69
0.68
0.72
0.71
0.70
0.69
0.01
0.00
0.70
0.71
0.69
0.70
0.71
0.68
0.02
0.00
0.71
0.72
0.71
0.72
0.75
0.69
0.01
0.00
0.69
0.70
0.73
0.69
0.71
0.69
0.01
0.00
0.69
0.75
0.73
0.73
0.69
0.68
0.01
0.00
0.71
0.73
0.61
0.76
0.77
0.77
0.02
0.00
0.72
0.62
0.65
0.72
0.62
0.63
0.02
0.00
0.55
0.60
0.60
0.69
0.71
0.68
0.01
0.00
0.73
0.68
0.57
0.68
0.71
0.68
0.02
0.00
0.71
0.74
0.63
0.70
0.61
0.71
0.01
0.00
0.62
0.61
0.63
0.69
0.72
0.67
0.02
0.00
0.68
0.73
0.72
0.73
0.72
0.61
0.01
0.00
0.68
0.61
0.75
0.71
0.77
0.69
0.01
0.00
0.56
0.72
0.71
0.69
0.74
0.72
0.02
0.00
0.60
0.72
0.60
0.73
0.73
0.71
0.02
0.00
0.73
0.59
0.61
0.71
0.73
0.71
0.01
0.00
0.71
0.70
0.59
0.70
0.74
0.71
0.01
0.00
0.69
3.86
0.46
0.62
0.59
0.02
0.00
0.59
0.77
0.58
0.74
0.72
0.01
0.00
0.59
0.79
0.59
0.72
0.74
0.02
0.00
0.71
0.63
0.78
0.80
0.81
0.79
0.01
0.00
0.86
0.82
0.67
0.82
0.80
0.81
0.01
0.00
0.80
0.84
0.80
0.79
0.81
0.81
0.80
0.03
0.00
0.80
0.83
0.83
0.80
0.79
0.77
0.78
0.02
0.00
0.78
0.82
0.82
0.81
0.82
0.81
0.79
0.01
0.00
0.79
0.80
0.80
0.83
0.78
0.79
0.79
0.01
0.00
0.79
0.83
0.79
0.80
0.83
0.81
0.77
0.01
0.00
0.80
0.79
0.79
0.81
0.84
0.82
0.80
0.01
0.00
0.86
0.81
0.68
0.82
0.82
0.80
0.82
0.01
0.00
0.78
0.85
0.79
0.80
0.83
0.80
0.81
0.02
0.00
0.83
0.83
0.69
0.81
0.81
0.81
0.78
0.02
0.00
0.79
0.80
0.80
0.76
0.79
0.80
0.84
0.01
0.00
0.76
0.67
0.82
0.79
0.81
0.79
0.02
0.00
0.80
0.79
0.78
0.86
0.80
0.69
0.01
0.00
0.84
0.82
0.67
0.79
0.84
0.77
0.02
0.00
0.78
0.81
0.81
0.82
0.81
0.79
0.78
0.02
0.00
0.79
0.85
0.84
0.78
0.83
0.83
0.79
0.01
0.00
0.79
0.81
0.80
0.79
0.90
3.03
0.47
0.02
0.01
0.65
0.62
0.58
0.01
0.00
0.71
0.79
0.68
0.81
0.84
0.88
0.87
0.81
0.82
0.02
0.00
0.83
0.84
0.86
0.83
0.85
0.84
0.84
0.82
0.82
0.01
0.00
0.84
0.86
0.81
0.88
0.88
0.87
0.82
0.87
0.86
0.01
0.00
0.83
0.82
0.86
0.84
0.88
0.86
0.83
0.80
0.84
0.01
0.00
0.86
0.82
0.87
0.83
0.84
0.84
0.83
0.87
0.82
0.01
0.00
0.83
0.86
0.86
0.83
0.84
0.85
0.85
0.82
0.85
0.01
0.00
0.86
0.86
0.85
0.85
0.84
0.85
0.84
0.84
0.81
0.01
0.00
0.85
0.85
0.86
0.87
0.84
0.91
0.83
0.86
0.83
0.02
0.00
0.80
0.84
0.89
0.84
0.84
0.84
0.85
0.85
0.83
0.02
0.00
0.87
0.83
0.85
0.82
0.85
0.81
0.86
0.84
0.82
0.01
0.00
0.81
0.86
0.83
0.83
0.84
0.86
0.87
0.84
0.80
0.02
0.00
0.87
0.83
0.73
0.86
0.84
0.86
0.84
0.83
0.02
0.00
0.87
0.83
0.87
0.83
0.85
0.83
0.88
0.85
0.87
0.02
0.00
0.86
0.85
0.87
0.82
3.98
0.46
0.02
0.00
0.62
0.73
0.76
0.55
0.02
0.00
0.64
0.86
0.80
0.80
0.81
0.01
0.01
0.78
0.70
0.76
0.78
0.79
0.02
0.00
0.78
0.86
0.84
0.79
0.77
0.79
0.01
0.00
0.80
0.85
0.77
0.82
0.79
0.78
0.01
0.00
0.79
0.86
0.78
0.78
0.79
0.79
0.02
0.00
0.83
0.83
0.68
0.83
0.88
0.93
0.85
0.87
0.83
0.01
0.00
0.83
0.81
0.94
0.84
0.87
0.85
0.88
0.84
0.82
0.01
0.00
0.82
0.86
0.86
0.87
0.88
0.83
0.85
0.89
0.87
0.01
0.00
0.85
0.82
0.85
0.86
0.85
0.87
0.85
0.84
0.85
0.01
0.00
0.82
0.85
0.88
0.81
0.83
0.85
0.85
0.82
0.84
0.01
0.00
0.88
0.88
0.86
0.88
0.84
0.86
0.84
0.82
0.85
0.01
0.00
0.85
0.82
0.87
0.82
0.87
0.84
0.85
0.85
0.85
0.02
0.00
0.85
0.87
0.84
0.85
0.83
0.87
0.89
0.84
0.85
0.02
0.00
0.82
0.87
0.87
0.86
0.87
0.88
0.86
0.83
0.82
0.02
0.00
0.80
0.83
0.85
0.84
0.86
0.86
0.83
0.86
0.87
0.01
0.00
0.83
0.86
0.85
0.83
0.89
0.90
0.87
0.85
3.65
0.44
0.02
0.00
0.62
0.72
0.62
0.02
0.58
0.00
0.56
0.63
0.63
0.80
0.81
0.01
0.00
0.84
0.83
0.69
0.81
0.81
0.79
0.01
0.00
0.81
0.85
0.82
0.83
0.85
0.80
0.79
0.01
0.00
0.81
0.83
0.82
0.82
0.83
0.81
0.78
0.01
0.00
0.84
0.80
0.69
0.82
0.80
0.81
0.01
0.00
0.84
0.85
0.70
0.89
0.82
0.85
0.80
0.81
0.02
0.00
0.87
0.80
0.73
0.85
0.88
0.84
0.85
0.83
0.02
0.00
0.81
0.85
0.85
0.84
0.84
0.89
0.83
0.81
0.01
0.00
0.82
0.87
0.88
0.84
0.84
0.83
0.85
0.80
0.01
0.00
0.89
0.83
0.74
0.85
0.86
0.84
0.83
0.83
0.01
0.00
0.81
0.86
0.86
0.88
0.85
0.85
0.84
0.82
0.01
0.00
0.90
0.87
0.70
0.81
0.87
0.85
0.85
0.84
0.01
0.00
0.81
0.86
0.88
0.84
0.84
0.84
0.81
0.83
0.86
0.01
0.00
0.82
0.84
0.89
0.84
0.87
0.86
0.87
0.82
0.84
0.01
0.00
0.80
0.86
0.84
0.85
0.85
0.84
0.86
0.82
0.02
0.01
0.80
0.87
0.89
0.84
0.87
0.85
0.87
0.89
0.87
0.87
0.85
0.01
0.00
0.84
0.87
0.92
0.86
0.87
0.91
0.87
0.88
3.84
0.48
0.03
0.62
0.00
0.61
0.80
0.72
0.70
0.69
0.02
0.69
0.00
0.73
0.64
0.55
0.75
0.72
0.55
0.01
0.72
0.00
0.69
0.60
0.76
0.71
0.58
0.69
0.01
0.00
0.57
0.81
0.62
0.71
0.73
0.74
0.02
0.00
0.72
0.80
0.64
0.74
0.79
0.83
0.01
0.00
0.80
0.84
0.84
0.82
0.82
0.82
0.01
0.00
0.80
0.86
0.84
0.79
0.85
0.84
0.84
0.88
0.02
0.00
0.86
0.89
0.84
0.86
0.88
0.83
0.81
0.84
0.01
0.00
0.85
0.87
0.86
0.83
0.87
0.85
0.86
0.89
0.01
0.00
0.85
0.90
0.87
0.82
0.86
0.84
0.87
0.80
0.01
0.01
0.83
0.87
0.87
0.85
0.86
0.87
0.85
0.90
0.90
0.86
0.01
0.00
0.86
0.88
0.89
0.86
0.88
0.95
0.86
0.89
0.83
0.87
0.01
0.00
0.86
0.89
0.87
0.92
0.87
0.88
0.88
0.92
0.87
0.85
0.01
0.00
0.93
0.88
0.88
0.92
0.92
0.86
0.91
0.91
0.87
0.87
0.01
0.00
0.84
0.89
0.92
0.86
0.88
0.90
0.88
0.88
0.89
0.85
0.02
0.00
0.88
0.94
0.92
0.88
0.88
0.85
0.89
0.88
0.86
0.86
0.01
0.00
0.88
0.89
0.88
0.88
0.90
0.87
0.91
0.88
0.86
0.84
0.01
0.00
0.97
3.60
0.43
0.64
0.02
0.01
0.74
0.67
0.53
0.02
0.59
0.01
0.67
0.55
0.66
0.81
0.83
0.68
0.83
0.01
0.81
0.00
0.85
0.81
0.71
0.84
0.88
0.83
0.02
0.00
0.79
0.88
0.88
0.84
0.86
0.84
0.85
0.01
0.00
0.91
0.86
0.73
0.81
0.82
0.84
0.85
0.01
0.00
0.88
0.86
0.84
0.85
0.87
0.87
0.86
0.85
0.89
0.89
0.02
0.00
0.86
0.94
0.92
0.88
0.91
0.86
0.89
0.85
0.88
0.01
0.00
0.89
0.85
0.89
0.85
0.89
0.85
0.87
0.85
0.87
0.88
0.02
0.00
0.85
0.87
0.89
0.86
0.88
0.86
0.91
0.90
0.89
0.87
0.02
0.00
0.88
0.88
0.90
0.86
0.91
0.88
0.90
0.93
0.87
0.85
0.01
0.00
0.86
0.92
0.85
0.76
0.90
0.87
0.92
0.90
0.86
0.88
0.02
0.00
0.86
0.94
0.89
0.90
0.89
0.87
0.89
0.87
0.86
0.87
0.02
0.00
0.91
0.87
0.87
0.90
0.89
0.92
0.89
0.88
0.90
0.87
0.01
0.00
0.85
0.88
0.95
0.91
0.90
0.89
0.90
0.90
0.90
0.94
0.01
0.00
0.88
0.76
0.81
0.74
0.88
0.85
0.90
0.91
0.86
0.02
0.00
0.85
0.89
0.90
0.93
0.88
0.91
0.92
3.96
0.50
0.01
0.00
0.63
0.67
0.69
0.69
0.76
0.71
0.78
0.67
0.02
0.00
0.90
0.87
0.72
0.88
0.87
0.84
0.01
0.00
0.87
0.92
0.86
0.86
0.87
0.85
0.88
0.85
0.01
0.00
0.86
0.89
0.86
0.83
0.90
0.86
0.85
0.84
0.01
0.00
0.82
0.90
0.86
0.86
0.89
0.97
0.87
0.91
0.89
0.89
0.02
0.00
0.91
0.89
0.91
0.95
0.89
0.89
0.89
0.92
0.87
0.88
0.02
0.00
0.93
0.91
0.90
0.90
0.91
0.93
0.89
0.88
0.92
0.90
0.87
0.01
0.00
0.87
0.97
0.88
0.85
0.90
0.95
0.90
0.87
0.87
0.92
0.90
0.01
0.00
0.86
0.90
0.94
0.80
0.76
0.92
0.88
0.91
0.89
0.94
0.87
0.02
0.01
0.91
0.87
0.94
0.94
0.92
0.94
0.91
0.89
0.90
0.89
0.94
0.88
0.00
0.00
0.90
0.91
0.92
0.94
0.88
0.92
0.90
0.86
0.91
0.90
0.93
0.90
0.01
0.00
0.90
0.90
0.92
0.81
0.76
0.93
0.90
0.93
0.92
0.90
0.91
0.90
0.01
0.00
0.91
0.90
0.89
0.90
0.96
0.95
0.92
0.75
0.89
0.90
0.94
0.88
0.01
0.00
0.92
0.97
0.93
0.92
0.93
0.91
3.80
0.51
0.02
0.00
0.64
0.70
0.62
0.01
0.71
0.00
0.87
0.93
0.88
0.86
0.87
0.88
0.82
0.83
0.01
0.87
0.00
0.89
0.79
0.73
0.92
0.90
0.72
0.03
0.00
0.92
0.86
0.75
0.89
0.87
0.79
0.85
0.77
0.88
0.02
0.94
0.00
0.85
0.82
0.91
0.81
0.94
0.89
1.00
0.00
0.89
0.00
0.79
0.89
0.80
0.94
0.96
0.94
0.90
0.01
0.00
0.84
0.77
0.94
0.91
0.79
0.83
0.82
0.88
0.76
0.01
0.00
0.98
0.92
0.91
0.83
0.80
0.90
0.77
0.94
0.02
0.00
0.94
0.98
0.97
0.92
0.96
0.95
0.94
1.00
0.92
0.94
0.95
0.01
0.00
0.98
0.98
0.80
0.91
0.89
0.81
0.87
0.81
0.87
0.02
0.00
0.81
0.92
0.93
1.01
0.98
0.89
0.79
0.93
0.97
0.98
0.01
0.00
0.97
0.96
0.98
0.95
0.97
0.88
0.78
0.94
0.89
0.91
0.85
0.01
0.00
0.80
0.98
0.92
0.94
0.91
0.83
0.88
0.75
0.94
0.01
0.97
0.00
0.98
0.95
0.99
0.90
0.80
0.94
0.98
0.93
0.95
0.94
0.01
0.00
0.89
0.95
0.92
0.97
0.89
0.81
0.86
0.84
0.88
0.77
0.99
0.01
0.00
4.10
0.50
0.01
0.64
0.00
0.80
0.82
0.80
0.81
0.85
0.02
0.00
0.66
0.63
0.80
0.80
0.64
0.02
0.74
0.00
0.69
0.80
0.72
0.77
0.79
0.77
0.02
0.64
0.00
0.81
0.67
0.68
0.81
0.79
0.66
0.01
0.00
0.78
0.81
0.81
0.84
0.83
0.71
0.02
0.93
0.00
0.87
0.81
0.85
0.87
0.80
0.94
0.01
0.69
0.00
0.73
0.88
0.87
0.97
0.77
0.76
0.72
0.02
0.00
0.75
0.94
0.81
0.86
0.76
0.92
0.01
0.75
0.00
0.71
0.93
0.86
0.98
0.90
0.81
0.88
0.01
0.00
0.80
0.91
0.83
0.87
0.88
0.98
0.02
0.00
0.99
0.88
0.93
1.10
0.81
0.91
0.90
0.01
0.00
0.90
0.83
0.74
0.91
1.07
0.84
0.73
0.86
0.00
0.00
0.99
1.05
0.89
0.98
0.87
1.00
1.00
0.01
0.93
0.00
0.65
0.90
0.93
0.93
0.97
0.88
0.88
0.93
0.87
0.02
0.00
0.79
0.91
0.94
0.92
0.98
0.86
0.84
1.00
0.01
0.79
0.00
0.90
0.90
0.88
0.97
0.99
1.04
0.94
0.79
0.89
0.02
0.00
0.71
0.88
0.96
0.92
0.85
0.99
0.92
0.95
0.91
0.02
0.00
0.76
0.95
0.86
1.02
0.87
0.87
0.78
0.81
0.98
0.86
1.02
0.30
0.14
0.01
0.00
1.02
0.98
0.51
0.15
0.59
0.00
0.50
0.38
1.08
4.12
0.18
0.32
0.46
0.01
0.00
0.49
0.55
0.62
0.66
0.60
0.01
0.00
0.60
0.67
0.54
0.63
0.01
0.00
0.66
0.86
0.58
0.01
0.00
0.63
0.63
0.50
0.02
0.00
0.67
0.90
0.55
0.01
0.00
0.64
0.69
0.52
0.02
0.00
0.64
0.76
0.52
0.02
0.00
0.64
0.68
0.56
0.74
0.79
0.01
0.00
0.77
0.82
0.61
0.01
0.00
0.80
0.91
0.79
0.01
0.00
0.77
0.81
0.86
0.87
0.86
0.02
0.00
0.90
0.96
0.92
0.88
0.90
0.01
0.00
0.92
0.98
0.93
0.90
0.93
0.00
0.00
0.93
0.97
0.96
0.91
0.79
0.01
0.00
1.02
0.96
0.90
0.97
0.68
0.01
0.00
0.27
0.18
0.01
0.00
0.74
0.63
0.29
0.10
0.13
0.00
1.69
1.42
0.94
0.01
0.00
0.19
0.18
0.00
0.00
0.47
0.47
0.16
0.07
0.00
0.88
1.14
0.76
0.00
0.85
0.00
0.81
0.54
0.88
0.31
0.01
0.00
0.15
0.22
0.27
0.30
0.31
0.39
0.39
0.43
0.38
0.02
0.00
0.40
