Request Mix Accuracy
===================================
Domain Marker;max-jOPS;12453.0
Domain Marker;critical-jOPS;4298.0
Domain Marker;Validation Start jOPS;1383.7
Range Marker;Main Tx Limit;-5.0
Range Marker;Main Tx Limit;5.0
Range Marker;Minor Tx Limit;-1.0
Range Marker;Minor Tx Limit;1.0
jOPS;In-store Purchase [50%];Online Purchase [35%];Installment Purchase [10%];Associativity of Category [0.1%];Associativity of Product [1%];Business Report [0.25%];Customer Buying Behavior [1%];Product Return [2.65%]
138.0;-0.024166263895601503;-0.07974867085548709;0.06524891251812548;0.008748187530207827;0.002899951667472145;0.027912034799420005;-0.009183180280328607;0.008289028516191177
277.0;-0.04207742245731794;-0.02163981726376818;0.04448184659774057;0.00819908631882664;-0.008175042077422479;0.008475595094974753;0.009858138975715303;8.776148112525917E-4
415.0;0.011897208121823155;0.01744923857867775;-0.03013959390862908;0.007074873096446693;-0.008565989847715727;0.0038071065989847552;0.011262690355329896;-0.012785532994923798
553.0;0.012060543930537904;0.02683471024543138;-0.019899897485377238;-0.009545920521015494;-0.0019899897485375906;0.003271422541156588;-0.0019899897485375906;-0.00874087921365252
692.0;-0.007221954742412606;0.016851227732303187;-0.00481463649494529;-0.0012999518536350452;-9.62927298988947E-4;0.0027684159845931533;-0.005777563793933571;4.573904670195361E-4
830.0;0.02707852773041708;0.005515996389533484;-0.01704944338581882;-0.0017149734229264801;-0.007120649884665542;0.0027329254839033035;-0.0031090161468257937;-0.00633336676361429
969.0;-0.013686911890502529;8.554319931519672E-4;-0.0017108639863128161;0.002651839178785295;-0.005988023952095856;-0.0019247219846022512;0.0025662959794696683;0.01723695466210451
1107.0;-0.0022407791936203125;-0.00948596525298484;0.01030758429064349;8.813731494898558E-5;-0.006587890829237719;-0.0020204359062457877;0.0068567843324720545;0.0030825652440209517
1245.0;-0.017356938770063834;0.0036049026676323592;0.006942775508024468;-0.001198963924270352;0.0026970012550400213;0.002343186733958169;-0.0013084461534353942;0.0042764826831156455
1384.0;0.009630895914092719;-0.02901307394120778;0.004093130763488162;-0.0012833168805528317;0.007632485011918266;-8.005682228589273E-4;0.005224761033395309;0.004515686321719947
1522.0;0.02244189738031821;-0.02457661444820758;0.003612598114880683;-3.798701654132153E-4;-5.145215496951128E-4;-0.0014970387642725125;0.0016749318532627289;-7.613824208783093E-4
1660.0;0.0019864129355156024;-0.031186683087682354;0.029398911445710496;-6.793532239482009E-4;-8.342934329188534E-4;-7.051765921099462E-4;0.0011521195026023001;8.680624528230041E-4
1799.0;-0.04902323516353846;0.044213408317297365;0.004439840165755271;-1.03596270534273E-4;8.13970697054911E-4;6.659760248631241E-4;0.0035888708006512893;-0.004595234571555196
1937.0;0.018071356040138653;-0.013854706297436792;-0.006540109805001748;6.832693664698825E-4;-0.0034937955010928556;0.0012779030342667252;0.006832693664698741;-0.002976610502039456
2076.0;-0.02765109923137743;0.03915235354935476;8.816292508555534E-4;9.866232798211028E-4;-0.002957465396051795;-0.002342328623295864;-5.530219846276996E-4;-0.007516690844680873
2214.0;-0.018779483789550966;0.016976653345757597;0.0019530663141136273;0.0021603918151497786;-0.01069679396652734;8.939034283825809E-4;-9.314623959616464E-4;0.008423725248640324
2352.0;0.05221511224496567;-0.03479839359681591;-0.006938652499666631;2.2498055074676726E-4;-0.00195543843172441;2.120143819343001E-4;0.001548931517602492;-0.010508554167046213
2491.0;0.015712442248414504;-0.022097711332349945;0.00447971757720822;2.921845643641813E-4;2.473873885922018E-4;0.0013990759746728698;-0.003764299993982423;0.003731203573076325
2629.0;0.0012663678038649095;-1.2663678038649095E-4;0.005572018337005602;-0.0012233112985335498;4.3056505331406925E-4;7.408251652609721E-4;-8.358027505508403E-4;-0.00582402552997463
2767.0;0.007523277019096497;-0.013150688229380592;-0.004273221346847933;0.0023165674597203645;-0.0015106740254345885;0.0021802456801343073;0.0027023611052596763;0.00421213233745199
2906.0;-0.02237060445939676;0.008013773496216459;0.010137565058814246;8.093061714550959E-4;-4.021045358524322E-4;3.242321785570379E-4;7.305842975346977E-4;0.0027572477926725014
3044.0;-0.0024624476729826483;0.006703329776463818;-0.005198500642972448;-9.548824865249356E-4;0.0030370187966839435;0.0022640838326629664;0.0024898082026869606;-0.005878409806014062
3183.0;-0.04395374391711471;0.03584323164669456;0.009941918266965999;0.0015122180942912372;-0.0021453613102401237;6.409920987913154E-4;0.0015174506828528056;-0.0033567055622416575
3321.0;0.009275740178992464;-0.0028830003259088244;-0.005264609290781763;-2.231191556569534E-4;0.002782722053698894;-8.08493569655816E-4;-0.0037353656396499346;8.561257489532181E-4
3459.0;-0.0016800026880048335;-0.007944012710424886;0.0022560036096059832;8.001612802580466E-4;0.005601608962574334;-8.796014073622627E-4;0.0017616028185645227;8.424013478425252E-5
3598.0;-0.01100493387868795;0.015865446341777556;-0.005685882503989603;-3.851726857539983E-5;9.904440490819955E-4;-0.00147190990627466;-0.002677867243814358;0.004023220410484196
3736.0;0.005568995397787546;-0.02269922524136092;0.01260820558058029;-2.0360247174293356E-4;0.0010826127053289447;3.820330842878583E-4;-6.994658219613425E-4;0.003960446767087067
3874.0;-0.011797866087789544;0.012634442046739025;-9.867306182513857E-4;3.8911507424074787E-4;-0.0016860223172725508;-0.0016012921880965703;3.003093185993677E-5;0.0030183231585678705
4013.0;-0.014253783449916568;0.016794675282284288;-4.1315314346590526E-5;-0.0016695518527852782;0.0018963729285532693;-8.686544841576271E-4;-0.0018220053627279187;-3.573774691023601E-5
4151.0;0.014233305935881901;-0.01092556582403148;-0.005412665637592795;-5.67327546458718E-4;-4.6107892468383316E-4;5.863721107391417E-4;0.005152055810596634;-0.002605095924463008
4289.0;-0.005236312859999259;-0.008242344316663264;0.004460562806663404;-0.0010918682000659458;0.005372069119329748;-0.001759982933498827;0.0026569439326649125;0.0038409324515642496
4428.0;0.007701815750024821;-0.005203421860379365;0.00634930176465609;0.0014385489027730208;-0.002520935789398493;-0.002039102682110383;-0.0013938408015899961;-0.004332365283971296
4566.0;-0.019441384226560388;0.0268939148467382;-0.00820858445121253;-2.7289943043945497E-4;-2.0881486761870072E-4;-1.4221012536091981E-4;1.5121076620649987E-4;0.001228767488245186
4705.0;0.009360815274028766;-0.01245165050601571;-0.0012363340927965538;3.1968067256574195E-4;0.0010773768522933658;4.4596336918700796E-4;-0.0028082445822074087;0.0052923930129464836
4843.0;-0.015198969885545921;0.005447720666843736;0.009119381931327553;0.001440315865333705;0.0010827131356669906;3.560657551838764E-4;3.9961336553018256E-4;-0.002646840834337638
4981.0;-0.02619696782611669;0.008159437749661436;0.01258121894324482;4.495199447360765E-4;0.0018254447644441285;-4.4217811935809426E-5;0.0024928834351733986;7.326808007928065E-4
5120.0;0.003396991882809175;-0.006777807613794096;9.705691093842006E-5;9.391873748370166E-4;-3.138173453641757E-4;-5.637388910277319E-4;3.332287275517043E-4;0.0028888989540498677
5258.0;0.0;-0.0058712862536154375;0.002651548630664635;3.800553037285881E-4;-0.0031439790906451215;3.156605512699695E-6;6.439475245898496E-4;0.005336557279763454
5396.0;0.023886959557536613;-0.030409936975175356;0.0015924639705033883;-0.0010834879860843194;0.0023335722029287354;5.068322829195893E-4;-4.2261543832577964E-4;0.0035962123856951855
5535.0;-0.007447214146132808;0.011736809494301781;-0.004647061627187199;0.0012821123873981294;0.001501358371860162;0.0014179495734235603;-0.0014775272865925615;-0.0023664267670748806
5673.0;-0.004988321459173051;-0.0036972264932657595;0.0021713869881097025;-8.20432164696766E-4;-0.0011619854693128984;8.832263289474951E-4;0.0023591826195143994;0.00525416964987846
5812.0;-0.00113808369467705;0.0068854063527865605;-0.008194202601659484;-1.3315579227696217E-4;-4.779951517634995E-4;-1.9062901885805172E-4;-7.625160754322069E-4;0.0040111759818817205
5950.0;0.046037235354404515;-0.021566252514233497;-0.02773195367777248;2.1374430700243918E-5;2.1374430700271674E-4;0.0010125451466340696;-6.028685582115667E-5;0.0020735938090878925
6088.0;-0.0051320836259520775;-0.007292960942145044;0.00216087731619119;-5.996434552428404E-4;0.0023769650478093762;9.318783426071064E-4;0.0018367457187618008;0.005718221597968753
6227.0;0.009328308484491288;-0.00924835155462489;7.462646787601557E-4;-8.534069647816306E-4;0.0021268543344652446;-0.0010674250137259478;-0.001337945959776321;3.057019951917539E-4
6365.0;-0.0031296455676397272;0.005607281642021178;-0.0036512531622463484;1.4865816446286984E-4;7.041702527188498E-4;-0.0011931773726625572;-0.0011214563284041024;0.0026354223717497405
6503.0;-0.013576793417563238;0.0027665918662194144;0.004815919174530947;-6.076255469142228E-4;5.840582828686713E-4;0.001811093008719844;-1.8443945774804238E-4;0.004391196089883476
6642.0;0.008607634098211747;-3.6177012876947856E-4;8.233389137419778E-4;-2.0134378890589166E-4;4.815285162185212E-4;-4.366191209220771E-6;-0.003011424451169864;-0.006333596968116417
6780.0;0.09116465571722188;-0.06783473651840666;-0.0244316434578149;7.290751085379937E-4;-6.997765073646356E-4;-3.5654702667625715E-4;0.0012373210908764865;1.9165159362621864E-4
6918.0;-0.02125886086135864;0.03604397821747085;-0.018904772313996787;-5.51769529926957E-4;0.00264955068136441;7.82494228879882E-4;-7.134329577200837E-4;0.0019528125352814563
7057.0;0.024291840054083025;-0.03430195578650341;0.017391549256107197;-1.619456003604247E-5;-0.0015701682121909144;-9.793014746437567E-4;-0.0022742795181062148;-0.0025414897587010543
7195.0;0.009481522593780767;-0.012256602377313186;0.0037001063780586207;5.966421534619043E-4;-0.0018963045187549987;2.196938161971862E-4;-0.001665047870126224;0.0018199898247073243
7334.0;0.03039389581698515;-0.060402197433305105;0.0054890468564998685;-1.9914806363664772E-4;0.0034522021965259775;0.001089870667168702;0.0018644613702656354;0.018311868589496516
7472.0;-0.11703886133945929;0.078377209039175;0.05824208739641357;-3.782962248033567E-4;-4.548429682387223E-4;-0.0015004271086409282;-0.002451714536115701;-0.014795154258328225
7610.0;0.11235468577489627;-0.12025631589201424;0.008442837659385916;4.481198449981655E-4;-0.002229775074145457;-0.0012610135734851258;0.001233953196371873;0.0012675080639925618
7749.0;0.11575031881733366;-0.042554952225145826;-0.07284525105406026;-5.7928207217478045E-5;9.060565744269944E-4;-0.0019484460174887808;-0.005671871717666699;0.006422073829818409
7887.0;-0.04820088371771902;0.004506416677294567;0.05066843438092761;3.7494223212958255E-4;0.0024947355433944107;1.0089772838961508E-4;-0.0018966681792612627;-0.00804787466515533
8025.0;-0.09565421310524869;0.10159917387672834;-0.003620460539037751;1.7978877904081814E-4;-0.010956007290291114;-6.47980153293537E-5;0.013523242945244762;-0.005006726651115123
8164.0;-0.03435478869271691;0.030736895016225674;-0.016032234723267536;0.0011388764463974022;0.00996998263005655;0.001935117079903792;0.0026733903413387328;0.0039327619020594895
8302.0;-0.20167049897217026;0.20313882801372074;-0.014763199478993627;2.8587467462026783E-4;0.0024592014287740938;5.149140278363218E-4;-0.0049323869436581624;0.014967267249869742
8441.0;-0.03452348685238604;-0.04383196855098248;0.04504869888990726;1.0821975534816564E-4;6.865128904169904E-4;2.705493883704557E-4;0.006028255841789454;0.026213218637539004
8579.0;0.04555640852660048;0.004381169500859983;-0.04020595373795288;2.2409875853940386E-4;-0.0016361535658067083;4.633183675685215E-4;-4.7301122044651756E-4;-0.008309876629368329
8717.0;-0.13554656545856858;0.040967290623207475;0.08845598243771491;2.855008777351009E-4;-0.005107167095739551;4.2938877029879974E-4;0.0038028868574808694;0.0067126829878634275
8856.0;0.3201474049183801;-0.21484341983918398;-0.10388590769161432;1.1062881871334862E-4;-0.018427493045785948;-0.0015077637389159793;-0.0018989089256232772;0.020305459504029955
8994.0;-0.23620449535614796;0.23661953644521816;-0.001383470296893563;3.4771220128569647E-4;0.0020014203628382354;6.848177969618896E-4;0.007535301550408935;-0.009600822703669465
9132.0;-0.17930013361742425;0.20385684879563826;-0.01227835758910878;2.1306561698745952E-4;-0.002383445884944657;-0.001543822902748182;-0.005633599364414321;-0.0029305550539886482
9271.0;0.4058720696967981;-0.6189101278156741;0.17169857282054224;4.8289104143978134E-4;-0.004305897862096564;0.0016550123230354985;0.004470682638849199;0.03903679715710462
9409.0;-0.15407874590248838;-0.007901249291869306;0.15306149294149307;-2.8588315972813416E-5;0.0058527122945544185;-5.976361145847986E-4;-0.012036908743640051;0.015728923132507955
9548.0;-0.0617884149755028;-0.04716891202127016;0.03173480724267819;8.719705911409553E-4;0.01634576554372935;0.0030465241633432782;0.002306883038776908;0.054651376417103936
9686.0;-0.12266252142099887;0.11178296351967276;0.019807472056399433;-1.9225402868917885E-4;0.0015013961100658335;8.033410771361438E-4;-0.002949721205978917;-0.008090676107600725
9824.0;0.479614898682712;-0.5970899280032356;0.07099005199673059;0.0010068808840283106;0.004364101282049226;6.715615294656252E-4;0.001511747502932037;0.03893068612531225
9963.0;0.13289692264675068;-0.24104014868665757;0.08799486833665071;-4.917844043487579E-4;-0.006891560716459244;-0.0022985575420648163;-0.0037665093175873743;0.03359676968371206
10101.0;-0.2985656135225838;0.38316327944534834;-0.04145522004848168;9.243063219617487E-5;0.013150580421985802;-0.001399093299512738;-0.012443086694064354;-0.04254327693488946
10239.0;0.13682074202449002;-0.21381498578041658;0.04101364624019865;0.0011496199966772036;0.005632453880008326;1.86499701926246E-4;-0.0025116379071639106;0.03152366184427846
10378.0;0.43566870042513983;-0.11684277335340454;-0.19506220877014435;-8.104203278040123E-4;-0.008742078388472407;-0.004258613706022485;-0.005233765281095537;-0.10471884059819914
10516.0;-0.4613554804940634;0.3979613830123654;0.058572087088810676;2.1600718660470808E-4;-0.010740575840862743;0.0010906553686360065;0.023556268062873364;-0.009300344384363779
10654.0;0.09597226812650206;-0.0061990171570798225;-0.06884865863820266;3.9459576046189937E-4;0.006894176027260057;-0.0015738055448230037;-0.0075365773046145446;-0.019102981269502717
10793.0;-0.2367981227255882;0.12403638441348619;0.08255851969090955;-0.0014614263496729313;-0.005447884552512772;-0.0018966765765408011;-0.006058976482127054;0.04506818258204692
10931.0;-0.1602226921347807;0.08551517233967587;0.13255267973777052;-2.4869710267118317E-4;0.00144858872341036;-2.4332354993544802E-4;0.01628262162771721;-0.07508434964118305
11070.0;0.3412360061999635;-0.26458434360413463;0.006812820001725228;-3.8972900446548886E-5;-0.007232299311875523;5.131927730556152E-5;-0.013033608920331674;-0.06321092074221069
11208.0;-0.12100140706099438;0.29708837627496365;-0.1320360347736731;-1.6931439347500632E-5;-0.01082444432767593;-0.0012829944126249992;0.004793348863550095;-0.036719913124200865
11346.0;0.100486930956869;-0.007005374615275173;-0.08481096972759339;5.6272681335831076E-5;0.006735495429280203;-0.0019408332950525964;7.062795718681958E-4;-0.014227801001423845
11485.0;-0.23266911530786416;0.3631026404835538;-0.1733811493189119;6.651820574370138E-5;-0.002226913844463052;6.001098996442633E-4;-0.014662926222633432;0.05917083610492524
11623.0;0.38213015310633835;-0.37830178817134197;0.036673193251905545;-4.0600445842056687E-4;0.007947742112296874;-3.7930479153069907E-4;8.843381731775679E-4;-0.04854832922243224
11761.0;0.188106804663299;-0.27087802425175767;0.0917082295142464;1.4521760809274586E-4;0.007790480992832194;2.9261841009958767E-4;-2.380385622471337E-4;-0.01692728837456281
11900.0;0.313784030026234;-0.2188355876438166;-0.06242599920881986;-7.579610723102287E-4;0.002206757004489468;-1.0303253347004881E-4;-0.0139200743212603;-0.01994813225104375
12038.0;0.17943108439875033;-0.03314984062175341;-0.1746685364077294;2.641682321338351E-4;0.025758143330413485;0.002749257418504014;0.014896191771932354;-0.015280468122260693
12177.0;0.11007410199471934;-0.07660119579259828;0.0354531474911024;6.50884826435244E-4;-0.011791312613181004;0.0011492227894361329;0.0022752289568634954;-0.0612100776527722
12315.0;0.8150192201353263;-0.8095296609829887;-0.007666683585016543;3.0800300256179913E-4;-0.003464699864029974;0.002306015541729989;-0.01254718215986761;0.015574987912284843
12453.0;-0.13548097626513567;0.149981576592495;0.04439163903155574;-7.3919222757797E-4;-0.03383640515454356;-0.005607859651233615;-0.028071257228367563;0.009362474902807172
12592.0;-0.6449638008727661;0.6556064154677372;0.2813352032063108;7.311013504374547E-4;-0.014401344030525398;-0.011875947691015354;-0.05284289507592199;-0.21358873235426
12730.0;0.10957792207791783;0.19994588744588526;-0.24702380952380842;0.0022727272727272735;-0.05005411255411263;-5.411255411255367E-4;-0.010551948051948035;-0.003625541125541254
12868.0;-0.07596671688012435;-0.6455877884310723;0.39515623282667356;0.014758231882746178;0.05900835957148298;0.007640312142390693;0.04284522832039195;0.20214614056752023
13007.0;0.059290282701120134;0.13579997729308246;-0.285539478497812;0.007227107012652792;0.014873030490343275;-5.392892735048005E-4;0.03915681649026759;0.029731553783855613
