Request Mix Accuracy
===================================
Domain Marker;max-jOPS;10793.0
Domain Marker;critical-jOPS;3995.0
Domain Marker;Validation Start jOPS;1383.7
Range Marker;Main Tx Limit;-5.0
Range Marker;Main Tx Limit;5.0
Range Marker;Minor Tx Limit;-1.0
Range Marker;Minor Tx Limit;1.0
jOPS;In-store Purchase [50%];Online Purchase [35%];Installment Purchase [10%];Associativity of Category [0.1%];Associativity of Product [1%];Business Report [0.25%];Customer Buying Behavior [1%];Product Return [2.65%]
138.0;-0.07820960173264524;0.061966069065093166;-0.03729996390326207;0.0203224642040669;-0.0013235471062448267;0.026741667669353875;0.010708699314161851;-0.0029057875105280573
277.0;0.027051397655540654;-0.06161707243763459;0.015028554253079918;0.008205590622182138;0.009918845807033394;0.0024797114517583485;0.009918845807033394;-0.010985873159001791
415.0;0.0080263263504321;-0.005217112127780865;-0.0032105305401710638;-0.0036840837948471095;-0.008748695721968125;0.002829280038526394;0.0032907938036759177;0.0067140219921340005
553.0;-0.025626337845579883;-0.0034670927673445817;0.027435255811148807;0.002505351382314794;-0.0020802556604058164;2.336519038861895E-4;9.34607615544758E-4;6.481956043291603E-5
692.0;0.01563289160393566;-0.01118353014743434;0.002645566271436195;-0.0037975901296327524;0.0029101228985786154;1.2626566295487196E-4;-0.004305057841698878;-0.0020286683181409693
830.0;0.049187897769478184;-0.04848521351562596;-0.011845248850610446;3.8346483567225365E-4;0.005842317653436124;0.006981669979320981;-0.002188359533417561;1.234716617481979E-4
969.0;-0.016325548624358532;0.031190390266537804;-0.0036088054853848917;-3.2822945128972714E-4;-0.003282294512897188;-8.20573628224297E-4;-0.003282294512897188;-0.0035426440514854107
1107.0;-0.055707790056914064;0.0507392574302159;0.024390978349243753;-0.0021349634135324758;-0.003282242765515475;0.001437863229847347;-0.006293474660483578;-0.00914962811286113
1245.0;0.0026778063410475283;0.029723650385605538;-0.019815766923736433;-9.211653813196163E-4;0.006855184233076184;-0.0036418166238217364;-0.0011782347900600731;-0.013699657240788365
1384.0;-0.01559912644891881;-0.006359643859944697;0.023038709832249538;-0.001605510091434878;0.0031438239458589923;0.0019858887902277633;0.0031438239458589923;-0.0077479661138974976
1522.0;-0.010400359086084165;-0.00552861193523313;0.005145440811007873;-3.7550770173959414E-4;0.0028135708264453996;0.0017981673472515225;-4.707530954753958E-4;0.007018052833823951
1660.0;0.007023458350893463;-0.01715730540003335;0.007424798828086665;3.351192984568374E-4;0.0013444905985993127;-1.6555294684245103E-4;-0.002668914173339032;0.0038639054441835796
1799.0;0.012963923253572318;-0.012223127639082065;0.00444477368693974;9.334024742573555E-4;0.0019260685976738579;9.445144084747059E-4;-0.0027039039928884456;-0.006285650788947272
1937.0;-0.026592550654520153;0.019815739358691076;-0.006347899188497763;0.0012232573301079186;0.006227803798445564;-0.0012309777480398743;-0.0023504383481736113;0.009255065451987843
2076.0;-0.01842446769309447;0.013698191197910603;0.001281702100389026;0.00173510421840202;-0.0018744893218193281;0.0015340372014034376;5.287021164106509E-4;0.001521220180399574
2214.0;-0.0033855714468415954;-0.003724128591528597;0.01602503818172174;-6.899042259455174E-4;6.244498446399405E-4;-0.0017247605648637587;-0.005394343838636129;-0.001730779358546819
2352.0;0.030097658048113374;-0.015898645251297694;-0.004744807268762585;-8.547734885664265E-4;-7.57752802623135E-4;-7.205733426813299E-4;-0.0028822933707253195;-0.004238812523458257
2491.0;-0.020381024931673153;-0.008787228782018985;0.031473648337110305;-4.3368148133299256E-4;-0.0016638935108153063;-0.001418318866146795;0.0016772581173278844;-4.667588824518454E-4
2629.0;0.02309235042167046;-0.030589455969526114;0.011324741713641728;-6.71259830065607E-4;-0.0022839283567737123;5.36185396777189E-4;-3.85926952252591E-4;-0.001022706423469355
2767.0;0.008108351602153618;-0.005555722394063878;3.0030931859847954E-4;3.033124117841346E-4;0.0012312682062525226;4.579717108622039E-4;0.0012312682062525226;-0.006076759061833581
2906.0;0.021767024104114796;-0.03413985885803328;0.011685455045366666;0.0013885070112730213;0.0018559252130876391;-8.248556502611915E-4;-4.353404820822693E-4;-0.0012968563834663271
3044.0;0.03656327083015043;-0.03241579533300154;-0.0018554495645144442;-1.3315579227696217E-4;-7.858374626181774E-4;-0.0022429110912226546;0.0013970443779878217;-5.271659645060822E-4
3183.0;-0.014112186657186498;0.022265894503561867;-0.004913131651020919;3.533273400096182E-4;-0.002216135978758471;-6.847023896636162E-4;-1.2544165917494077E-4;-5.676235077669567E-4
3321.0;0.02785403482005222;-0.019347262023657663;-0.008682428871836123;-1.2697424881935593E-4;2.3588101559335328E-4;4.3537612984495544E-4;-0.0012697424881934483;9.011156670162279E-4
3459.0;0.010114340207877603;-0.005346151252737741;-0.0031787926367599084;1.801315827497374E-4;-0.0025334014044484654;-5.129415391136039E-4;-1.2522516447843746E-4;0.001402040206910815
3598.0;-0.0018467391203955685;0.01001855972815946;-0.0022160869444789455;-0.0016611418387981608;4.709184757016871E-4;6.948355940498141E-4;-4.524510844976515E-4;-0.005007894809739621
3736.0;-0.014987216785684154;0.005289605924360785;0.0026448029621803926;0.0013841135502071639;0.0014987216785682378;-5.069205677510347E-4;1.7632019747870764E-4;0.0045005730406422195
3874.0;-0.012676667626372762;0.01424513667166849;-0.0026212770346063508;1.2418837098374103E-4;-4.7268930132182696E-5;-0.0011935404858386678;-4.7268930132182696E-5;0.002216697964427805
4013.0;-0.013862508741659951;0.021248949966690134;-3.724256079848942E-4;-2.7269830629110536E-4;-0.0027269830629110814;-4.748426501806069E-4;1.696605547485408E-4;-0.0037091521524130755
4151.0;-0.007767964912702041;0.010815397301527696;-4.381928925116796E-4;7.84365277595192E-4;0.0010715808007775163;-0.0018234799686094316;-0.0017169194242941943;-9.247861817862635E-4
4289.0;7.761624973880998E-4;-0.0253417055394749;0.012496216207825483;5.130434107684795E-4;0.005518515356375042;-0.0012399195895652637;0.006682759102445646;5.949285542419247E-4
4428.0;0.006383298287772732;-0.0018774406728709891;3.754881345745531E-4;-8.711324722138758E-4;-0.00270351456893958;-6.75878642234895E-4;-0.0030790027035145773;0.002448182637428964
4566.0;-0.0263675675282542;0.011038009303199203;0.002218512578238574;3.7860190064699373E-4;0.0012401849002940946;0.0013101953382140819;0.0012401849002940946;0.00894187860735629
4705.0;0.003530849027953309;0.009074282001847678;-0.008403420686537544;-4.3005741160520583E-4;0.0013487843286796863;-0.0014282284318087313;-0.0018289797964818888;-0.0018632290320530487
4843.0;-0.007195822311160782;0.015556682520319498;-0.004660151591989958;7.415123562548864E-4;-0.0014939897750791964;-8.874847517098827E-4;-0.002521964390959419;4.612179443248543E-4
4981.0;-0.013797597555665675;0.005003707065370122;0.0030919917413907427;7.414130734730018E-5;0.0014063575339868795;0.0010165338440106808;0.0010738853037299823;0.0021309807598322017
5120.0;-0.011337868480723046;0.005830903790084108;0.0022675736961463855;4.211208292840829E-4;-3.239390994493885E-4;7.28862973760902E-4;0.0016196954972464983;7.936507936507908E-4
5258.0;0.001728673667265923;-0.014788017462748826;0.00996344640954483;2.6307270172835906E-4;0.0029450313204237855;-0.0010709919129502643;0.002002118411003062;-0.0010433331342736274
5396.0;0.018738326943868344;-0.02260886660769046;-4.914971001674928E-4;0.001064091221861782;0.0011181559028801136;-5.652216651921838E-4;0.0014253415904845745;0.0013196697139488123
5535.0;0.005097634697506237;-0.005337523389144394;-0.005937245118266432;7.532504917718008E-4;-5.637384253706079E-4;3.838219066353288E-4;-8.635992899295175E-4;0.006467399126805162
5673.0;0.004371342643317178;0.009208961835263096;-9.90837665820976E-4;-3.3338773226400387E-4;-0.0036253001655282002;3.322220408924492E-4;-0.001585340265311319;-0.007377660690555565
5812.0;0.006688315938966127;-0.009577099206225625;0.003159161996704185;7.516528678644802E-4;4.0129895633800317E-4;-1.131321525846829E-4;-0.002160183743692312;8.499853426271464E-4
5950.0;-0.01640657152709224;0.021634428217076618;-0.002280235364780836;-7.263383869281492E-4;0.001635095603038872;-5.64497291525301E-4;8.008631525087129E-4;-0.00409274440230023
6088.0;0.05043013942450614;-0.03438418597124837;-0.012944634718589754;-4.8812060084678366E-4;0.0010517515708854397;-8.157816671610918E-4;-0.0011056875488795193;-0.0017434804886597988
6227.0;-0.03294607248135861;0.030078296941482563;0.002801083085460121;-2.2808819410173597E-4;-4.1349321737726985E-4;-3.6680849928638626E-5;0.0033212842299021883;-0.0025763295140790454
6365.0;0.008418227924167354;-0.00788723200895447;-0.004066651643368502;5.006902946897707E-4;0.0016396117772303764;-3.0240864927588706E-4;6.035221865634544E-4;0.0010942401189431017
6503.0;-0.023161463397251225;0.03234969228341811;-0.014100495298986715;2.697928703415675E-5;2.6979287034167854E-4;7.037521570703587E-4;0.00256048705248757;0.0013512550458902872
6642.0;0.019950582036543096;-0.04633243865505676;0.018166182152530297;-3.710064758845749E-4;0.006451101247345159;-0.0011753495069356246;0.0027336014889824956;5.77327712473874E-4
6780.0;-0.015173106942484083;0.049391497719177835;-0.02653472942101942;2.112096486392434E-5;-0.0014881783289190098;5.280241215982473E-5;-0.0012454086178392831;-0.005023997785940093
6918.0;-0.09979184231460181;0.09052715814744516;0.01181306772984314;-6.844910616042033E-4;0.0014909234675164473;3.1318919485368024E-4;0.001252756779414721;-0.004920761942868612
7057.0;-0.048394750814019005;0.011722806143787068;0.009725935357769444;7.846527559166039E-5;0.0040736164034713696;4.310891638044656E-4;0.003838690428646041;0.018524148040952593
7195.0;-0.13396411469451408;0.1549068251312562;-0.015346448970172233;-7.500144233543726E-5;-7.500144233542061E-4;-0.0012259851150983603;-0.003980845785495957;4.3558529971754467E-4
7334.0;-0.04231157699341992;0.01555974121693282;0.0194269283614954;3.1938416182131224E-4;2.365808606084041E-4;0.0011396827996615344;-2.1838233286930464E-4;0.005847641925768254
7472.0;0.03856656500460787;-0.03630576636641081;0.0027040924888286355;1.844102418611243E-4;-0.0021455422370381116;-0.0013121497978580143;0.003395630895808077;-0.005087240229803669
7610.0;-0.019533597788196744;0.07053560695825212;-0.04795390929541732;-0.0019027012175227287;-0.0033572029605205556;-0.0010002919306922042;-0.0029278931190218627;0.006139989353115993
7749.0;0.06194175129906654;-0.09406403988153045;0.05737874449081026;-4.241037636277256E-4;-0.004880711487902811;-3.1397324883949973E-4;-0.004241037636277145;-0.015396629771700088
7887.0;-0.07061202660694477;0.008732493231271121;0.08310492362202204;-5.582110505732429E-4;2.6740649129264327E-4;-3.5097101982148327E-4;-3.5932747267442E-4;-0.020224287194571477
8025.0;0.3261815466210152;-0.22581720255349325;-0.09358561056947501;-1.625250216528984E-5;0.005392127617115827;9.880081221365078E-4;-0.0026312595277722117;-0.0105113572073674
8164.0;0.1695143582029246;-0.25496551541142054;0.052681102772034194;1.4491895764481844E-5;-0.00434552761726692;-1.678814685392993E-4;0.01116692418697407;0.026102047439527265
8302.0;-0.15926303379094264;0.18254301300881082;-0.01978298663149758;-6.854105469296518E-4;0.003337130068141514;-4.146434066702731E-4;-0.0020582299222668965;-0.0036758387786504088
8441.0;0.3239257004635334;-0.261645900183332;-0.03326698276522677;-7.688937008879793E-4;-0.003562494964758245;3.374840100370813E-4;-0.0017940198029917642;-0.02322489305637676
8579.0;-0.07068309207091517;0.03309340456258525;0.06557714364099887;-1.6727696721904883E-4;-0.0012917287445843861;-0.0019423561284717672;-0.006245260803462882;-0.018340833488925234
8717.0;-0.12423476870381478;0.1250390303443183;-0.039077653826865344;-8.231854438105202E-5;0.0020153850520878702;9.296318374066859E-4;0.005421669647165839;0.02998902419408278
8856.0;0.13930829676838385;-0.07912674181714152;-0.030605189349913076;-2.689771638202526E-4;-0.005285002715723963;-0.0012285638547337996;0.00398367970399538;-0.02677750157104164
8994.0;0.22353772108025538;-0.13466873457262096;-0.04911276640672213;1.1868615158332207E-4;-0.005366361577724854;-7.954884699680198E-4;-0.005184327602903771;-0.028528728601906028
9132.0;0.21724904879901885;-0.16873281357910486;-0.01796360511971784;-3.0289792285619066E-4;-0.0024851768535958385;-9.38512265462571E-4;-0.0021226419369515526;-0.0247034011213203
9271.0;-0.5204377931650654;0.43712307348670976;0.09515300424391349;2.457002457002394E-4;-0.003082421264239521;1.67522894795602E-4;0.001742238105874483;-0.01091132454768795
9409.0;0.3498221700998343;-0.42659136414091847;0.10432803648257583;-0.0011959300390511352;-0.008474148010936489;-0.0022056658122235062;-0.010216724200723837;-0.0054663743785536845
9548.0;-0.21084894627890094;0.22643571027121112;-0.0167911164172434;-1.609294109844034E-4;-0.0023074694286482345;-4.023235274609738E-4;-0.0024820132583492915;0.006557088050380244
9686.0;-0.05301676267753663;-0.06857002149147462;0.09027087964273584;8.40730274497839E-4;5.343553647436661E-4;0.0026043542424298294;0.004052055258040088;0.023284409386563176
9824.0;0.044833278862995485;-0.026858067057176527;-0.019357920406264384;-1.0977868282341374E-4;0.0072822652956900935;6.0755377898458196E-5;-9.30185785755544E-4;-0.004920347604561837
9963.0;-0.1163431611674568;0.0961935158078191;0.05732994920507117;-6.544921662271497E-4;-0.014961235448853638;-4.8105009191931614E-4;-0.0027493291702834766;-0.018334196968146532
10101.0;-0.113485371824801;0.08782745680822757;-0.0054998629090228235;2.629875450007313E-4;0.018691421998478175;-0.0011271474206616394;-0.00791558440504947;0.021246100207827023
10239.0;0.011862890633764778;-0.16061392062123048;0.10878591329830023;-0.0014097602734235992;0.0027348772190820547;-0.002001462021115924;-0.010089869412017505;0.05073133117663842
10378.0;-0.0984850288471435;0.09415994095660096;0.006269393456022954;-6.420176336610905E-4;-0.014197398598512878;4.5830059757634434E-4;0.0065947670404493675;0.005842043028672528
10516.0;-0.2616516762060499;0.37046355116674334;-0.08585445625510957;-6.226806717403721E-4;-0.005440593748034517;1.7296685326118055E-4;0.011227121202591395;-0.0282942323416564
10654.0;-0.17832030853705305;0.05223185229927907;0.14591829886327723;4.666763435674792E-5;0.00421257341568082;0.002691973322969665;-0.008273750158030113;-0.01850730684047619
10793.0;-0.20365516214960167;0.2590718427375194;-0.07602518581065709;0.001599778880002914;-0.008604848238177865;0.0016454911870924516;0.01706086570908738;0.008907217684740232
10931.0;-0.5057338640391507;0.21625985216052612;0.36204484989852226;2.614791418503737E-5;-0.029621851355333573;0.005668494253684597;-0.014680186106741488;-0.03396344272569163
11070.0;1.0129511860315503;-0.5381075220329308;-0.37978209115565953;-0.004175812516164126;0.0013461806269354781;-0.011268460247882889;-0.01523239852251701;-0.06573108218333257
11208.0;-0.06325110689436997;-0.20842011076657485;0.059625738572377074;0.006446984773453054;0.04942842597306418;0.006475524907051722;0.019731259931195178;0.12996328350380315
11346.0;0.5509674177066728;-0.10897060055281571;-0.4028813133428262;-0.0038445430940614866;-0.03073959293073114;-0.011789094564033847;-0.04715637825613539;0.05441410503392241
