Request Mix Accuracy
===================================
Domain Marker;max-jOPS;11485.0
Domain Marker;critical-jOPS;4097.0
Domain Marker;Validation Start jOPS;1383.7
Range Marker;Main Tx Limit;-5.0
Range Marker;Main Tx Limit;5.0
Range Marker;Minor Tx Limit;-1.0
Range Marker;Minor Tx Limit;1.0
jOPS;In-store Purchase [50%];Online Purchase [35%];Installment Purchase [10%];Associativity of Category [0.1%];Associativity of Product [1%];Business Report [0.25%];Customer Buying Behavior [1%];Product Return [2.65%]
138.0;-0.04821600771456502;-0.019286403085821746;-0.019286403085823522;0.008486017357762762;0.012536162005785778;0.02724204435872707;0.024590163934426146;0.013934426229508023
277.0;0.006006727534838774;0.007208073041809371;-0.016818837097549277;0.008121095627102351;-0.0028832292167226825;0.0022825564632388273;-0.014896684286400785;0.010980297933685712
415.0;-0.014039873240001555;0.023466645272570474;-0.0036102531188575426;0.008307593565726662;-0.001163303782743097;-0.0012936740342573139;0.0028480885715431725;-0.014515223233984464
553.0;0.00902744342802464;-0.00962927298989058;-0.018656716417911667;0.005320173326913813;0.0020462205103515263;-2.4073182474723676E-4;-0.006981222917669672;0.019114106884930315
692.0;0.019106759015997454;-0.010747551946501233;0.002388344876999682;3.1048483401002747E-4;-0.004060186290900436;7.762120850250409E-4;-0.0016718414139000881;-0.006102221160735333
830.0;-0.009032698368095282;7.025432064082793E-4;0.010237058150504907;-0.0016439511029928272;0.005640418314297735;-0.0010989783014512533;-0.002388646901784419;-0.00241574499688868
969.0;0.001718272105563301;0.013230695212897103;-0.013402522423451302;-3.4021787690299843E-4;-0.0016839066634593003;8.677274133131463E-4;-0.008556995085741703;0.008166947317777229
1107.0;0.05567426043515411;-0.039573866201209285;-0.005717897017664342;-6.891570616028159E-4;-0.008396280357519048;-0.0032276023954978805;-0.0023774413915554904;0.00430798398988852
1245.0;0.0;0.015501205649329108;-0.011659026471289025;-0.0019581864914279684;-0.007657860568642483;-0.002245687485094988;0.0016163650335196955;0.006403190333607256
1384.0;-0.007219869079705177;0.006738544474394814;0.0031286099345404494;-1.2514439738159355E-4;0.005968425105891351;-0.0033211397766653716;0.0011551790527530859;-0.006324605313823728
1522.0;0.029546300146634508;-0.021557856032920597;8.754459302711126E-4;6.762819811341331E-4;1.9697533431095593E-4;-0.003780832111356741;-8.973320785276018E-4;-0.0050589831695520004
1660.0;-0.014536195125863571;0.012180329019258807;-0.0011027458371337673;2.4962155767860317E-4;-0.0015137692855209384;0.003631542540926902;-0.004521257932251221;0.005612475062906519
1799.0;-0.016207755642618338;0.017087605234642922;0.005279097552165268;9.511637168551357E-4;-0.005306882276124636;-0.001789799301677275;0.0021023774462134437;-0.0021158067294599903
1937.0;-0.007251507887076514;-0.0016635812211518441;0.007080884172090407;6.67991844186408E-4;-0.0018512673076431785;0.0016699796104660547;0.003267444142061482;-0.0019199433529264454
2076.0;-0.022884397658565092;0.03079356667389277;8.02961321362261E-5;3.701651691438018E-4;-3.131549153276847E-4;5.239322621829468E-4;-0.005933884164799785;-0.002636523498662946
2214.0;-0.030787714950811562;0.026657655628149257;-0.005256439137944824;6.232634977847706E-4;0.003979875347300599;-0.00144552076293461;0.002478035593602268;0.003750844784861318
2352.0;0.023020747005531916;-0.021922834456034934;-0.004037484859432894;5.82956147247779E-4;-0.0019620759755483164;0.0014573903681194267;-0.0019620759755483164;0.004823377745667212
2491.0;-0.013713200125756941;0.006789706403729667;0.007960345438855043;-9.973844579272417E-4;0.004742760433738447;0.001520158404184846;-0.0012776688897659927;-0.005024717207055662
2629.0;0.04146225668618797;-0.036872922930847096;-0.003481563538533905;-6.171862636493164E-4;0.0033233106504193533;3.956322202880447E-5;-0.001107770216806525;-0.002745687608798786
2767.0;-0.03550452532255122;0.009267282880799144;0.01709031388407567;-7.076834199884474E-4;0.0013479684190256247;-2.6477951088005325E-4;-0.001059118043520213;0.00983054111303705
2906.0;2.862065609932074E-4;-9.44481651295348E-4;0.00120206755619634;1.7229634972151797E-4;5.781372532183138E-4;-0.0015727050526906372;0.0017229634972151242;-0.0014444845133629869
3044.0;0.007382656772080054;0.0025429151103821823;-0.003882730598650852;0.001169740950776807;-0.006349084823991991;0.001010330250846292;2.1327675119353628E-4;-0.0020871044126411498
3183.0;-0.009380863039396559;0.01928288513654053;-0.0036481134042105623;6.25390869293252E-5;0.0027100271002711285;6.775067750677821E-4;-0.004065040650406471;-0.005638941004794784
3321.0;-0.0025071453642908637;7.521436092901013E-4;-5.014290728571069E-4;7.872436443864816E-4;8.524294238578811E-4;-0.0012911798626084603;-0.004161861304718406;0.006069798926942038
3459.0;0.007462147654237583;-0.013118937005032194;-0.002647858845051587;6.186361119803613E-4;0.0013720723106178667;-0.0020641263269383647;0.003297787834292132;0.005080278265893412
3598.0;0.013862831899302819;-0.015757418925538502;0.001571120948588245;-6.497047216805496E-4;-0.0014140088537285544;-6.931415949651409E-6;-2.7725663798605638E-5;0.002421836732807936
3736.0;0.008470193833701956;-2.674798052737515E-4;-0.007400274612599844;-5.866723729025108E-4;-9.62927298988947E-4;0.0018768166336775027;-9.62927298988947E-4;-1.6672907862114172E-4
3874.0;0.005549057940697821;-0.0033721198255065588;-0.007000350017500878;-1.1695706736555844E-4;-0.001169570673655751;0.0014150097748789614;5.37831769637398E-4;0.004157098098807488
4013.0;0.011175959269834834;-0.02255888074837742;0.006208866261021129;5.836334285359568E-4;0.0021110145287470683;-8.175007243677312E-4;0.0021110145287470683;0.0011858934558550693
4151.0;-0.006817562039813652;-0.005454049631850921;0.004170743836121815;-1.427677697749541E-4;0.002582652913906136;2.446301673109663E-4;0.002582652913906136;0.002833699610195861
4289.0;0.011613232891768632;0.003445259091222397;-0.01107128202349017;6.48018395360897E-4;-0.0012619713075725514;8.458304622840918E-4;-0.0020361868336907785;-0.002182900675889776
4428.0;0.008005570387581429;-3.9096971660512736E-4;-0.01202697318692536;5.350699835792727E-4;0.00199953083634008;-0.0012687898184038648;-9.792860520623226E-4;0.004125847566493146
4566.0;0.010364729371460157;0.006964370788189456;-0.013492331918639522;-0.0014441522924235617;1.0546566728852902E-4;-0.001610169799724337;8.328150968648362E-4;-0.0017207269130197211
4705.0;-0.012906510892740641;0.0031647471915050573;0.006965979851699444;4.232628366742791E-4;-7.178141674594185E-4;-2.652022786181485E-6;-0.0017786232819312353;0.004851610485037572
4843.0;-0.01767142136560551;0.0024534109274583216;0.011975390401158137;-1.478909244383847E-4;0.0026387035010002613;-5.412945088202614E-4;-1.063716625890887E-4;0.0013994736318374557
4981.0;-0.02109809784865746;0.01652961209402548;-0.001495140792425076;3.405598471633714E-4;4.153168867846446E-4;0.0015159066367638752;7.475703962123159E-4;0.0030442727801314184
5120.0;0.018425412328682;-0.01831325764494096;-0.003172375340069422;-2.211049479441951E-5;-0.0011824308085711666;-5.52762369860349E-5;4.1977895914047103E-4;0.00390025923754056
5258.0;0.006297982756123588;-0.0017949250854911725;0.0030860115505007;-8.067715910593937E-4;-0.0017697331544707096;9.746128315100688E-4;-0.0014548340166644635;-0.004532343290444274
5396.0;-0.004764729932034584;0.0038578942352884837;-0.0017521910072648694;0.0014426372626472755;0.0021302953825155235;2.2517191452997576E-4;-0.0030955374461661966;0.001956459590479298
5535.0;-0.002841121495329446;0.0011214953271050376;-0.0019439252336450608;1.8691588785045565E-4;3.7383177570093906E-4;-5.794392523364444E-4;-0.0017196261682241865;0.005401869158878636
5673.0;-0.011822090671053331;0.017032567670526078;-0.008144106906726734;-1.690121110751175E-4;6.129972940560613E-5;-0.0012982406977660732;-2.306037439540054E-4;0.004570186730652015
5812.0;0.008278712859976167;-0.008735469431563558;-4.567565715856148E-4;0.001628337177701139;-0.0022723639436361687;-2.1124991435814144E-4;-0.0017014182291547053;0.0034702080526183288
5950.0;0.0062839507896867985;7.680384298538456E-4;-0.0060046640879196644;5.432126349303873E-4;-1.5360768597005858E-4;5.201714820348702E-4;-0.0015500411947885206;-4.070603678205664E-4
6088.0;0.0036776423860587215;-0.0027378004429507996;-3.541433408802419E-4;-0.0011122825083155624;-0.001043360765821455;-1.9273570282468677E-4;5.911469613140152E-4;0.0011715334134243527
6227.0;-0.009431581184657034;0.014811567635064193;-0.007837511125281083;6.920920841137629E-4;0.00240438900623019;-5.280357071693331E-4;-0.0018464644854474521;0.0017355437771491289
6365.0;-0.009465792183071642;0.005536840085163419;-4.927398670631078E-4;3.633308177666411E-4;-2.5674340441761423E-4;5.193218862082349E-4;0.0023366243169717915;0.001459158348439793
6503.0;-0.00747090777860393;0.0147518772238584;-0.0013928811112648987;-4.72313322274695E-4;-9.243665556583069E-4;-8.009066389778885E-4;-0.0014308687779367446;-0.0022596330391397856
6642.0;0.03101070178082921;-0.03302454416739664;0.009661501510999315;-1.7272096051633434E-4;-7.388207037822836E-4;-9.259968519813588E-4;-7.388207037822836E-4;-0.005071299904373383
6780.0;-0.008383329566910902;0.015345138033346473;-0.002940240224916124;3.569597430084226E-4;-0.0017762938879452017;4.191664783459448E-5;1.676665913383779E-4;-0.0028118173357531973
6918.0;0.11246031689242386;-0.09675403509525182;-0.020011496473539836;1.7674039197727864E-4;5.748236770111159E-4;2.033349313908528E-4;-0.00228736890561676;0.005637684581607072
7057.0;0.08060119562356505;-0.10320712862353076;0.026271759972930298;3.402639395420487E-4;-0.0015321276835733588;2.8198669022816425E-5;1.127946760912657E-4;-0.0026149565740496428
7195.0;-0.016614226819719136;0.038143973160572386;-0.009693541992744414;1.4368441677188593E-4;0.0012076824184814594;-0.001359502077351249;-1.6728807694343928E-4;-0.011660781029073863
7334.0;-0.0030287325763751483;-0.032272828230482276;0.03497625249309522;2.8470086217921575E-4;-0.002313054286105287;-0.0011952276148618768;0.0015009052545145174;0.0020479840980325292
7472.0;-0.07280966102813125;0.07071995776599493;-0.002859593937660776;8.578781812981773E-5;0.0015177844746045999;0.0012043289852840533;-2.199687644355297E-5;0.002163392798222752
7610.0;0.20037088771167788;-0.1315431064351884;-0.051623559868293256;4.578349484309213E-4;-0.003048601108304849;-0.001361410680781605;-0.0026127753601554726;-0.010639269207385116
7749.0;-0.031043134971270092;0.029287592165999854;8.135442268333293E-4;4.084848381046974E-4;-1.9696333912810893E-4;-0.0010126484718213924;0.0036566672090294627;-0.0019135416577458209
7887.0;-0.09263069073045216;0.08645879239655585;-0.0034044650708153767;4.6304902220838107E-4;4.5323246648276694E-4;-4.088491028294561E-4;-0.0010088077479777358;0.010077738766831601
8025.0;0.11722191221949174;-0.09607700059071078;-0.010485586916932021;-8.672581927590267E-4;-0.008672581927590128;-2.197272112222648E-5;0.010540774216493576;-0.011638286086872895
8164.0;0.36430239923186036;-0.19721952144462307;-0.12207963013018919;-3.513924581738104E-4;-0.016020429981724482;-0.001281916803498595;-0.017432454784948592;-0.0099170536287021
8302.0;-0.03687977194346814;0.02481908976735525;0.047245978111357445;-9.229910491796722E-4;-2.5915515419727697E-4;-1.4951258896001018E-5;-0.002452006458943834;-0.03153619201403446
8441.0;0.08842432734002159;0.09478501652215954;-0.1969175572608588;-5.348450473583177E-4;-0.006520927742180049;-0.003388947838440459;0.0011001745037000354;0.023052759522958155
8579.0;-0.24138685608385657;0.23357300959931848;-0.0013749271385439243;1.1793389117935316E-4;0.003503159427642899;-5.765979654951403E-4;0.013573048329657222;-0.007428770059896284
8717.0;0.11039485503362556;0.054801138293619545;-0.14843862046060075;-9.276942005902872E-4;-0.011918870160553818;-0.0010926260011020483;-0.006068886389540951;0.003250703885143924
8856.0;-0.3976569465815416;0.22142005289552458;0.11918422012964314;0.0010131411136651558;0.007121708608125443;0.002438799580146478;0.0022309419992703194;0.044248082255170296
8994.0;0.10072842948824956;-0.12537356545310985;0.009887680394619736;7.284294882477366E-4;-0.009195172441886612;7.100983953812756E-4;0.004692019123588631;0.017822081004914114
9132.0;-0.1696096990014908;0.12708986604626915;0.029370114012397863;-2.933398841090673E-4;0.008265537621201302;-1.9146568790373575E-4;-0.004559050908197637;0.009928037801829603
9271.0;-0.15207516599881643;0.029547065546026374;0.11634383091990053;-3.6454641457028814E-4;0.0019601602846932575;9.873132061278822E-4;-0.0016563716058848321;0.005257714062522734
9409.0;0.5095129637360714;-0.5037264465852473;0.028553863931414014;2.2917074012811234E-4;-0.004049681257144999;-0.0011004951567644417;-0.002288184407582161;-0.027131191000864696
9548.0;-0.04251634680230865;-0.12383209406375073;0.14493503536704644;-8.239374794102028E-4;0.0033167924909058843;6.135979868121533E-4;-0.0013401704448434693;0.019647122945546602
9686.0;0.041956652783866843;-0.22221613327487688;0.19050032880315726;1.0960105217006078E-5;0.00661716352476982;3.6990355107408E-4;-0.0012604120999561985;-0.01597846339324871
9824.0;-0.1323310652019032;0.10942793558483999;0.03879801949840633;-4.3582490856437783E-4;-0.004358249085643751;0.001353213598006664;5.273026531915637E-4;-0.01298133213833852
9963.0;-0.09350721696658582;0.1490975890390942;-0.04131560012069713;4.705203577148459E-4;0.012331678719813333;0.002005265583707172;0.012663264595581314;-0.0417455012086303
10101.0;0.12272121380052425;-0.15455330953782465;0.08494570590520922;-0.0011344129302415518;-0.012819735079576233;-7.865798573253313E-4;-0.020525676360303557;-0.017847205940460853
10239.0;0.11348000509732259;-0.10155129667238327;-0.0010162388516175014;-0.0011183466600422909;-0.010215620075072596;1.8832680305774785E-4;0.010109156957284204;-0.009875986598551822
10378.0;0.27925812663540484;-0.3390443166332915;0.07248555726870798;-1.9640835023385095E-4;-0.0024439084621930007;0.0014282789638340176;-0.0035635000351872392;-0.007923829387039394
10516.0;0.10130113577192645;0.043250220116952676;-0.07627565269804926;-0.0013812930569274684;-0.025804965333552032;-0.0014808585034571664;-0.015075250018145914;-0.02453333627874521
10654.0;0.043878351904382384;0.0019467156126609098;-0.0615532936574148;2.713041758594936E-4;-0.004085012761802398;-0.0015620075273003464;8.652069389603056E-5;0.021017421559720972
10793.0;-0.2040008570714349;0.16567071791636323;0.025057435689882723;8.844501053483639E-4;0.013159617650910116;-1.6962872141607077E-4;-0.016004618662730397;0.01540288309307547
10931.0;-8.705772998993666E-4;0.022521165073513316;-0.004968987357877097;5.851618805005343E-4;0.0012978298516936881;0.001797742124288959;-0.003122024132402701;-0.01724031013981442
11070.0;0.14615144354016252;-0.01853412459410464;-0.05345135455279326;-4.048630714197504E-4;-0.01642435778816287;-0.0016014780154048336;-0.017013678125018417;-0.03872158739325915
11208.0;0.2676984163462848;-0.3052177097588711;0.05570440045488745;2.2937106069657875E-4;0.009114052424705532;8.699642525127893E-4;-3.751187999757599E-4;-0.028023375980239074
11346.0;-0.20689574700522684;0.10241230085281217;0.14598657256082426;-6.725388011569328E-4;0.0058181680282258785;-1.498663236149944E-4;0.0058181680282258785;-0.052317057340095285
11485.0;-0.11018247666805792;0.02409806379719015;0.06797604123136836;1.532246831034978E-4;-0.014904582810976508;-5.223568742164786E-4;-0.01114361331661784;0.04452569995821154
11623.0;-0.037151554373096474;0.480932863545938;-0.3318073232504819;-0.01091616532042218;-0.05043822854997082;-0.03228390179206317;-0.03326062814090425;0.014924937881003242
11761.0;0.16702991310637572;-0.24381925872346955;-0.04577856877730291;-0.00387452294162996;0.026924650950309825;0.005700113891241754;-4.124195385335483E-5;0.0938589144483255
11900.0;0.18394252276849699;0.43937908182558516;-0.37410191825773786;-0.002580963551180246;-0.01651637216635582;-0.015425214866657683;-0.0748396110929519;-0.13985752465919354
12038.0;-0.6276002478534082;0.04611843852350006;0.3524829600778965;-0.0019208639461804067;0.05904222359918565;0.0010400991413649918;0.06966451270248752;0.1011728777551566
