IR/PR Accuracy
===================================
Domain Marker;HIGH_BOUND_IR;1.0
Domain Marker;WARMUP;68.0
Domain Marker;RT_CURVE;69.0
Domain Marker;max-jOPS;148.0
Domain Marker;VALIDATION;155.0
Domain Marker;PROFILE;169.0
Iteration;Actual IR;Actual PR;Low Bound;High Bound
1.0;0.0;0.0;-0.05000000074505806;0.05000000074505806
2.0;0.0;0.0;-0.05000000074505806;0.05000000074505806
3.0;0.0;0.0;-0.05000000074505806;0.05000000074505806
4.0;0.0;0.0;-0.05000000074505806;0.05000000074505806
5.0;0.0;0.0;-0.05000000074505806;0.05000000074505806
6.0;0.0;0.0;-0.05000000074505806;0.05000000074505806
7.0;0.0;0.0;-0.05000000074505806;0.05000000074505806
8.0;0.0;0.0;-0.05000000074505806;0.05000000074505806
9.0;0.0;0.0;-0.05000000074505806;0.05000000074505806
10.0;0.0;0.0;-0.05000000074505806;0.05000000074505806
11.0;0.0;0.0;-0.05000000074505806;0.05000000074505806
12.0;0.0;0.0;-0.05000000074505806;0.05000000074505806
15.0;0.0;0.0;-0.05000000074505806;0.05000000074505806
16.0;0.0;0.0;-0.05000000074505806;0.05000000074505806
17.0;0.0;0.0;-0.05000000074505806;0.05000000074505806
18.0;0.0;0.0;-0.05000000074505806;0.05000000074505806
19.0;0.0;0.0;-0.05000000074505806;0.05000000074505806
20.0;0.0;0.0;-0.05000000074505806;0.05000000074505806
21.0;0.0;0.0;-0.05000000074505806;0.05000000074505806
22.0;0.0;0.0;-0.05000000074505806;0.05000000074505806
23.0;0.0;0.0;-0.05000000074505806;0.05000000074505806
24.0;0.0;0.0;-0.05000000074505806;0.05000000074505806
25.0;0.0;0.0;-0.05000000074505806;0.05000000074505806
26.0;0.0;0.0;-0.05000000074505806;0.05000000074505806
27.0;0.0;0.0;-0.05000000074505806;0.05000000074505806
28.0;0.0;0.0;-0.05000000074505806;0.05000000074505806
29.0;0.0;0.0;-0.05000000074505806;0.05000000074505806
30.0;0.0;0.0;-0.05000000074505806;0.05000000074505806
31.0;0.0;0.0;-0.05000000074505806;0.05000000074505806
32.0;0.0;0.0;-0.05000000074505806;0.05000000074505806
33.0;0.0;0.0;-0.05000000074505806;0.05000000074505806
34.0;0.0;0.0;-0.05000000074505806;0.05000000074505806
35.0;0.0;0.0;-0.05000000074505806;0.05000000074505806
36.0;0.0;-0.029105475916547364;-0.05000000074505806;0.05000000074505806
37.0;0.0;-0.026461930975659256;-0.05000000074505806;0.05000000074505806
38.0;0.0;0.0;-0.05000000074505806;0.05000000074505806
39.0;0.0;-0.03465619583799711;-0.05000000074505806;0.05000000074505806
40.0;0.0;0.0;-0.05000000074505806;0.05000000074505806
41.0;0.0;0.0;-0.05000000074505806;0.05000000074505806
42.0;0.014745127604926102;0.014551813807625418;-0.05000000074505806;0.05000000074505806
43.0;0.0;0.0;-0.05000000074505806;0.05000000074505806
44.0;0.011305190542530305;0.01125380104959879;-0.05000000074505806;0.05000000074505806
45.0;0.006393366381777892;0.0063940606544708786;-0.05000000074505806;0.05000000074505806
46.0;0.0;0.0;-0.05000000074505806;0.05000000074505806
47.0;-0.007699196313123046;-0.007436231089193042;-0.05000000074505806;0.05000000074505806
48.0;0.0;0.0;-0.05000000074505806;0.05000000074505806
49.0;0.006627330416488914;0.00662626167101596;-0.05000000074505806;0.05000000074505806
50.0;0.0;0.0;-0.05000000074505806;0.05000000074505806
51.0;0.00880517241902438;0.008801023426038121;-0.05000000074505806;0.05000000074505806
52.0;-0.019571106769617853;-0.030692069236186805;-0.05000000074505806;0.05000000074505806
53.0;-0.019611983786412157;-0.2737874721744901;-0.05000000074505806;0.05000000074505806
55.0;0.0;0.0;-0.05000000074505806;0.05000000074505806
56.0;0.0;-0.01851859011235951;-0.05000000074505806;0.05000000074505806
57.0;0.0;-0.02720580428174652;-0.05000000074505806;0.05000000074505806
58.0;-0.012658208190012673;-0.030596100538377687;-0.05000000074505806;0.05000000074505806
59.0;0.010405291569163597;0.0;-0.05000000074505806;0.05000000074505806
60.0;0.0;0.0;-0.05000000074505806;0.05000000074505806
61.0;0.02271905384032509;0.02240059518378857;-0.05000000074505806;0.05000000074505806
62.0;0.01662804056379109;0.022511305144515527;-0.05000000074505806;0.05000000074505806
63.0;-0.0021947839198497633;-0.0021956509934610113;-0.05000000074505806;0.05000000074505806
64.0;0.022967536919645478;0.023647471456366653;-0.05000000074505806;0.05000000074505806
65.0;-0.06473244996211515;-0.05992007501331963;-0.05000000074505806;0.05000000074505806
68.0;0.0;0.0;-0.009999999776482582;0.009999999776482582
69.0;0.0;0.0;-0.009999999776482582;0.009999999776482582
70.0;0.0;0.0;-0.009999999776482582;0.009999999776482582
71.0;0.0;0.0;-0.009999999776482582;0.009999999776482582
72.0;0.0;0.0;-0.009999999776482582;0.009999999776482582
73.0;0.0;0.0;-0.009999999776482582;0.009999999776482582
74.0;0.0;0.0;-0.009999999776482582;0.009999999776482582
75.0;0.0;0.0;-0.009999999776482582;0.009999999776482582
76.0;0.0;0.0;-0.009999999776482582;0.009999999776482582
77.0;0.0;0.0;-0.009999999776482582;0.009999999776482582
78.0;0.0;0.0;-0.009999999776482582;0.009999999776482582
79.0;0.0;0.0;-0.009999999776482582;0.009999999776482582
80.0;0.0;0.0;-0.009999999776482582;0.009999999776482582
81.0;0.0;0.0;-0.009999999776482582;0.009999999776482582
82.0;0.0;0.0;-0.009999999776482582;0.009999999776482582
83.0;0.0;0.0;-0.009999999776482582;0.009999999776482582
84.0;0.0;0.0;-0.009999999776482582;0.009999999776482582
85.0;0.0;0.0;-0.009999999776482582;0.009999999776482582
86.0;0.0;0.0;-0.009999999776482582;0.009999999776482582
87.0;0.0;0.0;-0.009999999776482582;0.009999999776482582
88.0;0.0;0.0;-0.009999999776482582;0.009999999776482582
89.0;0.0;0.0;-0.009999999776482582;0.009999999776482582
90.0;0.0;0.0;-0.009999999776482582;0.009999999776482582
91.0;0.0;0.0;-0.009999999776482582;0.009999999776482582
92.0;0.0;0.0;-0.009999999776482582;0.009999999776482582
93.0;0.0;0.0;-0.009999999776482582;0.009999999776482582
94.0;0.0;0.0;-0.009999999776482582;0.009999999776482582
95.0;0.0;0.0;-0.009999999776482582;0.009999999776482582
96.0;0.0;0.0;-0.009999999776482582;0.009999999776482582
97.0;0.0;0.0;-0.009999999776482582;0.009999999776482582
98.0;0.0;0.0;-0.009999999776482582;0.009999999776482582
99.0;0.0;0.0;-0.009999999776482582;0.009999999776482582
100.0;0.0;0.0;-0.009999999776482582;0.009999999776482582
101.0;0.0;0.0;-0.009999999776482582;0.009999999776482582
102.0;0.0;0.0;-0.009999999776482582;0.009999999776482582
103.0;0.0;0.0;-0.009999999776482582;0.009999999776482582
104.0;0.0;0.0;-0.009999999776482582;0.009999999776482582
105.0;0.0;0.0;-0.009999999776482582;0.009999999776482582
106.0;0.0;0.0;-0.009999999776482582;0.009999999776482582
107.0;0.0;0.0;-0.009999999776482582;0.009999999776482582
108.0;0.0;0.0;-0.009999999776482582;0.009999999776482582
109.0;0.0;0.0;-0.009999999776482582;0.009999999776482582
110.0;0.0;0.0;-0.009999999776482582;0.009999999776482582
111.0;0.0;0.0;-0.009999999776482582;0.009999999776482582
112.0;0.0;0.0;-0.009999999776482582;0.009999999776482582
113.0;0.0;0.0;-0.009999999776482582;0.009999999776482582
114.0;0.0;0.0;-0.009999999776482582;0.009999999776482582
115.0;0.0;0.0;-0.009999999776482582;0.009999999776482582
116.0;0.0;0.0;-0.009999999776482582;0.009999999776482582
117.0;0.0;0.0;-0.009999999776482582;0.009999999776482582
118.0;0.0;0.0;-0.009999999776482582;0.009999999776482582
119.0;0.0;0.0;-0.009999999776482582;0.009999999776482582
120.0;0.0;0.0;-0.009999999776482582;0.009999999776482582
121.0;0.0;0.0;-0.009999999776482582;0.009999999776482582
122.0;0.0;0.0;-0.009999999776482582;0.009999999776482582
123.0;0.0;0.0;-0.009999999776482582;0.009999999776482582
124.0;-0.0032213567413860284;-0.0032786938294067807;-0.009999999776482582;0.009999999776482582
125.0;-0.004464985813997873;-0.004465058817962046;-0.009999999776482582;0.009999999776482582
126.0;0.0;0.0;-0.009999999776482582;0.009999999776482582
127.0;-0.004184327535813379;-0.004106278057977626;-0.009999999776482582;0.009999999776482582
128.0;0.0075803633078540605;0.0075809136122523746;-0.009999999776482582;0.009999999776482582
129.0;-0.005646721909405239;-0.005635529480344206;-0.009999999776482582;0.009999999776482582
130.0;0.0;0.0;-0.009999999776482582;0.009999999776482582
131.0;-0.0025534898635892382;-0.0025418377219979024;-0.009999999776482582;0.009999999776482582
132.0;-0.004819348297303027;-0.0048744072649067795;-0.009999999776482582;0.009999999776482582
133.0;0.0;0.0;-0.009999999776482582;0.009999999776482582
134.0;0.0;0.0;-0.009999999776482582;0.009999999776482582
135.0;0.0;0.0;-0.009999999776482582;0.009999999776482582
136.0;0.0035930575854818876;0.0035930660568851843;-0.009999999776482582;0.009999999776482582
137.0;0.007179098018109887;0.007106749226596705;-0.009999999776482582;0.009999999776482582
138.0;-0.005236207373131514;-0.005215117066453223;-0.009999999776482582;0.009999999776482582
139.0;-0.0038968989227013877;-0.0041202686399431756;-0.009999999776482582;0.009999999776482582
140.0;0.0;0.0;-0.009999999776482582;0.009999999776482582
141.0;0.006272138208700281;0.006328762001889177;-0.009999999776482582;0.009999999776482582
142.0;0.0;0.0;-0.009999999776482582;0.009999999776482582
143.0;0.0035873418784294966;0.0035544919955164205;-0.009999999776482582;0.009999999776482582
144.0;0.0041111710997645936;0.00715460528191333;-0.009999999776482582;0.009999999776482582
145.0;0.0035879044270281965;0.0037209669957579705;-0.009999999776482582;0.009999999776482582
146.0;0.0020408613150464626;0.0019125147639325352;-0.009999999776482582;0.009999999776482582
147.0;-0.01989431216297338;-0.028404739878664324;-0.009999999776482582;0.009999999776482582
148.0;-0.007797621407940181;-0.009494760551491678;-0.009999999776482582;0.009999999776482582
149.0;-0.004770622251736933;-0.026339853286718142;-0.009999999776482582;0.009999999776482582
150.0;-0.09753037880700861;0.014511351947528882;-0.009999999776482582;0.009999999776482582
151.0;0.010033466504689099;-0.035262176963622556;-0.009999999776482582;0.009999999776482582
152.0;0.1254816082250365;-0.04175227226940232;-0.009999999776482582;0.009999999776482582
153.0;0.03742834438706692;-0.07527055231295972;-0.009999999776482582;0.009999999776482582
155.0;0.0;0.0;-0.05000000074505806;0.05000000074505806
156.0;0.0;-0.023411211746226478;-0.05000000074505806;0.05000000074505806
157.0;0.0;-0.018370400862179437;-0.05000000074505806;0.05000000074505806
158.0;0.0;0.0;-0.05000000074505806;0.05000000074505806
159.0;0.0;0.0;-0.05000000074505806;0.05000000074505806
160.0;0.0;0.0;-0.05000000074505806;0.05000000074505806
161.0;0.0;0.0;-0.05000000074505806;0.05000000074505806
162.0;0.008178293384837937;0.007784717715605991;-0.05000000074505806;0.05000000074505806
163.0;-0.03000971751484107;-0.030031788777158758;-0.05000000074505806;0.05000000074505806
164.0;0.014439175217493067;0.01443939792537886;-0.05000000074505806;0.05000000074505806
165.0;-0.0284715000896174;-0.04406966066729424;-0.05000000074505806;0.05000000074505806
169.0;0.0;0.0;-0.05000000074505806;0.05000000074505806
